  0.00000206932533469  0.00000219336663568  0.00000223859951228  0.00000228536798896
  0.00000233242466032  0.00000238547265213  0.00000243705492400  0.00000248878274023
  0.00000254023075156  0.00000259574125857  0.00000264115541945  0.00000269491931348
  0.00000275657680247  0.00000282815269325  0.00000291958873300  0.00000301397786406
  0.00000310952042610  0.00000320360496143  0.00000330040871679  0.00000341550372077
  0.00000352222349550  0.00000363177766668  0.00000374873837340  0.00000387231803848
  0.00000400070550237  0.00000413346704640  0.00000427042058557  0.00000441395941620
  0.00000456998079910  0.00000473662390530  0.00000491596710354  0.00000511106567380
  0.00000531664736882  0.00000552609011890  0.00000573770814579  0.00000595641383671
  0.00000620550871621  0.00000646499760843  0.00000672060648455  0.00000697006896591
  0.00000721464302777  0.00000746221843533  0.00000772165141757  0.00000800222276203
  0.00000832299636201  0.00000867276964393  0.00000902723653652  0.00000939563145355
  0.00000978729561493  0.00001018805167486  0.00001061166146609  0.00001111242603759
  0.00001167052058443  0.00001221165049735  0.00001277000668142  0.00001331892169789
  0.00001391894977223  0.00001459979114775  0.00001540625551493  0.00001633876922942
  0.00001732223204354  0.00001835610632807  0.00001952111416518  0.00002092048661658
  0.00002247475341508  0.00002431698342066  0.00002645123495188  0.00002885075138805
  0.00003153800456056  0.00003448922187818  0.00003774299646757  0.00004144230919828
  0.00004539846377399  0.00004972773041346  0.00005541439956959  0.00006220568971329
  0.00007008470754922  0.00007929745336955  0.00008912052463386  0.00010045837970475
  0.00011473449383629  0.00013114861525226  0.00014858907236210  0.00016985658341359
  0.00020141841308717  0.00025336591690242  0.00032473070587750  0.00044883782462798
  0.00064660032360882  0.00092792399865432  0.00143805411697783  0.00225686308129895
  0.00402034290752207  0.00941099664825799  0.12669350046812219  1.00000000000000000
  0.00312945996437067  0.01525421528744102  0.02810249387401152  0.03999737965569426
  0.05200238295536373  0.06381580907101418  0.07496420051805426  0.08700517183556164
  0.10083139301158182  0.11382622213352411  0.12541397171715984  0.13569736750967457
  0.14706368620186686  0.15886798221061182  0.17035369919006585  0.18119435942692949
  0.19265871959230590  0.20434153822694093  0.21527249972476736  0.22575371763926114
  0.23651797113364970  0.24693409402532535  0.25682992410978095  0.26650431952037706
  0.27669042375321928  0.28750291310276543  0.29821297494129462  0.30893102599710470
  0.31930504334815324  0.33011270188231562  0.34193594733827448  0.35466682391700460
  0.36653157491418814  0.37699921977832057  0.38682791495492608  0.39674090943808660
  0.40796438201574386  0.41837152121148780  0.42946480477466542  0.43969465037493566
  0.45003236530209184  0.46020101511929451  0.47012365760920033  0.47879616357207055
  0.48730304447121742  0.49615555885986040  0.50559596423840381  0.51618128523270224
  0.52653854341244377  0.53671123274946220  0.54705752592297119  0.55740409677007319
  0.56788250126974549  0.57794584721002373  0.58846170097302142  0.59967922634250326
  0.61068281215953923  0.62154026565010501  0.63345735021370397  0.64672235671643719
  0.65934190381363400  0.67168541969813933  0.68386392935083706  0.69398178897965979
  0.70295526887866300  0.71217344101815772  0.72127748114964085  0.73116847525938378
  0.74055379134779076  0.75008152761063684  0.76075274209423827  0.77081172215530669
  0.78156531661339246  0.79205120890024616  0.80369844940752611  0.81560030419021523
  0.82698968659608829  0.83766945394435088  0.84769849555083110  0.85717227916627148
  0.86653822814641923  0.87669611965964533  0.88773181232641696  0.89870265955023454
  0.90879082802423938  0.91868478499231310  0.92739832697849378  0.93596332859908227
  0.94354764592946305  0.95110860356304172  0.95906767564336770  0.96736967618181524
  0.97522318743879988  0.98322518953843718  0.99271550685236165  1.00000000000000000
  0.00000272269962889  0.00000283131034823  0.00000291982757834  0.00000300691708969
  0.00000311871148374  0.00000324644965809  0.00000340272534855  0.00000356331307536
  0.00000369187470591  0.00000382212686674  0.00000396134036152  0.00000410447657943
  0.00000425472194779  0.00000443280840987  0.00000466343814660  0.00000489307435484
  0.00000512338925746  0.00000535529295679  0.00000558835438887  0.00000586889868792
  0.00000616940521346  0.00000647413173249  0.00000679144988542  0.00000712991677717
  0.00000750867145910  0.00000791120370891  0.00000836720544059  0.00000888600096960
  0.00000937915042447  0.00000987370276616  0.00001039568827553  0.00001095372245845
  0.00001159793048735  0.00001227035419771  0.00001296250309204  0.00001369779420044
  0.00001450275771735  0.00001544627819494  0.00001645281973100  0.00001753824047324
  0.00001866167270177  0.00001984775965656  0.00002111812494985  0.00002242488228994
  0.00002384837306699  0.00002540041768521  0.00002702553534909  0.00002881888281556
  0.00003063928811602  0.00003287623347506  0.00003528992450463  0.00003798841627173
  0.00004082049958351  0.00004381202007098  0.00004707263990497  0.00005074179144694
  0.00005496292048481  0.00005975396049646  0.00006511080501244  0.00007120603585092
  0.00007796669765803  0.00008499370956367  0.00009292334696174  0.00010245981812264
  0.00011260429693109  0.00012242307757114  0.00013337411874758  0.00014497399434597
  0.00015703156374298  0.00017094977853949  0.00018829497158289  0.00020941338442823
  0.00023380160936068  0.00026416872810069  0.00029941605836210  0.00034000040330772
  0.00038655382470690  0.00043793948036203  0.00049853287792182  0.00056937714060593
  0.00065641643899415  0.00075727198869756  0.00087580488254988  0.00098792819840826
  0.00112891839369882  0.00129607998260594  0.00155894288654376  0.00190169448009800
  0.00229160090490505  0.00276628517960776  0.00351771336353201  0.00527574362409828
  0.00802944956874617  0.01263197565026237  0.05874482278271450  1.00000000000000000
  0.00000276224285468  0.00000414406260431  0.00000523075939368  0.00000633318557576
  0.00000743583410781  0.00000838316102694  0.00000930579505116  0.00001028028820168
  0.00001131964502506  0.00001243407545627  0.00001371177486103  0.00001507042637881
  0.00001642634368492  0.00001787519859303  0.00001947831788239  0.00002132800540781
  0.00002293454841362  0.00002464329303318  0.00002664783909665  0.00002892305430053
  0.00003146609102644  0.00003441674513831  0.00003763422473430  0.00004107566136323
  0.00004494776805602  0.00004910811377308  0.00005335205706806  0.00005774438222194
  0.00006254657774258  0.00006784185408465  0.00007349889422765  0.00008007366781311
  0.00008704522782652  0.00009483526998811  0.00010257803598060  0.00011099037544823
  0.00012021683690195  0.00013016857071861  0.00014129914876394  0.00015361462856723
  0.00016639733223703  0.00017932255291548  0.00019289082206686  0.00020799034035266
  0.00022444551503667  0.00024349040935264  0.00026401725191150  0.00028851288639606
  0.00031808576035423  0.00034939019708568  0.00038206189932487  0.00041845675175275
  0.00046006873079872  0.00050204498055543  0.00054203614029056  0.00058679410066461
  0.00063484466687364  0.00068402097114744  0.00073441452406993  0.00078595191561406
  0.00084095735831115  0.00089913388730287  0.00096434707963422  0.00103416916170539
  0.00110791867686963  0.00119074649946960  0.00127181455472018  0.00133985772515882
  0.00140547825718343  0.00147426573748423  0.00154395625148028  0.00160665327024360
  0.00166115335930981  0.00172399893712233  0.00179052038547936  0.00186817888333588
  0.00199673564364352  0.00225049853372903  0.00246635950023625  0.00269122987686281
  0.00292079639078739  0.00315853416080995  0.00338083962545227  0.00357200989888267
  0.00376803297984513  0.00398679930177508  0.00420556562370503  0.00473340054366148
  0.00526772127149789  0.00667631626804490  0.00783886111901471  0.00978446786388514
  0.01268385675126843  0.01497079027945149  0.05024770366418609  1.00000000000000000
 -0.00181979181305009  0.00677323769746126  0.01490392955642836  0.02347989581169471
  0.03284267558220236  0.04160037292172272  0.04972471928493773  0.05743096609845488
  0.06501403723154067  0.07307146392690715  0.08170076054008664  0.09057100410448574
  0.09991764469028289  0.11003659198613998  0.12086527578667508  0.13138639116686035
  0.14137068504660899  0.15074058958189138  0.15990286274963458  0.16944958077389793
  0.17861922885003878  0.18777761800809278  0.19798772971873910  0.20772651259918484
  0.21863770565476837  0.22845157176826306  0.23930801906885285  0.25058116775713918
  0.26181297277055243  0.27358321647489175  0.28543638866195742  0.29807767253306655
  0.31047586009748329  0.32290761857388628  0.33522648778479891  0.34667518184045665
  0.35841036448899116  0.36995906471721368  0.38300421021909781  0.39663284224102446
  0.41113676850227593  0.42611379245854863  0.44100015235239026  0.45469196420605845
  0.46818267428247756  0.48206453307900399  0.49670950352182452  0.51008644732491593
  0.52182882414538878  0.53346912450331074  0.54612457288614602  0.55965280290753938
  0.57208831951914951  0.58413607443945925  0.59670367340467789  0.60954781210254494
  0.62306384443588914  0.63663203874694896  0.65022046462258953  0.66431757290150240
  0.67754714062832411  0.69069850195299420  0.70295446924198779  0.71438649816436606
  0.72574899020116468  0.73730283360204119  0.74863237318484144  0.76013662749374034
  0.77144671581963664  0.78280403873763005  0.79320874571685573  0.80371790406008092
  0.81308031545189630  0.82048589998810062  0.82779249877251437  0.83533651672149822
  0.84357020931891968  0.85162109305625699  0.85914281035759188  0.86675658945351985
  0.87459119968302068  0.88294708596865845  0.89173149081718917  0.90083249827132172
  0.91072904239444452  0.92039979870439015  0.92902511709508151  0.93789153465009412
  0.94574767810528970  0.95327056511868924  0.96081093638166082  0.96791256244134394
  0.97538479226670571  0.98295089215855613  0.99174493898485550  1.00000000000000000
 -0.00202582100656384  0.00770106471617984  0.01665037245138085  0.02635777378352669
  0.03673701397857407  0.04758377629284104  0.05880419855804739  0.06992935418055701
  0.08093278183258022  0.09146239529270218  0.10097248634992126  0.11053446862044987
  0.12033171456350227  0.13009586487697189  0.13997235911055728  0.15018427453710012
  0.16125134458126772  0.17143405276741219  0.18140914376077927  0.19156070485981658
  0.20285553911078691  0.21470098372523838  0.22626417039954849  0.23686386866073331
  0.24742361909896768  0.25747037262674427  0.26789317478648428  0.27904961376619297
  0.28960094362136557  0.29991972204570388  0.31029806900586948  0.32208240512337571
  0.33407450768402441  0.34610651670910725  0.35768628542368297  0.37011028523482636
  0.38215447941883057  0.39367173344948253  0.40486961104100350  0.41659616965791230
  0.42911895171302189  0.44169393639021748  0.45291183194845819  0.46399253734257545
  0.47500479465805390  0.48475044658884670  0.49442470877088573  0.50423955292206457
  0.51442885920338155  0.52296321438901527  0.53125391497542751  0.53948760822155950
  0.54886030429445631  0.55867312029989691  0.56879900953663010  0.57931331686697451
  0.59010362827605600  0.60126471363190215  0.61291831931649521  0.62445942960520584
  0.63515874192773480  0.64515850628729066  0.65438273539568304  0.66355779522014902
  0.67288312188443966  0.68234288650853991  0.69272696554965640  0.70341285659822061
  0.71404408793545981  0.72419854642297754  0.73323644056878889  0.74272415256256141
  0.75186031790939412  0.76271034286417638  0.77274519271691966  0.78233034104521793
  0.79200213404062769  0.80240229651849926  0.81287872100134151  0.82404838930967206
  0.83516969808933805  0.84662409823549545  0.85767632058772947  0.86877161846352535
  0.87954212823094569  0.88942867677716930  0.89952213322342578  0.90992601405813056
  0.92204182612931473  0.93471188237595781  0.94857799986780600  0.96100246576825354
  0.97168269671555363  0.98195743692762993  0.99127210658195930  1.00000000000000000
 -0.00564207021902149  0.03382422599943923  0.06013996139102835  0.08419581502818968
  0.11465598454199907  0.14320015164773267  0.16985798052226475  0.19738576096205884
  0.22463903760839823  0.24746020576565761  0.26649056303924767  0.28512145195556621
  0.30310361751737819  0.32031974932572455  0.33706973479646957  0.35477643402482317
  0.37303376597494237  0.38924210731610903  0.40342987579369965  0.41709435201937123
  0.43055013237868195  0.44397218786222847  0.45731732065845138  0.47056799653106401
  0.48303622700903481  0.49437501641197990  0.50496788994953867  0.51523056843265624
  0.52530451178160620  0.53555813168664301  0.54636443819371783  0.55746251359611443
  0.56786965199875972  0.57803739130291010  0.58814230659638977  0.59845060881202561
  0.60891348354626440  0.61879091197679947  0.62790203104196063  0.63643020854447241
  0.64498781104426983  0.65405822394982882  0.66299042903261252  0.67141003278825528
  0.67983145934295253  0.68824958543341230  0.69768298988392319  0.70661258148567707
  0.71438244591911204  0.72186627288345773  0.72964124744722059  0.73767496680876166
  0.74557121380087066  0.75323699059447824  0.76058609552989764  0.76779530009340147
  0.77469160517054703  0.78120262237635607  0.78779241667667099  0.79387765337131100
  0.79969493967177130  0.80539339980551261  0.81149475515015690  0.81811377671950691
  0.82474943679739565  0.83127519057079546  0.83794780486286824  0.84458545824608577
  0.85119928397062994  0.85678440747028639  0.86201250485808245  0.86735565739930753
  0.87241063369838889  0.87745253082348362  0.88266088983291269  0.88792294960634432
  0.89342855527509901  0.89917613827206866  0.90481387520878087  0.91087800675044528
  0.91677868652920214  0.92255043639014467  0.92819132900060952  0.93366170644934565
  0.93899602321497688  0.94434010701341908  0.94966699143390121  0.95463275756546162
  0.95973515432983625  0.96505106450176248  0.97083145272323257  0.97685368206074841
  0.98295356785225307  0.98881932387317450  0.99440098295862556  1.00000000000000000
 -0.00316160240205016  0.01157718878855942  0.02399449796082270  0.03632374463994656
  0.04754513798631781  0.05826252676396850  0.06928051837974894  0.08043249786622216
  0.09198433350646625  0.10356154361297164  0.11452935161878623  0.12534084231913215
  0.13610741881535060  0.14707947821091111  0.15890068323450027  0.16996503723429093
  0.18069736199162056  0.19177095025802374  0.20327752629550297  0.21439309434079060
  0.22524978930602146  0.23589918747707286  0.24725095199524710  0.25938697967488655
  0.27071964714597413  0.28118321204179558  0.29134109873540909  0.30245907626677804
  0.31356247764171613  0.32411406933307890  0.33449760545141843  0.34487812267978069
  0.35532876313268658  0.36630728110892291  0.37697628074277950  0.38763234243532740
  0.39776162041648799  0.40661853537464243  0.41625172302432156  0.42658437507934660
  0.43799752295631544  0.44796873141704902  0.45788879793576565  0.46864336272823437
  0.47997460955649673  0.49067092299566917  0.50042946459611037  0.50947135499797247
  0.51840284087085853  0.52805349699802129  0.53852794290593098  0.55006201225261708
  0.56167200207352885  0.57290039449294328  0.58420727789772398  0.59543234485258734
  0.60686633308136639  0.61837442650907593  0.62906819672060243  0.63880839098326736
  0.64836404451961061  0.65843129740613204  0.66853238709714213  0.67822819385954625
  0.68717785546783761  0.69612779375299438  0.70604951227938872  0.71708318723873443
  0.72887285017744641  0.74051122167033889  0.75089390017966151  0.76084079165875085
  0.77020141321495816  0.78001492136735184  0.79081726642406380  0.80294143384059058
  0.81405889569264944  0.82334484741099945  0.83282139460195992  0.84069806387220802
  0.84897904592064533  0.85835017592849516  0.86868477671780020  0.87810189820726958
  0.88676578940242701  0.89587597466183722  0.90620287866088911  0.91707000431147623
  0.92722461082228236  0.93698892289650193  0.94651007297553680  0.95619730792675228
  0.96635846371056433  0.97742079872238474  0.98859563783302007  1.00000000000000000
 -0.00278089528442997  0.01094048271647011  0.02231847536878841  0.03430623077781452
  0.04557878344795224  0.05703435857007438  0.06757119761193900  0.07810703565967329
  0.08834141603938647  0.09878396429503621  0.10864152303845767  0.11731827285858684
  0.12686357613742710  0.13704199678370707  0.14824235530097160  0.16011329420724216
  0.17186766731796682  0.18387019191107146  0.19523828072176616  0.20693810364412113
  0.21622434796664958  0.22508017104060549  0.23408452808474975  0.24253192277585020
  0.25088077948770243  0.25948108514664114  0.26903513340261398  0.28062673065358534
  0.29257194634356143  0.30369352297693447  0.31434244722787719  0.32522005827063355
  0.33615810589942330  0.34720300918517555  0.35894510480370528  0.37071459214932723
  0.38067309672529376  0.38988818263051772  0.39917458929276378  0.40877994011428509
  0.41876772955836677  0.42842529024957626  0.43766784180880913  0.44714986376334520
  0.45802493996859261  0.46992576984527018  0.48152882663478686  0.49221376713914672
  0.50254695450635767  0.51342131188703199  0.52440803430344307  0.53547397633734128
  0.54598687032805293  0.55615232045346563  0.56613652645460311  0.57625596625455489
  0.58631180074943046  0.59632889065372752  0.60644027159794367  0.61707461284585841
  0.62781739457495889  0.63872866960865038  0.64974817269939289  0.66049586111686476
  0.67119224974259784  0.68159322245261655  0.69156632929492268  0.70139115169912358
  0.71115653743062945  0.72057736787125015  0.72998458311605363  0.73926918604618308
  0.74904229526366761  0.75957002775445392  0.77063015144286240  0.78156724125844645
  0.79215051744756182  0.80276266088077053  0.81402044999156842  0.82613327942377834
  0.83863948734987337  0.85131920017670359  0.86377801736538151  0.87595623967571845
  0.88773708909042048  0.89881462461912798  0.90902617336773495  0.91910987588133231
  0.92977363341802499  0.94133784442990487  0.95243818926003987  0.96276680792453484
  0.97253906467002416  0.98172348127301279  0.99106876220816698  1.00000000000000000
 -0.00011417821079421  0.00045125430579107  0.00079845276588075  0.00100669784431036
  0.00121086242021235  0.00141332858974422  0.00160946527510900  0.00180186228810316
  0.00198358725760789  0.00216514360191680  0.00234650982903030  0.00253294701357359
  0.00272176212775407  0.00291997993450268  0.00311898756000556  0.00331543312448102
  0.00350187549455031  0.00365928243621660  0.00381668937788290  0.00397549035423562
  0.00413457991415467  0.00429091523029551  0.00444266159446129  0.00459440795862707
  0.00476897822847393  0.00495313018053838  0.00513876492946385  0.00532605811142384
  0.00552851504826122  0.00575913906023176  0.00601480069741781  0.00626176899013324
  0.00649249340004993  0.00667564838239285  0.00685386442853079  0.00702760512371372
  0.00720176397848888  0.00737448436278946  0.00754430540557073  0.00772111313407485
  0.00790411985905755  0.00812089990431975  0.00837559990217972  0.00867529451788487
  0.00897189450288237  0.00922372473343344  0.00946076552581552  0.00970820320494445
  0.00994498873959263  0.01015946405638175  0.01044459088472489  0.01072690941304296
  0.01092875666533837  0.01112370425152243  0.01132005579544588  0.01158619285204423
  0.01178702576403725  0.01196489098450935  0.01219885759314000  0.01247102652584222
  0.01274965808228218  0.01303739612214003  0.01333602543128116  0.01366800133569268
  0.01404611181781229  0.01460189170328656  0.01517933616146992  0.01568483573564141
  0.01602427389292220  0.01630650161863706  0.01654354547021160  0.01678927888283522
  0.01707541044256155  0.01758083857933818  0.01787972369913533  0.01847910359750722
  0.01901917076083675  0.01929549659197438  0.01968964505623169  0.02005504616294730
  0.02039894134337944  0.02068898230473775  0.02102876655143619  0.02165369613487696
  0.02220421405891704  0.02291783905221226  0.02407471510849624  0.03122817429877817
  0.03958274648764690  0.04083650337960079  0.04271333379709936  0.04582093544078065
  0.04677405126443428  0.05187967055679461  0.35316828203581263  1.00000000000000000
 -0.00284959871696169  0.01132034894300308  0.02285518358900011  0.03530755459684756
  0.04616192966813448  0.05612343131468066  0.06575484052032714  0.07549605183683855
  0.08526251663767462  0.09490301110080833  0.10420185957397020  0.11459234786614331
  0.12565676838498854  0.13666443923830182  0.14780051094539906  0.15911116473861350
  0.17061885174378061  0.18218818420935798  0.19361388803460691  0.20465102396680349
  0.21400541249853033  0.22299628101805177  0.23260298913797955  0.24219996185651074
  0.25114506224802735  0.25969437073523860  0.26908932216639830  0.28118126632057983
  0.29338690829949327  0.30533158927693405  0.31751313513681112  0.33052011018456035
  0.34300346299801709  0.35482176675974419  0.36574598345303516  0.37717281165534056
  0.38884748120695961  0.40029457037366944  0.41059341846393776  0.42102099255141462
  0.43184309527013698  0.44198565245833665  0.45253676284567090  0.46334858148888186
  0.47523152108790917  0.48676532642713716  0.49856491258618396  0.50871945959886056
  0.51863071340232747  0.52882663939168240  0.53933088154837328  0.54976154037845981
  0.56006471100656630  0.57057929055908074  0.58239685933800722  0.59339292999204518
  0.60440010400503708  0.61537244932943425  0.62569409583046853  0.63572915386535644
  0.64516941787380977  0.65412214353098996  0.66340625084768512  0.67387738891926940
  0.68542790085381056  0.69619347098274120  0.70591200184016123  0.71524017188265698
  0.72473621816183342  0.73430808204540809  0.74395151220033773  0.75393242505623170
  0.76512513225475876  0.77655084732507518  0.78855451674533550  0.80081277257785188
  0.81266051218445468  0.82453251785236026  0.83556124370436147  0.84640636021703497
  0.85699368502898532  0.86740904738218316  0.87690450316315272  0.88595008659659369
  0.89524544556493924  0.90525415666056164  0.91546117256887560  0.92581557245015189
  0.93613151248951010  0.94668477425782438  0.95682027472153275  0.96628424395651391
  0.97487601311131966  0.98291490361627298  0.99091868461445809  1.00000000000000000
  0.48822294953901235  0.54142216210494620  0.55271477954193315  0.55976288396392093
  0.56845971629356762  0.57736067253419732  0.58616419546256615  0.59430117689317841
  0.60297138401663042  0.61092078047064469  0.61775763502411973  0.62485948818071213
  0.63251756702669126  0.64133951911723930  0.64919534135413437  0.65494232074338843
  0.66078570261140557  0.66675741024094837  0.67313732077085164  0.67941708989645855
  0.68546756363474393  0.69089532815964627  0.69661851516049467  0.70244868705597696
  0.70856147045204443  0.71380400485219697  0.71926630661708513  0.72476864915942529
  0.73020743750203954  0.73532912167658260  0.74022831220871332  0.74527436809828151
  0.75037764676075625  0.75592597727556798  0.76147760405732867  0.76704183835782591
  0.77247230470478878  0.77824209284540757  0.78390435845506967  0.78929565524581868
  0.79419569110422827  0.79911093797223309  0.80419186972205137  0.80909845415970483
  0.81391187201937287  0.81865132871494084  0.82338552401310439  0.82796262264806364
  0.83229876896443589  0.83669290916056882  0.84119230537582113  0.84589002645788447
  0.85038899303044635  0.85489818725785793  0.85913481819145887  0.86365778404251392
  0.86823894833991666  0.87234819860845669  0.87640684553486914  0.88037020988053805
  0.88429932710981496  0.88831355188911143  0.89239044859930217  0.89641081479942386
  0.90018247665628337  0.90381801188199706  0.90728463238888235  0.91067118433438710
  0.91420481055616631  0.91769942159318729  0.92103475681813030  0.92426154599540689
  0.92749205763327858  0.93079154026764099  0.93411684715767396  0.93740187793235430
  0.94052678571581272  0.94347018305731478  0.94636675557661187  0.94937109898477368
  0.95233620862546275  0.95535793030239113  0.95832064384195592  0.96119968473069306
  0.96410330722930959  0.96704290810614579  0.97002404099999950  0.97303070441742379
  0.97605750966458282  0.97916060159463547  0.98233906270161775  0.98547186963226308
  0.98863659446516738  0.99200533667690260  0.99574114107213751  1.00000000000000000
  0.01635736754731715  0.16533552114625771  0.20764567728950767  0.23567235837773939
  0.25979226007711043  0.28053770595951527  0.29787091445685626  0.31345008770389343
  0.32810077624907769  0.34205609464884629  0.35535792871081179  0.36756862535237667
  0.37884961037731762  0.38927875693586622  0.39891783472967896  0.40812637083122050
  0.41733095957316579  0.42622681302362159  0.43436144745425642  0.44230710807572238
  0.45027375494390526  0.45828746628441380  0.46689751170757998  0.47536911097378304
  0.48365260558525441  0.49169543000849997  0.49971302649628069  0.50659766489559566
  0.51325855057735648  0.51961797202354620  0.52565725189677248  0.53211041734209830
  0.53852052201153222  0.54511617453121797  0.55163406033217022  0.55790669828060546
  0.56413670875466726  0.57006351248397036  0.57594700866420101  0.58204302917237272
  0.58813538629806761  0.59401400928607373  0.59978824710441292  0.60554214964227326
  0.61117623896502848  0.61651668690698591  0.62177499996593810  0.62724888429744674
  0.63286279526674472  0.63814574532727686  0.64296760887816629  0.64766345741186748
  0.65258924947678620  0.65760328183737071  0.66275966452250323  0.66819000082983693
  0.67366213719778967  0.67893237790121630  0.68392629905447422  0.68886900892498237
  0.69387198811052575  0.69909664182898723  0.70462989711632928  0.71027016204995241
  0.71570334249666723  0.72088721134847078  0.72583104263007858  0.73023187963020975
  0.73421470048349680  0.73851913456532658  0.74334299393234615  0.74757498953564894
  0.75179605123809756  0.75610212268775756  0.76034692272190263  0.76492089660567597
  0.76931352560301569  0.77393740430100977  0.77821559317041522  0.78265269035118534
  0.78701642704019326  0.79261259861245359  0.80016340064268665  0.80827038492794201
  0.81645135794476775  0.82462624675851570  0.83236139244042817  0.83974852885196527
  0.84777736974160944  0.85689339161295552  0.86704358404846793  0.87921195391953866
  0.89438519304379216  0.91110586073087574  0.97817469245627087  1.00000000000000000
   9.8947929369408921E-006  -1.0000000000000000     
 F F F F F F F F F F F F F F F F F F F F F F F F F F F F F F F F F F F F F F F F F F F F F F F F F F F F F F F F F F F F F F F F F F F F F F F F F F F F F F F F F F F F F F F F F F F F F F F F F F F F F F F F F F F F F F F F F F F F F F F F F F F F F F F F F F F F F F F F F F F F F F F F F F F F F F F F F F F F F F F F F F F F F F F F F F F F F F F F F F F F F F F F F F F F F F F F F F F F F F F F F F F F F F F F F F F F F F F F F F F F F F F F F F F F F F F F F F F F F F F F F F F F F F F F F F F F F F F F
  <DiscreteSampler_grid>
  grouped_processes
  1 # 1 for a reference and 2 for a running grid.
  10 # Attribute 'min_bin_probing_points' of the grid.
  1 # Attribute 'grid_mode' of the grid. 1=='default',2=='initialization'
  0.0000000000000000 # Attribute 'small_contrib_threshold' of the grid.
  0.5000000000000000 # Attribute 'damping_power' of the grid.
 # binID   n_entries weight   weight_sqr   abs_weight
    10   10   3.036603171722827E+001   7.602963049995671E+003   3.036603171722827E+001
    11   10   3.036603171722826E+001   7.602963049995662E+003   3.036603171722826E+001
    16   10   3.036603171722827E+001   7.602963049995671E+003   3.036603171722827E+001
    17   10   3.036603171722826E+001   7.602963049995662E+003   3.036603171722826E+001
  </DiscreteSampler_grid>
