  0.00239523300804197  0.01550146319946719  0.02894285501738350  0.04097651215360446
  0.05187897538010532  0.06240568559181463  0.07238476055632004  0.08264303115143097
  0.09314012375299098  0.10415624519924759  0.11510741409597017  0.12566828284586029
  0.13624933166948966  0.14708467322955943  0.15803527228537625  0.16849473915415464
  0.17838336588038178  0.18828981591648053  0.19831734391604905  0.20838750106604093
  0.21829300814540656  0.22815693564187037  0.23876658295046951  0.25000059083448511
  0.26195389987739165  0.27375014322664504  0.28510006654237918  0.29577995377006150
  0.30618894355041543  0.31636405839472442  0.32678546995043206  0.33749097510992498
  0.34860630494273259  0.35966473354022982  0.37037677711837413  0.38096190771128596
  0.39167667320028227  0.40250276810320501  0.41342350045319032  0.42443403447176531
  0.43558790837614814  0.44694605571382390  0.45818521446017629  0.46908204423496030
  0.47976409645650181  0.49054801380361823  0.50124966331191301  0.51142708933450609
  0.52149061144308417  0.53161151387583083  0.54122647871354101  0.55060099410061680
  0.55984886403404188  0.56847988227507451  0.57725830809198519  0.58608400108438496
  0.59567062993880193  0.60590815413244914  0.61642977514968333  0.62687441059742088
  0.63688285982694004  0.64681023200847776  0.65717350032307709  0.66822766102995523
  0.67935749068378570  0.68974069847110298  0.69965210149673895  0.70947540783389107
  0.71953240881077485  0.72973208078884733  0.74043589127935283  0.75117990111776345
  0.76158721520919992  0.77191529727704122  0.78242304605722690  0.79336501494678813
  0.80441835578532461  0.81519696993198332  0.82533009222934539  0.83512784016724573
  0.84527371791438188  0.85539934103399462  0.86535653272909685  0.87529687784008503
  0.88582785254103880  0.89700726873715986  0.90780254467592292  0.91809997849966019
  0.92788536307249958  0.93773277173158598  0.94779614658469458  0.95784427966617902
  0.96837102316392343  0.97844210583400704  0.98939170281098621  1.00000000000000000
  0.00298068286663703  0.01551539690992249  0.02717801801122992  0.03939229371038699
  0.05102124923778404  0.06256608624394924  0.07352015165558787  0.08333314343415049
  0.09237607379177862  0.10152070118215481  0.11162544331955490  0.12322332438699553
  0.13522488273977212  0.14737500705517581  0.15951767690986338  0.17074484806931700
  0.18116145186130780  0.19105922921984964  0.20098317516496184  0.21112163374391463
  0.22149161427648861  0.23221282564126627  0.24289877803128360  0.25360110686397236
  0.26461446619487844  0.27496458215918468  0.28456668721323736  0.29368425712522522
  0.30281859039529091  0.31271259198989587  0.32338402598993043  0.33468383096448134
  0.34623364607861318  0.35755982678382553  0.36889950818457568  0.37980778308517110
  0.39032018410963149  0.40068528065695164  0.41079345425543479  0.42117569235888985
  0.43196370672711343  0.44286765916794552  0.45384178128963820  0.46499680825041972
  0.47627205481438678  0.48793105669551756  0.49902078253261545  0.50992321661514883
  0.52055069738182047  0.53131057087691003  0.54163721612207916  0.55198628860207610
  0.56180003972396553  0.57181064531388914  0.58151827594870231  0.59144676199061530
  0.60136004540912347  0.61168890694707367  0.62241494584366397  0.63296754130112332
  0.64292653860076288  0.65271611688855191  0.66303079627491091  0.67389015579530342
  0.68501679405161753  0.69558108108064820  0.70594012650888760  0.71619805479157561
  0.72689403666895946  0.73769479458713905  0.74831317658890262  0.75886909921478740
  0.76963938227502027  0.78050530516690664  0.79087525221192745  0.80047867496034975
  0.80978743972381395  0.81909808161529163  0.82911914485748373  0.83936613301404261
  0.85045913130332496  0.86159237511803832  0.87260660813859625  0.88329475657060685
  0.89378870320462978  0.90432811494075327  0.91472826895554971  0.92530051678654268
  0.93542984935742612  0.94481902033726306  0.95388269634923650  0.96267600422243138
  0.97169358213631496  0.98017121898768766  0.98973114710192833  1.00000000000000000
  0.00000341785408979  0.00000351481235194  0.00000358874060074  0.00000367020709079
  0.00000376224105837  0.00000386523261954  0.00000398412338609  0.00000410911957714
  0.00000422805055074  0.00000435622079240  0.00000449184998908  0.00000462864276580
  0.00000477547525481  0.00000493671734537  0.00000512852829639  0.00000537119402492
  0.00000562722773351  0.00000589740762427  0.00000619973665753  0.00000655034710969
  0.00000694814305335  0.00000736800859002  0.00000779663637426  0.00000823920878815
  0.00000869007176173  0.00000916420804801  0.00000969523454945  0.00001026700938151
  0.00001091731569889  0.00001163038604799  0.00001238794440229  0.00001323181703851
  0.00001412931592935  0.00001511805586252  0.00001610435011022  0.00001709980254024
  0.00001815597207209  0.00001931299062766  0.00002058548401245  0.00002195196129718
  0.00002341882266171  0.00002505912623593  0.00002688681831117  0.00002883495678686
  0.00003089831115552  0.00003311828586098  0.00003556789888289  0.00003836338676269
  0.00004124593161449  0.00004447893260420  0.00004787206248220  0.00005181391867156
  0.00005579197597391  0.00006026293710177  0.00006467908269249  0.00006940497819907
  0.00007443746784207  0.00007997796416490  0.00008653965796262  0.00009394315388494
  0.00010201802707553  0.00011049340235231  0.00011962557648103  0.00012958062101365
  0.00014060825150903  0.00015288048168596  0.00016684888744697  0.00018242252725514
  0.00019789603456750  0.00021373335363660  0.00023106210541965  0.00025041520631142
  0.00027335272275338  0.00029927818068893  0.00032949603329752  0.00036461935440791
  0.00040444487538883  0.00044853786460258  0.00049988992318020  0.00055669150119650
  0.00061949389834689  0.00068788752577396  0.00076188731563243  0.00084460845112942
  0.00095180999286177  0.00109051075440939  0.00124818193664419  0.00144368903284717
  0.00167101126225969  0.00196770837801969  0.00236169550318548  0.00281487778494889
  0.00345978784044356  0.00465559550255073  0.00701379532328180  1.00000000000000000
  0.00000552727089492  0.00000751824790351  0.00000921117394313  0.00001095641873249
  0.00001266515945552  0.00001441427495979  0.00001623059874892  0.00001818064797979
  0.00002023164161909  0.00002234777400581  0.00002454381287474  0.00002687987386266
  0.00002935254811624  0.00003209729897542  0.00003502420587290  0.00003801949258890
  0.00004116582516553  0.00004465314459216  0.00004884152086754  0.00005372678083389
  0.00005914327689353  0.00006456236976704  0.00007034180478599  0.00007653413995927
  0.00008316634912020  0.00009003027993605  0.00009724738076492  0.00010479894074603
  0.00011256951524471  0.00012071827292335  0.00012914934130497  0.00013796486398027
  0.00014736731398892  0.00015692280498997  0.00016705969267764  0.00017742708955387
  0.00018795061222469  0.00019857154100302  0.00020984560260794  0.00022119213168208
  0.00023413527067580  0.00024781760738799  0.00026285078415580  0.00027895063538025
  0.00029566170976249  0.00031363067122717  0.00033161816972679  0.00035021140484939
  0.00037047640084284  0.00039285108686046  0.00041706074915630  0.00044142154163177
  0.00046716720919714  0.00049398447425372  0.00052284141719546  0.00055216636345147
  0.00058217911228572  0.00061131933809580  0.00064362360599845  0.00067969707544795
  0.00071622604393771  0.00075849689837877  0.00081102584422022  0.00087336942670329
  0.00094417800733648  0.00102256560333078  0.00110421173476235  0.00119154498157445
  0.00128595116105038  0.00138885516703706  0.00150467535135029  0.00162894085387069
  0.00177671965311359  0.00194245125078174  0.00208306720706142  0.00219606811628572
  0.00229855467329901  0.00241284126420674  0.00255789537809356  0.00270803329038993
  0.00279497502346704  0.00288909355914395  0.00298945161762945  0.00307104517246583
  0.00319373610732633  0.00339637646433818  0.00369934109956640  0.00403821788116940
  0.00420562582568341  0.00437772957560927  0.00453237968475697  0.00473462330631233
  0.00516677231207348  0.00559707890466514  0.01490335737489527  1.00000000000000000
 -0.00212952129648060  0.01119536087862504  0.02277962701532096  0.03423751372373843
  0.04480542520000060  0.05547264459542006  0.06615396996181049  0.07673668742398138
  0.08718577194189782  0.09731084433585974  0.10734996480667759  0.11694776400692200
  0.12678671378530668  0.13695926525960161  0.14702495722033551  0.15709904620133655
  0.16707658665546518  0.17750520436022393  0.18820569476962476  0.19865104833760072
  0.20885180978500589  0.21874290643364294  0.22840881823854645  0.23799304661436096
  0.24754654559581799  0.25722901042201185  0.26723269224063106  0.27743011668400652
  0.28815129189129929  0.29934830465674306  0.31057937614090741  0.32181711223646181
  0.33260919829594165  0.34255720199338369  0.35238947771493251  0.36207312995106439
  0.37216884013334728  0.38268393799358991  0.39305425008483064  0.40294268176750397
  0.41260779542831100  0.42266560803938136  0.43268490915502833  0.44250195574301021
  0.45191664609006127  0.46152985160365917  0.47214631059025830  0.48244948883658512
  0.49270656786516009  0.50273676599175687  0.51277871409890652  0.52313372559479943
  0.53363223938620596  0.54398255010647900  0.55396220181117339  0.56414577211951622
  0.57435613005397435  0.58458096400053194  0.59404751451079663  0.60361703983675508
  0.61366987997545042  0.62385811242401379  0.63425223773143646  0.64457075448225809
  0.65487257842411362  0.66526995494787222  0.67537018371812396  0.68557014767369173
  0.69562495816311865  0.70586071827159480  0.71625480013617182  0.72618209210953100
  0.73616489901681881  0.74622615880788323  0.75687394401194819  0.76762889479903651
  0.77899648033646751  0.78986558598884415  0.80026843008472048  0.81064140275792040
  0.82154840355795355  0.83313089035000132  0.84530141070553733  0.85769348164254278
  0.86937625366259486  0.88034061984296985  0.89115175902741950  0.90224177847360798
  0.91354241545459669  0.92498455493835408  0.93624108323113098  0.94819535743590289
  0.96095577400982657  0.97437718635700676  0.98729627328815783  1.00000000000000000
 -0.00223470142132553  0.01017683731082607  0.01989876864369755  0.02946644060396316
  0.03951600605910111  0.04908256676250300  0.05884399351640819  0.06845244883883587
  0.07849043125950014  0.08781401221179184  0.09661980779007048  0.10584679747869538
  0.11576345546460171  0.12599642114937279  0.13635826000330473  0.14690090889755755
  0.15758680125188262  0.16842262786967227  0.17913529546055160  0.18953940849303538
  0.19994878073668132  0.21107993716292725  0.22276234598609881  0.23412031631408917
  0.24533590553806905  0.25681912202171192  0.26752470711680459  0.27815390581970389
  0.28858456604287119  0.30001319103472140  0.31010576154053804  0.31988247193788633
  0.32965575922728230  0.33999289049634368  0.35025661006965919  0.36020755950657213
  0.36991265353272235  0.37979527330330909  0.39048115099487507  0.40148764039571494
  0.41232118335807544  0.42267613610487254  0.43298794718380834  0.44453493355784296
  0.45613455248181339  0.46754006367568546  0.47820118099757919  0.48930499380725578
  0.49976305750304356  0.50965875797392857  0.51917459138166600  0.52938674772735328
  0.54043797592652343  0.55192268131223565  0.56294724116052874  0.57363918632762134
  0.58422784539403527  0.59543290568232798  0.60741711066283477  0.61938722051056661
  0.63066405634168365  0.64136486650126079  0.65178267815614321  0.66192243044055732
  0.67161278783593414  0.68094170230348372  0.69067534404778308  0.70103257738986247
  0.71158274468333382  0.72192389020589398  0.73213650559338173  0.74261105139523920
  0.75364751555792431  0.76557825575926053  0.77717628303492226  0.78841041495522934
  0.79928154527464901  0.81003310122458549  0.82036968355616113  0.83012325905260220
  0.83983281372329333  0.85013042262417149  0.86103515967819577  0.87182512902939546
  0.88284025960930490  0.89359055125579034  0.90348728494119135  0.91332263638438160
  0.92307643301636599  0.93424641806626374  0.94490195450858661  0.95556183403893591
  0.96603936371234056  0.97689123463210759  0.98832487006539194  1.00000000000000000
 -0.00305740395270113  0.01270304469636637  0.02418141336839128  0.03541693095900005
  0.04602102224585632  0.05741467161596178  0.06870700650970120  0.07921726379406240
  0.08976299636112593  0.10076355048333924  0.11176642045284775  0.12265897811087852
  0.13328046384813258  0.14409797817457046  0.15451161759491969  0.16498140254720181
  0.17571163317619329  0.18638052774866065  0.19586881860008409  0.20465867036490676
  0.21345637132072875  0.22282863038293127  0.23271749500997871  0.24282950537418108
  0.25318666189919242  0.26350662243501460  0.27340237894138847  0.28305555365260143
  0.29271300382534227  0.30240500128152126  0.31220516976617407  0.32132515292925223
  0.33066776594365388  0.34007161335078717  0.35010797181406234  0.35991471563777583
  0.36984036665475029  0.37985768108879275  0.38984942719607363  0.39982523539172832
  0.40994059696690432  0.42015987278519751  0.42990249613985049  0.43919391423431264
  0.44854976524774270  0.45810833057658656  0.46809890832961343  0.47835830001808799
  0.48857404686021944  0.49910301331362739  0.50947561661185481  0.51918998015210338
  0.52880337086860119  0.53807529844604429  0.54771724016868473  0.55758801027028704
  0.56761574935533710  0.57769923594392758  0.58804356708133398  0.59853025554094108
  0.60897738284975789  0.61926408619732787  0.62988087808180304  0.64138546992561563
  0.65313937993203841  0.66445402360193917  0.67552997574760265  0.68663361770905496
  0.69782553162048999  0.70887526850644644  0.71968023306593365  0.73010868632387582
  0.74054076904520449  0.75068104483350484  0.76071084673820999  0.77103843999016042
  0.78147648698656691  0.79302855264242944  0.80373266012142297  0.81404150299204847
  0.82396110435848890  0.83387440789211753  0.84403625839055341  0.85458141568362667
  0.86596040499896743  0.87806951076707673  0.89079621782362228  0.90354914189843749
  0.91621117910448890  0.92921297527758273  0.94256504173455513  0.95486981640461999
  0.96700444013606857  0.97860999789135072  0.98975059588943493  1.00000000000000000
 -0.00289544299835387  0.01071319967562522  0.02199965325571734  0.03316091441782724
  0.04375714169151335  0.05426123801751139  0.06526438859055407  0.07665924051584920
  0.08781173724246175  0.09863913395817858  0.10918381148508545  0.11941664081768241
  0.12979970507614644  0.14048990788412430  0.15131826869100390  0.16197463586901806
  0.17233807218565547  0.18283932621877880  0.19336919817437082  0.20439474536451779
  0.21538425454456672  0.22655853901969680  0.23766449036600357  0.24851149264886069
  0.25958590275139715  0.27088617365603357  0.28268590154857798  0.29404424805522861
  0.30531872966078411  0.31626075055379438  0.32738020065217682  0.33873664657943725
  0.34966601529603236  0.36036080588248975  0.37045872452649214  0.38037183546240083
  0.39059947396734312  0.40080429738285450  0.41012881006266594  0.41916341859624362
  0.42816478109110051  0.43803540481284303  0.44899625424219985  0.45948179790015670
  0.46984014509955868  0.48032499560277958  0.49102186651034474  0.50197219418498118
  0.51215190963817303  0.52300197379193736  0.53356158443139823  0.54379804346529104
  0.55419640413507876  0.56534949354441300  0.57700803929698752  0.58782082528701907
  0.59669472564852633  0.60508388019294213  0.61295744519703443  0.62217399253809347
  0.63243440813543106  0.64322609310235546  0.65403147990956545  0.66527711165572800
  0.67626759896006117  0.68743976943605689  0.69818270961697038  0.70900977606394311
  0.71927580751892539  0.72964129349190443  0.74002027857201702  0.75089779225306130
  0.76144234099207153  0.77100419242531693  0.78066221045337725  0.79076277300234032
  0.80121208375763375  0.81134502754208715  0.82148738109348962  0.83191927055489590
  0.84250894028615542  0.85302491949732118  0.86417301938393465  0.87532280668162232
  0.88716185536287828  0.89793548778912069  0.90816452489029997  0.91809137383854922
  0.92785846580952713  0.93821410484717660  0.94881984460031432  0.95915901637558842
  0.96903824238300040  0.97831812637863103  0.98864385519153197  1.00000000000000000
 -0.00314958744655096  0.01205314472021629  0.02411938481572973  0.03524165839576925
  0.04581943979394401  0.05544415108145088  0.06551189912132513  0.07561238859673695
  0.08671668591696353  0.09786032851522281  0.10899643896750633  0.11967951131852747
  0.13003568200074314  0.14060521228384573  0.15155637201978786  0.16189112718368245
  0.17063854931535852  0.17937899269017438  0.18845545105765066  0.19894151931400547
  0.20970550833324128  0.22023705488236475  0.23097085067562742  0.24252152741562980
  0.25407970214857428  0.26473513569762996  0.27521009278162273  0.28608263847948379
  0.29746033843220954  0.30883018283775737  0.32043131767936811  0.33232127272458656
  0.34390988449443238  0.35551228187811273  0.36703489876769374  0.37805097873800897
  0.38856757001994791  0.39864668331216668  0.40891180976485514  0.41987687028003196
  0.43112027686993976  0.44201576422436523  0.45232983941670296  0.46293161992061399
  0.47407565714721328  0.48504949685319826  0.49537682205579237  0.50554766883454538
  0.51595214165295333  0.52645025593518624  0.53657814576306029  0.54629560154080725
  0.55642646659762374  0.56717511761442396  0.57815156999087303  0.58848659480612497
  0.59776856169096426  0.60673287001972109  0.61581608116704978  0.62553329037652550
  0.63615023646440572  0.64706713264819504  0.65754651794857200  0.66753139532870609
  0.67752337752602410  0.68747882697970930  0.69724521631742586  0.70689601638128152
  0.71717052804887005  0.72762259952943620  0.73808116490207787  0.74857449882207194
  0.75931288455293278  0.77012188708445339  0.78096344577338639  0.79217635154212362
  0.80283982308597124  0.81328460104152434  0.82429324379541813  0.83541636459196733
  0.84577204112199023  0.85591559134071704  0.86602111151536831  0.87678304614324187
  0.88685400267917758  0.89687806336855125  0.90708410036400322  0.91645500984964645
  0.92664787555788219  0.93623597500730704  0.94715175960179532  0.95750091678553417
  0.96764893620395720  0.97783712576140980  0.98852206427401657  1.00000000000000000
  0.00008089440210467  0.00026438125493155  0.00038365218955753  0.00048454651756303
  0.00057409794082879  0.00062862724890502  0.00068454469630052  0.00074227520354448
  0.00080015651900437  0.00085811467390360  0.00091707873075687  0.00097584647388534
  0.00103423952509585  0.00109731066162473  0.00116295249231562  0.00122851707221287
  0.00129496745541459  0.00136440668627416  0.00143497698246780  0.00150639570544192
  0.00158092055434176  0.00165298667437716  0.00172296506111258  0.00179385654852176
  0.00186569561487655  0.00193911419826078  0.00201793581891171  0.00209899014109988
  0.00218141361296155  0.00225633583612947  0.00233095874919819  0.00240518923250444
  0.00247787683824285  0.00255169827573258  0.00263182162159382  0.00271223567741642
  0.00279282174307147  0.00287390919497395  0.00295190213552898  0.00302611152678668
  0.00310243148645433  0.00317950429825657  0.00325256102815182  0.00332969897537406
  0.00341246473562652  0.00349599671882643  0.00356992465796887  0.00363671632816998
  0.00370681173521949  0.00377784778241003  0.00385148345888872  0.00393197467902870
  0.00402660016381624  0.00410515754014315  0.00418439451369045  0.00426508452480120
  0.00434968229442297  0.00443909566323793  0.00454704229127030  0.00465495123263223
  0.00478442192007514  0.00492712891557804  0.00507156542693055  0.00521525101625164
  0.00536016761892321  0.00549964836676672  0.00561600294809349  0.00573564512758163
  0.00585878004689229  0.00598496162510818  0.00611886013124699  0.00630058232368532
  0.00647272755507367  0.00665326440735288  0.00684752500524004  0.00701652803959386
  0.00718938044337585  0.00734796094946042  0.00751481850239085  0.00767933162472446
  0.00786306312468106  0.00808234400262032  0.00854669063899004  0.00883400955675795
  0.00907006156903519  0.00931019561119919  0.01022362738844695  0.01048615928554671
  0.01067443711242715  0.01082825719926713  0.01097441049365484  0.01113289780228290
  0.01133486956853654  0.01613743319506807  0.04327789215688978  1.00000000000000000
 -0.00233141349558573  0.00808697135658452  0.01744478144353692  0.02689371063879283
  0.03730513382691918  0.04796183679660531  0.05799078496896367  0.06700821323589719
  0.07580377851768746  0.08426665342456979  0.09275318426792420  0.10126336942325673
  0.11002881443872189  0.11931601104804619  0.12928079916996235  0.13949300764584166
  0.14971934830278552  0.16001355789639479  0.17010758288033812  0.17996999263570237
  0.18998013539913086  0.20061463428244083  0.21182566356088234  0.22294534247154454
  0.23415324956810532  0.24577202239885101  0.25796724268677307  0.27012382846524574
  0.28207640771599346  0.29419877891033142  0.30724695983973804  0.31944036246672458
  0.33022031330130791  0.34012681332069183  0.35020484496810550  0.36119128353738672
  0.37191410380062245  0.38294567385161038  0.39411170663903861  0.40488270075257304
  0.41498341925188137  0.42502604753538142  0.43532003064074815  0.44589434195193295
  0.45639282867437647  0.46782404344615020  0.47933531931103845  0.49122373729669100
  0.50264365270610689  0.51377122105019302  0.52501287374979400  0.53656054507503204
  0.54804786489676605  0.55939065531493781  0.57034672928471164  0.58125797127438772
  0.59167132033936121  0.60201618087180420  0.61273276539449106  0.62393245261535324
  0.63603952255560969  0.64806654950759879  0.66025730016929340  0.67233431304678559
  0.68415962929807250  0.69583376538630215  0.70723283638174805  0.71786758628342395
  0.72776228132029019  0.73745607087961551  0.74709827278634344  0.75712931966352237
  0.76747929100002943  0.77836379260617172  0.78989395446429378  0.80163076501659325
  0.81345544744735332  0.82477029452114847  0.83572576739120252  0.84654799935636083
  0.85733342748332109  0.86804309876266450  0.87876799421654128  0.88892358533213023
  0.89813780262847320  0.90683755917533015  0.91575260248001544  0.92538812541103821
  0.93532951768462913  0.94561681608765424  0.95580427042189198  0.96576399421379833
  0.97501070503320242  0.98377255717110479  0.99190171278856665  1.00000000000000000
  0.54554514265873777  0.58467920417782360  0.60095653636490287  0.61280985874955651
  0.62276274613934957  0.63202020115925983  0.64086993972279982  0.64939286392816609
  0.65726420052410628  0.66478676635969991  0.67188121733048667  0.67893729533439429
  0.68578514529690771  0.69214763319579142  0.69826304248793980  0.70456888194963130
  0.71087343608049691  0.71667055227278487  0.72207113892604335  0.72729024501768125
  0.73246803977848429  0.73754654005467546  0.74242118622213937  0.74713100050624282
  0.75177868341828868  0.75645643303401888  0.76112667767542319  0.76571666308996422
  0.77019890778428368  0.77461466529764111  0.77894132736012389  0.78321489342176975
  0.78741097841551977  0.79157463130682482  0.79571029251859915  0.79980827057359005
  0.80388369404441529  0.80786872274581623  0.81166966202363089  0.81531209966679175
  0.81881170191275621  0.82218892293238632  0.82544384128504766  0.82869469033340393
  0.83190455993549006  0.83505201982933663  0.83810198921657320  0.84101329865371321
  0.84373835760075666  0.84642406996249242  0.84915594260005545  0.85204012793757300
  0.85500802172166479  0.85799742171973203  0.86096782169287145  0.86386962094032971
  0.86669343638874707  0.86959002145180020  0.87264518124858048  0.87589381526289245
  0.87925325643657914  0.88246444918905054  0.88548244557595057  0.88849150282095268
  0.89158041467834159  0.89478481520626463  0.89797024130343117  0.90106979012467403
  0.90412812423389177  0.90709964129734810  0.90995838975229992  0.91278908213358700
  0.91569078734620424  0.91875170832877850  0.92206745359212339  0.92538578926662785
  0.92868754369393847  0.93199913435471582  0.93513887782530980  0.93802123848801644
  0.94077496017535711  0.94356022952662111  0.94634985579811803  0.94968226939352651
  0.95295726087513255  0.95612449785205711  0.95948913315133655  0.96299814253184490
  0.96653530054881986  0.97022343976624259  0.97412431846849334  0.97831023501221170
  0.98270798902444778  0.98739248551618686  0.99291812899030851  1.00000000000000000
  0.18158435526073374  0.18644237146256279  0.19319771140285802  0.20070167786788506
  0.20812686636095726  0.21506468818031360  0.22168941216316684  0.22787547072304951
  0.23372129412414863  0.23922668357291593  0.24457091295640962  0.25015517809532395
  0.25573594785146064  0.26152757191056381  0.26703607107113325  0.27209705304102949
  0.27650181971548971  0.28070703043338285  0.28505214975909321  0.28964394099543017
  0.29435361575341296  0.29888635383413209  0.30311299154711013  0.30710897231889345
  0.31109550437640393  0.31561613199094768  0.32016485672150669  0.32502942459786027
  0.32983681471233106  0.33461200256413870  0.33946761684895915  0.34424087601694159
  0.34898496989651934  0.35380684826278957  0.35877234205076525  0.36392991926952634
  0.36931180850828410  0.37440013805734229  0.37956050895225735  0.38465998820409553
  0.38946059493781188  0.39405924615889326  0.39863145576259673  0.40316150745763057
  0.40803904330807350  0.41329659788234574  0.41842182557917607  0.42337068998100968
  0.42815673748296629  0.43294182047118290  0.43775872884716999  0.44264334649454951
  0.44751583818392460  0.45267497931689810  0.45809962393394632  0.46383872514687186
  0.46937202431962072  0.47480955316899526  0.48030959016831681  0.48589701970259130
  0.49175831182554680  0.49754008296298941  0.50326773244714440  0.50898471995551287
  0.51480132961264236  0.52085572511928935  0.52712089678318441  0.53380534300520799
  0.54083664512472296  0.54783314558261831  0.55469357537086184  0.56152981498043963
  0.56842775774618359  0.57544100796684883  0.58257167783460340  0.59030725314039356
  0.59809794551175410  0.60599632287968830  0.61409221099749145  0.62259613259915692
  0.63194591300932057  0.64223577508177043  0.65232251875349667  0.66217903614851092
  0.67269086922535548  0.68454719567265976  0.69735314237571255  0.70981813245199032
  0.72236133091580967  0.73638497521199031  0.75313074465641583  0.77142722030262156
  0.79357590386916665  0.82851534908134550  0.88653560017101851  1.00000000000000000
   5.8312313450786743E-008  -1.0000000000000000     
 F F F F F F F F F F F F F F F F F F F F F F F F F F F F F F F F F F F F F F F F F F F F F F F F F F F F F F F F F F F F F F F F F F F F F F F F F F F F F F F F F F F F F F F F F F F F F F F F F F F F F F F F F F F F F F F F F F F F F F F F F F F F F F F F F F F F F F F F F F F F F F F F F F F F F F F F F F F F F F F F F F F F F F F F F F F F F F F F F F F F F F F F F F F F F F F F F F F F F F F F F F F F F F F F F F F F F F F F F F F F F F F F F F F F F F F F F F F F F F F F F F F F F F F F F F F F F F F F
  <DiscreteSampler_grid>
  grouped_processes
  1 # 1 for a reference and 2 for a running grid.
  10 # Attribute 'min_bin_probing_points' of the grid.
  1 # Attribute 'grid_mode' of the grid. 1=='default',2=='initialization'
  0.0000000000000000 # Attribute 'small_contrib_threshold' of the grid.
  0.5000000000000000 # Attribute 'damping_power' of the grid.
 # binID   n_entries weight   weight_sqr   abs_weight
    31   10   2.263993829098103E-002   2.553352654421462E-003   2.263993829098103E-002
    32   10   2.263993829098103E-002   2.553352654421462E-003   2.263993829098103E-002
    34   10   4.527987658196206E-002   1.021341061768585E-002   4.527987658196206E-002
    35   10   4.527987658196206E-002   1.021341061768585E-002   4.527987658196206E-002
    37   10   4.757137895233461E-002   1.133014023128132E-002   4.757137895233461E-002
    38   10   4.757137895233464E-002   1.133014023128133E-002   4.757137895233464E-002
    40   10   9.514275790466922E-002   4.532056092512528E-002   9.514275790466922E-002
    41   10   9.514275790466928E-002   4.532056092512531E-002   9.514275790466928E-002
    43   10   1.660421145254180E-002   1.171657923748737E-003   1.660421145254180E-002
    44   10   1.660421145254182E-002   1.171657923748740E-003   1.660421145254182E-002
    46   10   3.320842290508360E-002   4.686631694994947E-003   3.320842290508360E-002
    47   10   3.320842290508365E-002   4.686631694994958E-003   3.320842290508365E-002
    49   10   3.420038579757240E-002   4.952300161992130E-003   3.420038579757240E-002
    50   10   3.420038579757244E-002   4.952300161992140E-003   3.420038579757244E-002
    52   10   6.840077159514481E-002   1.980920064796852E-002   6.840077159514481E-002
    53   10   6.840077159514488E-002   1.980920064796856E-002   6.840077159514488E-002
    58   10   2.263993829098103E-002   2.553352654421462E-003   2.263993829098103E-002
    59   10   2.263993829098103E-002   2.553352654421462E-003   2.263993829098103E-002
    61   10   4.527987658196206E-002   1.021341061768585E-002   4.527987658196206E-002
    62   10   4.527987658196206E-002   1.021341061768585E-002   4.527987658196206E-002
    64   10   4.757137895233461E-002   1.133014023128132E-002   4.757137895233461E-002
    65   10   4.757137895233464E-002   1.133014023128133E-002   4.757137895233464E-002
    67   10   9.514275790466922E-002   4.532056092512528E-002   9.514275790466922E-002
    68   10   9.514275790466928E-002   4.532056092512531E-002   9.514275790466928E-002
    70   10   1.660421145254180E-002   1.171657923748737E-003   1.660421145254180E-002
    71   10   1.660421145254182E-002   1.171657923748739E-003   1.660421145254182E-002
    73   10   3.320842290508361E-002   4.686631694994947E-003   3.320842290508361E-002
    74   10   3.320842290508365E-002   4.686631694994957E-003   3.320842290508365E-002
    76   10   3.420038579757239E-002   4.952300161992128E-003   3.420038579757239E-002
    77   10   3.420038579757243E-002   4.952300161992139E-003   3.420038579757243E-002
    79   10   6.840077159514478E-002   1.980920064796851E-002   6.840077159514478E-002
    80   10   6.840077159514486E-002   1.980920064796856E-002   6.840077159514486E-002
  </DiscreteSampler_grid>
