  0.00258316739928507  0.01472412275758166  0.02710937347803607  0.04042577309826158
  0.05400460503490184  0.06801193591264068  0.08172332206492307  0.09495303870351107
  0.10840210382635808  0.12027990220897419  0.13146470900194598  0.14168063149744747
  0.15289459973916616  0.16367539314598448  0.17377859915358562  0.18334445700774085
  0.19236909697432114  0.20213388699096971  0.21278591083741352  0.22328660141841142
  0.23376492841264510  0.24362215061607922  0.25373216519850827  0.26409715723259836
  0.27526082840409755  0.28649100818760614  0.29796076200757166  0.30868384381440750
  0.31886020980304530  0.32843393358904072  0.33786311304208971  0.34742218305887795
  0.35709953465454736  0.36540088354605915  0.37422687495448637  0.38283085049665638
  0.39163966208895462  0.40013368334877863  0.40868949195110782  0.41773956603757378
  0.42777543270151475  0.43791622977765610  0.44782866786230002  0.45749134814903819
  0.46648910418597433  0.47618447590521035  0.48631916571656536  0.49668887573064524
  0.50601172306811837  0.51533606169548829  0.52441512548363933  0.53456172476356578
  0.54431483415869497  0.55500806940546377  0.56618511740206867  0.57771707484669066
  0.58959617521548757  0.59936496818712615  0.60892925249279872  0.61816796637892402
  0.62777323213292791  0.63783620832147969  0.64819918891257777  0.65910782747989127
  0.67011720167856137  0.68108586188356712  0.69214812481899080  0.70227650589990820
  0.71171005443868995  0.72104097915968157  0.73099466745445962  0.74189587226752474
  0.75319574253008958  0.76461058596692777  0.77541610606096145  0.78574206971358174
  0.79665895227740280  0.80780115094278404  0.81822943369656953  0.82809454870879506
  0.83748423578262188  0.84720897376167426  0.85757084930708660  0.86893269229532089
  0.88046129022962627  0.89161744324915337  0.90241543108376165  0.91208580384876781
  0.92152847406763505  0.93118471782125722  0.94173860867227366  0.95255327180138571
  0.96216516898200088  0.97165659850945174  0.98144753335947776  1.00000000000000000
  0.00337962158404685  0.01495605667391166  0.02778784659894534  0.03980063365680605
  0.05131499050305226  0.06284820568348989  0.07436902070565399  0.08626042821215171
  0.09798870103214999  0.10960570787229588  0.12092511186214316  0.13249865646106118
  0.14446540799905816  0.15746676061643289  0.16977031196767950  0.18058737358776811
  0.19082088717904488  0.20005877711110695  0.21125941289500783  0.22225064344285045
  0.23359789089499283  0.24422784597848129  0.25406799905997135  0.26439854486806530
  0.27525373690438115  0.28702933012093124  0.29860462865866616  0.30986432220195248
  0.32043742814471121  0.33042279739491420  0.33970632695190550  0.34887359603696655
  0.35840086308739783  0.36852713025149259  0.37876645281679372  0.38940585101408454
  0.39959582649792075  0.40958237402110198  0.41943485854729584  0.42988263039001495
  0.44040614928421284  0.45037836227495254  0.46061563642754721  0.47080128620039285
  0.48086338552294278  0.49073248789392149  0.50160395011494219  0.51382890556842409
  0.52624120527431173  0.53817996710793192  0.55040713871403113  0.56159620980645253
  0.57241390098538514  0.58306669266207867  0.59356945259657334  0.60471561187845957
  0.61611240144425683  0.62701993078901419  0.63672095237998838  0.64633859164893304
  0.65615283807536051  0.66610640170998892  0.67464430841078182  0.68325597072886457
  0.69215305763518786  0.70228522023730455  0.71289338819455594  0.72391755158648519
  0.73414231118178819  0.74330470905809121  0.75293696487225470  0.76488280626029892
  0.77747275929907145  0.78909322640526591  0.79995044527616832  0.81015982190049229
  0.82023554666466458  0.83103297740777993  0.84260018402131054  0.85379023857994640
  0.86371311314484756  0.87331985632578568  0.88327727304643244  0.89411442193366109
  0.90528445037920569  0.91618974890862637  0.92684864833659608  0.93719369164084443
  0.94726368656307125  0.95705062329140711  0.96659953136285370  0.97581598813178561
  0.98416260948676026  0.99023109018805744  0.99275425457975253  1.00000000000000000
  0.00012057777259977  0.00018180486271455  0.00022344795676295  0.00025169382197958
  0.00027586095396920  0.00029755591508968  0.00031832114198852  0.00033792711749249
  0.00035637250487566  0.00037413585170549  0.00039198764774540  0.00041041940259979
  0.00042835903406950  0.00044577220733201  0.00046332083805222  0.00048168761007209
  0.00050170765788542  0.00052191388842593  0.00054179700187618  0.00056203373438029
  0.00058287190448704  0.00060552046342210  0.00063091712238616  0.00065742515217819
  0.00068357486569964  0.00070898490235831  0.00073320272623240  0.00075631525688925
  0.00078028225879408  0.00080582937713839  0.00083106018993465  0.00085594122197077
  0.00088273950452920  0.00090998537040486  0.00093847697415799  0.00096796062811243
  0.00099758086670817  0.00102626651581306  0.00105431819748398  0.00108378112754908
  0.00111358893433000  0.00114404347392966  0.00117679782397447  0.00121215458396299
  0.00125153446742739  0.00129482073063110  0.00133886700556450  0.00138130632139485
  0.00142327814380049  0.00146142435962111  0.00150550825823886  0.00155290415566532
  0.00159739341470294  0.00163818575536421  0.00167742680182735  0.00171788337471474
  0.00176198007270117  0.00180813689310099  0.00185872876672083  0.00191971361332283
  0.00199426249944921  0.00208107864663091  0.00216982798745196  0.00225151447154924
  0.00233618350439977  0.00241429834947655  0.00249924394283125  0.00259009157021877
  0.00268877131880546  0.00279832895474269  0.00292193088470519  0.00308904132046586
  0.00325221012439902  0.00349520667850074  0.00379216603873381  0.00411516939250272
  0.00435603445758195  0.00453672637987939  0.00470362644729860  0.00487404109924116
  0.00508480271472650  0.00537135436720119  0.00581246168235818  0.00648049061027957
  0.00677193855576409  0.00694760770398833  0.00718314571321628  0.00754498620429176
  0.00784512142359538  0.00804430522329207  0.00821553984177298  0.00840988025866013
  0.00860813484279837  0.00892179824399213  0.10499317263823212  1.00000000000000000
  0.00000312700457905  0.00000345281876105  0.00000374610575831  0.00000406345841939
  0.00000444399604556  0.00000488387694576  0.00000532063608230  0.00000577027002631
  0.00000626283487094  0.00000680926141087  0.00000736022363826  0.00000793623749892
  0.00000853227130393  0.00000918656846889  0.00000987571646316  0.00001062037040561
  0.00001137631908063  0.00001214764263252  0.00001293848287684  0.00001376903594380
  0.00001469226136361  0.00001565982326366  0.00001662819623886  0.00001765755196437
  0.00001874059103642  0.00001985246625521  0.00002105204521282  0.00002228034552950
  0.00002352393232466  0.00002476336687023  0.00002598477293663  0.00002726658748273
  0.00002858399789478  0.00002989562807245  0.00003137062806682  0.00003300542176071
  0.00003477559465346  0.00003668788246228  0.00003865377541076  0.00004067534333102
  0.00004290010223272  0.00004532281660421  0.00004801592601553  0.00005103672079697
  0.00005427486675213  0.00005782392245959  0.00006163588387008  0.00006568847198988
  0.00007008263618554  0.00007495476765603  0.00008014177766544  0.00008559489733359
  0.00009139796460866  0.00009741822106465  0.00010413593655323  0.00011186947005432
  0.00012049834471592  0.00013054855205558  0.00014266613961220  0.00015635945672312
  0.00017081299350883  0.00018669669473106  0.00020467168944355  0.00022524216018925
  0.00024999240594550  0.00027889921349316  0.00031160569808016  0.00034421693079932
  0.00037789841756782  0.00041725525166944  0.00046899144108179  0.00053463502461018
  0.00060461927144022  0.00067986351244150  0.00076085818055254  0.00084764500467905
  0.00095001849927851  0.00104550177622292  0.00113789920592888  0.00123353369925827
  0.00134016739649627  0.00144010382836341  0.00154691159803485  0.00168421629653874
  0.00187651441065838  0.00214458710297523  0.00238355474805445  0.00263737403964129
  0.00291175899601280  0.00329244017081042  0.00396849264581183  0.00504832796466939
  0.00667294603661189  0.00749666850687545  0.02771823153911953  1.00000000000000000
 -0.00302813194223451  0.01270865868816646  0.02527913097042620  0.03671181121888717
  0.04815796425707310  0.06015314289425572  0.07174794285978334  0.08261575942165525
  0.09397929007686981  0.10572728027250120  0.11765688771309860  0.12930925190067150
  0.14047669255814366  0.15166431806049141  0.16321102440736068  0.17538537557351311
  0.18808991563996019  0.20206771349962852  0.21455001976146015  0.22620031832117790
  0.23839365428291717  0.25093521259468854  0.26317052838974664  0.27352752322638757
  0.28309101284424126  0.29266155324461507  0.30270622326994867  0.31341178683017301
  0.32458740779618156  0.33570129263592730  0.34674644413410100  0.35772029664399951
  0.36852901734975940  0.37876217464104622  0.38860296988934667  0.39820510295595013
  0.40790267471577596  0.41791808790536444  0.42791395515545788  0.43723605152055089
  0.44584769827769510  0.45428978621246568  0.46331101288900189  0.47315276338786760
  0.48402085943313577  0.49568730712779302  0.50760876862454374  0.51956504794632052
  0.53188034792285777  0.54350293929843618  0.55487990112857943  0.56589070804968289
  0.57634901443048658  0.58634897471992198  0.59644649281347795  0.60713306021417390
  0.61843371649006584  0.62899538030152213  0.63936355256820265  0.64962928201316317
  0.66023667401720720  0.66970779939266800  0.67975593332725259  0.69003619372903624
  0.70141247726315914  0.71272175258512194  0.72359269061603693  0.73438554521153876
  0.74446110658527054  0.75437083244736991  0.76421150641766722  0.77379593004053926
  0.78313048052016065  0.79202830005478153  0.80041911884304662  0.80866735419485614
  0.81704523760907921  0.82553755237453386  0.83457971571047129  0.84453042609228790
  0.85527777578097375  0.86598256606702317  0.87660398441973475  0.88648875022293672
  0.89643876157876046  0.90610595925871829  0.91579576857571521  0.92536878273227041
  0.93483924531378793  0.94499452369269976  0.95575471920849198  0.96536566606815899
  0.97458516222469416  0.98344803756608534  0.99210379688188699  1.00000000000000000
 -0.00214992316283486  0.00968523550548742  0.02031694101436323  0.02989656401419718
  0.04012355898166021  0.04990916358119656  0.05880337405272862  0.06787394467489474
  0.07781005617289530  0.08837967854512985  0.09955271752124031  0.10974282839549078
  0.12021143863466791  0.13101181288383373  0.14268552662499542  0.15349042481102668
  0.16429431432654124  0.17506796882680264  0.18521306701676779  0.19462642686853551
  0.20381441161786321  0.21331741236479410  0.22375843187936109  0.23471140771607821
  0.24604067445928798  0.25743648921833417  0.26870312050013584  0.28073675650352065
  0.29246064146544015  0.30350649861424245  0.31487576799850125  0.32636152440552535
  0.33738756700329420  0.34761898302314043  0.35807483027785536  0.36968323028052563
  0.38158631150716271  0.39351434185187278  0.40489278570609993  0.41491016811024534
  0.42381299123881422  0.43267042746653911  0.44230909074296759  0.45356808935784576
  0.46463256315933821  0.47478479560668019  0.48465428442262071  0.49462862288456499
  0.50465185979948757  0.51459778084104868  0.52461996736407257  0.53532035224307395
  0.54631511634411778  0.55685189620570896  0.56736761526042090  0.57736373245313088
  0.58801503562649404  0.59772964075713464  0.60760733438430925  0.61661774391967350
  0.62585091962070871  0.63492616880503006  0.64431143617607900  0.65499810327156094
  0.66523756950289603  0.67547358474688934  0.68638073029577562  0.69861325291024279
  0.71042801505226982  0.72099201488836384  0.73186970666754103  0.74374167525305712
  0.75566982673334260  0.76723511509944986  0.77790306999927694  0.78787353742806554
  0.79749609831482127  0.80686510787225030  0.81691342401688005  0.82625176555818147
  0.83589087496041314  0.84598329793592686  0.85616523366788988  0.86550692569538190
  0.87504235540370867  0.88520299607579389  0.89635854457224640  0.90757024555052102
  0.91780814557680335  0.92750284750380385  0.93696879861897675  0.94772646968784902
  0.96017197475982929  0.97320873543246467  0.98630805745197536  1.00000000000000000
 -0.00629959894948422  0.03700497298958990  0.07161939446665097  0.10226453556795406
  0.12539461793530582  0.14499612799423275  0.16317684683499276  0.18244520709068734
  0.20157465341439132  0.21976865010703431  0.23734539108507047  0.25495245664593152
  0.27232166864516699  0.28759847662278176  0.30243864009057181  0.31698844966068696
  0.33041601131080350  0.34444908118455675  0.35786479688890405  0.36978961079750128
  0.38225317777592027  0.39487286591086634  0.40718186272999918  0.41916074946732751
  0.43101779788946654  0.44351035912210701  0.45599852250163153  0.46771722782963082
  0.47958192399903221  0.49163611944300162  0.50391786347301637  0.51595740938682422
  0.52736877774601065  0.53824176374252075  0.54907828792418512  0.55965891915100474
  0.56938991187299237  0.57888589456596817  0.58868308456530150  0.59859554864588849
  0.60786227422524142  0.61647145045863327  0.62505464648037723  0.63370861339984064
  0.64237925671429041  0.65091084344284333  0.65989933120771449  0.66925668252836867
  0.67963276527039251  0.68990558849115202  0.69925238871455275  0.70817023118730305
  0.71638481181979086  0.72405522911679021  0.73135233542747002  0.73812481798557905
  0.74470555900487878  0.75166718722140102  0.75848798658651195  0.76611097629601499
  0.77348402803270933  0.78040522521800726  0.78704228000938714  0.79324950590452503
  0.79919788040508055  0.80535358686375624  0.81159828460696526  0.81791353209435447
  0.82451621950505194  0.83090074229622013  0.83743856528588378  0.84398940286740287
  0.85050426395503542  0.85751761619418576  0.86461138431504647  0.87155715405789513
  0.87813361325613970  0.88471836044960639  0.89152666171377648  0.89777999517137741
  0.90390147490417672  0.90966929774491501  0.91515924467261889  0.92096764107122953
  0.92652708933503813  0.93191771071385054  0.93816974424564814  0.94505721952968935
  0.95241886183255753  0.95965614318332892  0.96647145241852372  0.97310890296425845
  0.97980163324485492  0.98655736526682181  0.99331788918714903  1.00000000000000000
 -0.00196427262026324  0.00947750015298880  0.01892645793624181  0.02846262633798353
  0.03783248454953803  0.04699543887075167  0.05667174569199937  0.06758672960956146
  0.07847183122265455  0.08936629343131167  0.09983336110911149  0.10966581611839837
  0.11991104160490861  0.13070281840194545  0.14246871267914260  0.15501794866235080
  0.16669049708242101  0.17746214902408150  0.18771191165361614  0.19800039952436133
  0.20866629595743114  0.21908089889868340  0.22885694043023408  0.23768782932416330
  0.24666568947967416  0.25594874653182503  0.26560759485671515  0.27553532513898904
  0.28569934591703772  0.29625063424319320  0.30811750673812649  0.31971808660033496
  0.33122918911387861  0.34268339507215889  0.35341976413342779  0.36366228144663099
  0.37369646461313927  0.38356790207234304  0.39454919896821478  0.40596736531142302
  0.41617401001997673  0.42625815471939371  0.43628401198043176  0.44589077938055538
  0.45534656546049695  0.46413720726916324  0.47252268307357148  0.48134739857648073
  0.49102359047971572  0.50152946208480476  0.51285782751369990  0.52445127202700370
  0.53531492371562639  0.54510344164518043  0.55456742055745201  0.56433710660590219
  0.57497406715123911  0.58642704136900081  0.59844680208713541  0.61019967805954178
  0.62042278079944513  0.63107790541208986  0.64221853035591681  0.65361347292792871
  0.66407615871001913  0.67542561707105497  0.68693439269689449  0.69835304773305096
  0.70912836847805694  0.72050692719178044  0.73277634432594618  0.74523840093432925
  0.75694299184522706  0.76894422666738704  0.78113707197887372  0.79381552710048331
  0.80722937642271297  0.81979584897253865  0.83212508408411101  0.84352004084734789
  0.85392418605866616  0.86305309784997353  0.87210380371118912  0.88091563558346597
  0.89066842594533580  0.90070442692484298  0.91108353849580992  0.92158572266541172
  0.93239577862621026  0.94230498086485115  0.95223284847229250  0.96186941104046741
  0.97174880895346527  0.98128559071615495  0.99045821650759613  1.00000000000000000
 -0.00056058191120989  0.00139683280953020  0.00375980246167385  0.00617468181398912
  0.00850715282387444  0.01097119397749442  0.01405868153907901  0.01691273486044789
  0.01995000361805508  0.02307841472862989  0.02629278757525427  0.02978568229005340
  0.03339558071493851  0.03706224335095121  0.04084442935851407  0.04490414689865514
  0.04906471305834114  0.05326518744972396  0.05762317731789616  0.06206062181239497
  0.06653355985365177  0.07105758785176533  0.07579331364536347  0.08081049132778158
  0.08546068189813928  0.09003810054335036  0.09484041855474169  0.09981362634373286
  0.10580642358191011  0.11236300778053283  0.11870901510432283  0.12575881314386653
  0.13409768505929590  0.14322300879053823  0.15299554761868947  0.16343349260634260
  0.17407846990933623  0.18460473856250317  0.19494894304338589  0.20568176013282677
  0.21724745818618346  0.22976559014564885  0.24317852078027521  0.25762678551480145
  0.27297722525809121  0.28879590722533738  0.30424029331207458  0.32044779914690169
  0.33813543541961716  0.35797484826848580  0.37991086830618559  0.40092727322325084
  0.42213132077936427  0.44523264439572185  0.47055844998769525  0.49689209595000416
  0.52437520808369653  0.55145488240762153  0.57700796837210067  0.60093774304276315
  0.62432476367626799  0.64588547959807230  0.66739076525565511  0.68775319607686125
  0.70614782405921439  0.72353518995659316  0.74080202608177015  0.75908214535395568
  0.77620749397764921  0.79228524915722676  0.80685044716195620  0.82009527447402264
  0.83236161582960932  0.84402863629938285  0.85532648446070314  0.86532609202429500
  0.87449036112333611  0.88346475017546533  0.89302179904987244  0.90257464203499971
  0.91144639547415085  0.91974190239463216  0.92820583516994282  0.93667195650152191
  0.94463443089080401  0.95222422379030391  0.95854588608052815  0.96431086809413569
  0.96925706609653695  0.97377981139887859  0.97805845789661883  0.98207952902117290
  0.98616937243191372  0.99047607706174856  0.99509723479353440  1.00000000000000000
 -0.00250224435614711  0.01022009459671190  0.02041787053759960  0.03104671611932704
  0.04122719489576925  0.05181945052329529  0.06276023085920986  0.07366566665729384
  0.08433467318059949  0.09504633990885575  0.10606449677455868  0.11645344115962859
  0.12723254018650287  0.13860227672829956  0.14981078598288675  0.16057974707345360
  0.17113206043878720  0.18101737910942448  0.19041165110465955  0.19975447061856602
  0.20935854863861944  0.21927898541452473  0.22938418975094485  0.24059868482678859
  0.25206929223292218  0.26335537647242363  0.27232462768980475  0.28206190302669543
  0.29110146121608982  0.29982256124785839  0.31030280535845139  0.32054080078231029
  0.33152248019508523  0.34257988204931955  0.35400109343768987  0.36578739264557869
  0.37825264305357909  0.39068482055609488  0.40330512353679360  0.41545184256383560
  0.42598495668848790  0.43585020434816368  0.44532566437151283  0.45520514090048997
  0.46425331819656829  0.47333871424878798  0.48269946361237515  0.49235184405014981
  0.50210182647185764  0.51208636049322331  0.52277782133909734  0.53419280555736959
  0.54603963203668882  0.55821111019992609  0.57014054736061515  0.58180139960309663
  0.59347849466445368  0.60417902831751868  0.61388812649285651  0.62396373200045807
  0.63432706124267568  0.64395368493244654  0.65369562632693690  0.66413502164259952
  0.67507627355262934  0.68543625103421435  0.69520461270379874  0.70478343027430090
  0.71502578891454061  0.72657068072358610  0.73860363449629929  0.75119579805679126
  0.76329842400731973  0.77473476935650354  0.78617676974341533  0.79795370757073314
  0.80954410298234769  0.82046128852089140  0.83108281762480674  0.84123078066929913
  0.85134442709742852  0.86169299927294651  0.87211143092110144  0.88265316095521773
  0.89322142401179661  0.90340915886884432  0.91280832927084565  0.92103584349659462
  0.92931904246233099  0.93830762794270339  0.94896464204484476  0.95927160025873137
  0.96939131196190897  0.97888621600153014  0.98951195915544754  1.00000000000000000
 -0.00225247396691444  0.00865964928960901  0.01912791411781310  0.03081081302410023
  0.04339827659928477  0.05520207011029252  0.06564629864355152  0.07583265884740954
  0.08627645585612176  0.09636912002795597  0.10600594052290015  0.11591275630211981
  0.12621811736939198  0.13711698185746835  0.14759597340480066  0.15710630556234814
  0.16630973561881382  0.17590713690336315  0.18578753289743874  0.19625289781805835
  0.20661470447700578  0.21695950995358460  0.22706726436487737  0.23694539760803393
  0.24719490684731418  0.25832140383007041  0.27022566133499509  0.28251014138663955
  0.29512676101982255  0.30774001375884386  0.32131599515221193  0.33495126486147675
  0.34691143319208712  0.35824785037837670  0.36907242416202718  0.38008213602980162
  0.39052938417395916  0.40085323176414833  0.41048653072364838  0.41960882588631288
  0.42876662607914118  0.43798339530531616  0.44773105289851811  0.45797279653480505
  0.46759266607506378  0.47704271673905146  0.48571594942231094  0.49427803903804501
  0.50366553626985622  0.51462068121238036  0.52706939855404689  0.53795432139257116
  0.54900259342124436  0.55970226548709001  0.57010798054126011  0.58062917007375858
  0.59133585340412598  0.60193737384065105  0.61215573431956671  0.62186237230031938
  0.63124158853171930  0.64091130022750298  0.65182432519335232  0.66327724574484170
  0.67433802074275695  0.68498220010543087  0.69514473389634168  0.70523428009784650
  0.71587097103305530  0.72699217992320175  0.73785230909969657  0.74821195562200704
  0.75882235355549343  0.76968880493727843  0.77957491808189283  0.78895148875928389
  0.79852049585566010  0.80936536327372111  0.81962262560363408  0.82889941992862459
  0.83795794499887599  0.84743788800053599  0.85694960757414729  0.86632923083929547
  0.87610498655587965  0.88640764843328623  0.89730082060570715  0.90885774777671513
  0.92067030023205720  0.93253534835694218  0.94402126554856591  0.95524460043010251
  0.96688702037847163  0.97832233996343632  0.98937050107649904  1.00000000000000000
  0.45793686703019415  0.59511303096494617  0.62332683556378421  0.64807232993007002
  0.66565470121785419  0.67998338398764657  0.69283394391263975  0.70251519180418154
  0.71128168217957211  0.71941894484962043  0.72672312953403007  0.73327396467633610
  0.73963901918275043  0.74605312095924781  0.75208133893934959  0.75759500916140909
  0.76290841362095929  0.76824755521323851  0.77334634054237894  0.77798368970324239
  0.78221752278402901  0.78628419081914602  0.79030307084958340  0.79425835982176618
  0.79815937381809321  0.80174428087750560  0.80520985166316350  0.80865293515874614
  0.81214269857742949  0.81560418530683909  0.81879656154362535  0.82202194534919348
  0.82514751409455944  0.82842727235419178  0.83180210593999360  0.83497221766565677
  0.83806162105063597  0.84108262792278854  0.84423257054881551  0.84685067179785478
  0.84950816099657933  0.85224762660135800  0.85504148779360900  0.85787864354965826
  0.86049922997990314  0.86312532391157315  0.86580260287770627  0.86849998512132665
  0.87139102448165295  0.87427929150152406  0.87729325629004395  0.88020936137256012
  0.88297982186661572  0.88568507951443420  0.88843024614803556  0.89118843903431544
  0.89390912430242020  0.89658228227679004  0.89915487145802353  0.90156651561762202
  0.90382664171756599  0.90604839114116331  0.90805939330740637  0.91012374539080154
  0.91239154858157523  0.91489793837216582  0.91757078766776989  0.92034592947134297
  0.92303809406217074  0.92554188006903437  0.92795510843983542  0.93033804519055319
  0.93268514986786999  0.93524053020619546  0.93775345316323200  0.94023840572013384
  0.94273279584340219  0.94517722938471871  0.94757968329388320  0.94998188771415681
  0.95230260315846105  0.95453506192310555  0.95707304897600942  0.95980470010683816
  0.96259342983292562  0.96544576841938679  0.96804677570690911  0.97068584322471640
  0.97341080784569278  0.97604431757716326  0.97892708622008695  0.98191793352076007
  0.98531375856595182  0.98918312419277710  0.99384839757566268  1.00000000000000000
 -0.00613842020062964  0.21062043004732037  0.23857695147476482  0.26163955803063754
  0.28133685505765826  0.29841857623436985  0.31443660683186553  0.33020546941582413
  0.34445354038123166  0.35678803999136832  0.36868942112137643  0.38021250833637671
  0.39105331022055384  0.40153590608552397  0.41134597404608975  0.42045776770748983
  0.42896051851816369  0.43695248616607324  0.44466670236969602  0.45281389110015252
  0.46085194132505708  0.46794345367133999  0.47463632493170987  0.48092400710585581
  0.48742287263664236  0.49389616855962204  0.50051643076128227  0.50699343381494411
  0.51325778247201770  0.51947761168676632  0.52596059962155228  0.53261934755931195
  0.53937596656434250  0.54644536116761211  0.55373097660148196  0.56082942972692895
  0.56724906844667167  0.57304151620161492  0.57849237958537092  0.58366715920909118
  0.58863880216142694  0.59356684722717057  0.59864575013466703  0.60365125863885849
  0.60851208531520440  0.61345772519707553  0.61859349028349131  0.62350363315970547
  0.62830386740049382  0.63299331838224382  0.63769696035600743  0.64255897247322069
  0.64752653889009326  0.65255916840925032  0.65768302497294617  0.66283835616392572
  0.66815643593010043  0.67360650325843385  0.67804118868219176  0.68244485618603579
  0.68684711561254252  0.69142666692082255  0.69652190529747338  0.70152417440162973
  0.70658662960751639  0.71168704717168452  0.71685769098392749  0.72206395230043874
  0.72705101990574872  0.73177264556126231  0.73641450370285755  0.74107461455399315
  0.74591188794197094  0.75131965078345597  0.75706683864282742  0.76298958384494875
  0.76807276956865800  0.77325719490116607  0.77852876555201866  0.78383731099733100
  0.78956628398055828  0.79506195451003658  0.80042916432940614  0.80649414807145881
  0.81302907393785728  0.81826892347114000  0.82322651159571147  0.82813871174454889
  0.83407342568918341  0.84052590431083440  0.84613648840363864  0.85226886075086417
  0.86307345861668017  0.88318421469414521  0.92852735738000858  1.00000000000000000
   1.8466207488872642E-007  -1.0000000000000000     
 F F F F F F F F F F F F F F F F F F F F F F F F F F F F F F F F F F F F F F F F F F F F F F F F F F F F F F F F F F F F F F F F F F F F F F F F F F F F F F F F F F F F F F F F F F F F F F F F F F F F F F F F F F F F F F F F F F F F F F F F F F F F F F F F F F F F F F F F F F F F F F F F F F F F F F F F F F F F F F F F F F F F F F F F F F F F F F F F F F F F F F F F F F F F F F F F F F F F F F F F F F F F F F F F F F F F F F F F F F F F F F F F F F F F F F F F F F F F F F F F F F F F F F F F F F F F F F F F
  <DiscreteSampler_grid>
  grouped_processes
  1 # 1 for a reference and 2 for a running grid.
  10 # Attribute 'min_bin_probing_points' of the grid.
  1 # Attribute 'grid_mode' of the grid. 1=='default',2=='initialization'
  0.0000000000000000 # Attribute 'small_contrib_threshold' of the grid.
  0.5000000000000000 # Attribute 'damping_power' of the grid.
 # binID   n_entries weight   weight_sqr   abs_weight
    13   10   6.313495115492296E-001   1.718680309742300E+000   6.313495115492296E-001
    14   10   6.313495115492300E-001   1.718680309742303E+000   6.313495115492300E-001
    16   10   6.313495115492296E-001   1.718680309742300E+000   6.313495115492296E-001
    17   10   6.313495115492300E-001   1.718680309742303E+000   6.313495115492300E-001
  </DiscreteSampler_grid>
