  0.00272211483526326  0.01422945927180142  0.02585883020527090  0.03759855449156529
  0.04862566371672574  0.05946747312520186  0.06961310022747391  0.07995170606084159
  0.09051942754960653  0.10138595065686065  0.11186442120183193  0.12218947349810563
  0.13217398991108426  0.14228923159632095  0.15263598712620199  0.16279268104899455
  0.17254562851789537  0.18216867806316073  0.19192773091205964  0.20227682492949203
  0.21271316408247734  0.22334230439285135  0.23411347196009544  0.24497843465562022
  0.25587553910611188  0.26668920397826901  0.27687427916161578  0.28683396004345518
  0.29690163485909621  0.30724644623943353  0.31776395485367287  0.32815576990136319
  0.33849811415695219  0.34883888705511001  0.35903643504008803  0.36922619131693857
  0.37965724591103278  0.39000104428223115  0.40011500550020157  0.40984977543767426
  0.41970891381088560  0.42991838871497229  0.44061156572334564  0.45157389601097320
  0.46253885451074217  0.47303986808999016  0.48299182832625681  0.49298205314542887
  0.50325265118883733  0.51391528724231705  0.52452927835078089  0.53514473686379105
  0.54573993662451936  0.55629144809710374  0.56698592131290615  0.57775592242639084
  0.58844971630896292  0.59916337399595487  0.60976579298071776  0.62009070538664690
  0.63038908323200682  0.64086231358969570  0.65161440334295229  0.66233544201448658
  0.67329877938016858  0.68432923751516483  0.69528589492321313  0.70593616465171727
  0.71682115436062499  0.72779962258373587  0.73867187036542969  0.74922148032712366
  0.75947205971800480  0.76971221760749231  0.78035367698673419  0.79131661073067239
  0.80223253855842713  0.81301216558134870  0.82384567774952699  0.83488844028057319
  0.84588491555023881  0.85682651446423785  0.86775024939239598  0.87852372193017270
  0.88923310529250710  0.90021965812423077  0.91134891471411283  0.92204446131057083
  0.93248369501914186  0.94247865848285250  0.95290528147543307  0.96287570188495575
  0.97221193493094482  0.98101271635456666  0.99014112374272145  1.00000000000000000
  0.00315962876618612  0.01344023448458141  0.02509474271338364  0.03676744880845712
  0.04821402624269305  0.05965980672527341  0.07063419678202217  0.08148275330690899
  0.09217275431406857  0.10286056361644666  0.11328653713070545  0.12347983458101368
  0.13382770688989495  0.14458801194111914  0.15528215346082974  0.16555111465004668
  0.17580930168731254  0.18643880756538483  0.19736631897678283  0.20834457880352497
  0.21901783547722231  0.22940174097310445  0.23982082965625359  0.25034989578740113
  0.26119165015302348  0.27198708709641911  0.28274047149590970  0.29329522576207268
  0.30365208331761717  0.31422308779453606  0.32498895423807694  0.33590118011519915
  0.34666269304613850  0.35747824476646134  0.36844539921584152  0.37927736586673161
  0.39014906031846275  0.40041621075317946  0.41019849834786515  0.42017307404509480
  0.43042507604205293  0.44102815380610061  0.45098179391229187  0.46075892846813948
  0.47078325187377018  0.48104767119321779  0.49152107353880886  0.50229508336121620
  0.51292512136867674  0.52396013877392300  0.53424061121147759  0.54486005494760614
  0.55493104464243315  0.56542333146892387  0.57586747860137710  0.58621025933622406
  0.59661744017486917  0.60669807918242302  0.61690721396604797  0.62707676241584998
  0.63727831639139454  0.64754742804700083  0.65790449582296628  0.66870641589493152
  0.67956461291481107  0.69034712358719252  0.70067663860278651  0.71100046578719645
  0.72123805710130906  0.73132120071240836  0.74146799594805168  0.75163708157008657
  0.76169116252810964  0.77161767163115447  0.78170749593887601  0.79190984046111323
  0.80204164657132826  0.81185468884667833  0.82192209986280795  0.83191068478686991
  0.84213953858531909  0.85242185156104522  0.86296169242295306  0.87355311929536861
  0.88457019703324691  0.89544829938379700  0.90609293926744894  0.91666273985412228
  0.92726404617767044  0.93783445100073781  0.94818071115069047  0.95833062682592274
  0.96859369448630273  0.97873035052379365  0.98926437415115709  1.00000000000000000
  0.00011114226249799  0.00016470625825766  0.00020412138535466  0.00023022165943977
  0.00025090349493636  0.00027012181676396  0.00028842906393788  0.00030655151929346
  0.00032460579908531  0.00034287023687938  0.00036144845891818  0.00038067231686139
  0.00040033713167129  0.00042040134656220  0.00044059076473018  0.00046142656264292
  0.00048271707330757  0.00050487915045275  0.00052747655381607  0.00055098690350019
  0.00057521686165033  0.00060037136133505  0.00062633314644060  0.00065358011621804
  0.00068164276431252  0.00071108136871028  0.00074112032031927  0.00077222603786678
  0.00080416525049737  0.00083796876487149  0.00087293983978047  0.00090911395779407
  0.00094597506011880  0.00098447301449936  0.00102524508195542  0.00106813238410274
  0.00111235503058246  0.00115690259395376  0.00120254216243118  0.00125053238849960
  0.00130129310751527  0.00135498606393410  0.00141083996105774  0.00146650735819875
  0.00152362184702862  0.00158495432267865  0.00165353215149811  0.00172824538730841
  0.00180558929369333  0.00188476097531761  0.00196733986230720  0.00205279045134330
  0.00214522462677440  0.00224034158141147  0.00233723099191495  0.00243542922408006
  0.00253800343851766  0.00265117411000259  0.00277186732833511  0.00290177357083316
  0.00303980606413911  0.00319331909086201  0.00334847489813609  0.00350720078576995
  0.00365707144128272  0.00382195031681967  0.00400163614059285  0.00417978170193504
  0.00436467231290194  0.00456190701612825  0.00479736825995504  0.00506870948842495
  0.00532690806726631  0.00559713214260434  0.00591786586700669  0.00628726143855954
  0.00661900403086028  0.00695045798533779  0.00731051049017552  0.00771039687583405
  0.00816696488280038  0.00877765592839850  0.00943791424119283  0.01021068228092869
  0.01102969924128453  0.01181499051766980  0.01257543805261373  0.01363944918608697
  0.01457445525963971  0.01551532616971900  0.01676564758834917  0.01799873447666703
  0.01970185493048833  0.02252537342861485  0.03670457236881664  1.00000000000000000
  0.00000356372062495  0.00000396792714527  0.00000428564121074  0.00000465040161078
  0.00000513239603490  0.00000578284415129  0.00000656580743542  0.00000753113404406
  0.00000871365795665  0.00001030606273055  0.00001235646456657  0.00001489842073129
  0.00001808560553323  0.00002215528612423  0.00002706911962471  0.00003293019375449
  0.00003986119015703  0.00004787056301316  0.00005730992685113  0.00006823764884956
  0.00008015844875471  0.00009319590800272  0.00010762418296872  0.00012348372270765
  0.00014074738105843  0.00015942811938601  0.00017915125628831  0.00020054127725338
  0.00022335287421362  0.00024706808642836  0.00027131941941882  0.00029602909454296
  0.00032219955364265  0.00035047269810482  0.00038106524460217  0.00041330153329259
  0.00044652174960741  0.00048091762729143  0.00051660851493343  0.00055391358999959
  0.00059250406684809  0.00063289071257045  0.00067619142254587  0.00072152905757601
  0.00076912639936190  0.00081789980286563  0.00086998663641242  0.00092531701663483
  0.00098080822559490  0.00104259879460244  0.00110365274713158  0.00117090402150610
  0.00124232044796775  0.00131606990672501  0.00139173807178840  0.00147283930990660
  0.00155431507961284  0.00164020684925640  0.00173194165997872  0.00183015520757295
  0.00193337684602691  0.00204193737669129  0.00215977898881025  0.00228731891772025
  0.00242770625880068  0.00258272294064288  0.00274522000294671  0.00290275461737162
  0.00306209631965621  0.00323363122865429  0.00342121745140634  0.00361296256319435
  0.00382808641745504  0.00404296133671419  0.00428907361234718  0.00452883572141554
  0.00477770990821230  0.00502214349242208  0.00527780012191228  0.00552499914129906
  0.00579582031101038  0.00611177255417654  0.00642653130271143  0.00681181757580307
  0.00725458863203885  0.00770733072726865  0.00825236785838640  0.00892789023221852
  0.00992333075612543  0.01147995026749129  0.01307903019148203  0.01482867132705222
  0.01821733480128534  0.02646928727505676  0.09531023337080077  1.00000000000000000
  0.00000281403071494  0.00000371566488841  0.00000433145561694  0.00000492565051471
  0.00000553350338080  0.00000616042773385  0.00000680702584879  0.00000749771687120
  0.00000820918135567  0.00000893978191307  0.00000969782951610  0.00001049009161925
  0.00001131828122916  0.00001216810435615  0.00001302277672596  0.00001389117106329
  0.00001479265124543  0.00001574029588440  0.00001670774187838  0.00001768993793114
  0.00001869928191711  0.00001972562873084  0.00002081749605303  0.00002197111846521
  0.00002317390719549  0.00002441841200308  0.00002569395954859  0.00002704214859480
  0.00002848179467290  0.00002996727454418  0.00003151305908139  0.00003313292434527
  0.00003477390804508  0.00003651805235606  0.00003843436580156  0.00004036328588147
  0.00004250775364946  0.00004464392878538  0.00004678747108560  0.00004900383042438
  0.00005133314668279  0.00005383200627613  0.00005655862605651  0.00005954210292299
  0.00006261293160385  0.00006583137900868  0.00006923441784348  0.00007258549320473
  0.00007610052430541  0.00007986755802993  0.00008400662706102  0.00008849412909201
  0.00009335337324910  0.00009859820661164  0.00010414939678308  0.00011011293659729
  0.00011654833145237  0.00012354919575963  0.00013113686661394  0.00013939004704758
  0.00014842249979254  0.00015834421801275  0.00016924523006812  0.00018113525466383
  0.00019440838445765  0.00020928403686953  0.00022571211543799  0.00024361319088470
  0.00026367767481428  0.00028659864667340  0.00031226160046325  0.00034107809855171
  0.00037367489811963  0.00041149084826276  0.00045654522853778  0.00050901001119512
  0.00057050195494408  0.00064183715324648  0.00072996274894889  0.00083303939748811
  0.00095072583430343  0.00110073971143218  0.00128608465284207  0.00150455337949076
  0.00176091617989594  0.00208754441540869  0.00254885333894693  0.00306783678592569
  0.00364595084754790  0.00441601830877808  0.00544424192508479  0.00692333970503629
  0.00889339383929963  0.01143345556799643  0.12566870980382339  1.00000000000000000
 -0.00237150319505081  0.00944691423920478  0.01989264111825572  0.03104357202573444
  0.04235849531385071  0.05337689088213191  0.06443287873201950  0.07563939240770567
  0.08676817489606109  0.09737986216085993  0.10767125857699655  0.11751698403241195
  0.12772625594794218  0.13775429057460889  0.14820467363936310  0.15809195921535843
  0.16825657892789914  0.17861968473664389  0.18927541861194336  0.19950443650046998
  0.20953188194378630  0.21975787081594131  0.23028855144545057  0.24064370349669245
  0.25056374460342562  0.26058530734845098  0.27061025150021950  0.28128533248336340
  0.29191685414134333  0.30201821779126831  0.31182109007691999  0.32160550496214341
  0.33146379314352359  0.34138448570407098  0.35129842403221223  0.36143732937534040
  0.37175642197622799  0.38214159928886571  0.39266148139394197  0.40292162551743060
  0.41309910977561137  0.42334543239196121  0.43398071364055774  0.44477410377403231
  0.45554348888970309  0.46612978354848739  0.47666498411723973  0.48728542668185815
  0.49788589452096460  0.50824816286814201  0.51885276285630655  0.52977085723214079
  0.54093050308460766  0.55182410500404999  0.56271910790336321  0.57367879679611677
  0.58441225047222090  0.59493248234641027  0.60530743091664607  0.61591573460053284
  0.62683127651684434  0.63794084094453729  0.64891676583524838  0.65981992346070040
  0.67091389636342447  0.68216570792660025  0.69259413721987084  0.70239361882575879
  0.71192810294774678  0.72189267537112489  0.73205513887761808  0.74233368173933656
  0.75256497642870668  0.76290820494002154  0.77331185328596685  0.78367882914542675
  0.79387056996935301  0.80423757452930755  0.81489449649028722  0.82558473290313483
  0.83605422902922188  0.84674905729647276  0.85737307653972084  0.86779084529587780
  0.87788622018105111  0.88814706871623261  0.89886463460817778  0.90981069714452301
  0.92128848299266852  0.93299356686637125  0.94442968757109036  0.95566658068847032
  0.96671903428754991  0.97815296019507258  0.98909904389758574  1.00000000000000000
 -0.00236105303322947  0.00896521669881415  0.01923680268148070  0.02990939560321267
  0.04080752909927963  0.05165998657959665  0.06266517983191108  0.07389925352501579
  0.08465475196456593  0.09512725034194289  0.10528709772720753  0.11546915454736578
  0.12595912905329473  0.13638761466239369  0.14669453385473041  0.15655856198031107
  0.16640271180750721  0.17657310208531143  0.18698653899788317  0.19730408376365779
  0.20727681054377359  0.21702458567375751  0.22690499409764953  0.23699868849709715
  0.24749140993293858  0.25828188604425217  0.26937018208578628  0.28021273449289291
  0.29123097669395476  0.30201946588767448  0.31271090554116093  0.32332927240470316
  0.33428736236512180  0.34499047345034167  0.35542907494740134  0.36556198213251134
  0.37639085419491231  0.38710644577649406  0.39856071935971416  0.40909582543919432
  0.41971311239658338  0.43022026351741643  0.44093010832654256  0.45164833932760279
  0.46251502898409153  0.47328461120248028  0.48428649612048452  0.49540791872806894
  0.50658261475993938  0.51727705947945446  0.52756381514666195  0.53743475624022652
  0.54720057655868748  0.55706344204443092  0.56749067771201123  0.57830369464472187
  0.58900536634966771  0.59985762782704133  0.61127775574260856  0.62286275315692052
  0.63395110352129536  0.64472196859593200  0.65545713407103567  0.66584699811630144
  0.67600313842051485  0.68593510535857161  0.69602742271549634  0.70642601322948706
  0.71705227522853898  0.72760248893348123  0.73763550276083623  0.74733079957814330
  0.75714156488179085  0.76765438090520710  0.77868779781235309  0.78965310337997108
  0.79996966354749710  0.81013513259326519  0.82037063632306417  0.83057388231020324
  0.84121329111300747  0.85164376308521139  0.86254711941554152  0.87314474199041603
  0.88373470712841617  0.89394012860206384  0.90393286000174622  0.91424832497174857
  0.92515733960122926  0.93636888113617645  0.94674436710439014  0.95703775617940434
  0.96753745046378314  0.97868728589157994  0.98929366088334181  1.00000000000000000
 -0.00180269874948359  0.00725165565292319  0.01601490840081005  0.02481608555353720
  0.03368572180478936  0.04236011021267641  0.05084304562841907  0.05941549484762233
  0.06779677851635688  0.07623980034076366  0.08455883176790085  0.09324630046410694
  0.10207867923320478  0.11097586363613891  0.12035650003002712  0.13002998700076351
  0.13984851860172445  0.14953862888353359  0.15923191560663466  0.16889014909895664
  0.17799004341135691  0.18688974360795885  0.19564411924945574  0.20454391184592005
  0.21357146580809774  0.22266823348913936  0.23196795382466615  0.24137447271375886
  0.25074865624313825  0.26021754634837935  0.26987502807819880  0.27988030359961774
  0.29006081377796294  0.29988956752693147  0.30936378233248979  0.31868736475721515
  0.32804203249160685  0.33762104636639745  0.34719434246594877  0.35676683384495339
  0.36639320560514632  0.37653986916811089  0.38685567155304273  0.39687732548370758
  0.40623559931153269  0.41553047304699703  0.42516447582690842  0.43503416409415230
  0.44507176789383535  0.45497575428468667  0.46471752054993382  0.47458143622890669
  0.48466409115701281  0.49486612192518936  0.50482107199122950  0.51491397898558633
  0.52514339327868720  0.53561639678268513  0.54594757775627045  0.55633133583058192
  0.56660065757294920  0.57708876390877784  0.58770893412549141  0.59864228968726296
  0.60995887003550797  0.62106121337561049  0.63170521084964082  0.64254525066418833
  0.65392671804875391  0.66572648153668668  0.67748652123290265  0.68913794546879170
  0.70075814770850076  0.71246306547201776  0.72438563062578043  0.73630403048822357
  0.74828940584198167  0.76062241247670637  0.77332993383782678  0.78614613302628689
  0.79931910679430995  0.81279603459032534  0.82622057563967843  0.83955164149589956
  0.85263567157787445  0.86555383458470680  0.87850250158385901  0.89136330662472196
  0.90439942102797033  0.91783206244724347  0.93180338188320166  0.94556519050955279
  0.95866510548792838  0.97191952931021564  0.98580655482641510  1.00000000000000000
 -0.00236823357623934  0.00933919294754102  0.01970188922440648  0.03062424137347067
  0.04143656897635210  0.05177848024216170  0.06175956342199976  0.07203444358899648
  0.08283872069026868  0.09364503176070046  0.10453738990775338  0.11518526762804421
  0.12669273404865330  0.13750001076105561  0.14783817166490459  0.15838452902627478
  0.16909941385611452  0.17965983263104887  0.19007225933045807  0.20014227079091571
  0.21041337440092961  0.22055269652891610  0.23097773221627613  0.24157025004022878
  0.25243016091223697  0.26349552559529549  0.27456433847902645  0.28531334041990813
  0.29647829996319125  0.30797373990226840  0.31907012987395034  0.32980482288865204
  0.34043948778761779  0.35109595169391494  0.36148568414736976  0.37194988363620668
  0.38214118140947984  0.39222840351792260  0.40210456107402520  0.41197796476610810
  0.42200079295066872  0.43214351467078033  0.44268348665069018  0.45346679477981738
  0.46403309910403068  0.47471295490212873  0.48584151344926746  0.49731644080748533
  0.50808344226344559  0.51817141772290998  0.52830134138453799  0.53884225505422478
  0.54951324516141931  0.55999699574368877  0.57039599961878562  0.58092277505869960
  0.59163148568155555  0.60229565773766436  0.61264239200908310  0.62287096180777113
  0.63371459068740965  0.64421614963293161  0.65422490019037993  0.66367795351232750
  0.67331281700865730  0.68337188642192281  0.69363019832092954  0.70418093585604036
  0.71459100361413030  0.72480494428623055  0.73508363639044549  0.74515942420282355
  0.75500915019208914  0.76503385710518945  0.77551239104590042  0.78631160894121255
  0.79655563492840231  0.80679410500723758  0.81706853043779171  0.82767424700588643
  0.83828040844721630  0.84895180911346968  0.85975994253604027  0.87053874423646160
  0.88125746359035850  0.89187899407469606  0.90280446489282562  0.91382851463573178
  0.92462108360249551  0.93542078109653359  0.94673652966566002  0.95814574825205479
  0.96909349264533373  0.97958222915443915  0.98990819323452173  1.00000000000000000
 -0.00107959204126296  0.00347282343847371  0.00844634194071558  0.01349606163853118
  0.01873562553679836  0.02444953167002266  0.03057792624195433  0.03680422323700420
  0.04318335316497675  0.04989196224495743  0.05662936507511000  0.06370774819234902
  0.07116355756935935  0.07897096472191788  0.08742283567709597  0.09628122661454312
  0.10539151376783865  0.11479425585917609  0.12457667479024569  0.13472372428995125
  0.14521700581454924  0.15598514671830749  0.16751530624745514  0.17949842562876606
  0.19210177700619596  0.20514042246074152  0.21877314496469799  0.23293446492173009
  0.24735601534715490  0.26206040355693982  0.27687563491694228  0.29210926587971398
  0.30762785500493928  0.32305451292339182  0.33847962685036359  0.35423792114246605
  0.37041096817099345  0.38662115414100690  0.40232132890658684  0.41812153595874152
  0.43487853055546338  0.45118173907642917  0.46780076986131175  0.48444462665419302
  0.50162351517573867  0.51925200857084330  0.53673387833137221  0.55357024122265808
  0.56969409820639838  0.58516759362441484  0.60091353513715018  0.61625672247722652
  0.63156404374654596  0.64704974477287946  0.66304142247340669  0.67848992499152760
  0.69258618640776781  0.70591038661213268  0.71908251076413110  0.73223905201992190
  0.74498347454396563  0.75732049227083886  0.76950263890877668  0.78111918411561154
  0.79211683895725860  0.80267267155534827  0.81303824230880561  0.82309332899296250
  0.83268906365586326  0.84213980606827032  0.85126937162960103  0.86017194871945346
  0.86865466668733082  0.87690229415193932  0.88485094525734631  0.89258179399608717
  0.90010410076984559  0.90740561092647176  0.91451277372016659  0.92134050335550799
  0.92777078372465782  0.93381250916619285  0.93950645173046188  0.94491760108650436
  0.95024960840472539  0.95554506393905503  0.96067242351708004  0.96559657945221822
  0.97045516163259338  0.97528600050137881  0.98000597409756451  0.98447645089125602
  0.98865332209228129  0.99258913720451702  0.99634228489578880  1.00000000000000000
 -0.00220938975493177  0.00861174816890381  0.01893706952859192  0.02923486312450775
  0.03989031707986222  0.05041207508056088  0.06087906036824566  0.07154421498707568
  0.08204074116676432  0.09278844598228007  0.10344404343359198  0.11330407321537111
  0.12301654456306860  0.13254079707809580  0.14267818170240157  0.15273007784648993
  0.16297253647482252  0.17318021816348633  0.18345297370305669  0.19443867738394413
  0.20544869913168792  0.21662302501851566  0.22725887099173783  0.23762192356462700
  0.24824983204600184  0.25866324372147614  0.26928892338789340  0.27940370530996866
  0.29013006396116925  0.30100682376509696  0.31176281726230520  0.32204614308403634
  0.33279756045854042  0.34396367273975387  0.35509027697068796  0.36539323439539584
  0.37581469382530713  0.38664785134835178  0.39770457394701952  0.40840125111470715
  0.41884043852538672  0.42945970913836434  0.44052777139832100  0.45144304312617695
  0.46213860518292549  0.47245367695170387  0.48319796707977841  0.49386352711149306
  0.50449163272914954  0.51480749816525195  0.52494177839319078  0.53496406010505948
  0.54539663639014535  0.55623490940907450  0.56732031826980023  0.57808771196582454
  0.58878187976533325  0.59943601260689927  0.61023070000914648  0.62127599254178467
  0.63214997751449631  0.64275290386386508  0.65272151986005933  0.66272506507564066
  0.67287264100727440  0.68337523986242554  0.69390465228408960  0.70438324751607007
  0.71510856217091079  0.72615043815736524  0.73710931018440862  0.74787638509369148
  0.75835763608581008  0.76890409040900987  0.77890610432932306  0.78927478039197363
  0.79945006028366539  0.80975490123227101  0.81966541102419477  0.82991206057630962
  0.84053598085317838  0.85157476357657458  0.86273255434307483  0.87411493862944312
  0.88544847781655800  0.89675399861921323  0.90774626972011119  0.91855297142266423
  0.92906467395992320  0.93982753022584953  0.95077260692007071  0.96128081805762355
  0.97117746950811368  0.98051710184875707  0.99028181370328805  1.00000000000000000
 -0.00252069647754416  0.01024758811788057  0.02072728949196810  0.03094587063399956
  0.04125413922057263  0.05185122401606817  0.06226044005448660  0.07283867762700347
  0.08365441699833703  0.09510719288413988  0.10600982335178417  0.11684590615279464
  0.12749960707421462  0.13870660536839588  0.14966869277214767  0.16072796414648594
  0.17137055341043991  0.18164086675415808  0.19131254054435962  0.20117193819268805
  0.21124269667553161  0.22167668359496462  0.23216891492923850  0.24276017826691540
  0.25307478931594668  0.26330194077858499  0.27366679701960389  0.28416579261155916
  0.29439049881848744  0.30458484305168443  0.31455015179947204  0.32446492702155000
  0.33392987297984378  0.34330894512559562  0.35304606390678062  0.36313819198331782
  0.37353217284051293  0.38430291606220146  0.39504410164582116  0.40592016908480028
  0.41733582916579126  0.42833748611790717  0.43934306145426011  0.44994870169506701
  0.46074640632935288  0.47125507578339559  0.48153776481608168  0.49192300620758111
  0.50257492493808820  0.51368576779073105  0.52498422711864801  0.53610028289408695
  0.54691830592871882  0.55768268414981925  0.56858130423994335  0.57953389582229675
  0.59069988584307331  0.60207309744939741  0.61277447960120268  0.62353492620911510
  0.63419353033994053  0.64529685726742081  0.65593198867455482  0.66657261933922962
  0.67728834946990746  0.68845186129663183  0.69964429304160802  0.71021431044125805
  0.72033513388228987  0.73021445980958166  0.74048928651375945  0.75080915672514414
  0.76157807420381207  0.77196613084370214  0.78220235699370377  0.79215998620869965
  0.80224077643119263  0.81261117875714384  0.82289925615477710  0.83301704183375980
  0.84273337691891514  0.85217398126233701  0.86161156463508892  0.87143733289158365
  0.88168160553373343  0.89228335124802372  0.90259570960471380  0.91299928680165565
  0.92348792478183839  0.93420682188716853  0.94478460588372848  0.95567910462847261
  0.96645920009284991  0.97779451376061355  0.98870121829245461  1.00000000000000000
  0.00014056503627036  0.00025554584738599  0.00041059726068269  0.00059105913940498
  0.00078451383327423  0.00093060830118404  0.00107687375746778  0.00122546130174697
  0.00137737227941887  0.00154000582966006  0.00170458146387134  0.00187195431590077
  0.00204012703092948  0.00220670370050014  0.00237313924560062  0.00253857349066159
  0.00270705743990664  0.00287751089942303  0.00304954954761531  0.00322384343339093
  0.00339837061222938  0.00357570477854718  0.00375381944815199  0.00393364428498106
  0.00411422412041163  0.00429118518736238  0.00447020122775193  0.00465424637038970
  0.00484864742251492  0.00504799608960113  0.00524901570995789  0.00545695986928377
  0.00567648875824477  0.00590821306937372  0.00615009668811407  0.00639327138668892
  0.00662349194949598  0.00683679758337442  0.00704761882044486  0.00726224644651340
  0.00748271948075373  0.00772423503451460  0.00797105575010931  0.00822313343410966
  0.00847132884198458  0.00873380025603132  0.00900663845018417  0.00928031498918033
  0.00958304070241246  0.00987058437423952  0.01015515192698147  0.01044723087076485
  0.01075425704508774  0.01108117534657256  0.01141670579243994  0.01173083275348293
  0.01205096310579550  0.01238824894912453  0.01275286965699852  0.01313503775785545
  0.01349532903217729  0.01384482220472283  0.01424223439401801  0.01469657211467553
  0.01518126461729729  0.01567589311618483  0.01611568661801616  0.01645550603977735
  0.01681287298597279  0.01718363091079465  0.01754534370384418  0.01798584443456494
  0.01842843762225208  0.01889144649958362  0.01934275605455640  0.01975229133035292
  0.02011184201166137  0.02053154653348857  0.02106151533348263  0.02159579770479941
  0.02240204459861140  0.02336687112564745  0.02441824918892563  0.02554818828933470
  0.02629748337027318  0.02686510604080473  0.02750555531388965  0.02842305423572574
  0.03006959447060848  0.03239818521043404  0.03566187164279519  0.03809888279997704
  0.03960685781435081  0.04069051688499147  0.04287550679428490  1.00000000000000000
 -0.00281764986488234  0.01087995597660397  0.02293295663648576  0.03587604300906704
  0.04831672822964529  0.06049133214616113  0.07197539870468908  0.08392046309225509
  0.09531547306499062  0.10704571064765361  0.11793457004035286  0.12906240872129568
  0.13999065312452127  0.15092979364144085  0.16193179973064764  0.17266415989604797
  0.18316795307286826  0.19338090209233785  0.20371675926576327  0.21408621051128876
  0.22454193970741079  0.23483100074315152  0.24523106132869729  0.25548938014258887
  0.26597483940575400  0.27659888030044844  0.28712882461271422  0.29749939881085169
  0.30801480522687852  0.31859746503445208  0.32876020923373184  0.33854354778714008
  0.34844893409267036  0.35875141163023466  0.36952945729626713  0.38004734908637350
  0.39050072154906351  0.40069443082431067  0.41095484423270778  0.42116220089130307
  0.43160726828704121  0.44174931087512054  0.45183060611458808  0.46166024762388935
  0.47183822758330352  0.48209492085289923  0.49248059020929652  0.50263655634696358
  0.51263460075591161  0.52260598395493296  0.53270916573620686  0.54299601759445226
  0.55340394844136642  0.56370454106828094  0.57411561106763509  0.58411697816449470
  0.59351175177308912  0.60285255134512072  0.61228986239316241  0.62236869390026395
  0.63223159506637483  0.64210892775799666  0.65213652140663325  0.66227445074840374
  0.67239294573968711  0.68221146686813516  0.69199056987056939  0.70175168349061945
  0.71167357849689095  0.72171313789799640  0.73147071394465035  0.74135854003480839
  0.75141588425080275  0.76158760470049014  0.77178620647201246  0.78161608235471325
  0.79131408436711825  0.80113598769263805  0.81125389722248598  0.82163357278597637
  0.83203149841716317  0.84214023977802066  0.85210284812310766  0.86205889137762892
  0.87236613143909503  0.88339261463388952  0.89485576646874354  0.90652521473531367
  0.91826518475081853  0.93048345371410124  0.94237232908339086  0.95400646771387732
  0.96537317751557461  0.97685409367128706  0.98846022065120187  1.00000000000000000
  0.56148535570890568  0.62156469977099904  0.64104219623801650  0.65640818166327086
  0.66951773583371366  0.68049067385463025  0.69125936187237202  0.70151376378699470
  0.71071726204327690  0.71904521956094991  0.72722604780876032  0.73497555922586522
  0.74216229490399821  0.74896958742531283  0.75556498574302711  0.76198552978315826
  0.76816624165762670  0.77394168531596874  0.77941936277404145  0.78480911827085076
  0.79007082971288767  0.79507273071751361  0.79986672847088336  0.80454605143896540
  0.80910516415075251  0.81355355382706940  0.81785771224249249  0.82189821403602770
  0.82561428629687228  0.82916062691788672  0.83259383904409690  0.83592238204797975
  0.83925089983128864  0.84256143727589983  0.84597560110756531  0.84930377290513759
  0.85248707785188726  0.85551669782268547  0.85849101706937181  0.86142147557876858
  0.86437553868063510  0.86727960241625257  0.87013075863466294  0.87295415813541011
  0.87580082115297098  0.87871000061059146  0.88161392074899780  0.88442101853498800
  0.88714996364549592  0.88988341711713836  0.89267456324507743  0.89543670655350827
  0.89806089457924176  0.90053329086607514  0.90299183218467449  0.90546188464775390
  0.90795772753860626  0.91045871139083723  0.91294408308520858  0.91541767424945264
  0.91784841323207578  0.92021467852300098  0.92252978392750373  0.92480193656319454
  0.92707975099400008  0.92937174670874156  0.93165034070187958  0.93394085980155783
  0.93622974682749371  0.93852353694650470  0.94080714546252087  0.94305483556300940
  0.94525788183637305  0.94738608821366554  0.94946411317725310  0.95147824721117724
  0.95345745279756156  0.95541894300214569  0.95736797115956151  0.95943194100003570
  0.96155832444985090  0.96374182300072964  0.96594500205330724  0.96815310593245540
  0.97037582049513960  0.97259231617488806  0.97478736128983767  0.97698202324457384
  0.97914830075800507  0.98142635229893072  0.98379620482012864  0.98624404057710413
  0.98891205241291802  0.99182223028591288  0.99548327553614524  1.00000000000000000
 -0.01460231976882214  0.08092697191672826  0.10320454909543002  0.11742800486920024
  0.13050564547683730  0.14059230324218450  0.14879613142500986  0.15591880076184375
  0.16291876175587069  0.16963444005897360  0.17596169309005463  0.18213303026248484
  0.18816595430361027  0.19406729045984911  0.19972998484171198  0.20515027506057779
  0.21041178049825579  0.21543377442144879  0.22039853512070703  0.22533974301462864
  0.23024023000730962  0.23503075284988864  0.23985646086502319  0.24481076836841728
  0.24978526614062677  0.25471319352315192  0.25947545280710405  0.26426172951956628
  0.26920625571053680  0.27435878332575175  0.27960110085899909  0.28471006736912691
  0.28966496670673914  0.29461820206234518  0.29964246803854105  0.30472682851590921
  0.30987656917513845  0.31514221946432946  0.32062097698061465  0.32595310606219841
  0.33122981374560556  0.33616862200570324  0.34100979195485975  0.34592533245523177
  0.35108098522248626  0.35650771938186865  0.36199072815326916  0.36728935412524472
  0.37263747653294960  0.37798644879893611  0.38344758482459151  0.38906978123276659
  0.39466731498923668  0.40033562836785780  0.40626260471908365  0.41230213741431732
  0.41834664166873387  0.42428418912439070  0.43010005597057815  0.43608206234979036
  0.44227776530244944  0.44864379354405892  0.45500202919136784  0.46125620775980719
  0.46747896916773080  0.47376189749764847  0.48036509103311392  0.48737356424323280
  0.49462205957350575  0.50194387225679638  0.50944960342251044  0.51715379360080671
  0.52520133015201775  0.53341169507649078  0.54159317145015584  0.54996974285147193
  0.55851654035579779  0.56733826655729980  0.57630325403929694  0.58571895163098520
  0.59590309832328614  0.60685170400955990  0.61836809932280401  0.63023281844124701
  0.64213285195279912  0.65418104228080221  0.66709477891992031  0.68119059489927813
  0.69604383874360587  0.71204036434343065  0.72870750559991415  0.74665641028634711
  0.76741209038019065  0.79367341375346356  0.83130818767653691  1.00000000000000000
   5.3252396214911201E-009  -1.0000000000000000     
 F F F F F F F F F F F F F F F F F F F F F F F F F F F F F F F F F F F F F F F F F F F F F F F F F F F F F F F F F F F F F F F F F F F F F F F F F F F F F F F F F F F F F F F F F F F F F F F F F F F F F F F F F F F F F F F F F F F F F F F F F F F F F F F F F F F F F F F F F F F F F F F F F F F F F F F F F F F F F F F F F F F F F F F F F F F F F F F F F F F F F F F F F F F F F F F F F F F F F F F F F F F F F F F F F F F F F F F F F F F F F F F F F F F F F F F F F F F F F F F F F F F F F F F F F F F F F F F F F F F F F F F F F F F F F F F F F F F F F F F F F F F F F F F F F F F F F F F F F F F F F F F F F F F F F F F F F F F F F F F F F F F F F F F F F F F F F F F F F F F F F F F F F F F F F F F F F F F F F F F F F F F F F F F F F F F F F F F F F F F F F F F F F F F F F F F F F F F F F F F F F F F F F F F F F F F F F F F F F F F F F F F F F F F F F F F F F F F F F F F F F F F F F F F F F F F F F F F F F F F F F F F F F F F F F F F F F F F F F F F F F F F F F F F F F F F F F F F F F F F F F F F F F F F F F F F F
  <DiscreteSampler_grid>
  grouped_processes
  1 # 1 for a reference and 2 for a running grid.
  10 # Attribute 'min_bin_probing_points' of the grid.
  1 # Attribute 'grid_mode' of the grid. 1=='default',2=='initialization'
  0.0000000000000000 # Attribute 'small_contrib_threshold' of the grid.
  0.5000000000000000 # Attribute 'damping_power' of the grid.
 # binID   n_entries weight   weight_sqr   abs_weight
    19   10   4.576836516465528E-004   5.025448540388678E-007   4.576836516465528E-004
    20   10   4.576836516465336E-004   5.025448540388676E-007   4.576836516465336E-004
    22   10   4.576836516465528E-004   5.025448540388678E-007   4.576836516465528E-004
    23   10   4.576836516465336E-004   5.025448540388676E-007   4.576836516465336E-004
    25   10   5.267204418408569E-004   9.590074342100562E-007   5.267204418408569E-004
    26   10   5.267204418408370E-004   9.590074342100562E-007   5.267204418408370E-004
    28   10   5.267204418408569E-004   9.590074342100562E-007   5.267204418408569E-004
    29   10   5.267204418408370E-004   9.590074342100562E-007   5.267204418408370E-004
  </DiscreteSampler_grid>
