  0.00224722667501957  0.01856034966336729  0.03117772192080066  0.04339266875831720
  0.05513563425025111  0.07039940140755879  0.08436997594573391  0.09735108458889989
  0.10994448308864473  0.12370932546879328  0.13698501398364016  0.14970726735432349
  0.16163576378590022  0.17154878800216369  0.18168289544880464  0.19270805471818367
  0.20515682564471621  0.21675827060094074  0.22714347891969988  0.23709431775654402
  0.24839579577640628  0.26107434684757369  0.27697782818687050  0.29203898482772439
  0.30556176949149177  0.31563048735280125  0.32482885032865155  0.33421343627536559
  0.34528379707419976  0.35792572387679372  0.36946288322994758  0.37928703938699826
  0.38866048965769001  0.39812507090821103  0.40742835734783750  0.41615020249282730
  0.42269360559098385  0.42896693722898260  0.43491095218593384  0.44035567672558601
  0.45059098228843103  0.46094474326856727  0.47321555764552137  0.48689709375217449
  0.50180176688137224  0.51655185506753187  0.53065441057076168  0.53935080552226333
  0.54551664828801893  0.55153454784974443  0.55848592550772669  0.56691695956000998
  0.58070249112128103  0.59458190185813597  0.60667412021470046  0.61602421337402591
  0.62464495542293097  0.63367768060096308  0.64421122143518261  0.65368784350969944
  0.66159957430430150  0.66990282535094692  0.67738628008866308  0.68444843457739202
  0.69161975250582397  0.70059460578192312  0.70982663226797027  0.72106883626050478
  0.73032775960602281  0.74008747911932848  0.74947385630151997  0.75892803164900158
  0.77110371754746299  0.78423483043164766  0.79497607041047258  0.80407238376462908
  0.81239549765550012  0.82047991685863608  0.82935422964823668  0.83909812197393463
  0.84989881031588632  0.86181349970913412  0.87435301152134515  0.88613746267351101
  0.89798255287383544  0.91037640536949704  0.92167130701734923  0.93195811320354027
  0.94124167127213132  0.95129961106181593  0.96046956881832246  0.96863449004907975
  0.97677784668174328  0.98358552866696658  0.99137025726491834  1.00000000000000000
  0.00241592848485058  0.01502007636561500  0.02707471128714124  0.03707557083354680
  0.04612193335458071  0.05542066973483244  0.06492771111355514  0.07510045431297932
  0.08800795845666920  0.10179644508313784  0.11508634070016398  0.12791405646915341
  0.13908119703898808  0.14873596218387761  0.15877121422909449  0.16860968757404471
  0.17853539853758843  0.18976859443157154  0.20144110305126725  0.21212493290339907
  0.22284271230838704  0.23391982698869004  0.24459103502443869  0.25379657113420728
  0.26181782783335705  0.27063652063597066  0.28132477879729678  0.29340146118773081
  0.30003239042363389  0.30773906997651851  0.31597738354315530  0.32424291090380986
  0.33381472140424762  0.34447775074396358  0.35423830389429312  0.36396735811487108
  0.37350889043884100  0.38322342818598309  0.39272896986629280  0.40304520293764684
  0.41500301596908207  0.42673710844024021  0.43839083973006071  0.44922014516095515
  0.45945046026651454  0.47002286227907758  0.48095835845558704  0.49224955520354441
  0.50251052512420036  0.51340105429171057  0.52526699823309964  0.53899966223172813
  0.55368207646713019  0.56726358498188700  0.57876923699744565  0.58968107926388447
  0.60116887165232225  0.61235723005561182  0.62215654190643188  0.63189312043881363
  0.64293931294525652  0.65631072816266978  0.66926895782965357  0.68094104098167807
  0.69194226729641539  0.70267659611964461  0.71466548490253190  0.72815740105685345
  0.74115887887388709  0.75404268148031672  0.76676966481560227  0.77883400734799779
  0.79236479731772924  0.80376574164141157  0.81368430412234549  0.82136506186359781
  0.82786484011657546  0.83475675637247548  0.84291050117277355  0.85095983092049876
  0.85846952416326283  0.86549699908303157  0.87467395306779827  0.88822280419187949
  0.89607334813187722  0.90066799093612426  0.90507257297344046  0.90936589590559214
  0.91674626583770102  0.92740590109822318  0.93687254840779099  0.94718785942478734
  0.95786744164800453  0.96941446724111147  0.98067983758012933  1.00000000000000000
  0.00000318961936615  0.00000440817535977  0.00000516444353534  0.00000556431410722
  0.00000598421088636  0.00000640808622855  0.00000685241117236  0.00000733292600499
  0.00000785490411245  0.00000824817175617  0.00000861831761334  0.00000898163276200
  0.00000934294763596  0.00000979876684192  0.00001030534011247  0.00001084836180895
  0.00001144447294864  0.00001194954774378  0.00001245767935980  0.00001300717265165
  0.00001356705469728  0.00001415991004407  0.00001482521287613  0.00001550145387026
  0.00001620694625561  0.00001694885128147  0.00001769336344963  0.00001854994600942
  0.00001935845344158  0.00002040362693425  0.00002141848502449  0.00002239245387434
  0.00002350303016612  0.00002467710185385  0.00002568568156615  0.00002671860560402
  0.00002783495924476  0.00002907057825335  0.00003030807060834  0.00003145281684620
  0.00003256124065140  0.00003376240949500  0.00003529638865740  0.00003692685732652
  0.00003853429692415  0.00004009914889079  0.00004173047025610  0.00004358368519167
  0.00004528413322726  0.00004707155896306  0.00004920874522437  0.00005174021079994
  0.00005444138266516  0.00005672958701428  0.00005922742142117  0.00006175884316202
  0.00006433995910652  0.00006725668032932  0.00007031051158468  0.00007348844428005
  0.00007685540873066  0.00008212141252011  0.00008750993499296  0.00009315090306427
  0.00009897910963401  0.00010491781757001  0.00011163908779988  0.00011934214031050
  0.00012837099821663  0.00013906231843323  0.00015101531104972  0.00016248846362448
  0.00017478878870312  0.00018856802906193  0.00020762105944153  0.00022692804359983
  0.00024814598401199  0.00027602146698535  0.00030636496600757  0.00034536584537723
  0.00039892578933007  0.00047128605795038  0.00054064936960857  0.00061624330217382
  0.00069908763298017  0.00078430798285764  0.00087559932365403  0.00098664919901159
  0.00115015596996974  0.00143925761660867  0.00199603907390796  0.00297844007716198
  0.00387693419831839  0.00496843700285789  0.07119718991969007  1.00000000000000000
  0.00000720589537537  0.00000781772570158  0.00000853693003198  0.00000889722332798
  0.00000922065301414  0.00000978945373089  0.00001034609275014  0.00001086313974300
  0.00001127552803012  0.00001199866782304  0.00001314011949082  0.00001453308436743
  0.00001593794829291  0.00001699558115841  0.00001778775325097  0.00001844267050606
  0.00001907509179026  0.00001976250237845  0.00002095844774222  0.00002268168652464
  0.00002514245815514  0.00002798410948130  0.00003132544094567  0.00003488756936267
  0.00003911378594571  0.00004392847282741  0.00005044077222567  0.00005923174501554
  0.00007028196568997  0.00008326106575933  0.00009991300516149  0.00011866758437634
  0.00013906292718195  0.00016127244114449  0.00018555529960634  0.00021064055667947
  0.00023903526382981  0.00026964817322502  0.00030231297157035  0.00033749897192424
  0.00037572358284257  0.00041243010457589  0.00044887698559813  0.00048695948518461
  0.00052718402620029  0.00057458160222364  0.00061632212724352  0.00066041152072090
  0.00070757344969698  0.00076440570585531  0.00082881254542022  0.00088925793840388
  0.00094899783473617  0.00101561367805908  0.00108267099696169  0.00115670282456604
  0.00123493606374345  0.00131929672312250  0.00142730629238647  0.00151620286086020
  0.00159981203625876  0.00168627207253653  0.00179073426930826  0.00194467516444288
  0.00214578717201807  0.00235442270857065  0.00252073597308074  0.00266142732282303
  0.00280416649008455  0.00296446418467473  0.00314163284701560  0.00333332060256011
  0.00354264229421561  0.00369849681115840  0.00374494684338135  0.00379139687560430
  0.00387674977841892  0.00401451903113795  0.00415228828385697  0.00425305160054036
  0.00432430691109070  0.00439556222164105  0.00449278123247667  0.00460181389108366
  0.00471166444637802  0.00482170402884874  0.00494623291513998  0.00509202710668931
  0.00546163068724802  0.00575806896313640  0.00606182281454545  0.00637687484462374
  0.00665242179170382  0.00706968214739423  0.01423725459411608  1.00000000000000000
  0.00000941625332903  0.00001109908146690  0.00001303188288625  0.00001475926271440
  0.00001613118359614  0.00001760079680353  0.00001909831998126  0.00002100967489087
  0.00002301162265276  0.00002521171262354  0.00002762716798431  0.00003030793848063
  0.00003300176684724  0.00003522409011684  0.00003750270528126  0.00003986983557585
  0.00004297614237787  0.00004650380673034  0.00004983481133101  0.00005365138741054
  0.00005743810304870  0.00006210454790643  0.00006623648298503  0.00007051999919100
  0.00007485539689884  0.00007936909024079  0.00008441842226101  0.00008988744834343
  0.00009686910477897  0.00010460683979673  0.00011333436950405  0.00012336122782144
  0.00013475066615816  0.00014609782058138  0.00015799932659801  0.00017161387715487
  0.00018735632574102  0.00020729047026633  0.00022921092035895  0.00025093424230463
  0.00027555823673617  0.00030237403392354  0.00033190188750129  0.00036254432873515
  0.00039544408087870  0.00042688810813051  0.00046555491705733  0.00050367552483014
  0.00053213976634301  0.00056321979552691  0.00059593995078436  0.00063056095194707
  0.00068251924022851  0.00073518150818999  0.00078869958261733  0.00084525196563179
  0.00090249900553938  0.00095649959327815  0.00101204952913866  0.00107383932103817
  0.00115212072185674  0.00123793269305424  0.00131957811285206  0.00139358985083843
  0.00146856851803589  0.00155561222770603  0.00162875222328705  0.00169894753235146
  0.00175836161262529  0.00181519635067969  0.00187571235753565  0.00194712476340070
  0.00201762931689779  0.00210753383715075  0.00223842643923198  0.00232746613653366
  0.00241690923947390  0.00252736900074284  0.00265002703629101  0.00275740228150363
  0.00284984917543906  0.00291396006920956  0.00296963880605548  0.00302105734324079
  0.00308503958233901  0.00317957738623083  0.00328397455874325  0.00341437577860691
  0.00360100615159879  0.00385581704897231  0.00414171344564770  0.00445988013749736
  0.00482254583919297  0.00525247205751946  0.01433069675229294  1.00000000000000000
 -0.00259324342997673  0.00754770392177737  0.01749794323127371  0.02712493339928222
  0.03698840325185263  0.04761836467395138  0.05977676152021068  0.07290064706635820
  0.08921424485705458  0.10373643723596715  0.11578876077865644  0.12579559841691135
  0.13617787461971448  0.14641179190090955  0.15841384235644054  0.17101632423246743
  0.18455521262734489  0.19930733242760690  0.21174409337059963  0.22233148260288349
  0.23174614164216328  0.23999016159707581  0.25119254681145087  0.26291795934548101
  0.27606838001572570  0.28951591336010019  0.29972439014448343  0.30939016240868317
  0.31944636951080946  0.33204371710270475  0.34559038618392163  0.35862589165876596
  0.37186497390867124  0.38345335663331015  0.39392267570473238  0.40454437776455859
  0.41539880083541308  0.42705652935157840  0.43880077869807871  0.44754258647708456
  0.45618296262691155  0.46494609902812123  0.47547863509624438  0.48763406194442366
  0.50027064425213907  0.51137571339862553  0.52096483484660461  0.53040247157933373
  0.54060342344407053  0.55178587472808449  0.56541925951604288  0.57690115626474792
  0.58760804370598163  0.59909147650514949  0.61063835123649957  0.62230527390828450
  0.63422076604120381  0.64583658495460827  0.65785232084006473  0.66869006504424300
  0.67965405372745602  0.68969194424458091  0.69734596150029871  0.70402710194063645
  0.71121687078642559  0.71872581455499873  0.72743641873133968  0.74001765633553385
  0.75466794695873884  0.76706324902162637  0.77484797860517407  0.78156816323874867
  0.78786805550095351  0.79384518173682861  0.80233842393989174  0.81153835680046116
  0.82281409337826139  0.83315262447720373  0.84215977501534445  0.85070226589570386
  0.85903090819972938  0.86811917995871102  0.87702435509325016  0.88571122006823200
  0.89424180648846230  0.90232001526792438  0.91047256831799250  0.91903030177744427
  0.93185309750892487  0.94286111601631317  0.95294840470699216  0.96265869012792471
  0.97161355083303413  0.98097053815717672  0.99060682725563687  1.00000000000000000
 -0.00396054370300267  0.01697209246302173  0.02976073446317972  0.04090742431759994
  0.05152508549295297  0.06245124220615925  0.07189325682661298  0.08062572718302233
  0.08906239336132302  0.09781309564191276  0.10760265620502620  0.11841380176844600
  0.13074037401259203  0.14410726864880713  0.15685193332589234  0.16816635944920710
  0.17877369030484930  0.18919829913798891  0.20117482456488214  0.21473310714216814
  0.22818198059020420  0.23845276301498777  0.24871332041876293  0.25914104348202627
  0.27122753703861641  0.28302268276115966  0.29467043457877029  0.30568318388954085
  0.31680588625363593  0.32780644061494790  0.33980630996530248  0.35305343790237120
  0.36604659452073668  0.37962846198874461  0.39317242794911950  0.40540942384888284
  0.41630419212249448  0.42613639152370042  0.43710558624711870  0.45073969659758123
  0.46482767300985389  0.47555053690055304  0.48439707415249056  0.49086752419668017
  0.49830747104019785  0.50642202401840242  0.51328055094123592  0.52198506562118929
  0.53299170073673474  0.54419679514131725  0.55882424906002093  0.57318106316307249
  0.58733933346363443  0.59892411543614610  0.60958935826415206  0.61913855939765916
  0.62963142790288040  0.64175440267760631  0.65246153579194877  0.66099673098284317
  0.66884599482596485  0.67707583035004792  0.68590278651421044  0.69570642228583157
  0.70290370852157669  0.71071304432311544  0.71991094771526942  0.73027468428407938
  0.74191577075019188  0.75355542698843969  0.76485447613528079  0.77617317893745985
  0.78750445248223200  0.79790831402730589  0.80794172252482110  0.81794770363279246
  0.82778742791285553  0.83885325151104240  0.85051790253869630  0.86288052618307676
  0.87658557529581549  0.88701537438735156  0.89553665181260822  0.90237431708484583
  0.90815468541640243  0.91410948809289816  0.92117128255371605  0.93036102651683339
  0.94076049545339235  0.95144453705574172  0.96124188069629768  0.96859648235650686
  0.97558479817729871  0.98241643284970170  0.99105478295391136  1.00000000000000000
 -0.00437449070829823  0.02451714660054102  0.04754057566732692  0.06839531512083744
  0.08805553641680519  0.10534528923234246  0.12038145267563508  0.13494241953460465
  0.14753585383290638  0.15845066103483224  0.17051223516607944  0.18278181908770333
  0.19550417512820770  0.20701288948885244  0.22171046844750433  0.24027992311790070
  0.26054843367660308  0.27883870100145042  0.29490419624312447  0.31085951141022800
  0.32761197420854404  0.34315340493726332  0.35686888261962380  0.36987388065254539
  0.38225399187853371  0.39408059098363080  0.40661373433287112  0.41997813476101864
  0.43362217905343253  0.44361786229383637  0.45310179623892916  0.46172806339765865
  0.47159986604616644  0.48277472222167539  0.49418607207254922  0.50669474419546756
  0.51829955749545775  0.52871136349970405  0.54030186369326849  0.55322733978665684
  0.56449465865817650  0.57467403336653633  0.58333193023324037  0.59047231896946883
  0.59829654533605903  0.60597732773406876  0.61380722865645099  0.62407363912449632
  0.63622035405829080  0.64979399986360453  0.66302819378057254  0.67324942569693436
  0.68184292636452093  0.69102803656393630  0.70147328091567263  0.71161365084811889
  0.72030486332779742  0.72817254966938283  0.73496408287855719  0.74030348712967375
  0.74443060253168425  0.74873078242351210  0.75320209708845198  0.75789970579978327
  0.76539227110619801  0.77350408976207274  0.78202196896515008  0.79027535373490887
  0.79816684437821384  0.80670529686920489  0.81406246259245374  0.82125676340529752
  0.82856047969553859  0.83585340322975721  0.84647895161833397  0.85849624038979699
  0.86943627173238380  0.87615741328707730  0.88232423462860676  0.88810591786843229
  0.89362147913072520  0.89981025249923541  0.90944076905237414  0.91853597889857741
  0.92697316736452884  0.93366004692370019  0.93887972724959179  0.94353395794884276
  0.94815024722396546  0.95329836609084984  0.95827151065429139  0.96418088727137385
  0.97122793378378902  0.97958852063006208  0.99007569663067074  1.00000000000000000
 -0.00242712415437673  0.00442555718009553  0.01110302607257407  0.01706929707075289
  0.02318603190070727  0.02968626175891521  0.03972525316900981  0.04960548694020112
  0.06018754932351675  0.07214493896695857  0.08606904055848330  0.10035649973371108
  0.11424935120821697  0.12730370901063928  0.14095866818388514  0.15393650833641884
  0.16583630433119140  0.17637588491272616  0.18531594173611277  0.19498826900447191
  0.20438278578268249  0.21399638713865102  0.22430705097778778  0.23502599002597691
  0.24721791073887203  0.25797644338048697  0.26828306374106603  0.27908029109482058
  0.29208811405963941  0.30567821927227018  0.32035381665185009  0.33123951425701947
  0.34132487610432738  0.35118467097741324  0.35905659705927501  0.36729591532514705
  0.37610217636821869  0.38507408757180878  0.39757080499498104  0.41041879230251416
  0.42280018394585156  0.43498020574102708  0.44525688056146345  0.45698700877515808
  0.46630688944037457  0.47605776042631898  0.48550762376415896  0.49532792264497277
  0.50381903738333500  0.51236947336974137  0.52061206609526989  0.52878291270213829
  0.53677995060517070  0.54470448015728157  0.55189545701048137  0.55959236725431871
  0.56719882745287797  0.57549964950302945  0.58421152181292613  0.59742854608140838
  0.60849676181508494  0.61669676461217948  0.62519695264712383  0.63446242276839326
  0.64442787442485938  0.65437272067289187  0.66400756826175633  0.67621881303868192
  0.69014147741718723  0.70458973503591471  0.71862581556550476  0.73232132948416007
  0.74612467975885099  0.75901920177191184  0.76985846616693521  0.78022648859518107
  0.79081081605840509  0.80132136941028309  0.81288795469806929  0.82430292702257535
  0.83545528322926177  0.84684516815875732  0.85783303885444750  0.86886286612914498
  0.87980223101361754  0.89031607870265383  0.90183706904979088  0.91321003224128783
  0.92502398954490606  0.93600528888214618  0.94701871725240827  0.95838091877951892
  0.96857928744722022  0.97935282858117145  0.98892818815919636  1.00000000000000000
 -0.00129956239234555  0.00781286871327587  0.01698062012735570  0.02675411483336164
  0.03791071106628142  0.04863979589157088  0.05751219150031701  0.06596750447157661
  0.07456490337323535  0.08337141836020312  0.09231671077386601  0.10154631117382201
  0.11137057678112455  0.12028846230784346  0.13143699532092146  0.14191481630152242
  0.15204189670052887  0.16284951646234772  0.17391464134470486  0.18688585519082143
  0.20259746176906923  0.21820903257688457  0.23114520379477119  0.24030029416453844
  0.24925702276079326  0.25782130027291794  0.26997761751108729  0.28290059335116552
  0.29391345396835167  0.30523449219838344  0.31630336933261938  0.32892863911248821
  0.34261138722534012  0.35198340077199247  0.36396623979640902  0.37580476602520618
  0.38844958315473249  0.39998570912275538  0.40893028211048504  0.41850371170828587
  0.42790092877932279  0.43521477598268665  0.44173437270819904  0.44823656761532032
  0.45587080341240838  0.46659869381932195  0.48076093871640702  0.49385396363910855
  0.50484044994060995  0.51503494657001125  0.52526258852104601  0.53639565227135633
  0.54956838423517795  0.56335736132615688  0.57803683836872544  0.59023008822790457
  0.60193807691586154  0.61300812849097153  0.62380145935388265  0.63543596279861558
  0.64693806899762396  0.66000131330498391  0.67345522484092391  0.68657500599820187
  0.69826192695685230  0.71080581936545773  0.72462911111879746  0.73696171951344080
  0.74905602168192109  0.75986661093198105  0.76983701927527104  0.77720623483262852
  0.78479334432320880  0.79407455016836326  0.80415789357122602  0.81521431121748844
  0.82657179944257952  0.83811910678841495  0.84893402509900029  0.86025374034453828
  0.87171321642926358  0.88439788883384107  0.89699821163458060  0.90925700688334621
  0.92192162250303744  0.93537972300236849  0.94637989620219753  0.95122603560908214
  0.95592813504729901  0.96052081716534699  0.96499980137939867  0.97111101589920401
  0.97803178348055131  0.98519842133427693  0.99243992974694339  1.00000000000000000
  0.00003499653163856  0.00064745402398470  0.00092949320313429  0.00117825268763758
  0.00140923741469640  0.00163597740247416  0.00186082153527487  0.00206081182861001
  0.00225015122735869  0.00243449250276340  0.00260863975635516  0.00279749952805008
  0.00298753227588618  0.00316146886161825  0.00332667695821862  0.00348500558014416
  0.00362404254264272  0.00376488591006470  0.00390956204190156  0.00405364374479756
  0.00419722410926601  0.00436481294346708  0.00451797926642404  0.00463276561542591
  0.00474644860863850  0.00485643840149307  0.00496517466855906  0.00506862593693696
  0.00517367737243316  0.00534226266833663  0.00548779700874968  0.00562960714735756
  0.00579085227486304  0.00596262133326296  0.00615517546184717  0.00638809573764727
  0.00665339560570101  0.00692662948187440  0.00724133123791762  0.00754528002963897
  0.00781264039253329  0.00803705227556813  0.00822532201566482  0.00839465513642491
  0.00851979898140219  0.00862725181910710  0.00873380049614106  0.00883379268040881
  0.00891185245460867  0.00898823835924978  0.00906515812284574  0.00914385101483747
  0.00922447914680284  0.00940258139089940  0.00951885941279011  0.00965104729870018
  0.00978401192497031  0.00992320856455092  0.01013953629685290  0.01031392832948831
  0.01048562132465042  0.01066464175811973  0.01088421162353057  0.01115682543316804
  0.01145359846772008  0.01173857325378894  0.01198125438670495  0.01221920478098802
  0.01246568973254185  0.01286303864869713  0.01319562071767544  0.01334401445648304
  0.01350400064567009  0.01365269093593609  0.01381757446577589  0.01399053051854211
  0.01411453893458616  0.01422998607123474  0.01434760931789790  0.01446617871909934
  0.01467473297699122  0.01524312336663183  0.01586748191141547  0.01673233013881138
  0.01749786350027924  0.01796470020210361  0.01844731018294301  0.01924901925743696
  0.02086433081538274  0.02192619911388363  0.02296180747800794  0.02466353554188545
  0.02581921434846382  0.02692796970803138  0.05724114781037153  1.00000000000000000
 -0.00267084785906842  0.01357277197138453  0.02651724518415434  0.03807575139082249
  0.04771855797112143  0.05652174512652869  0.06502471632338257  0.07273571546885957
  0.08101265257584402  0.09043899777982406  0.10031082864421520  0.11102814375185681
  0.12244476530941954  0.13435186639431640  0.14662641961484232  0.15904851215264126
  0.16943473707123360  0.17955149925114741  0.18980902693574841  0.20079873455881109
  0.21159470503539077  0.22323293756093876  0.23601933574002301  0.24864744420937474
  0.26105098276023231  0.27295644952207138  0.28284512799144967  0.29168560490334133
  0.29964945300882562  0.30758258200940042  0.31594268118775587  0.32567061496065103
  0.33696377858488091  0.34762534290757263  0.35603603316841970  0.36266913201798717
  0.37081378087087635  0.37922355915501538  0.38790662586690128  0.40158670725442125
  0.41525484309313521  0.42848717570703354  0.44193116284729117  0.45479772311911115
  0.46773924131184913  0.48027126796343150  0.49187621680959992  0.50289988354787329
  0.51392436376496187  0.52527227508623431  0.53572943878677393  0.54634963237452849
  0.55762553304244156  0.56959058862550516  0.58194605604303740  0.59420552208820920
  0.60462954053736140  0.61354605688234898  0.62161471719758776  0.63047754941462786
  0.64150401671135671  0.65256300930010003  0.66088979992287700  0.67068735240396737
  0.68127426419796433  0.69129580933158075  0.70769019046453885  0.72325516780138110
  0.73577059497601605  0.74751628587771457  0.75868697205561886  0.76935620086112588
  0.78042169169800724  0.79004046211646417  0.79953733466625132  0.80944293731899541
  0.82079774697867980  0.83170518167242258  0.84007981449197211  0.84698556873922970
  0.85429937852842686  0.86226736934144865  0.87044530051793911  0.87716807480137282
  0.88411181203071609  0.88999173290016931  0.89786560452122888  0.90756108609358366
  0.91884821576125530  0.93156127711724890  0.94251786426841311  0.95356578845727025
  0.96393901837598794  0.97564618628329525  0.98748882484094713  1.00000000000000000
 -0.00006398844133400  0.00005762254147352  0.00032608804999600  0.00059575430927422
  0.00072101869436645  0.00082052758892539  0.00091739356520069  0.00101110262191912
  0.00110465290983635  0.00119768833006025  0.00129461910198205  0.00139842963589881
  0.00150089468139171  0.00160273198278423  0.00167973110908618  0.00175542129644717
  0.00182951676668893  0.00190786066487458  0.00198877530527818  0.00206838061137604
  0.00215082139779583  0.00223387205758130  0.00229491428578964  0.00235555316835749
  0.00241494731649767  0.00247289337650591  0.00252790136645409  0.00258702939296390
  0.00265770891196978  0.00272442808605698  0.00278900057149356  0.00284580226569594
  0.00290097088343573  0.00295549565931855  0.00300973600653673  0.00306792416666796
  0.00312969353604201  0.00320010932997314  0.00327583564271712  0.00335718849872420
  0.00343849221611957  0.00350523054730247  0.00357196887848537  0.00365086987560415
  0.00373115585734135  0.00380163077491364  0.00387923802848824  0.00398070254225576
  0.00406951037782950  0.00415816668011755  0.00424655428601945  0.00433276931676226
  0.00443066554826054  0.00452748835007123  0.00461794020390337  0.00470968943118502
  0.00480674901252872  0.00493336648836136  0.00508083146692895  0.00519957547412705
  0.00532267987627829  0.00546691875827839  0.00562976521387496  0.00581144443464717
  0.00604063130337544  0.00632499573454570  0.00659707121398910  0.00681298183250273
  0.00699360607484086  0.00716522479292212  0.00734064023601850  0.00754289800260387
  0.00779250919347087  0.00804768514594323  0.00835548948286233  0.00871482302680398
  0.00907302174749215  0.00919584682283783  0.00931867189818351  0.00943811138140597
  0.00955374531098225  0.00966937924055853  0.00979180516081941  0.00991592428649909
  0.01007475716015417  0.01031165069196644  0.01068864780655068  0.01159764282947218
  0.01237397284680006  0.01282697235534991  0.01402908870236701  0.01421117599531513
  0.01437948716385682  0.02547417440216094  0.03732150887149555  1.00000000000000000
 -0.00436893003753884  0.02264882987322315  0.04038497892752172  0.05519212669566938
  0.06864570174061366  0.07845808313213773  0.08915147608476379  0.09900442210881769
  0.11025230581850042  0.12387253509050682  0.13848759219621121  0.15304456677429784
  0.16622950205152756  0.17929798554095180  0.19312782845465853  0.20806653576052236
  0.22191825906017645  0.23509946789409739  0.24702242218579831  0.25951613576151122
  0.27318365794474314  0.28738167298279610  0.30076737767362161  0.31259488512808564
  0.32339132936509718  0.33458679167782340  0.34653729664878102  0.35759079172982366
  0.36797918915461303  0.37809021624758404  0.38831619797527550  0.39913715886448042
  0.40922624850627248  0.41847793933598587  0.42688280406129780  0.43404173463464479
  0.44089344361133348  0.44791159721854978  0.45420114793261879  0.46136486018570255
  0.46787812178372395  0.47504452479380610  0.48208912959364147  0.48981387981072588
  0.49808983035409538  0.50654848162253518  0.51454281652034062  0.52171816159627582
  0.52823221928467967  0.53498696652464794  0.54243196191278753  0.55005154267404943
  0.55773545546301440  0.56469493118659253  0.57093738133723737  0.57762626532523398
  0.58461103520907443  0.59070989116463513  0.59572359509208006  0.60072761797388707
  0.60687404247851073  0.61431500369558267  0.62041349525387535  0.62655024802954440
  0.63458701536279027  0.64414140535832520  0.65611953382520150  0.66742127267893125
  0.67783988500802594  0.68847164233087443  0.69961275854530403  0.71153952186718106
  0.72431190995792261  0.73755516480113026  0.75086052505300638  0.76048949608602667
  0.76985409753553358  0.77900621880951382  0.78828142236019172  0.80328122450137962
  0.81738777116593919  0.82809270296893256  0.83670465999116195  0.84492449594396846
  0.85483657648144085  0.86587459362312047  0.88176174624221659  0.89743064072047585
  0.91046148051405618  0.92248786528184334  0.93540770986629018  0.95052670869344003
  0.96445599894336576  0.97764731065622035  0.98973254835917090  1.00000000000000000
  0.50739655661594563  0.61894414528661335  0.63726008955212587  0.65267113280567834
  0.66946633991630389  0.68087463285547301  0.69027006881458552  0.69855482289335546
  0.70691779188398030  0.71643977397871172  0.72560202514879457  0.73437885075471621
  0.74293157145538169  0.75024378007317982  0.75720724437944176  0.76356937586128582
  0.77012688282477448  0.77499535515400542  0.78000711954034074  0.78463744608766117
  0.78973339894230787  0.79462109023372396  0.79945783248850488  0.80394643058473436
  0.80793701929993367  0.81118563542933364  0.81443131595524487  0.81790424145673113
  0.82129069567101176  0.82512018553691158  0.82922247400887739  0.83357470922786214
  0.83733329932243827  0.84054129539929734  0.84364665056191956  0.84688487853851280
  0.85029598931329164  0.85409683448337981  0.85813955609406567  0.86224707466660311
  0.86582776686429053  0.86924116447318645  0.87260454345888827  0.87608176971037199
  0.87945856958539592  0.88270902787849015  0.88609953275588382  0.88954586370718913
  0.89290428254109999  0.89617257025723762  0.89947585933353635  0.90258524691534270
  0.90502409786664328  0.90748503085091148  0.90975619687442699  0.91186743692375516
  0.91413535871193408  0.91715901830546787  0.92036968723554591  0.92336574208082800
  0.92647329710468129  0.92972802183751713  0.93323511516205726  0.93625829761336965
  0.93926053470345205  0.94204067947971082  0.94506559179672234  0.94788644950552503
  0.95023538777581640  0.95214972194617153  0.95389180179220079  0.95576780054020150
  0.95749411630032533  0.95940466752286402  0.96138469342167465  0.96330514177362747
  0.96526283205738306  0.96692064359644003  0.96866006778476466  0.97042304306166449
  0.97204267811531053  0.97375882896227017  0.97543828156098478  0.97677033648180045
  0.97811023337181335  0.97946026957280730  0.98074717436928760  0.98214829086278210
  0.98403229013541249  0.98564949678656932  0.98727340299079291  0.98897124817900706
  0.99077334013423013  0.99295917115329946  0.99574239094683903  1.00000000000000000
  0.02691093808873486  0.20135517316816909  0.23909046836107536  0.26419776927141758
  0.28436857957802575  0.30293520065967378  0.32074918951293518  0.33766480577820523
  0.35107141004415326  0.36295391568061042  0.37302442106735711  0.38037525547074197
  0.38671634535046917  0.39363438794343969  0.40071909337520495  0.40968540438263562
  0.41877532585713600  0.42661748632734253  0.43361740215311745  0.43989448642328915
  0.44582660503151611  0.45130897862025499  0.45661313303627588  0.46205392113172483
  0.46741706773878838  0.47359371276453771  0.47916035993996037  0.48425082798064661
  0.48962953395256609  0.49580875200716679  0.50092394881955360  0.50448820302973318
  0.50821714067583268  0.51207961874677366  0.51613559751571758  0.52117756353156874
  0.52510102387650570  0.52871154021993250  0.53229679059168311  0.53638856705685756
  0.54134597409274665  0.54685694415627106  0.55317559524306481  0.55861786165379368
  0.56416747568177339  0.57021443928188298  0.57582950966999358  0.58113052920839636
  0.58621201253198574  0.59029828761556868  0.59449757926549007  0.59917028516898208
  0.60436488675152633  0.60984302590978834  0.61453836708599818  0.61847103415398474
  0.62264690642089437  0.62687265298769479  0.63084512167830287  0.63551174065365246
  0.63988986899709377  0.64418300075703694  0.64848471329453361  0.65296576751625657
  0.65787103042741935  0.66287205608308764  0.66807544162866139  0.67342453472205843
  0.67884632008586732  0.68428266321227427  0.68991175634031821  0.69538524632038412
  0.70105296079815771  0.70672650329381592  0.71410043592984829  0.71889713255378507
  0.72344116467027686  0.72779725050242705  0.73220653084124576  0.73768282487928694
  0.74384656896720436  0.74954907745931521  0.75514951049812640  0.76134500428741725
  0.76808399631175972  0.77565275544472623  0.78381329179084480  0.78942120248258618
  0.79509719465314921  0.80182302078848877  0.81057911694879425  0.82853843573234964
  0.84730062407685769  0.86882273771861751  0.90844896920736495  1.00000000000000000
   2.8165731026504998E-009  -1.0000000000000000     
 F F F F F F F F F F F F F F F F F F F F F F F F F F F F F F F F F F F F F F F F F F F F F F F F F F F F F F F F F F F F F F F F F F F F F F F F F F F F F F F F F F F F F F F F F F F F F F F F F F F F F F F F F F F F F F F F F F F F F F F F F F F F F F F F F F F F F F F F F F F F F F F F F F F F F F F F F F F F F F F F F F F F F F F F F F F F F F F F F F F F F F F F F F F F F F F F F F F F F F F F F F F F F F F F F F F F F F F F F F F F F F F F F F F F F F F F F F F F F F F F F F F F F F F F F F F F F F F F F F F F F F F F F F F F F F F F F F F F F F F F F F F F F F F F F F F F F F F F F F F F F F F F F F F F F F F F F F F F F F F F F F F F F F F F F F F F F F F F F F F F F F F F F F F F F F F F F F F F F F F F F F F F F F F F F F F F F F F F F F F F F F F F F F F F F F F F F F F F F F F F F F F F F F F F F F F F F F F F F F F F F F F F F F F F F F F F F F F F F F F F F F F F F F F F F F F F F F F F F F F F F F F F F F F F F F F F F F F F F F F F F F F F F F F F F F F F F F F F F F F F F F F F F F F F F F F F
  <DiscreteSampler_grid>
  grouped_processes
  1 # 1 for a reference and 2 for a running grid.
  10 # Attribute 'min_bin_probing_points' of the grid.
  1 # Attribute 'grid_mode' of the grid. 1=='default',2=='initialization'
  0.0000000000000000 # Attribute 'small_contrib_threshold' of the grid.
  0.5000000000000000 # Attribute 'damping_power' of the grid.
 # binID   n_entries weight   weight_sqr   abs_weight
    13   10   7.323771254916135E-005   1.936485227732970E-008   7.323771254916135E-005
    14   10   7.323771254916132E-005   1.936485227732971E-008   7.323771254916132E-005
    16   10   7.323771254916135E-005   1.936485227732970E-008   7.323771254916135E-005
    17   10   7.323771254916132E-005   1.936485227732971E-008   7.323771254916132E-005
    22   10   7.323771254916139E-005   1.936485227732971E-008   7.323771254916139E-005
    23   10   7.323771254916133E-005   1.936485227732972E-008   7.323771254916133E-005
    25   10   7.323771254916139E-005   1.936485227732971E-008   7.323771254916139E-005
    26   10   7.323771254916133E-005   1.936485227732972E-008   7.323771254916133E-005
  </DiscreteSampler_grid>
