  0.00354810935530912  0.01548507455568084  0.02909267506699054  0.04152328432645385
  0.05327108301602974  0.06510278535729316  0.07811792783135083  0.08984089702845252
  0.10187651535365354  0.11339865949567640  0.12476048731715116  0.13444372078138050
  0.14457143121778354  0.15578323685482351  0.16759746722404170  0.17867825682588606
  0.18984297555657628  0.20136373500395424  0.21282963843604236  0.22308077292594500
  0.23256813578047794  0.24221473876255226  0.25242171025064880  0.26293965631536165
  0.27338882747633825  0.28360047067344096  0.29364332471324345  0.30329103843065164
  0.31313703718068570  0.32189979761284226  0.33087257878211568  0.34027105054601786
  0.34969161023360323  0.35872424172833800  0.36820524976651992  0.37830447671692541
  0.38952614509528521  0.40071237348582861  0.41119830577884653  0.42193673413165811
  0.43128871625590609  0.44029857095219377  0.44976109840360179  0.45959862767564302
  0.47085714110564364  0.48295137832949508  0.49426662882909500  0.50548561128297986
  0.51671204877908128  0.52951370918420526  0.54217381342075543  0.55376793566705984
  0.56505172452053110  0.57690564128767741  0.58886615616834925  0.60037303140584308
  0.61091778094640925  0.62128674099329728  0.63253010107696273  0.64527373554850065
  0.65891021907863756  0.67214744482770572  0.68420222104904049  0.69468962607325502
  0.70537630302490495  0.71501496563210665  0.72546799207994783  0.73614390383431672
  0.74701950779446535  0.75739055187580828  0.76754149451222264  0.77781463326106159
  0.78890649394154999  0.79829424131837667  0.80605817315726758  0.81342258797081957
  0.82165554973324595  0.83056724275186034  0.83923235454765699  0.84808720115197345
  0.85708919632568248  0.86642929519552658  0.87487536930372634  0.88335811611431048
  0.89230194763182535  0.90209219259774998  0.91201795701518240  0.92119075943264150
  0.92990441198028539  0.93752682199993820  0.94520770857547876  0.95300934184170483
  0.96248310601073406  0.97277499658736477  0.98490183475204218  1.00000000000000000
  0.00004517690641904  0.00006487190269999  0.00008204398757627  0.00009555916665003
  0.00010751585814764  0.00011841939139375  0.00012865629951665  0.00013862168196297
  0.00014855831146885  0.00015885433335255  0.00016942708339527  0.00017979693055236
  0.00019008412399814  0.00020078689557326  0.00021208806555887  0.00022412537239477
  0.00023706217509281  0.00025051618706764  0.00026379434469650  0.00027700798725413
  0.00029037488760600  0.00030483920454698  0.00031999012949782  0.00033630517887913
  0.00035377361429398  0.00037099276238373  0.00038732709545089  0.00040332780785031
  0.00041915190881469  0.00043642855016556  0.00045577144891479  0.00047536933446581
  0.00049676594805056  0.00052031493446556  0.00054423899133447  0.00056935362088544
  0.00059558238038877  0.00062155909354630  0.00064617844900783  0.00067095263210090
  0.00069553237612541  0.00072057271911883  0.00074656493550534  0.00077384318305628
  0.00080272443831759  0.00083312595063576  0.00086481409904070  0.00089310860920065
  0.00092618751249310  0.00096379292663360  0.00101239548258856  0.00106110042876643
  0.00110928989972456  0.00115816752557255  0.00121477314977436  0.00126693706080246
  0.00131946531852556  0.00137189155877562  0.00142537370317641  0.00148633804044192
  0.00152580075770091  0.00156631652145894  0.00160856940022470  0.00165723190987639
  0.00171456008703501  0.00176964093907980  0.00182157375116903  0.00187448000592593
  0.00193695453372640  0.00202146620476366  0.00210955274307358  0.00218092381562456
  0.00226498435597235  0.00235261728282325  0.00242470934663839  0.00248356192640471
  0.00254424288226782  0.00261140589185040  0.00269378534225317  0.00281277867784895
  0.00298263288739448  0.00318095935720563  0.00338502939194136  0.00359220546708619
  0.00383796186311938  0.00414129033990796  0.00449736724337114  0.00493136470786398
  0.00544076556049713  0.00606955682225878  0.00675034647225782  0.00763123707812729
  0.00852812174867890  0.00990816744922285  0.01732009443967470  1.00000000000000000
  0.00137766371793845  0.02549254428095372  0.04220754143539344  0.05685362917685106
  0.07078693038609259  0.08327749266657605  0.09578578552281063  0.10793830651039532
  0.11785640113335985  0.12783833529675606  0.13849580744338078  0.15142650143344469
  0.16437223758462211  0.17808218632656639  0.19138318198464374  0.20471700787673003
  0.21644143739468943  0.22761385298861495  0.23799597276383933  0.24854734551738553
  0.25874260023562323  0.26904112068582098  0.27935194395247342  0.28956192890067289
  0.30006137818727624  0.31088738859539933  0.32211598964595406  0.33314077389562358
  0.34410278175738590  0.35477601619795340  0.36534375593546387  0.37634183295972795
  0.38725337238652097  0.39706515466612269  0.40606627626551584  0.41456075339180493
  0.42361728029944251  0.43276169934753100  0.44259002024910926  0.45357825457025797
  0.46493319409227840  0.47607298522841279  0.48701347354970392  0.49761399901757009
  0.50689177989851564  0.51489431047625411  0.52274045127401803  0.53110756078496180
  0.54052766998382729  0.55009754037146041  0.55969680176938197  0.56919217869927630
  0.57847682970542880  0.58767676330105389  0.59726009709261563  0.60665282889634531
  0.61499903033961989  0.62320177343221062  0.63185252760069166  0.64114396834156639
  0.65129404671336988  0.66111650648560527  0.67099420804607834  0.68218342835783197
  0.69340877902455422  0.70510225987329977  0.71662906037760821  0.72801869999480850
  0.73874051936161711  0.74912119390679721  0.76007879562659397  0.77214558909297626
  0.78500211106422735  0.79686327896952602  0.80703154063502214  0.81617678189026521
  0.82519225707156896  0.83394466209763429  0.84234930120358864  0.85082474457893653
  0.85967197933013173  0.86867519400158921  0.87688161716406710  0.88468146166581030
  0.89271879118320119  0.90166705909350553  0.91142822175754812  0.92143353442496101
  0.93105039016258206  0.94018613986062582  0.94928416310109820  0.95891100873970059
  0.96846132334010471  0.97798508968158326  0.98844290858848471  1.00000000000000000
 -0.00289340112329982  0.01080298359610242  0.02209442020027477  0.03310134206638457
  0.04471408680932891  0.05730222257265090  0.06917042844541131  0.08177956394812813
  0.09421870029220457  0.10720975355439344  0.11988125294702923  0.13223906318898759
  0.14427174764445294  0.15545843401646398  0.16586178304355376  0.17537529811728195
  0.18432227905127702  0.19361230896758447  0.20331303847750570  0.21409628271505074
  0.22600786359243169  0.23804468790881766  0.24998995958816234  0.26220633116291719
  0.27345781317197010  0.28377444900514853  0.29407803059692528  0.30489225591362534
  0.31579956251595348  0.32677645317244930  0.33768773756474257  0.34783982577446770
  0.35747143133381792  0.36632810294904655  0.37583881667375607  0.38608039596780419
  0.39622188102849765  0.40591730934533410  0.41553316304813326  0.42517192530394637
  0.43548933920124844  0.44627249859858470  0.45775543988053952  0.46878656945426900
  0.47956702555673564  0.48928130218404564  0.49821862342705076  0.50661246062597065
  0.51482485372458908  0.52436863034890768  0.53494218720144016  0.54517765178673983
  0.55507589327082940  0.56495085402349554  0.57472581560164460  0.58418450192797533
  0.59344618516979675  0.60233465844760525  0.61126212103652411  0.62060080127713624
  0.63020030847992992  0.63961863810599850  0.64853502388567186  0.65699089936942490
  0.66544192969132610  0.67430044938382150  0.68395760964387753  0.69481901200019591
  0.70661940777877619  0.71901662260617316  0.73078535696282931  0.74157068283495475
  0.75162258860848252  0.76132462268152512  0.77098999021690851  0.78066990022441007
  0.79065749864942225  0.80113304594129764  0.81150171971906238  0.82185858078395913
  0.83127382753906187  0.83954767206368919  0.84944801297558459  0.85986690214540729
  0.87071044191478009  0.88084619428832989  0.89036288241004391  0.90011179742174641
  0.91009983800206395  0.92090126947283935  0.93225686180829470  0.94506715014993847
  0.95751826841350263  0.97169456442483282  0.98581195031784941  1.00000000000000000
 -0.00265459540293249  0.00844736025994110  0.01833924528145428  0.02778449309380460
  0.03753378074954569  0.04792614522119708  0.05857454979702626  0.06990560653166096
  0.08174269264889031  0.09292435498765177  0.10464063887883260  0.11623808998121757
  0.12756714873493080  0.13774639746663064  0.14735579009794547  0.15654424467822553
  0.16587715615403129  0.17655584279835274  0.18741313178818511  0.19859350265499665
  0.20929962841626912  0.21984215153353856  0.23067007131555331  0.24251281421176138
  0.25383023194250354  0.26439753493898815  0.27400777449235092  0.28451378154149870
  0.29433555574679143  0.30391217555099420  0.31378565499337630  0.32501954909061714
  0.33678136476697818  0.34822380705839207  0.35881685057359519  0.36817086827175255
  0.37721838527117973  0.38685741240347316  0.39799063036845178  0.41140778709468623
  0.42518730465492460  0.43770191170108153  0.44851745790548408  0.45850650394079695
  0.46865192790798332  0.47900133896676877  0.49044923124671047  0.50142805780722366
  0.51284328790148159  0.52275045238662676  0.53303293896403325  0.54326643933630236
  0.55410891001326634  0.56547219949319583  0.57749308186410486  0.58823420920652891
  0.59769446393747117  0.60704844742109199  0.61738630852453147  0.62824032990926848
  0.63853374164540011  0.64678713929600540  0.65505842367064315  0.66336712592216074
  0.67119437830043749  0.68098481285368884  0.69085641976368140  0.70079650445286268
  0.71094427964278839  0.72210323628049244  0.73280137155677227  0.74368696472912821
  0.75542924863993599  0.76842870005394193  0.77882075648919957  0.78938804059790224
  0.79956582139904187  0.81069901192250404  0.82168238631152468  0.83272221558528037
  0.84299880936364702  0.85315898632291121  0.86379979580008925  0.87541468825984758
  0.88761008867209656  0.89885582855650470  0.90930076923520375  0.91953454522996569
  0.93014762520330785  0.94041570570662525  0.95016735709603517  0.96015849373037598
  0.97077085231979288  0.98128341158752630  0.99085581796342104  1.00000000000000000
 -0.00199233130233981  0.00906322275108763  0.01939450093778907  0.02741711475906874
  0.03510549445848831  0.04209028421588600  0.04871053454269754  0.05571685734996980
  0.06304832603418209  0.07032443629379266  0.07748345082439405  0.08469003274879253
  0.09241687686560966  0.10091044186708673  0.11023444812291178  0.11950343399353300
  0.12812161704041539  0.13589927101354873  0.14318276640268346  0.15044648709308261
  0.15777930125025472  0.16586805702326216  0.17502539108723386  0.18481028262156873
  0.19422257169239149  0.20270741512419624  0.21124084277331404  0.22018554561305959
  0.22919227398917127  0.23849059667355532  0.24701805330652535  0.25581245511079842
  0.26496136501179557  0.27525352598590030  0.28615983689713337  0.29667484278160283
  0.30654221424460903  0.31641605653537186  0.32669319523985235  0.33700452819194820
  0.34684623033278650  0.35634610071986239  0.36612852292930254  0.37597767632510315
  0.38736038436541398  0.39980554481062702  0.41500212506865863  0.42788090812095225
  0.43840572203581912  0.44787538254224268  0.45767243606948210  0.46821146947033143
  0.47993309387073568  0.49085138187635541  0.50183213279330507  0.51133062503355220
  0.52062441069511434  0.52970554808613024  0.53904062052937007  0.55033329363746475
  0.56116121643838568  0.57360380189196103  0.58607370109664858  0.59917974345647951
  0.61240566576592514  0.62544790563753594  0.63663310802402184  0.64756939594937657
  0.65815118990613775  0.66943498120810363  0.68040353920944119  0.69132170517915625
  0.70293504972036336  0.71480281480941588  0.72660539797409529  0.74017353096677463
  0.75328266103722619  0.76461135916594736  0.77793307935195111  0.79284448929215445
  0.80643921392768481  0.81759998691453417  0.82841391152108645  0.83772650030571438
  0.84801664895239837  0.85972435154642979  0.87395529654989046  0.88719603353589627
  0.89982284857979433  0.91249538085086845  0.92615855199763786  0.94093730777922002
  0.95554935720690104  0.97123825056730229  0.98616396584086097  1.00000000000000000
 -0.00189990634852857  0.00779024123357359  0.01591611010300838  0.02444330483804492
  0.03312236607460940  0.04219533507371668  0.05137609097558685  0.06070444320601806
  0.07135018192496856  0.08218417670455223  0.09303991947917928  0.10391607058766546
  0.11586990763959305  0.12837240998161201  0.14117589586062024  0.15274419319302204
  0.16393556143667465  0.17459053782014583  0.18596065259670702  0.19810004560986971
  0.21080644705042900  0.22335767340766921  0.23536935923142643  0.24690904627225943
  0.25785403659166883  0.26885882123623595  0.27987911571163021  0.28983291826334068
  0.29884337468604166  0.30787709793946794  0.31755492240692379  0.32772993006344076
  0.33788125284583093  0.34793712884062328  0.35808082021554466  0.36852681045036284
  0.37889577641379335  0.38885912078093637  0.39824752630824578  0.40753990198181428
  0.41798114663726121  0.42974936909663153  0.44169625040243737  0.45250653092784426
  0.46210670374161961  0.47133387997647058  0.48063743470890186  0.49021819192959931
  0.50045107181348791  0.51103946320481874  0.52175918999428339  0.53256204329325973
  0.54358433009508345  0.55488894578874171  0.56607228126896403  0.57757748324804248
  0.58867347618193477  0.59906866718112672  0.60929035222748207  0.61923013453060927
  0.62942312773774978  0.64073126718198126  0.65140021586300101  0.66113508635169205
  0.67019835267484495  0.67944058888111192  0.68933468564055000  0.69895934141163152
  0.70832957185575629  0.71825718617524204  0.72820259702047407  0.73843083300964041
  0.75007446406882716  0.76295229656073615  0.77616010705674832  0.78864101300433931
  0.80029886039327747  0.81158061675771143  0.82278079928678982  0.83347065508951423
  0.84393029669702224  0.85481204638764507  0.86673171139205585  0.87855681264021968
  0.89043856534960675  0.90180258919731571  0.91492329512610493  0.92667082703121750
  0.93753346858157327  0.94783236417057881  0.95715592142294392  0.96532180614681695
  0.97337669711818131  0.98217526809832156  0.99129375833140165  1.00000000000000000
 -0.00267173672186907  0.01276301992220362  0.02577595494579811  0.03921696012076289
  0.05270809835830254  0.06422686322017590  0.07509439895366418  0.08560812461335814
  0.09672575325569983  0.10950710190782477  0.12381449061470624  0.13601731887494703
  0.14679761960793147  0.15613641165537973  0.16570239793026351  0.17650900004556613
  0.18911927434427833  0.20168574046820939  0.21324672658378302  0.22466049058263873
  0.23648607659426382  0.24741411124196622  0.25873446739619993  0.26967724233564350
  0.28067106155836274  0.29177788292184847  0.30226911881103918  0.31283246352203053
  0.32390496855815770  0.33558570498324031  0.34775166929654616  0.35939610749635242
  0.37027840090832048  0.38029648196074511  0.39032790278566681  0.40073884690197553
  0.41216809273275645  0.42438470023086272  0.43668567744422665  0.44750575474202714
  0.45779083339591520  0.46801593111036660  0.47793053857420109  0.48695113890461039
  0.49597502605625327  0.50612767835353478  0.51768763996317935  0.52973608844820852
  0.54159699174059184  0.55461171764733530  0.56782813251532205  0.58036422387241404
  0.59166628715089564  0.60292854908885485  0.61373770629253921  0.62415126253799313
  0.63375903914050125  0.64282788554553472  0.65240330857202433  0.66198165078575943
  0.67151050118188560  0.68089771921123221  0.69044852454963801  0.70077856894134782
  0.71025300820734039  0.71983846554495645  0.72941320425996770  0.73911618786579947
  0.74899750507108953  0.75875849442172394  0.76861664333159152  0.77870205959484662
  0.78851691105211663  0.79795419982093518  0.80778136233162401  0.81843196005838481
  0.82897262752265710  0.83854179730789313  0.84775866565978175  0.85749835570832833
  0.86758248705302599  0.87772301414127774  0.88741907311831991  0.89622447995182342
  0.90470911137955889  0.91284858363071042  0.92084264665093785  0.92932868404379421
  0.93729631309523820  0.94591476835427857  0.95479248589013632  0.96400949654242230
  0.97349399614302157  0.98261226302379057  0.99151624155966356  1.00000000000000000
 -0.00189465807329817  0.00897435023960057  0.01748516969361979  0.02663885720011647
  0.03662360963709663  0.04728626817256240  0.05751015590832163  0.06720407612650071
  0.07777790768500681  0.08842186328685922  0.09884835628136292  0.10819085741703599
  0.11746412589510404  0.12763376378361296  0.13852119910656055  0.14911348972478630
  0.16032701256351470  0.17095843613563089  0.18183933563477933  0.19254026586764977
  0.20320607076072769  0.21466924175352148  0.22655667876298138  0.23729074570556186
  0.24654326382636599  0.25568394495478308  0.26508742741901914  0.27427711411081745
  0.28344997871625788  0.29260485551400311  0.30355907265226711  0.31504716357092133
  0.32670732387489432  0.33714091592633055  0.34662548167926749  0.35551699773047196
  0.36466625756394372  0.37387455734176012  0.38450758779060573  0.39486387436843157
  0.40457087392773167  0.41402846260523773  0.42352371192415234  0.43435154921671948
  0.44441931684467523  0.45377225567255702  0.46310207972036327  0.47274671122076578
  0.48347564708959156  0.49502078037792852  0.50596573889448127  0.51792173191526036
  0.52838678042105358  0.53996556067361023  0.55195423053360937  0.56427488527806524
  0.57601436154295971  0.58714633015980033  0.59866256693180597  0.61046694432625670
  0.62260240945245071  0.63413743859875016  0.64487491287757237  0.65570867318325754
  0.66611837674276120  0.67635367501638188  0.68666535092608927  0.69636030562554319
  0.70573649278084782  0.71483614545148444  0.72450393720413842  0.73468223772521957
  0.74476454480330434  0.75556297623096569  0.76680728613528637  0.77769429067444551
  0.78794903923038551  0.79794745482425655  0.80874703662713476  0.82045655929837380
  0.83336218569973153  0.84619425745693688  0.85742128150802366  0.86818943066462584
  0.87922305313982274  0.89077502483335325  0.90169223172137147  0.91182601911042827
  0.92236248642175311  0.93226438735472972  0.94240404594073846  0.95250449531033343
  0.96311080306131014  0.97437623334446088  0.98647724382418567  1.00000000000000000
 -0.00291518497220335  0.01433586497142872  0.02900496803283073  0.04275656663408482
  0.05505927800973241  0.06736328968515209  0.08022259952533174  0.09244312637959150
  0.10389454000088884  0.11624847997404558  0.12833781471653594  0.13833834933149045
  0.14804734433757863  0.15714899555302650  0.16924258622577865  0.17979762898194290
  0.19025161088016451  0.20049139718394382  0.21088117195500505  0.22111460266399857
  0.23253955880364291  0.24512020764800299  0.25727428600068264  0.26959135744121887
  0.28264300987467239  0.29671597627490481  0.30985339413801505  0.32209596864605389
  0.33464288314061336  0.34760707651928680  0.35978857522561830  0.37130494402256248
  0.38289372864793403  0.39472586495631129  0.40752545243214544  0.42034194258168411
  0.43377922008954090  0.44615906846933417  0.45767027322828396  0.46866156875230391
  0.47980422637963294  0.49136209719587681  0.50370849584764033  0.51664223245309926
  0.52906413423598231  0.54115401124272944  0.55288526458887743  0.56407631519796553
  0.57458827293887582  0.58588253390912715  0.59772363294855646  0.60993525533361204
  0.62132072470695610  0.63208921717444400  0.64326466511524349  0.65421467727972593
  0.66662683828455171  0.67791499652206821  0.68925390027172329  0.70068135840130807
  0.71200741114810773  0.72303685240114379  0.73378196318670030  0.74582674239622537
  0.75862055978643872  0.77217489094636504  0.78401944567605386  0.79366817999792783
  0.80183620560037661  0.81015844575469587  0.81865990819659706  0.82705467413355915
  0.83565051685277403  0.84433094294558819  0.85418130674966397  0.86543777745470019
  0.87672610888351454  0.88651525692370703  0.89581162316459639  0.90511890876603929
  0.91443816615759232  0.92297391447439414  0.93004811242861152  0.93636529906504118
  0.94211330159629358  0.94861031996883061  0.95563801797743231  0.96229235070216967
  0.96822274302126687  0.97382123757439387  0.97907869278830661  0.98380791165552450
  0.98808931905483310  0.99218235777455044  0.99616469089182125  1.00000000000000000
 -0.00267396210162991  0.01113551292066117  0.02239364829236170  0.03297846891341817
  0.04329931854793560  0.05260431375341420  0.06227008845896485  0.07243431450113344
  0.08257710627500914  0.09250926601423132  0.10324540779009414  0.11581183585710711
  0.12779845087818295  0.13772518106396731  0.14729781747225079  0.15780053297159699
  0.16831605818959422  0.17856637534438149  0.18806375408121193  0.19813177923105432
  0.20892148032962185  0.21887178099240631  0.22835686097632851  0.23816232481203500
  0.24981114587328354  0.26255468052783359  0.27642768512999577  0.28788437165972175
  0.29821670581382853  0.30827088277419573  0.31850927208135599  0.32995935784614772
  0.34073947445363750  0.35125485589968081  0.35986500067676719  0.36906041948096130
  0.37753369896998251  0.38704807667028113  0.39684183418688124  0.40719140437026274
  0.41789503018169039  0.42790715360762982  0.43820698401319236  0.44859611170944103
  0.46006728762614152  0.47015603855930893  0.48026147710265066  0.49088383797330215
  0.50171908547541488  0.51309283735857680  0.52352679355298004  0.53434595046004463
  0.54440646232994583  0.55403830869169401  0.56404628794588008  0.57521210421468383
  0.58704290610629883  0.59805681515748310  0.60801027132668517  0.61796752573505620
  0.62863154187047188  0.63949008381401062  0.65098586417304849  0.66222218473978645
  0.67367525955734309  0.68500965542742775  0.69599832602477696  0.70704294860518790
  0.71856787496228225  0.73045933566225685  0.74171299781406708  0.75285157817950610
  0.76454649988114631  0.77649537346831576  0.78768686790780540  0.79834560231628560
  0.80943616932847806  0.81893353199838026  0.82837009340010614  0.83748686978749698
  0.84696159480193156  0.85727935414148071  0.86711758268353689  0.87676783175602213
  0.88656142480425826  0.89688437487199413  0.90850513456673287  0.92094819447164178
  0.93349029563343811  0.94592467636159516  0.95779804425663240  0.96855269787965681
  0.97835847642203777  0.98626440784336544  0.99334822044806648  1.00000000000000000
  0.43215140722626649  0.62277910335309816  0.65149605824257828  0.66491863445934984
  0.67799877403065634  0.69059542768530546  0.70138854053499078  0.71119389626687268
  0.72092433056653982  0.73026612264618385  0.73844965692670550  0.74646559192669137
  0.75403972970258704  0.76086025890509856  0.76637363364614641  0.77164004894606031
  0.77665557442488919  0.78151232086385169  0.78597764300650119  0.79031762241315240
  0.79467925834012298  0.79924341295708334  0.80392617122439736  0.80829959190085232
  0.81235639086507427  0.81631231176543262  0.82020592012993510  0.82377480994002628
  0.82700099519014347  0.83000686482969144  0.83301342768748543  0.83611043092644377
  0.83951851418601664  0.84336576187892864  0.84696565907741239  0.85025814718468995
  0.85329286990176323  0.85622755261971140  0.85923938222274088  0.86232671127521587
  0.86547005816967604  0.86862203366218382  0.87167747740459556  0.87449414976162798
  0.87711970907600290  0.87966494919493521  0.88207166750613997  0.88444996592509673
  0.88663222879223902  0.88891338471708559  0.89113679617494590  0.89342701109412215
  0.89580291786871236  0.89843840588530111  0.90115041207970703  0.90382908212564983
  0.90643712852616176  0.90893810166642230  0.91138034270675683  0.91386072906374671
  0.91642139633926922  0.91897613791795663  0.92136569948505687  0.92362058640176259
  0.92579899190073622  0.92795482995439738  0.93002487715002380  0.93232254834438522
  0.93474609942776454  0.93732338298040552  0.93972648927424751  0.94189263616208352
  0.94398001780861096  0.94602312004951683  0.94810817005675607  0.95020591101390417
  0.95243246513510238  0.95468295303919548  0.95697005429044557  0.95919161300617151
  0.96140897014669013  0.96368967712910680  0.96600350471003382  0.96830427730587854
  0.97063434118608583  0.97307336536863664  0.97581165261675962  0.97809404445984782
  0.98039102763206687  0.98271795496863024  0.98507259582016893  0.98760664245521335
  0.99029304644066407  0.99305893103720699  0.99625041129129688  1.00000000000000000
  0.05229458993882018  0.10675123929284878  0.13744171836512536  0.14944009999315946
  0.15405300189217044  0.15968770129790880  0.16474655383002718  0.16986938354483297
  0.17477529252369486  0.17933622979456390  0.18420049424458970  0.18955965575404315
  0.19411155825255616  0.19821792350485723  0.20247927489584014  0.20709773743278803
  0.21247108001135781  0.21859760791099159  0.22492647361001950  0.23112194281594797
  0.23714308237810824  0.24269133039996080  0.24772603129857293  0.25238957164539771
  0.25656831541351865  0.26087058525092061  0.26548836549037130  0.27046127400293379
  0.27571545516532303  0.28081841982354894  0.28599041132510100  0.29125025920428255
  0.29619711413332533  0.30106179465719451  0.30562230969477489  0.30995367020950682
  0.31435611873259667  0.31904671712621369  0.32390476852140498  0.32896962791341777
  0.33374307869778841  0.33833644515324035  0.34290836758219989  0.34742784349759459
  0.35212193511511286  0.35749198881448774  0.36316052516976643  0.36855389560360191
  0.37366483708674902  0.37871609798198957  0.38396066050831468  0.38907821359831823
  0.39435503367852270  0.39983179668480645  0.40554973828081603  0.41153756857745982
  0.41780421311185967  0.42441633236027254  0.43061296708232344  0.43694646129927278
  0.44340112769640011  0.45001605065821881  0.45664568652093784  0.46337515417376007
  0.47032007891018474  0.47737495956016462  0.48439059844354232  0.49119056328224114
  0.49763318924826455  0.50407942256545413  0.51060106216206913  0.51720552793200480
  0.52409514558035353  0.53147187383046168  0.53895956097771303  0.54709311188053045
  0.55497737110528522  0.56323582430747976  0.57226200868643318  0.58201457568204029
  0.59278690846915461  0.60403633710865468  0.61632563913245664  0.62901741346867679
  0.64172921389632143  0.65479098057693175  0.66842734569795836  0.68264522096994196
  0.69826142434584881  0.71538812110119399  0.73339537445385805  0.75243907680300370
  0.77424000239339030  0.79964059667938547  0.82719260228562241  1.00000000000000000
   3.1437503447183134E-008  -1.0000000000000000     
 F F F F F F F F F F F F F F F F F F F F F F F F F F F F F F F F F F F F F F F F F F F F F F F F F F F F F F F F F F F F F F F F F F F F F F F F F F F F F F F F F F F F F F F F F F F F F F F F F F F F F F F F F F F F F F F F F F F F F F F F F F F F F F F F F F F F F F F F F F F F F F F F F F F F F F F F F F F F F F F F F F F F F F F F F F F F F F F F F F F F F F F F F F F F F F F F F F F F F F F F F F F F F F F F F F F F F F F F F F F F F F F F F F F F F F F F F F F F F F F F F F F F F F F F F F F F F F F F
  <DiscreteSampler_grid>
  grouped_processes
  1 # 1 for a reference and 2 for a running grid.
  10 # Attribute 'min_bin_probing_points' of the grid.
  1 # Attribute 'grid_mode' of the grid. 1=='default',2=='initialization'
  0.0000000000000000 # Attribute 'small_contrib_threshold' of the grid.
  0.5000000000000000 # Attribute 'damping_power' of the grid.
 # binID   n_entries weight   weight_sqr   abs_weight
    19   10   8.030597410636463E-004   4.789372837945889E-006   8.030597410636463E-004
    20   10   8.030597410636439E-004   4.789372837945859E-006   8.030597410636439E-004
    22   10   8.030597410636463E-004   4.789372837945889E-006   8.030597410636463E-004
    23   10   8.030597410636439E-004   4.789372837945859E-006   8.030597410636439E-004
    25   10   1.066140612753216E-003   5.609203309399202E-006   1.066140612753216E-003
    26   10   1.066140612753216E-003   5.609203309399196E-006   1.066140612753216E-003
    28   10   1.066140612753216E-003   5.609203309399202E-006   1.066140612753216E-003
    29   10   1.066140612753216E-003   5.609203309399196E-006   1.066140612753216E-003
  </DiscreteSampler_grid>
