  0.00276513422665534  0.01401563300268989  0.02598408132915650  0.03735355065373577
  0.04834379906076757  0.05927097419921300  0.07063621559929638  0.08192597447973063
  0.09316008558331874  0.10420300898075950  0.11533674700093277  0.12666957084693325
  0.13799021697216632  0.14897683502981388  0.15949621222767091  0.16963357831724343
  0.17945654767698402  0.18911104318146602  0.19882797052902032  0.20889897866091531
  0.21938056552039481  0.22998440957015898  0.24078598172938284  0.25172444559360690
  0.26261735155646393  0.27314455880540184  0.28329535553560570  0.29350900236316324
  0.30391986603925242  0.31458092345441491  0.32531291423122122  0.33597170023841882
  0.34658241121520578  0.35717112133950280  0.36781077803039353  0.37856169339624329
  0.38927345910392086  0.39970233176116166  0.40987990852792944  0.41998765429935758
  0.43030655507169924  0.44086183694824310  0.45130416474624357  0.46149554629540573
  0.47154423579828131  0.48163311538616554  0.49183012179717572  0.50192539935637892
  0.51197987658141342  0.52202345412378670  0.53236896165507752  0.54305305844238816
  0.55374820949481218  0.56415181476594989  0.57438860812503567  0.58462310480515955
  0.59526822778505506  0.60547914873167530  0.61543313523420407  0.62517037043786639
  0.63528836476757966  0.64560694377875416  0.65590096546822907  0.66627703307040342
  0.67691591642140037  0.68760984247576207  0.69846079022203444  0.70901493704900609
  0.71944908639153871  0.72976446311490684  0.74010645741018444  0.75053233067158209
  0.76104099148840565  0.77158714868551914  0.78217560774354311  0.79250198685464923
  0.80301895115561162  0.81369361934490048  0.82441683744212590  0.83507537348427974
  0.84555441418218102  0.85621145965907264  0.86668397726405000  0.87701994433088393
  0.88748595393982688  0.89832494327016110  0.90920057646367969  0.91990029167601772
  0.93073703872819313  0.94145968643309685  0.95200913877425752  0.96227522559632250
  0.97217350354740539  0.98199450304293467  0.99108815889748469  1.00000000000000000
  0.00293765711488502  0.01453604916051493  0.02732585916027298  0.03931828684953124
  0.05100922992518452  0.06241113040728996  0.07333447045896956  0.08393062295774278
  0.09451381682808732  0.10546062112045670  0.11663384022555220  0.12790874480003356
  0.13887292382806535  0.14973762302433102  0.16049523704433119  0.17110331614107804
  0.18160695188429837  0.19213392343914107  0.20305780131933152  0.21402633388267214
  0.22474989868565204  0.23538664014532598  0.24615895586341990  0.25700587289141646
  0.26759424538119214  0.27782108811248901  0.28809706792305090  0.29845930042341767
  0.30903153929776378  0.31957891678825717  0.32995914294260742  0.34014524767395543
  0.34995227841824139  0.35948613246382621  0.36920310562023451  0.37901379835785520
  0.38904548812083123  0.39947978938480805  0.41028331486621145  0.42110042412560322
  0.43169601525681017  0.44238368080966334  0.45300669910134989  0.46332248549934962
  0.47338000547382958  0.48325270333723103  0.49295608576432465  0.50286359906015965
  0.51335724644249969  0.52435565394454120  0.53544452557761146  0.54604439913830993
  0.55643880006364144  0.56694130527848496  0.57726162656174318  0.58737741251139031
  0.59719032030279984  0.60713212435436004  0.61747732611770234  0.62807767580408447
  0.63859230408029743  0.64920821214541047  0.65980884618716296  0.67063851935388941
  0.68160120068630137  0.69248292828445468  0.70326188501604436  0.71374484372383518
  0.72440675750082884  0.73566094732308307  0.74666079026367860  0.75733311790402769
  0.76767501443899544  0.77831983547539774  0.78926750575647231  0.80005336585631026
  0.81079523170782553  0.82131728815191496  0.83179594551691682  0.84217387088694118
  0.85269038919579265  0.86313704516063838  0.87384246127929044  0.88444364971630340
  0.89489339171074533  0.90484797549104168  0.91461153002528905  0.92464517238901478
  0.93469640704360968  0.94498724006672874  0.95495276870363366  0.96471379532966350
  0.97418991131170807  0.98333710063569124  0.99272932064565655  1.00000000000000000
  0.00000315816283715  0.00000330975311154  0.00000344578716333  0.00000361064942948
  0.00000381692314459  0.00000405844627976  0.00000438051566701  0.00000478061245026
  0.00000528767039241  0.00000584746719498  0.00000650334903208  0.00000725432468790
  0.00000816524040611  0.00000938281943537  0.00001088964845459  0.00001269794823706
  0.00001480142337469  0.00001720370236852  0.00001999240988067  0.00002311816709693
  0.00002662530807030  0.00003057583349839  0.00003510361551545  0.00004027262641361
  0.00004612263389739  0.00005263423423243  0.00005971555393691  0.00006740798244308
  0.00007605591746971  0.00008563598710451  0.00009586828403070  0.00010702092005140
  0.00011875562164168  0.00013117830014764  0.00014456664383620  0.00015882839127940
  0.00017439198302026  0.00019092081894979  0.00020744098111245  0.00022504480285759
  0.00024353653278339  0.00026319546441458  0.00028484707091184  0.00030774031319803
  0.00033179139638120  0.00035754211789160  0.00038382411680971  0.00041235401035489
  0.00044287690748039  0.00047585909363077  0.00051161828316432  0.00055009364876475
  0.00059016061768053  0.00063030394504323  0.00067176950790629  0.00071616402783752
  0.00076375510080516  0.00081599573882184  0.00086988412460254  0.00092789380173649
  0.00099248780628882  0.00106601167859134  0.00114840814454024  0.00123508350918319
  0.00132287869021761  0.00141540262171006  0.00151149341970482  0.00160903271622828
  0.00170760414422108  0.00180673992071901  0.00191042232436107  0.00203032725745142
  0.00217685347372303  0.00233130937706365  0.00246287022718173  0.00260084453237723
  0.00274059724818759  0.00289595463832637  0.00308165220386514  0.00327980151886485
  0.00348095267407606  0.00369911043961502  0.00394558371817997  0.00424737028915634
  0.00462363209073354  0.00513364626392803  0.00574157548743792  0.00638884189872055
  0.00729133388458345  0.00860310223321733  0.01030472810523393  0.01200947839844075
  0.01363864579838185  0.01583778538017958  0.03254712184396574  1.00000000000000000
  0.00000060835535606  0.00000231770026900  0.00000289279100951  0.00000344031163345
  0.00000404952143552  0.00000480442618681  0.00000561187634753  0.00000642280743602
  0.00000731130919906  0.00000833207228660  0.00000945566874776  0.00001062012003976
  0.00001183071833994  0.00001308785777471  0.00001439011102769  0.00001578234142984
  0.00001733704846700  0.00001908322866035  0.00002101285630532  0.00002315701898066
  0.00002558455899166  0.00002835163809037  0.00003149038257084  0.00003519706624100
  0.00003951354522266  0.00004456052412467  0.00005055331499575  0.00005758346181048
  0.00006551819023985  0.00007423429905582  0.00008348209251620  0.00009348481230914
  0.00010414900355177  0.00011549204408918  0.00012748083526004  0.00014024616081456
  0.00015358612416234  0.00016787677053504  0.00018285461606675  0.00019849582285475
  0.00021501093732950  0.00023224783608736  0.00025014677305381  0.00026948747965731
  0.00029023018788886  0.00031272247216448  0.00033740077824219  0.00036348706900314
  0.00039108466473146  0.00042088367191539  0.00045472045199634  0.00049119336414616
  0.00052993748465812  0.00056880046666744  0.00061366698648641  0.00066337798766048
  0.00072130236230434  0.00078271048700016  0.00084802824895905  0.00092037835540752
  0.00099754563095971  0.00108095395896096  0.00116940050490059  0.00125429647781492
  0.00134004435164456  0.00143720529030924  0.00154638518046419  0.00167618249357019
  0.00182403428206276  0.00197732971188555  0.00212132248242378  0.00225782389277815
  0.00240828121334785  0.00258218350181216  0.00280087690416075  0.00306625266705187
  0.00335479894545674  0.00364042390474572  0.00395892131867769  0.00426504733394889
  0.00458260021541860  0.00491830301639264  0.00527933755400087  0.00566791216954054
  0.00604061951544980  0.00637988462888002  0.00672229400590983  0.00706293055379762
  0.00747690025430242  0.00810084780322917  0.00918497736273254  0.01039137212182676
  0.01138010427409889  0.01266745001747901  0.02490401864197791  1.00000000000000000
 -0.00220250032551928  0.00814833937096397  0.01751502328063335  0.02797032258612594
  0.03824318421865851  0.04808306662444560  0.05769700782017038  0.06737900984781928
  0.07741882591905942  0.08728394848795620  0.09733859946193014  0.10756926986628368
  0.11806160188213272  0.12819240266854992  0.13827121840335768  0.14787533392193311
  0.15746810332507374  0.16714904439992992  0.17691027579725827  0.18671666499664769
  0.19620413956589719  0.20567128889511907  0.21529564373644908  0.22507824540129667
  0.23499457111409297  0.24500685809462383  0.25528905303214866  0.26580970468515941
  0.27626721210140981  0.28658507565693564  0.29684547873892242  0.30718191421064411
  0.31774762624346786  0.32848448435828193  0.33919368989656429  0.34963184322193291
  0.35979995092761102  0.36981528308302009  0.37969267999203671  0.38954974464891617
  0.39945341847863836  0.40979447764982757  0.42053067165518432  0.43131082142425925
  0.44213615106956883  0.45304902130388497  0.46411018887017380  0.47522533608972706
  0.48648432609416420  0.49758534374912206  0.50837565417206465  0.51912099296145675
  0.53023019093192081  0.54167585863727474  0.55291833909535848  0.56385410741041164
  0.57475570634076978  0.58570427135383463  0.59667846076818432  0.60749881868447120
  0.61835054786874843  0.62936791156346705  0.64034194757727569  0.65131471945510822
  0.66237839139806642  0.67372355080517055  0.68545900983808461  0.69719691605854783
  0.70843991722617483  0.71919871884374453  0.72981278513923020  0.74049844852719260
  0.75125420328845205  0.76228117485471525  0.77359471626733900  0.78461089926002903
  0.79530485712078403  0.80595095131752559  0.81685375205112043  0.82756871626999784
  0.83812397863381527  0.84869108734004106  0.85952330346466055  0.87053679018916774
  0.88152291006911809  0.89275630301383391  0.90392732146487376  0.91499536587567476
  0.92556833691095719  0.93612689421720796  0.94690797799104265  0.95755106282284841
  0.96806213371783534  0.97830549325903915  0.98921606307619936  1.00000000000000000
 -0.00245481003131624  0.01007099816323937  0.02029884558036057  0.03065892356116069
  0.04098389570862161  0.05149016344743342  0.06189883935287645  0.07272207261192057
  0.08374983928057923  0.09490206664093340  0.10588291170735899  0.11677895508833480
  0.12760515114293974  0.13823523777418631  0.14863753755368961  0.15869532473754180
  0.16898860600799864  0.17947276655022443  0.19019225013030869  0.20047242803796889
  0.21034024640435739  0.22073883579219275  0.23089042641986759  0.24174995594527249
  0.25208185662382815  0.26281666413034005  0.27329597491331298  0.28386233800929428
  0.29437058663435567  0.30470984908469323  0.31484151216643652  0.32524920881897001
  0.33586757206828227  0.34666283764439415  0.35735977349459641  0.36816728295897422
  0.37917022986931059  0.39017590107177291  0.40083666563185683  0.41117963822918724
  0.42152636711324776  0.43215960331425490  0.44310463361736291  0.45370882726845491
  0.46414681469906466  0.47435271715347233  0.48458615609917688  0.49493721823104608
  0.50584567185712537  0.51673342998939265  0.52772468458846078  0.53809142527767795
  0.54873447316077717  0.55886124627398637  0.56943422282156131  0.57970054190692188
  0.59022501934164351  0.60035834965075874  0.61068619318732609  0.62109585371956166
  0.63175274972574524  0.64232831954932523  0.65305132476620309  0.66357569022935037
  0.67404520344227503  0.68451886975065190  0.69505628655783525  0.70533990715775463
  0.71523842992471787  0.72516228268403893  0.73537835866568391  0.74606697982786763
  0.75659220825605533  0.76696051859188319  0.77742893778087452  0.78805554814689760
  0.79846834369381781  0.80868887071276419  0.81886250763872770  0.82925262665650989
  0.83937534264132996  0.84961632457416059  0.85979511809597176  0.87017425309763441
  0.88059577025234670  0.89134244062988910  0.90210797683125821  0.91286896262286410
  0.92282544161161750  0.93303194851270776  0.94320072109458242  0.95400245178322252
  0.96490180736978848  0.97642074593598216  0.98817966230899812  1.00000000000000000
 -0.00235232198357752  0.00910129349826421  0.01826486972646350  0.02801065190479701
  0.03696883288839745  0.04553631419255982  0.05387669239431016  0.06226441093407531
  0.07112370919612149  0.07999253727871068  0.08887480819006180  0.09766266437571185
  0.10630479758367138  0.11499481591650533  0.12385096036837755  0.13291292406445554
  0.14201723024001986  0.15095593748376657  0.15971418517218963  0.16833308803082553
  0.17716660106251769  0.18626741296453511  0.19543936837109666  0.20459772057335679
  0.21369053891249115  0.22272587017384954  0.23175427660281669  0.24097685112378092
  0.25050966263822855  0.26014660832743419  0.26969940586607077  0.27894406067052407
  0.28834091355867797  0.29760791812732701  0.30709799040734792  0.31674911969891872
  0.32630841747019074  0.33578268286174145  0.34500238410477363  0.35436847313722986
  0.36407184538474663  0.37403095116437934  0.38472288388636305  0.39506944765949914
  0.40520721756844835  0.41521864224361843  0.42536333856847586  0.43565200872668769
  0.44578257054613368  0.45589188724665941  0.46622929052176559  0.47638182218969638
  0.48633993958537014  0.49628378000276324  0.50664906805541632  0.51743375346547571
  0.52841033328912290  0.53962190025039025  0.55080253949576008  0.56232084820819361
  0.57375471361471198  0.58532844753877777  0.59701103789565635  0.60878370650378100
  0.62058910574297710  0.63182319717062718  0.64299971536688771  0.65451151884151482
  0.66655894826407636  0.67841032692314995  0.69004415760434323  0.70182027278456227
  0.71369217773680671  0.72555633289799770  0.73734277531032222  0.74930498618196417
  0.76142745093917796  0.77439945529637677  0.78785697428308177  0.80044048371146415
  0.81206512351693150  0.82362960681397845  0.83551382414304964  0.84733949566125555
  0.85917992102020191  0.87135605619853873  0.88379308545212776  0.89635056299477034
  0.90893821342995884  0.92166505231909857  0.93416756173696025  0.94646495191131819
  0.95896822308782093  0.97212320308025091  0.98612753702323497  1.00000000000000000
 -0.00240033689290372  0.00903095625046950  0.01857569797874005  0.02907663695633514
  0.03952765496823126  0.05039009523274183  0.06095719557725354  0.07141132990839154
  0.08194190001647121  0.09271833362504292  0.10368686202684570  0.11433005203305353
  0.12481395273503038  0.13539612140496762  0.14566511222762848  0.15564730883369571
  0.16566962973427646  0.17579989757454845  0.18608530574636256  0.19653237562608800
  0.20700870543536490  0.21733712182073639  0.22766122527792784  0.23799142832073666
  0.24856948076557625  0.25853843978286239  0.26895461902014500  0.27960305590460716
  0.29068140983954066  0.30123000414646439  0.31189932655605412  0.32259798839842835
  0.33372576989716962  0.34420616849240232  0.35420715994317842  0.36418997766504779
  0.37416622089122853  0.38438427470893416  0.39482227188414831  0.40524103469263750
  0.41554484409619580  0.42561179341823480  0.43552109138779882  0.44587556877605672
  0.45666911298951357  0.46799767406975618  0.47918602335115179  0.48983783250159951
  0.50035743493373064  0.51116531590049352  0.52178393016540781  0.53239090174477022
  0.54288831499356438  0.55410170574531858  0.56553089490623309  0.57720787679876295
  0.58819195398984836  0.59860600035504441  0.60899114374588414  0.61968452780778527
  0.62959759534194493  0.63955934116322133  0.64917764819528778  0.65976345220688482
  0.66984783767008660  0.68055239387714161  0.69071441173856574  0.70144973500415841
  0.71183718590976386  0.72284873230053981  0.73307832098974468  0.74351715916348948
  0.75390544815415728  0.76480439901107444  0.77581884975755711  0.78691078322252228
  0.79831347735704916  0.80982310253677847  0.82151190039351507  0.83281214853987251
  0.84331679058307107  0.85350107076466641  0.86368175568167249  0.87364616646606008
  0.88369618299654618  0.89380254627920708  0.90512557947865713  0.91629222541827349
  0.92722096263104237  0.93809968536469168  0.94904818322357076  0.95981824209534994
  0.96997481594295332  0.97992932186835247  0.98996428364397104  1.00000000000000000
 -0.00244624307600556  0.01031561233599028  0.02073688831237649  0.03112999045119787
  0.04151270684850316  0.05161172081957843  0.06181969540443894  0.07202836987176628
  0.08251999993525388  0.09324534186043437  0.10385933956992646  0.11401617529797058
  0.12424028708936402  0.13468912138372760  0.14563094812585353  0.15627084896630120
  0.16709975358153656  0.17803512195148274  0.18918005475556579  0.20045270134945700
  0.21185885142809346  0.22327000327449883  0.23415141333083489  0.24478469524239091
  0.25552032792853774  0.26634657950387897  0.27740727331600512  0.28816196258646826
  0.29887533761464469  0.30939170125479365  0.31984770710087190  0.33013132098025771
  0.34047983595042242  0.35122359660633412  0.36223880970373956  0.37329440928771118
  0.38408505880546551  0.39477816292099666  0.40533202973273541  0.41579911600970204
  0.42630830705009387  0.43672023764087337  0.44696809941107363  0.45724455051052992
  0.46756730257222290  0.47793323953792394  0.48823489891520372  0.49864577438003299
  0.50922876614369161  0.51991495165248680  0.53071058101358026  0.54173759964503010
  0.55283815578984763  0.56351516466318907  0.57401117549622216  0.58457959036983254
  0.59501519909686251  0.60492411582758343  0.61430947929577084  0.62362887095331720
  0.63316470563690108  0.64276957188959660  0.65257860151310898  0.66265832086754761
  0.67328416543632641  0.68422240675359758  0.69494740313797809  0.70544706160309101
  0.71579678259346757  0.72644873760859563  0.73722906543137112  0.74788175071807383
  0.75863482516391889  0.76965208907528126  0.78073428233077724  0.79155961390769924
  0.80207181195265442  0.81235639446268315  0.82241070989004128  0.83224115060566295
  0.84205242516984613  0.85213012020288903  0.86272558560542467  0.87365041601622828
  0.88423337931754131  0.89458766581634708  0.90490731549571468  0.91553176981959250
  0.92662131015681082  0.93748319168335170  0.94799560278911876  0.95832386579494200
  0.96849501742436273  0.97890067261637426  0.98936667151636326  1.00000000000000000
  0.00003319565527411  0.00027347220938741  0.00048862293282469  0.00062506308323228
  0.00074990145007326  0.00085910374960195  0.00096994205771289  0.00108228154046500
  0.00120101974600153  0.00132226893030257  0.00144644182871635  0.00157362909680976
  0.00170311915022038  0.00184041161267191  0.00197957893995741  0.00211975096336566
  0.00225921045901786  0.00240252758021569  0.00254833923118819  0.00269281763595368
  0.00284027813588433  0.00299043975291113  0.00314490832388724  0.00330334523812446
  0.00346510487500044  0.00362100870507952  0.00377855693985622  0.00393744175667733
  0.00409760229745185  0.00427428300824685  0.00444245984900701  0.00460852899485909
  0.00478185133417771  0.00495126215635862  0.00513167652039832  0.00532371819738199
  0.00551869015091967  0.00571406961476579  0.00590991195332832  0.00612011994641549
  0.00630709501864951  0.00646711604095887  0.00662089358072410  0.00678628813687409
  0.00696228407647886  0.00714885836970297  0.00736244393047634  0.00756338094765638
  0.00774640098834282  0.00794327466855937  0.00813678981682105  0.00832170156145905
  0.00851938147834795  0.00872497606403249  0.00894335466895577  0.00933305224579938
  0.00963333916426193  0.00991943799793647  0.01020032630048085  0.01048621405273495
  0.01081132393430020  0.01105571808227844  0.01131033730057922  0.01157723177309296
  0.01186805215525742  0.01218556251102471  0.01247684728371098  0.01274408865252092
  0.01299748487568896  0.01324866686439393  0.01356491787211411  0.01403672953155143
  0.01453851124253277  0.01497454542886805  0.01528337996740742  0.01557069912830865
  0.01587501579666120  0.01616640806099056  0.01647003667405153  0.01682422308215514
  0.01722615466741039  0.01769430156593852  0.01817202720999441  0.01865555369184860
  0.01915550346026357  0.01966967548162716  0.02041854086507394  0.02121945532765087
  0.02214962381895372  0.02623503405388401  0.02790094441209529  0.03007246541348834
  0.03099318653999036  0.03812470822324652  0.06125746076108970  1.00000000000000000
 -0.00241966389973175  0.00895312481064587  0.01955569255720327  0.03068323244965995
  0.04254031029736400  0.05385275432438459  0.06502876153508305  0.07569619593796698
  0.08671309817434214  0.09774106859768039  0.10904442690772441  0.12027739063950875
  0.13136886135319170  0.14245650230651824  0.15315492806268055  0.16419928701227562
  0.17519529933312178  0.18626552635114191  0.19747856708719574  0.20857297999607505
  0.21975120631218997  0.23080862186088441  0.24172217548053745  0.25212972524160310
  0.26214310739399099  0.27216664386728540  0.28275008680190883  0.29353666616076679
  0.30433880329545587  0.31503299354229281  0.32540270355161272  0.33540827047033706
  0.34503974183761804  0.35489129115296075  0.36508765587706221  0.37574298762818170
  0.38668026480713003  0.39765356467284607  0.40839788598444987  0.41914126090770143
  0.42978733393956670  0.44045910383978942  0.45097371922314400  0.46108374522127399
  0.47044102116944719  0.47962138891722600  0.48900049241424026  0.49917562341082344
  0.50922716344029229  0.51877691516093138  0.52817870570842129  0.53783655863333546
  0.54805665187824393  0.55855124504053466  0.56921599238585741  0.57964313574560400
  0.58940182260040397  0.59873133062117789  0.60809146498047673  0.61795863880313862
  0.62783402556098122  0.63753848256054124  0.64750220863080765  0.65789204181403249
  0.66853443825542491  0.67931783923893163  0.69042358660054082  0.70116673066434476
  0.71216499554585844  0.72290646842018103  0.73368036397517189  0.74403260502969826
  0.75473073767947796  0.76567098919682652  0.77631808171433514  0.78675840730083846
  0.79737172742343476  0.80843451171716496  0.81956057402075211  0.83014734166593784
  0.84066201987845268  0.85117033443873924  0.86220314631058970  0.87347248449809389
  0.88452847056584438  0.89542499571514533  0.90619278241862755  0.91686074580396137
  0.92696382613714756  0.93685111495748330  0.94694943263684317  0.95758970891369621
  0.96855834223310100  0.97920166482246862  0.98950101680758640  1.00000000000000000
  0.46301222027864503  0.52638481240123125  0.54627717997029046  0.56703733799897127
  0.58093267425867035  0.59596268677767106  0.61198684954747307  0.62601053801005146
  0.63815530168337031  0.64927499108820674  0.65965112706787421  0.66929812333346017
  0.67815304701320145  0.68640280938961695  0.69415297727314107  0.70167672418857230
  0.70903629627720444  0.71603277637403284  0.72284601792269187  0.72943858012173568
  0.73556655472210575  0.74147683823708432  0.74729024319965898  0.75287753175938321
  0.75828016928923492  0.76348770921999431  0.76855950120201266  0.77338046081092537
  0.77812190623796273  0.78283431525347913  0.78759732301641916  0.79219257815031285
  0.79669866859766936  0.80105922089504589  0.80539778184701127  0.80972217858124274
  0.81391423055430645  0.81787960504636603  0.82173739764109111  0.82549283609016788
  0.82913451653555148  0.83272403535580786  0.83622641609999193  0.83965564104509727
  0.84301925198094085  0.84619632235027997  0.84930029036430721  0.85231199720078832
  0.85526838544812112  0.85817098339925069  0.86105916446619135  0.86388383014003234
  0.86668803626144053  0.86960117402622716  0.87249196008236996  0.87530140749326479
  0.87803509510620292  0.88070018896529412  0.88341823295311150  0.88621978802531998
  0.88906512027097329  0.89200832784728745  0.89482501393788350  0.89754468787588604
  0.90023531028085413  0.90291407586955530  0.90567136056685782  0.90858616822991400
  0.91155017405602601  0.91458444840167541  0.91763691497265587  0.92056818975719590
  0.92359578336144055  0.92658859898883694  0.92949423529191599  0.93237966638419589
  0.93524851588437230  0.93813908164423743  0.94109287308022738  0.94408506917740742
  0.94706973063603561  0.95005005058778635  0.95303601948293304  0.95596934375093012
  0.95895654941188868  0.96201092475604666  0.96512548187494385  0.96830778490557867
  0.97148480139835736  0.97464039101388378  0.97782922543318473  0.98117711398995544
  0.98479939476623868  0.98883003350037646  0.99370335783544705  1.00000000000000000
  0.05617699780839637  0.09911530907227731  0.11524604440167230  0.12774564152362722
  0.13797562803073951  0.14710215369014920  0.15505025673544548  0.16232484400039784
  0.16901410313760262  0.17487908620645318  0.18038998739091033  0.18577369492074389
  0.19033963116037872  0.19489093004776736  0.19954619645362587  0.20432821247308727
  0.20917261301598922  0.21400696808828298  0.21871161580489515  0.22334917797470413
  0.22821648685225848  0.23301989982523647  0.23783706214084888  0.24263197514474141
  0.24741521646462367  0.25224698590804684  0.25709577124264427  0.26192247551244491
  0.26672238446221597  0.27147522314453731  0.27617308909050697  0.28087937563656712
  0.28564790546452801  0.29035794216767297  0.29506189245450215  0.29969067864695670
  0.30435748549950553  0.30889711247115126  0.31364279864203359  0.31842275615613191
  0.32321346349278623  0.32801427415531492  0.33276882281363307  0.33751123570136005
  0.34240165084070656  0.34755979711527102  0.35277878994269818  0.35807859347487314
  0.36344755025168846  0.36886110648928966  0.37436263811925091  0.38000669659097475
  0.38577121304669826  0.39148465242843311  0.39740102817723988  0.40349365373117724
  0.40973576654619770  0.41601715657857907  0.42237423468269852  0.42871983434873684
  0.43521065156647559  0.44199283417542184  0.44893938188478977  0.45590443905993017
  0.46290164937627626  0.46999371158958630  0.47721992054635054  0.48439042329617765
  0.49170918962967680  0.49921757296683272  0.50740174544675121  0.51599302678712999
  0.52484374480537022  0.53395401308814849  0.54306690917107214  0.55190001817698064
  0.56102705526273522  0.57007987547911509  0.57967772483628643  0.58965540317518605
  0.60026090307873958  0.61121899288789161  0.62255528001717264  0.63456140293109775
  0.64740824185891599  0.66114330469631555  0.67560766027370323  0.69102947493027667
  0.70735488381957345  0.72519527375906900  0.74428428854775253  0.76395947452085888
  0.78648195684830813  0.81314089842480453  0.85118222667150267  1.00000000000000000
   2.0742892956378155E-008  -1.0000000000000000     
 F F F F F F F F F F F F F F F F F F F F F F F F F F F F F F F F F F F F F F F F F F F F F F F F F F F F F F F F F F F F F F F F F F F F F F F F F F F F F F F F F F F F F F F F F F F F F F F F F F F F F F F F F F F F F F F F F F F F F F F F F F F F F F F F F F F F F F F F F F F F F F F F F F F F F F F F F F F F F F F F F F F F F F F F F F F F F F F F F F F F F F F F F F F F F F F F F F F F F F F F F F F F F F F F F F F F F F F F F F F F F F F F F F F F F F F F F F F F F F F F F F F F F F F F F F F F F F F F
  <DiscreteSampler_grid>
  grouped_processes
  1 # 1 for a reference and 2 for a running grid.
  10 # Attribute 'min_bin_probing_points' of the grid.
  1 # Attribute 'grid_mode' of the grid. 1=='default',2=='initialization'
  0.0000000000000000 # Attribute 'small_contrib_threshold' of the grid.
  0.5000000000000000 # Attribute 'damping_power' of the grid.
 # binID   n_entries weight   weight_sqr   abs_weight
    19   10   1.469993232156032E-001   7.748995845589059E-002   1.469993232156032E-001
    20   10   1.469993232156028E-001   7.748995845589002E-002   1.469993232156028E-001
    22   10   1.469993232156032E-001   7.748995845589059E-002   1.469993232156032E-001
    23   10   1.469993232156028E-001   7.748995845589002E-002   1.469993232156028E-001
    25   10   6.002062959865769E-002   8.923709844761802E-003   6.002062959865769E-002
    26   10   6.002062959865765E-002   8.923709844761795E-003   6.002062959865765E-002
    28   10   6.002062959865769E-002   8.923709844761802E-003   6.002062959865769E-002
    29   10   6.002062959865765E-002   8.923709844761795E-003   6.002062959865765E-002
  </DiscreteSampler_grid>
