  0.00382395237147835  0.01546509478813175  0.02803045783511067  0.03952933550972594
  0.05083357706324614  0.06225656336558370  0.07336437208438590  0.08399698003927622
  0.09663597557614498  0.10941708743397364  0.12024743105530640  0.13056578658220075
  0.14179547987930480  0.15537070062449879  0.16781917933580295  0.17924125359650267
  0.19130865260569571  0.20376670836994429  0.21596617944443491  0.22714077645931191
  0.23821617911348197  0.24963535439752363  0.25973506584259137  0.27051442050321706
  0.28195478136056651  0.29638842128422394  0.31212391257177252  0.32758941268775998
  0.33858429680840574  0.34840165930596989  0.35830555126881558  0.36808333324318110
  0.37512141975760793  0.38190354126024539  0.38834409029723282  0.39540135510445346
  0.40467618006730838  0.41462711157786225  0.42265966161830498  0.43049087204950748
  0.43814006064737376  0.44574548868295011  0.45345221270193381  0.46137874013972296
  0.47123196612337270  0.48059262754811305  0.49078965017976861  0.50049579343156736
  0.51161224156932550  0.52327506300406557  0.53226290435469381  0.54079554110802297
  0.54863943046839225  0.55494698458056391  0.56151126412283825  0.57176675128542698
  0.58215734016321874  0.58972198500377393  0.59767310254996708  0.60563979153230851
  0.61318704290193826  0.62366805001484027  0.63567386884572097  0.64752982041251450
  0.65968125074924933  0.67146716844348997  0.68272241761704677  0.69301113071771669
  0.70306072843361778  0.71347819360177234  0.72432719966194825  0.73541159031214109
  0.74616114940978584  0.75703089454633610  0.76909529404764088  0.78095000867268638
  0.79159889365929859  0.80169476158892938  0.81181616302636539  0.82161528920038329
  0.83294234498366682  0.84480552598892000  0.85673754895248033  0.86891476727666594
  0.88112064173706073  0.89208163513225491  0.90217507791003060  0.91204408503509315
  0.92202498623083740  0.93358589560778227  0.94430259592890142  0.95663614931683416
  0.96708825898525586  0.97702872778182459  0.98768767102033206  1.00000000000000000
  0.00000204332580994  0.00000232366669284  0.00000254964042068  0.00000276061088318
  0.00000295954029200  0.00000317192939402  0.00000341124554316  0.00000365458816546
  0.00000382613080677  0.00000396279102877  0.00000409457980821  0.00000421530825979
  0.00000432738226189  0.00000443523802876  0.00000461075348247  0.00000480683810216
  0.00000502729075399  0.00000533298294625  0.00000565713318611  0.00000601310475768
  0.00000638035471467  0.00000677542909786  0.00000718921463945  0.00000761291289303
  0.00000810210091718  0.00000863929520405  0.00000920882141119  0.00000961749176116
  0.00001003556931118  0.00001046231941507  0.00001091122164503  0.00001124286418091
  0.00001169265509268  0.00001222888365414  0.00001285056193139  0.00001356595477395
  0.00001436570726557  0.00001516187712666  0.00001607059939541  0.00001711413011913
  0.00001842028593647  0.00001992836855965  0.00002135134513319  0.00002274190672362
  0.00002418191126530  0.00002562986642222  0.00002719814074600  0.00002880253692096
  0.00003043968971617  0.00003221754764063  0.00003416911804236  0.00003633301179730
  0.00003893277563580  0.00004100859728076  0.00004312778533952  0.00004545813431585
  0.00004800321683872  0.00005101880073620  0.00005463163387695  0.00005879646562582
  0.00006338031890858  0.00006897303749380  0.00007500185905947  0.00008190130191279
  0.00008836100975423  0.00009674708016734  0.00010528922507309  0.00011405737322845
  0.00012400883265684  0.00013627865134363  0.00015299549443129  0.00017211141801803
  0.00019648547446929  0.00022250643729366  0.00025170043279982  0.00028673661078602
  0.00032883788737394  0.00037564299545223  0.00042206735170228  0.00046793776611202
  0.00053590351637107  0.00061403449941801  0.00069297138311151  0.00077957691187677
  0.00087122604181338  0.00100912945646368  0.00122278941120090  0.00153596763243821
  0.00194665693826929  0.00235937162963860  0.00286580322897364  0.00384414071655727
  0.00512845712591061  0.00662003145507324  0.12501134360760208  1.00000000000000000
  0.00000292300160060  0.00000308693033992  0.00000321889854138  0.00000333024104388
  0.00000339017551893  0.00000345010999399  0.00000353497114457  0.00000362948875495
  0.00000374496327443  0.00000388652599062  0.00000404333869728  0.00000416584205224
  0.00000425468466831  0.00000435163049137  0.00000445345691793  0.00000456303383456
  0.00000468312669598  0.00000479637021266  0.00000492365056530  0.00000507333298338
  0.00000525844776077  0.00000545857908791  0.00000568746828269  0.00000599389736091
  0.00000633278274112  0.00000670896968758  0.00000710706100789  0.00000756470276784
  0.00000799790496706  0.00000848355605319  0.00000901183537387  0.00000958534003094
  0.00001022829115505  0.00001083845470306  0.00001153951562188  0.00001236460463176
  0.00001348814973677  0.00001477858113446  0.00001605907466442  0.00001751724393552
  0.00001918963706184  0.00002078130551407  0.00002252872318510  0.00002448267774256
  0.00002701689436669  0.00003012526942007  0.00003370151296860  0.00003759733661139
  0.00004192754233276  0.00004718909471185  0.00005347692004985  0.00005919937514949
  0.00006376415205320  0.00006864259609977  0.00007510315001763  0.00008378191666072
  0.00009451680841688  0.00010726360178747  0.00012337342135303  0.00014074419317780
  0.00015719629897894  0.00017459598400627  0.00019655358205424  0.00021879712810253
  0.00024403291863678  0.00027237570360981  0.00030611546307919  0.00034043948971185
  0.00036336478692749  0.00037813289704454  0.00039416219896061  0.00041219925408686
  0.00044102998437424  0.00049028145962824  0.00055258618622022  0.00061622433626782
  0.00068831348708730  0.00078520241801479  0.00089618153205359  0.00102748324531488
  0.00110290320111897  0.00117399782455705  0.00125846913934850  0.00136645049912776
  0.00149391335242626  0.00162659677469758  0.00184924284972450  0.00229902774209671
  0.00283847930106005  0.00343534030524343  0.00410554851803490  0.00517766287042100
  0.00713178048922221  0.01088095389798530  0.14190913488847062  1.00000000000000000
  0.00000258387284364  0.00000492507494473  0.00000594150209758  0.00000672707658564
  0.00000740283903191  0.00000811801441272  0.00000878634957610  0.00000930411482762
  0.00000987233242733  0.00001053825014166  0.00001133436801207  0.00001198167740685
  0.00001265905519953  0.00001339923726273  0.00001436099538674  0.00001561891317033
  0.00001726224227757  0.00001902195183967  0.00002064666003879  0.00002228737775548
  0.00002382449613268  0.00002551199144744  0.00002737824132230  0.00002953623765859
  0.00003227944856775  0.00003526210128022  0.00003843140888489  0.00004115669144588
  0.00004358902927098  0.00004622281737099  0.00004907397803003  0.00005203152361979
  0.00005509838606536  0.00005839697124654  0.00006163792618358  0.00006534363025228
  0.00006982457045009  0.00007459181990481  0.00007895952021251  0.00008322667579785
  0.00008725357760697  0.00009151394317874  0.00009595089648519  0.00010076172088621
  0.00010665293186241  0.00011452910504305  0.00012339100766469  0.00013163784465418
  0.00014008989325614  0.00014944602527575  0.00016017091312021  0.00017217141031952
  0.00018386114944439  0.00019799476998741  0.00021035920407847  0.00022412055606828
  0.00023887635142668  0.00025640085643650  0.00027355667451596  0.00028876195328614
  0.00030367046184258  0.00032141304538482  0.00034533030490616  0.00037316541468314
  0.00040336488741937  0.00043253084052817  0.00046160587807941  0.00049298231169840
  0.00052840702799629  0.00056562924338949  0.00060559421408162  0.00065573481635205
  0.00072326633882881  0.00078375881992423  0.00084785776818009  0.00090897839310955
  0.00097740365824477  0.00105729441258932  0.00114471688713897  0.00124067318642382
  0.00133830508205443  0.00144308638681275  0.00157407842465384  0.00176325987219920
  0.00196911342579076  0.00217761944256289  0.00239815739501355  0.00267524411355627
  0.00299450191989765  0.00353422019199814  0.00447928252772414  0.00579048417813127
  0.00711893736954936  0.00894537402745350  0.06018875518159732  1.00000000000000000
 -0.00340702000891726  0.02153604950015338  0.03912985508911285  0.05715637245144634
  0.07548712462170025  0.09315911455547701  0.11080995255502278  0.12892449638257117
  0.14391559690248953  0.15486837193929320  0.16387143816990135  0.17262526134944259
  0.18557932066205640  0.20224514095136512  0.21752224092413361  0.22859248277319535
  0.23943720029909513  0.25278792852867926  0.26725014834742927  0.28117904303083052
  0.29386852596039498  0.30833267136937487  0.32112822606395863  0.33186612315112152
  0.34139464486806981  0.34993342237424591  0.36128295289867512  0.37181393340255925
  0.38337338523389963  0.39404170944443678  0.40256436400577134  0.41059024019259999
  0.41898402424435366  0.42801111186373603  0.43573479513214675  0.44328435588239523
  0.45244274738583390  0.46632019479088849  0.48085637969495471  0.49439913244998934
  0.50535729806753815  0.51557398080105699  0.52506423676453673  0.53384924992908189
  0.54303618573470303  0.55248732634820008  0.56301909504073910  0.57720304379285603
  0.59068070539505024  0.60222723983546955  0.61254285398631947  0.62404799041645709
  0.63610447257624581  0.64877153030323853  0.65911231917507584  0.66677429727131188
  0.67415840193765941  0.68134543246981172  0.68876074081968308  0.69966446312380481
  0.71086573699653222  0.72247721912695895  0.73369616637359547  0.74361385961995752
  0.75355194605509224  0.76326690739379921  0.77294570848757382  0.78266266466894763
  0.79245722603181190  0.80301351694772327  0.81272372759332523  0.82198958818955636
  0.83027427032232270  0.83747676369829038  0.84411798078314082  0.85112518817844263
  0.85808190616726254  0.86456774001713721  0.87082341085271664  0.87719480722772691
  0.88383977605523245  0.89172827616067385  0.90091465359472200  0.91040658351968184
  0.91947134765752281  0.92762579311271653  0.93567912815316945  0.94375779070064914
  0.95255982477762791  0.95992272052467653  0.96605552737070699  0.97174790015985191
  0.97737273676849745  0.98262512337445418  0.99082909953403198  1.00000000000000000
 -0.00223310923628092  0.01095663334127699  0.02099739706293031  0.02946676479160212
  0.03889161319389151  0.04836162753000178  0.05999301548028578  0.07211664486718078
  0.08440404983415861  0.09682178319093264  0.10934224566560315  0.12133081145446792
  0.13212970869583004  0.14222372577323900  0.15177249086261987  0.16264747226065662
  0.17442681052265505  0.18603360074913361  0.19966848315533517  0.20854134454297321
  0.21607299734353941  0.22353539639231129  0.23077987972495231  0.23774953575687713
  0.24624986157766954  0.25567895890631576  0.26570525086587876  0.27728797386507498
  0.28945805435953703  0.30085572397975269  0.31167496058352689  0.32242711870647295
  0.33297845833092171  0.34423554783864296  0.35718908148031125  0.37052087381971432
  0.38327189580376353  0.39517652182569818  0.40701250937417205  0.41686997891223482
  0.42769130631843527  0.43819600211516679  0.45184337015920345  0.46698802226058045
  0.48127494734099324  0.49298428495029906  0.50395994915557130  0.51460762683755923
  0.52536131427109067  0.53621409324264513  0.54586423077651269  0.55630066137461831
  0.56517515787698602  0.57575232474452054  0.58605876239055110  0.59856638750680802
  0.61154092442034602  0.62446611051238810  0.63666821597076328  0.64698403414618622
  0.65651696796919523  0.66603164641454593  0.67779208353898868  0.69040368338943880
  0.70276705506512005  0.71271448816427352  0.72242632656892580  0.73130692159742905
  0.74074083481250386  0.75352484452873258  0.76552454693769112  0.77543163925103253
  0.78398809484305976  0.79394512432563469  0.80560718787158414  0.81714393134675711
  0.82732607021569260  0.83702687918809571  0.84790437270336350  0.86097067134319660
  0.87369618279772387  0.88536125897616536  0.89594608035913226  0.90585667795441593
  0.91584175680241775  0.92301075603777616  0.93063674113268591  0.93885813567741805
  0.94753978567712405  0.95758943399025165  0.96447605418250848  0.97056393345949743
  0.97664508888209089  0.98347288296476409  0.98941902968015882  1.00000000000000000
 -0.00311558800048597  0.01170896430247663  0.02403742367527205  0.03556725146994063
  0.04591624634060008  0.05631906346955944  0.06741546951868137  0.08053393776586895
  0.09361570090299628  0.10526911680776517  0.11728795758144456  0.13174851490821921
  0.14776337627222608  0.16248284287638473  0.17632189252139863  0.18871267143619072
  0.20152040910540631  0.21677550333131643  0.23171834968883817  0.24436130749644974
  0.25527452139985018  0.26770497613562472  0.27962521691052794  0.29419775189720171
  0.30921016182288080  0.32457295478592962  0.33688425325084681  0.34758203136615951
  0.35775025836695079  0.36876154882887346  0.38053161706394412  0.39087226122075408
  0.40218743512028371  0.41489545740487926  0.42746326175374189  0.44007585019294149
  0.45401587149469230  0.46726335382881773  0.47921566943806215  0.49059816526158723
  0.50149263625192153  0.51124807078891599  0.52017611119434670  0.52922854509055384
  0.54000995260595186  0.55212371226896839  0.56213557358076216  0.57314570079041938
  0.58349288944584832  0.59517578087600531  0.60596908896422574  0.61704820952292683
  0.62788899900735795  0.63864177717687176  0.64931880493159166  0.65987232752829028
  0.67069456098138691  0.68261634961007611  0.69472822468312645  0.70454813976700481
  0.71330418739573354  0.72109802625035613  0.72917112207245016  0.73830078605150662
  0.74723931864890525  0.75548335907551301  0.76337125384514048  0.77205061369401073
  0.78242036027499551  0.79313863370608495  0.80073621089787450  0.80696812579974375
  0.81327367638758796  0.82003900827334075  0.82843328492005119  0.83934913116972154
  0.84937516855574124  0.86011059476425256  0.86973931789392356  0.87806905446931838
  0.88565532611058750  0.89397727391389770  0.90353624253191755  0.91340662481167667
  0.92379329880179029  0.93483526530669281  0.94659995467706892  0.95188911936921583
  0.95760728365596148  0.96313814639684237  0.96893318229589309  0.97429937271802769
  0.97994979128508197  0.98667359311276415  0.99346982364530867  1.00000000000000000
 -0.00282916012786934  0.00935068063373235  0.01928911077455268  0.02872541200211357
  0.03896049624919505  0.05045895317764822  0.06221434307064011  0.07402234469888733
  0.08748990854339463  0.10268430929333749  0.11613506515194931  0.12638227907000715
  0.13587711033975516  0.14669128021728109  0.15743525542113776  0.16538309422249819
  0.17187307343263489  0.17811266852635502  0.18430602986967998  0.19501703811012153
  0.20860985227176915  0.22089217894997365  0.23119820372107105  0.23919366424908162
  0.24613968255366170  0.25310545207792640  0.26048897365580070  0.27074202360145677
  0.28401733077731212  0.29611387552648116  0.30738745896851055  0.31921110741076220
  0.33106161065835038  0.34225897049105830  0.35401883318853350  0.36616753403709440
  0.37890385859378312  0.39102758914575891  0.40193255787449178  0.41187073092569620
  0.42036784395612398  0.42909347480897986  0.43782740769999856  0.44722313027789301
  0.45754044130327681  0.46807157872294419  0.47833824736558350  0.48871200051606695
  0.49907886596827267  0.50843383371472439  0.51771185163892675  0.52570371695437468
  0.53228090487736535  0.53920883303060307  0.54726272062751047  0.55499671331430600
  0.56282540236724687  0.57055179696858627  0.57667015872943139  0.58629787026990576
  0.59763874345998114  0.60887810728239211  0.61937822876322346  0.63074032205083408
  0.64344175225377076  0.65660573900781738  0.66907799603824503  0.68031224948395774
  0.69047207743005168  0.69981905619163098  0.71054533894752758  0.72156261015600787
  0.73262058535623198  0.74310311598265422  0.75448675981465896  0.76689451789944285
  0.78114003938541543  0.79397378982991551  0.80560793270104625  0.81622211849266302
  0.82649028112979284  0.83777312615161414  0.85045539302515183  0.86186694522203822
  0.87264291363013091  0.88400929423137142  0.89711736891225735  0.91041943844973661
  0.92061774302873678  0.93114085894667076  0.94133509034455598  0.95297283509112951
  0.96493124711455114  0.97632694199775860  0.98842552545331375  1.00000000000000000
 -0.00238829180438229  0.00878066837394004  0.01807597297035376  0.02593582836904921
  0.03401042191934654  0.04286896833659729  0.05225295425372990  0.06233842231764880
  0.07237189159699389  0.08167171933811647  0.09277322246175120  0.10589563944611928
  0.11821928583910279  0.12945598366086111  0.14117815854966911  0.15389917580738369
  0.16625614281898995  0.17783976016267430  0.18909248633511649  0.19981794887237112
  0.21004864005234461  0.21951470494316375  0.22938289577020718  0.23876295228941866
  0.24813117416032732  0.25685226599916339  0.26559685075110401  0.27585934501332493
  0.28886040706096178  0.30221215265016027  0.31396800702162853  0.32579491072912631
  0.33663684601141125  0.34839601036342327  0.35887273010600856  0.36686486410317365
  0.37433244698997781  0.38168564728440679  0.38977170778925707  0.40035554178600430
  0.41008317538531691  0.42034864640341013  0.43211677024100015  0.44646342080645873
  0.45512579959980698  0.46290207630152697  0.47008090773205718  0.47897869382267044
  0.48996331975803908  0.50043937759396395  0.51045224728660521  0.52013583153322474
  0.53024169973334490  0.54148929551863911  0.55326697282796167  0.56748656234103656
  0.57488281986232248  0.58219960733657317  0.58876656014378626  0.59493826817861195
  0.60304217779083724  0.61421132785056598  0.62681173218302733  0.63796274030266942
  0.64926780663448258  0.66036078997446124  0.67111142993728157  0.68147349430190673
  0.69150271835842847  0.70003053798429704  0.70758130966847621  0.71860825990461341
  0.73025367292477839  0.74267638023660176  0.75525635979547734  0.76713652202846594
  0.78001938774064927  0.79351530750850929  0.80836868316446109  0.82312684504691780
  0.83673023357383036  0.84922782773198513  0.86167539211379607  0.87549098438608619
  0.88879269002548256  0.90106691973386432  0.91073230330207755  0.92285572360571011
  0.93534283198624102  0.94676085141426303  0.95529460545737788  0.96330467146754750
  0.97073658525064921  0.97963717428249553  0.98866467921339107  1.00000000000000000
 -0.00001325346347802  0.00009509167831962  0.00020343682011727  0.00035997341504951
  0.00053792444442784  0.00068181732234148  0.00080129720158891  0.00091671950049312
  0.00103071023100594  0.00114325322974673  0.00125817373587300  0.00137736983689418
  0.00150622284836787  0.00163938292899480  0.00177380693203305  0.00190864322453843
  0.00204515498291900  0.00218620133372308  0.00232794771143596  0.00246580981006706
  0.00260278256795378  0.00274545470404026  0.00289535777213069  0.00305387068772367
  0.00321171604432168  0.00336749830242424  0.00350446879217039  0.00362517267693361
  0.00374877367267506  0.00387341160869954  0.00400596965743600  0.00416624177490147
  0.00437632960056868  0.00456918482224144  0.00476823036814069  0.00498201074786686
  0.00521892227737670  0.00548879779994318  0.00577703292532624  0.00606472267672397
  0.00631176483136781  0.00655433293381238  0.00675960545138459  0.00694324238301366
  0.00711407079155519  0.00728135330758409  0.00745635148226712  0.00765175586544029
  0.00793766321232671  0.00836271143219742  0.00872577104966436  0.00902265811408264
  0.00927729989760225  0.00950189984276004  0.00967614410488245  0.00983257183872238
  0.00999238089221288  0.01015306448600875  0.01031917854050865  0.01053376779728515
  0.01076843795100280  0.01103277444932764  0.01129031149291043  0.01152428411549991
  0.01176075597011330  0.01201477217850519  0.01231534457670227  0.01269000043139957
  0.01308659551606165  0.01347748739378493  0.01392384094638333  0.01434379101106774
  0.01467341523075976  0.01479175211359677  0.01490323566024902  0.01501572136205047
  0.01512913141621386  0.01524384753534325  0.01536927048608043  0.01549469343681762
  0.01629033006296577  0.01777193507677162  0.01998075796562058  0.02117974529295556
  0.02183768247488089  0.02242980536523868  0.02307133355961238  0.02626605282897649
  0.02787645354520511  0.02967175366740580  0.03117242013487739  0.03375826029570398
  0.03754022525401499  0.03944837638562666  0.17808481115190203  1.00000000000000000
 -0.00372669647516877  0.01748588138140111  0.02858479495524714  0.03807245217502770
  0.04544946627611109  0.05035802830400554  0.05688742445596830  0.06360066897502792
  0.07239595685616691  0.08503091609055020  0.09709921149805689  0.10725906015102238
  0.11821706443917399  0.12883915006769489  0.13888462772818777  0.14963662045647430
  0.15959543483659519  0.16962965714549791  0.18055561964197492  0.19211338716586776
  0.20267329809536050  0.21359953178913516  0.22464107942488146  0.23477783941512881
  0.24346804030146318  0.25166809115710348  0.25955462170485627  0.26768063935814301
  0.27731166383307737  0.28585578404242196  0.29498024565489006  0.30403806862666244
  0.31615211639536078  0.32994074972821885  0.34286806428028799  0.35545478515582468
  0.36663736915230233  0.37426817873274898  0.38198102326195521  0.38999323143913306
  0.39935801831835033  0.41163754311866441  0.42328418426409031  0.43462168241965976
  0.44593933493266252  0.45711004129035610  0.46707316475307542  0.47680551500109691
  0.48637654472143010  0.49626457237612609  0.50821211990026627  0.51997951013564980
  0.53283133735976018  0.54527275046839097  0.55742041974705658  0.56866958125041422
  0.57915777386791223  0.59022458345140405  0.60081276424202501  0.61117010515227654
  0.62031081385245213  0.63036351213537545  0.63979759590488794  0.65070082083514524
  0.66115394245008408  0.67236220152102466  0.68374607124765618  0.69404699155153726
  0.70437565883920683  0.71436941501237283  0.72083877537684315  0.72708942715343350
  0.73369420761358761  0.73922086081177640  0.74486108384086469  0.75424083525100594
  0.76378056296124697  0.77410425112420500  0.78395438852145727  0.79498800878824982
  0.80587443007821391  0.81632121972484895  0.82670191376257951  0.83861059952368067
  0.85069400530767336  0.86431320708024229  0.87841510848724769  0.89179665985910250
  0.90396432755354894  0.91589108128851004  0.92783681469228785  0.94087106433978707
  0.95661020780905137  0.97221036571907327  0.98681846116367811  1.00000000000000000
  0.48789507513195446  0.60051978798693229  0.61199380515519330  0.62078899644550467
  0.63028963004818750  0.63883640840892919  0.64960963046621900  0.66074220041383547
  0.67238284417900895  0.68368335587557383  0.69500483654046108  0.70641163670462759
  0.71687876723357880  0.72792442494972287  0.73705564645560828  0.74636556783642771
  0.75553179461754394  0.76428200256124768  0.77245079064087607  0.77994879573676523
  0.78705813906905442  0.79355839875598300  0.80019907484802055  0.80697981549327757
  0.81444049756693948  0.82143261802078660  0.82809824454766223  0.83396346088774986
  0.83916700521868570  0.84408322873542752  0.84916226061696842  0.85393874266836689
  0.85846312799811730  0.86314852351937221  0.86766055228526440  0.87218394351487583
  0.87618988303669443  0.88014160821328258  0.88381975926054901  0.88752700232977288
  0.89136922604562985  0.89524803544207088  0.89872158847953310  0.90217741435861409
  0.90538582184952532  0.90819670275283604  0.91077816472173434  0.91323430652102933
  0.91597201857292565  0.91859630078958066  0.92064309106491971  0.92244987085892027
  0.92420586876983246  0.92604988794848897  0.92803464548344627  0.93004138870519559
  0.93199027361720232  0.93425132086243234  0.93660171119911806  0.93884325511644229
  0.94103509327180701  0.94346536855387730  0.94556563096917667  0.94761936778545097
  0.94963408355810730  0.95165605138610965  0.95385155247733422  0.95581338635057811
  0.95725337177304193  0.95854482513347716  0.95972244321360212  0.96090558870309251
  0.96206937908241907  0.96347220520133470  0.96516156914646389  0.96711704614771021
  0.96910208245554497  0.97120197751761972  0.97344750347866749  0.97549734688123924
  0.97732930178083244  0.97916361779070182  0.98086373209302558  0.98256557793830401
  0.98431846054017069  0.98602812040489130  0.98752401106879650  0.98882307523077195
  0.99004649549581891  0.99103368877387776  0.99217315741812628  0.99341195821484507
  0.99476622055692443  0.99633383164907863  0.99792893996695198  1.00000000000000000
  0.09288193268429840  0.16395486759926492  0.19796465846635536  0.22592171622170623
  0.24445514723535491  0.26268135952455568  0.27929172747065811  0.29379304028455189
  0.30904367923050297  0.32501249911407903  0.33724706891490458  0.34653942666152004
  0.35648503595454262  0.36773518809740796  0.37718392455165017  0.38523399523237067
  0.39261253828458464  0.39919695034450969  0.40608663178141796  0.41311750064776059
  0.42100380494670508  0.43020289167409009  0.43892600013675642  0.44764770332979709
  0.45546183042418353  0.46313288505341360  0.47018273380686143  0.47715525504216133
  0.48474992807878570  0.49269286490222214  0.50072199160908237  0.50837113060960659
  0.51506085942764424  0.52050796073116923  0.52524264241101581  0.52969727564885183
  0.53406016112977717  0.53882368333110175  0.54436140330808935  0.55027551067446323
  0.55594845334311382  0.56173044164303088  0.56706084854192085  0.57307002724140343
  0.57938995601333398  0.58561792779366983  0.59183127502962107  0.59691851137585650
  0.60216369755436128  0.60760113577254937  0.61334505523690930  0.62020447164435111
  0.62536254432997163  0.62940837062986943  0.63332201338884331  0.63756436469111588
  0.64171878495135115  0.64555334911041273  0.64968024540834390  0.65336515306888743
  0.65663196192528173  0.65990557021920060  0.66353717374965493  0.66676097854183014
  0.67015089483771506  0.67361096382425056  0.68005577758774349  0.68654952972866523
  0.69275624249727896  0.69894533668392222  0.70573003450945837  0.71274727265849847
  0.71879031208692501  0.72437661371911066  0.72986967513542067  0.73529317349861911
  0.74040465036751402  0.74527277281672377  0.75034924358444788  0.75580087199157187
  0.76197274841197449  0.76747393349264548  0.77273979607561094  0.77823489870941054
  0.78469640621918313  0.79161314092421142  0.79976320526539368  0.80724417522131764
  0.81496514092905648  0.82447877082924881  0.83864360013347672  0.84887112012906352
  0.86188845335037556  0.87905636667383169  0.91318836075877619  1.00000000000000000
   6.1376180363757732E-005  -1.0000000000000000     
 F F F F F F F F F F F F F F F F F F F F F F F F F F F F F F F F F F F F F F F F F F F F F F F F F F F F F F F F F F F F F F F F F F F F F F F F F F F F F F F F F F F F F F F F F F F F F F F F F F F F F F F F F F F F F F F F F F F F F F F F F F F F F F F F F F F F F F F F F F F F F F F F F F F F F F F F F F F F F F F F F F F F F F F F F F F F F F F F F F F F F F F F F F F F F F F F F F F F F F F F F F F F F F F F F F F F F F F F F F F F F F F F F F F F F F F F F F F F F F F F F F F F F F F F F F F F F F F F
  <DiscreteSampler_grid>
  grouped_processes
  1 # 1 for a reference and 2 for a running grid.
  10 # Attribute 'min_bin_probing_points' of the grid.
  1 # Attribute 'grid_mode' of the grid. 1=='default',2=='initialization'
  0.0000000000000000 # Attribute 'small_contrib_threshold' of the grid.
  0.5000000000000000 # Attribute 'damping_power' of the grid.
 # binID   n_entries weight   weight_sqr   abs_weight
    55   10   1.427352458417582E+001   6.819760318703541E+002   1.427352458417582E+001
    61   10   1.376683501435175E+001   6.903324450597727E+002   1.376683501435175E+001
    62   10   1.376683501435168E+001   6.903324450597690E+002   1.376683501435168E+001
    64   10   7.068943842518477E+000   1.715501715206146E+002   7.068943842518477E+000
    65   10   7.068943842518442E+000   1.715501715206136E+002   7.068943842518442E+000
    115   10   7.068943842518477E+000   1.715501715206147E+002   7.068943842518477E+000
    116   10   7.068943842518443E+000   1.715501715206137E+002   7.068943842518443E+000
    118   10   1.376324952337339E+001   6.741062572540466E+002   1.376324952337339E+001
    119   10   1.376324952337333E+001   6.741062572540426E+002   1.376324952337333E+001
    124   10   1.363966423854776E+001   6.665186696137220E+002   1.363966423854776E+001
    125   10   1.363966423854770E+001   6.665186696137177E+002   1.363966423854770E+001
    133   10   1.640023235707087E+001   8.272974554152892E+002   1.640023235707087E+001
    134   10   1.640023235707080E+001   8.272974554152845E+002   1.640023235707080E+001
    148   10   2.070257472052086E+001   1.884228404025037E+003   2.070257472052086E+001
    151   10   1.894213216936520E+001   1.859920901318430E+003   1.894213216936520E+001
    152   10   1.894213216936518E+001   1.859920901318426E+003   1.894213216936518E+001
  </DiscreteSampler_grid>
