  0.00284242089920368  0.01359073062247627  0.02366190979401327  0.03388626376135177
  0.04339280665456097  0.05241429959501052  0.06282734577710207  0.07294731007931332
  0.08317771986409954  0.09259595343520288  0.10235187314076225  0.11369247174665342
  0.12586601201624378  0.13664953584527229  0.14637417115356596  0.15637573874310001
  0.16778167547245842  0.18058639588109374  0.19241468675767867  0.20306616185073112
  0.21288746326222746  0.22265090489533915  0.23252201491816252  0.24240054875154379
  0.25015789803609945  0.25807384024127294  0.26659043271208011  0.27576256356939188
  0.28752130948845656  0.29859301629691659  0.30969415678431755  0.32100119155615509
  0.33288930048373211  0.34474784952285548  0.35613958464264583  0.36729582624397600
  0.37742661129337396  0.38643973973814660  0.39545417753653067  0.40578570085751831
  0.41771244276567648  0.42878769009421891  0.43954561893417887  0.44967678077765938
  0.45925300617822140  0.46755097630020276  0.47546286827095752  0.48376314050419333
  0.49378383605336579  0.50395693494625216  0.51386764928059603  0.52355623155232123
  0.53425664760600300  0.54688416413020291  0.56009078331716533  0.57322223032523123
  0.58633424121187561  0.59891523127714164  0.61066330547355097  0.62161639733949348
  0.63268681687742934  0.64389679550451417  0.65624016309381383  0.66885165859811180
  0.68098321592559119  0.69133352289903771  0.70130865278213450  0.71016274054332573
  0.72006334950819795  0.73065459895063689  0.74195883090047388  0.75282319155589494
  0.76213561759690496  0.77120734838535854  0.77993738513315525  0.78909623177367161
  0.79940326422875430  0.81029534964055905  0.82220887182333813  0.83288386671498393
  0.84340780705140395  0.85397357112340444  0.86471244239335177  0.87559863231021251
  0.88594309145632388  0.89601084249359564  0.90581564813607018  0.91572952048072520
  0.92604505759810762  0.93597719097225140  0.94545702317870095  0.95518274680142157
  0.96577595033133945  0.97749858879702844  0.98907714362237464  1.00000000000000000
  0.00403606144414927  0.01002743601447230  0.01934426103962905  0.02907709705261587
  0.03954711470018332  0.04993437417401937  0.06048924861524037  0.07089340508929970
  0.08158418079538472  0.09223996708252193  0.10395233645064524  0.11542786355269770
  0.12641576352361014  0.13674663584730407  0.14712281046046857  0.15825835404694460
  0.16986394261600327  0.18168983584723736  0.19332212191736300  0.20533014023552912
  0.21673959509261112  0.22712755795566206  0.23770624299867346  0.24839932192705116
  0.25941996573765891  0.26985807823020236  0.28030595493633398  0.29073768585454385
  0.30102958794346096  0.31114974236442627  0.32164076771412953  0.33183646358443453
  0.34061984211890500  0.34917445560188215  0.35846994687737121  0.36722084438531627
  0.37580804766866654  0.38466887038360104  0.39449121776962537  0.40463696477790490
  0.41424321041310758  0.42259964346429840  0.43055252817623318  0.43904024206093040
  0.44830147406430482  0.45762009563316119  0.46674999589193977  0.47599022018056658
  0.48706641267721612  0.49893886815998323  0.51119205145120483  0.52339556466500448
  0.53465239471462001  0.54524384486194033  0.55599709583297807  0.56691392753046621
  0.57849717606380724  0.58962164035877096  0.59967466317493201  0.60938397008646705
  0.61880371550214730  0.62929590705644078  0.64054087385471214  0.65193637137929561
  0.66385120877432868  0.67660172513749428  0.69088114153536684  0.70530075200544662
  0.71859465320269689  0.73025977308425316  0.74135692392796748  0.75227203013737098
  0.76270265572999163  0.77472032131605240  0.78593775587885795  0.79842776560621098
  0.80897923349976553  0.81957406638066810  0.83022598836888939  0.84053453283052104
  0.85141468905439643  0.86275968917016654  0.87498193994678464  0.88541591945813169
  0.89478955533658455  0.90306337225284261  0.91060319890521502  0.91800766063314898
  0.92559725095359613  0.93333977298969362  0.94168219078037896  0.95128879580203551
  0.96198873588029654  0.97329906637814423  0.98589746149469781  1.00000000000000000
  0.00012833143400823  0.00014495815921021  0.00015395914670714  0.00016376666976819
  0.00017389201257320  0.00018388805767520  0.00019298545114248  0.00020149647467075
  0.00020935305935349  0.00021624285244510  0.00022306126902633  0.00022971623440575
  0.00023593331618404  0.00024226422344174  0.00024855886799542  0.00025492548887882
  0.00026143979801642  0.00026793953525446  0.00027438349848226  0.00028082328785138
  0.00028743053539893  0.00029422248384203  0.00030104389257686  0.00030778477166608
  0.00031444442457365  0.00032123487063372  0.00032801954656238  0.00033501087114771
  0.00034240098601373  0.00035044456858156  0.00035905460585875  0.00036795402149191
  0.00037661485257869  0.00038503755714216  0.00039329428177318  0.00040155376454121
  0.00041017189597318  0.00041957939168887  0.00042912029520622  0.00043875233171280
  0.00044864216365860  0.00045859852034696  0.00046840847888464  0.00047823075173750
  0.00048890056827780  0.00050075934471644  0.00051321296844234  0.00052525195861906
  0.00053671397701456  0.00054924376542624  0.00056235208752254  0.00057536029521757
  0.00058835640857834  0.00060232603011486  0.00061969115843519  0.00063883569226678
  0.00065913911765225  0.00067891261996837  0.00070487426313716  0.00072855317396996
  0.00075034641456616  0.00077157685800596  0.00079663766862094  0.00082641833778937
  0.00085557401605031  0.00088485082840717  0.00090976055416276  0.00093369438343872
  0.00095855161079743  0.00098821286360443  0.00102724599668312  0.00107328442083132
  0.00111930779115887  0.00116551550897410  0.00121911548032234  0.00129087330154356
  0.00138372790372375  0.00145572874968258  0.00152414522351217  0.00159535783903419
  0.00165421420294698  0.00176304565398949  0.00189159794965338  0.00210437797641098
  0.00229737398531419  0.00249075704064503  0.00274326443398407  0.00311130752289712
  0.00345111610927817  0.00382287063695070  0.00456337573519076  0.00528411620457666
  0.00615249208748184  0.00735399565784381  0.01632462832809634  1.00000000000000000
  0.00020802413969588  0.00027070809311363  0.00032922705834010  0.00038246349545874
  0.00042646073394447  0.00046735706272732  0.00050541582751930  0.00054171890334658
  0.00057903347265482  0.00061797370712354  0.00065555668037700  0.00069228372727890
  0.00073186963434454  0.00077474754634431  0.00081415602195539  0.00085167934127320
  0.00088815376556314  0.00092530330982656  0.00096515552790753  0.00100730812498862
  0.00104897136662907  0.00108960517428433  0.00113224998070352  0.00117761877816052
  0.00122300029217770  0.00126685929401181  0.00130948226002599  0.00135564897466698
  0.00140871882824493  0.00146445271147511  0.00152894105874540  0.00159445700533794
  0.00165504573505659  0.00171443849117633  0.00177654825572762  0.00184127692206835
  0.00190511733151656  0.00196585407129176  0.00202461514616033  0.00208924645047713
  0.00215035253530075  0.00221967918235789  0.00228611966194345  0.00235204153747755
  0.00241828531331100  0.00248357751872741  0.00255260338696864  0.00262553184867309
  0.00271098286161342  0.00279206212846429  0.00286422518163178  0.00292862411675995
  0.00301025604594453  0.00309314139405151  0.00316936333869188  0.00326414849057580
  0.00337557165858698  0.00351205584977989  0.00367511998636869  0.00385691972998746
  0.00403292480372741  0.00419435381086221  0.00435274510414257  0.00451245546740438
  0.00467215616610639  0.00482688739670612  0.00499827219262096  0.00519106678412839
  0.00538914905795436  0.00559427417816256  0.00583074675396090  0.00608031049438552
  0.00631239875687667  0.00654393860616310  0.00681171170345101  0.00723455908445968
  0.00781920105805464  0.00818619086921982  0.00847377178196058  0.00872498019711376
  0.00890349133341549  0.00907703991263189  0.00928383055300949  0.00952527569360695
  0.00977152076991307  0.01003248656319995  0.01030998259541446  0.01080103862725164
  0.01129796883091845  0.01213222655187406  0.01314716358942918  0.01454464902716440
  0.01676956194635664  0.01831820361941313  0.34914626493463796  1.00000000000000000
  0.00000306651304779  0.00000369001276348  0.00000406696281129  0.00000445992098457
  0.00000494335737629  0.00000544750219463  0.00000596291761156  0.00000640061289162
  0.00000688859149259  0.00000740665503509  0.00000795438998635  0.00000853639341162
  0.00000911844017448  0.00000969128972797  0.00001027580495869  0.00001086878036705
  0.00001148836337852  0.00001213687387858  0.00001283784369318  0.00001359691679720
  0.00001440652558980  0.00001526947129495  0.00001626776982805  0.00001731197817513
  0.00001843608314734  0.00001946766171160  0.00002061097843897  0.00002177791777297
  0.00002304553226028  0.00002467149692837  0.00002627944730790  0.00002800786190448
  0.00002982707022148  0.00003183440319093  0.00003406315001551  0.00003641396463466
  0.00003887886138145  0.00004158175610966  0.00004456819664247  0.00004771008862358
  0.00005091993769250  0.00005432922002957  0.00005818007518337  0.00006246156193642
  0.00006683760107791  0.00007119305827188  0.00007537436684154  0.00007958713542432
  0.00008422352217058  0.00008907431957209  0.00009457686251431  0.00010026978970746
  0.00010611621415703  0.00011258496257198  0.00011975814262105  0.00012848150035413
  0.00013754691302784  0.00014682262483950  0.00015668398929844  0.00016699802832610
  0.00017825906713324  0.00019022517367785  0.00020356922732298  0.00021730498368955
  0.00023193100490539  0.00024853440898257  0.00026888415472855  0.00029421802516611
  0.00032426862148812  0.00035418401233572  0.00038579967623556  0.00041911034626702
  0.00045821452492743  0.00049852155303635  0.00054428701530881  0.00059288832426651
  0.00064335536140055  0.00069937207857481  0.00076663627921896  0.00085235485249235
  0.00095549564170754  0.00107353640671701  0.00120996023939127  0.00135639489534022
  0.00149524295762924  0.00165535144504571  0.00184557282943555  0.00209583641595190
  0.00240601512738788  0.00280124167730116  0.00338670601453071  0.00443833232139627
  0.00600514236675708  0.00919456888623118  0.06285048746098985  1.00000000000000000
 -0.00260443110856407  0.01247150950606016  0.02430813018511018  0.03531615269302412
  0.04700154107004195  0.05868273561797089  0.06992041809114746  0.08117146982541261
  0.09204129825026076  0.10258003535025334  0.11309159327003301  0.12433471020591311
  0.13623771731991721  0.14763017270686368  0.15843662992087604  0.16847858402847279
  0.17893562134457427  0.18959189595858583  0.20075287155673457  0.21171168880515989
  0.22249670913736314  0.23294932946526939  0.24260383720140741  0.25235444449494837
  0.26222661323905755  0.27224410956383133  0.28188275841441884  0.29171592116123146
  0.30099792789527052  0.31048675607330389  0.31999627190894081  0.33023841850341840
  0.33939290429913616  0.34831235727104715  0.35791784117971620  0.36836693937654957
  0.37965467765877642  0.39024468299164639  0.40146270856961469  0.41354812688495785
  0.42365280167458752  0.43320825828924342  0.44244860994190660  0.45183579252219042
  0.46144028258572400  0.46985188249984461  0.47885590742133433  0.48922057454950690
  0.50023397468454212  0.51033385604907489  0.51981777059991852  0.52966875887579945
  0.54031818874659521  0.54893288084670455  0.55793279497168546  0.56813838736511335
  0.57776788691246705  0.58659284975298642  0.59506257157587883  0.60457548754741319
  0.61470994308844662  0.62470297631558469  0.63444775101121609  0.64516741889853546
  0.65715650564059092  0.66806104787721776  0.67913300693280809  0.69022707234457414
  0.70187538124573590  0.71388439179226371  0.72562907500474416  0.73720351697743203
  0.74842943751926261  0.75859957259520017  0.76792844802883942  0.77724151588531465
  0.78752993524955006  0.79807083207872831  0.80657267778407638  0.81478337411719493
  0.82305084457256383  0.83236357452133103  0.84310961315755817  0.85541769958815694
  0.86851827077262478  0.88158939087818067  0.89508696295220158  0.90926946458308910
  0.92214994715185572  0.93400404244428492  0.94596798283686701  0.95817740721331557
  0.96998824300777087  0.98146895400018563  0.99112211034512243  1.00000000000000000
 -0.00198623512572395  0.01097973218090140  0.02314361515407322  0.03520504481733477
  0.04700343978754796  0.05869773419650932  0.07030002162208314  0.08114802830138365
  0.09117672506716143  0.10107226511455619  0.11004039954073500  0.11888141728610865
  0.12783575063971164  0.13767656863299563  0.14755925238299142  0.15672022631897631
  0.16431368653858680  0.17217188346896450  0.18057034369695388  0.19059136329475027
  0.20151604958029612  0.21327565306993557  0.22451903762728534  0.23575641787026166
  0.24711106837899505  0.25820506102126972  0.26808624761285821  0.27673096383716739
  0.28551709028137606  0.29433963613345626  0.30363248645597724  0.31358511612327444
  0.32379580368711863  0.33447714071434687  0.34520616335804200  0.35615104770244388
  0.36619706459410795  0.37701049693684846  0.38742492720802624  0.39699692002894227
  0.40610172106202974  0.41443840388620273  0.42412151831317346  0.43418443063601064
  0.44516668013216160  0.45687633455978477  0.46755648083013629  0.47814252533592921
  0.48795230193779604  0.49850865869825933  0.50912009260262270  0.52083194750312956
  0.53204626420203061  0.54267088724976109  0.55268927159363135  0.56340032673057383
  0.57543361908790569  0.58801581107870604  0.60039529383281520  0.61244157370191754
  0.62414993717270706  0.63485210609972442  0.64604047226775208  0.65767512698811825
  0.66949678981140825  0.68045792713382869  0.69046482755069216  0.69963469252966926
  0.70859694973972065  0.71805420536623366  0.72802845752977052  0.73933336907477065
  0.75080136879394310  0.76193012140591232  0.77196966523789989  0.78039963717214844
  0.78891440815782543  0.79821842962919309  0.80792598659636627  0.81868921015534390
  0.82963525954405337  0.84178556405573846  0.85402110702364409  0.86580329166531100
  0.87733190749040546  0.88923416655702858  0.90049275063948520  0.91211029989142756
  0.92311736690980162  0.93447164471309907  0.94475577658736920  0.95554500452665803
  0.96609005316499874  0.97767407754073732  0.98853461852174873  1.00000000000000000
 -0.00364277644794057  0.01448724099285055  0.02758880405106392  0.04040841915245619
  0.05251993270418753  0.06414682247642413  0.07550876397340940  0.08687383242071489
  0.09854575125613860  0.11146763938607294  0.12334014298743763  0.13355334797180296
  0.14241899296457503  0.15112174636392950  0.16039869471933801  0.17071619338094646
  0.18198844625962746  0.19332963370479736  0.20476604532372517  0.21688001542423946
  0.22782880938620520  0.23809686880251218  0.24759488746872535  0.25857361697991788
  0.26978453447439488  0.28063870770981686  0.29254437788210780  0.30495673434521892
  0.31640716196150853  0.32690466884286479  0.33799962421658908  0.34958426247447422
  0.35942590770092475  0.36751566668000590  0.37483029071930696  0.38199516493983077
  0.39013408420951867  0.39983880638260172  0.40994700693585157  0.41955020013401784
  0.42860124583921211  0.43733359861108212  0.44637224898318756  0.45585527929621328
  0.46546889818171816  0.47610488278595253  0.48824198952985848  0.50027254188043990
  0.51101676826826048  0.52099240588773121  0.52981882004564029  0.53862829134044721
  0.54716983568535482  0.55529529865811533  0.56329773186788823  0.57116207122603047
  0.57960909033771180  0.58939061828745620  0.60048908003842116  0.61262920452859981
  0.62491975517250864  0.63680095260218095  0.64860012545021850  0.65972308716131467
  0.67108278029793400  0.68216303892987262  0.69359751770022515  0.70563139038965939
  0.71711761558710796  0.72759772414769297  0.73693728338334363  0.74605633410657657
  0.75476317816137972  0.76324652993832465  0.77179053392641472  0.78084905765568668
  0.79028191366320899  0.79990939237616110  0.80997039815217198  0.82079500731591493
  0.83229020501623407  0.84314086785569198  0.85418260820467251  0.86488826456323975
  0.87583285150938728  0.88673856341132484  0.89801361399473545  0.90985643384574022
  0.92049138925016682  0.93198483904011620  0.94264091085802382  0.95371333974670547
  0.96455076766905934  0.97616723817436402  0.98788930401251662  1.00000000000000000
 -0.00283873825868330  0.00922217778506219  0.02011729283832076  0.03228624210725757
  0.04470966364371834  0.05737645515339044  0.06977073663433463  0.08069340617880347
  0.09063702449554853  0.10021341548987965  0.11064846052710164  0.12166438400343435
  0.13163159690118853  0.14190645191832393  0.15248678187757114  0.16340409659719596
  0.17428967864016334  0.18506184589755231  0.19742000405145413  0.21022862688579691
  0.22259284632264867  0.23395069086069958  0.24587813718263193  0.25828321174720248
  0.27072702699241341  0.28242709155420709  0.29302833391318295  0.30320659766629499
  0.31379763545305217  0.32497801004041665  0.33552477609663794  0.34469034553299338
  0.35314420600381352  0.36177546912252129  0.37073785724326291  0.38079002357419950
  0.39135767736529348  0.40272049376937269  0.41448757127231567  0.42549145034382241
  0.43585918916171884  0.44602858489642705  0.45651296309916578  0.46728973725094330
  0.47783105051993613  0.48785146072356111  0.49745463770965292  0.50631686408327925
  0.51583309408521572  0.52581815721031744  0.53557714776753762  0.54565398634574402
  0.55577157074455996  0.56592760391544039  0.57624378939258247  0.58658137547744416
  0.59693731265241379  0.60682519395966428  0.61594082678240158  0.62493058409676261
  0.63434654360913167  0.64283801651510331  0.65075355070884611  0.65904442745831415
  0.66870399617078080  0.68036327748210346  0.69294915377771638  0.70415943207955300
  0.71493482887236015  0.72523647342047570  0.73517091793256273  0.74447315889635468
  0.75401839213938404  0.76435084330806713  0.77481954902294137  0.78504172114919768
  0.79493474154539767  0.80580095826701559  0.81569666044441280  0.82567148898738429
  0.83566680873524091  0.84575361819714012  0.85564302667568004  0.86547011898430048
  0.87637140560341098  0.88941139336830388  0.90377213998294315  0.91771096727591173
  0.93048105990038754  0.94195661147161924  0.95269224842034805  0.96334420233665097
  0.97370744249541830  0.98342189037841587  0.99188504635415775  1.00000000000000000
 -0.00145928291531080  0.00437079100501430  0.00918442586542846  0.01426347494624676
  0.01977221004145166  0.02566360542671548  0.03224840285503575  0.03885516597228428
  0.04540185231362538  0.05204257455448322  0.05854508283029994  0.06528470888633593
  0.07208918834497142  0.07900781528380875  0.08659645301092959  0.09520405723764756
  0.10486767441913185  0.11396245302613317  0.12264428241535343  0.13132574928782159
  0.14111595327448442  0.15227128428722778  0.16341757833410500  0.17317916433035938
  0.18227639947609506  0.19267246216642553  0.20454030364766643  0.21599769664786886
  0.22627883901134385  0.23583697891402094  0.24540180359383371  0.25511037608603576
  0.26544226594382087  0.27695584944377538  0.29063997702227407  0.30458268336189021
  0.31628866144536699  0.32727356605850411  0.33775434334441801  0.34905656127465601
  0.36164050545914406  0.37547369340347958  0.38888436023989281  0.40061818277895145
  0.41175829146809406  0.42394878857261831  0.43594290685793424  0.44818011060736535
  0.46079973753071141  0.47376736201880804  0.48740867601170412  0.50116892606762731
  0.51511089446257829  0.52845113925832232  0.54058511099164885  0.55378452754037999
  0.56684197188590157  0.58077520078376244  0.59398632386608119  0.60764625605677314
  0.62204310560194165  0.63779959598464708  0.65400853271244708  0.66914619576156553
  0.68326859832692000  0.69723103173746781  0.71048945585377843  0.72299002067555396
  0.73570291444985048  0.74790707287647717  0.76019128786072188  0.77191133597206341
  0.78374008865154710  0.79483293946016564  0.80585715818615189  0.81678964741446414
  0.82719134375727199  0.83685845241351087  0.84685562454345187  0.85793119549097285
  0.87020712598977457  0.88225329437787836  0.89309428060567675  0.90332489672595417
  0.91301662821618812  0.92262068350943305  0.93150815932236875  0.93929867524900579
  0.94671676433478658  0.95420933335023372  0.96171472496192034  0.96918391619505395
  0.97652151971964851  0.98396201200265909  0.99195750953487027  1.00000000000000000
 -0.00249591430540018  0.00946067884533129  0.01920988543689174  0.02897340584620598
  0.03773924194706989  0.04677730298558952  0.05638646791775313  0.06798939882750707
  0.08006687759566920  0.09093799415703360  0.10052219762924539  0.11046924413148239
  0.12062767054772663  0.13022440834043153  0.13818537476796566  0.14620816056216041
  0.15501381050232449  0.16333728283415219  0.17100846460870756  0.17931533120839299
  0.18777176569038409  0.19743883775301629  0.20715723395599225  0.21606737119236163
  0.22472970114762439  0.23352029782381600  0.24226940550539056  0.25114142585739468
  0.26103448951813091  0.27062368257386027  0.27938706895965920  0.28768049141524199
  0.29590997481150444  0.30463063166577448  0.31444909393588460  0.32425072753575879
  0.33523587626217050  0.34558266097157403  0.35587057324538912  0.36607829437999784
  0.37720615856343398  0.38963924198781674  0.40273911074889984  0.41670432602327562
  0.42937666427926813  0.44137720709319811  0.45234126654825335  0.46312093696763390
  0.47233562148527902  0.48088421066740150  0.49042617239167224  0.50054606643185562
  0.51102303605843202  0.52088836438181652  0.53097611298077751  0.54163107905412700
  0.55281585683132373  0.56422990089986802  0.57521153023527893  0.58605713701600792
  0.59750941206360864  0.60866062480675509  0.61908208071656290  0.62951728535274443
  0.63974348108482826  0.65013242862279641  0.66063848763575572  0.67112359538364741
  0.68177273498736513  0.69260670418437309  0.70380159974867573  0.71660410665057173
  0.72963080744378095  0.74204306630598094  0.75442224914385558  0.76666123971699329
  0.77876682851428292  0.79081634850854665  0.80348682192756893  0.81670253946413751
  0.82943308416562855  0.84086398997479372  0.85283543704614206  0.86346376243979439
  0.87470798482198364  0.88510455811430122  0.89544667673691769  0.90658440788669326
  0.91771455884571762  0.92798397549122891  0.93765803426250849  0.94804071610431628
  0.95924965909621385  0.97247218705479066  0.98510075128304109  1.00000000000000000
 -0.00193732787745917  0.00789341296494811  0.01651183884863469  0.02487454073444298
  0.03362642047442620  0.04318728160040651  0.05313958443870019  0.06341731214506668
  0.07401619901253624  0.08505521343344385  0.09674089952423780  0.10757632655090027
  0.11771471447579307  0.12743341232110772  0.13741524177448874  0.14716506721032760
  0.15690873093627727  0.16768091105461244  0.18022085774666335  0.19294167685951769
  0.20436218294394312  0.21544463682727727  0.22736985784242261  0.24094157953065548
  0.25394388058365736  0.26633294913093597  0.27825078702269462  0.29041128561088014
  0.30138207296812952  0.31207526767750909  0.32314399297731961  0.33514754779206962
  0.34759415353632406  0.36011107704498169  0.37224521930326859  0.38348554074999691
  0.39456273390911573  0.40588106657107181  0.41848618683874944  0.43124740820870811
  0.44335296887742831  0.45537761214696310  0.46799640390097852  0.48157274415958579
  0.49472596874875197  0.50640957647507001  0.51711698322283750  0.52774103919126780
  0.53836641365219873  0.54957234522869247  0.56135572080768203  0.57262387891945654
  0.58339756256876329  0.59340187395273847  0.60360304599343007  0.61384081500862697
  0.62643490571457794  0.63969367619194706  0.65174688957237137  0.66208101516140450
  0.67297661729299441  0.68443243776673790  0.69578812664642631  0.70716997512267310
  0.71845343026574793  0.72920463552763404  0.73988513673234357  0.75014346132442289
  0.76015637035753236  0.77045304340956700  0.78085385853691658  0.79230951557899609
  0.80387194231221470  0.81574923740224092  0.82811730380524540  0.84031174092968963
  0.85067006544823109  0.85936225846590586  0.86694590917564496  0.87486785113288978
  0.88296149335936158  0.89102578596329540  0.89917458977649301  0.90725131910418988
  0.91542449900643963  0.92410554675057932  0.93346079403367854  0.94303075900427580
  0.95237461331706763  0.96152897574665785  0.97043524920561730  0.97835118355521677
  0.98449766290291452  0.98975313596501158  0.99496100322672365  1.00000000000000000
 -0.00330724649273057  0.01356526960613007  0.02588868887423154  0.03824584290197981
  0.04967410974172735  0.06064179860420933  0.07097253958518859  0.08053714644383601
  0.08997271909659890  0.09959822210908360  0.10888016200977062  0.11756431868208221
  0.12683066370718518  0.13650888500367561  0.14551463626388939  0.15529487055713107
  0.16519109196245158  0.17619219694279176  0.18696049758152897  0.19782167586373331
  0.20886850468917836  0.21822552546808066  0.22795600431041871  0.23684591101924046
  0.24607373620374950  0.25527676153219242  0.26460650827630472  0.27386145143407342
  0.28353211265688161  0.29348631356424321  0.30427623576910900  0.31585830314134944
  0.32648016000691110  0.33656224552454644  0.34616590115702245  0.35543100821389134
  0.36469113294105204  0.37460198865620986  0.38551108314247740  0.39689198688408434
  0.40815184410306432  0.41950532961998821  0.43060255181198986  0.44100398565794979
  0.45097440946420408  0.46094824076257074  0.47131028318151297  0.48202605265693943
  0.49252589433914112  0.50301919075586865  0.51407431403063908  0.52506678003853846
  0.53522354257557059  0.54547278679532918  0.55642653638876838  0.56745797614514026
  0.57889045484404489  0.59005636121724236  0.60146064515534559  0.61277708573568956
  0.62512946449816531  0.63842618909899984  0.65050813622306736  0.66057641177716320
  0.67113118762864676  0.68187934095737557  0.69193547978677716  0.70012925383447677
  0.70868972716770173  0.71748662055705492  0.72632430600139408  0.73552156081306197
  0.74513839973328599  0.75507379274900255  0.76569126429329137  0.77549511533370652
  0.78581034173016273  0.79747118955461183  0.80939596417615756  0.82044176193980323
  0.83076768738122242  0.84141475699049051  0.85431042822413050  0.86789902029235855
  0.88158813918133405  0.89393474283857088  0.90640321432746040  0.91787776221731776
  0.92859598654955333  0.93825624017174891  0.94750215573047469  0.95791556354490759
  0.96936817639194084  0.98018433643250114  0.99009475506291111  1.00000000000000000
 -0.00192799185650600  0.00610920906892390  0.01411691770395860  0.02214896839324642
  0.03112391445637724  0.04064455260599241  0.05041668705563008  0.06008152832015991
  0.06972759850301467  0.07993372052859425  0.09029686400030769  0.10135648288981251
  0.11316988568888432  0.12469272977892730  0.13548535734660341  0.14653192524396003
  0.15832640915913135  0.17057937964706271  0.18228934519903450  0.19386246942928109
  0.20514195214448080  0.21523024831306550  0.22471631374747861  0.23453431525289689
  0.24447220315469437  0.25466807960486287  0.26503602979958951  0.27601881428529224
  0.28730190994433524  0.29744579133583432  0.30689854106625902  0.31649790034040665
  0.32621275096998320  0.33650955518707176  0.34701586403579149  0.35729662129477507
  0.36762943699921441  0.37811802581169113  0.38871613996439197  0.39952523065446371
  0.41027783776902299  0.42017933662807261  0.42956933651617452  0.43870600056487119
  0.44798302081366204  0.45754818781234274  0.46763746910658960  0.47779253378212561
  0.48859552728086003  0.49925185610807737  0.51008038000742029  0.52065537712929610
  0.53186879427190126  0.54197733062708542  0.55073533490474047  0.55879395879106020
  0.56722388960330061  0.57719789946056965  0.58891582950520982  0.59961369251412056
  0.61174423276717260  0.62416575309780276  0.63669657272834101  0.64808579080995510
  0.65868765086122316  0.66960245894487724  0.68004673584552500  0.69051411271562768
  0.70113972180106021  0.71272304210641380  0.72484121241482791  0.73686373115469239
  0.74875407530469540  0.76072482586189560  0.77226091450130852  0.78445951310601147
  0.79608917925048961  0.80757887416015450  0.81844966102980476  0.83011139294658631
  0.84075650458561924  0.85146816826214622  0.86186630179683243  0.87237089750835295
  0.88306316752356906  0.89398692853948747  0.90513388775802128  0.91570881922755165
  0.92534074886133832  0.93476318362145705  0.94488221379250770  0.95578014686792423
  0.96647398157078668  0.97696916752603558  0.98825634664882356  1.00000000000000000
  0.59257974456021134  0.66108744789737273  0.68313635426377251  0.70172921840013214
  0.71799236234071562  0.73306810333799166  0.74497421183127432  0.75327584824840910
  0.76132747130110667  0.77018175947905898  0.77824603249559865  0.78496329591970304
  0.79110338026921079  0.79709639645510721  0.80267013804793363  0.80801392690804630
  0.81304913800975664  0.81810968144205964  0.82300871274493737  0.82763592594662572
  0.83177533870841502  0.83545475387760870  0.83899290808102645  0.84244377856273756
  0.84614200538400020  0.84993156548868687  0.85374740397050930  0.85733743107964522
  0.86061245869399650  0.86373638724079527  0.86685619260513058  0.87002293975800604
  0.87317029763580190  0.87614680919302590  0.87891285786037565  0.88161852400179996
  0.88445857897245361  0.88711275584076343  0.88983803466566402  0.89225951716047813
  0.89475990972080999  0.89671240228869875  0.89867974423655295  0.90069409151424629
  0.90275331438614392  0.90503346804320473  0.90725820428197101  0.90927519804654944
  0.91117937906217905  0.91311769846195967  0.91514622428494796  0.91733702275334550
  0.91943523874733124  0.92139680140380620  0.92321282771070545  0.92504835810016084
  0.92691977745724385  0.92879801462269473  0.93063221300198096  0.93241773783115856
  0.93421568621701245  0.93602414604867890  0.93785893423397260  0.93967304753280723
  0.94159039967578706  0.94348067262139756  0.94532360995446085  0.94698279986221601
  0.94851542407980383  0.95002649834917885  0.95159194464350316  0.95326997704409633
  0.95501839036176661  0.95677257020171524  0.95853082526760469  0.96028202985400124
  0.96215303650278117  0.96391144917823224  0.96568434491225952  0.96732677983201953
  0.96886236632075962  0.97041406282398213  0.97198047453713354  0.97355844814537529
  0.97518680225635035  0.97680350293192830  0.97832540721313765  0.97999507326047253
  0.98182900792165340  0.98382500354718094  0.98603090608361355  0.98832388386621450
  0.99083280462637613  0.99339480148720749  0.99645062624323844  1.00000000000000000
 -0.02904492148032975  0.09224008847953159  0.15509806626058686  0.17067718198488893
  0.18729898105667656  0.20001078509439205  0.21114314462006334  0.22245408809150458
  0.23512453409459527  0.24755883928753339  0.25826686595474940  0.26841789098745589
  0.27711112290909740  0.28612656384799645  0.29493833777814277  0.30381478463386691
  0.31227439704270188  0.31964546404971700  0.32633275142370483  0.33299597185808566
  0.33994330307264220  0.34728779070260973  0.35441335172465743  0.36081291393344811
  0.36645585106502382  0.37150453488430724  0.37632694472866829  0.38137324183262955
  0.38649214412033334  0.39182139649446363  0.39738946108532253  0.40269287845336055
  0.40748761668327110  0.41197298772630442  0.41656961219073912  0.42185506834894332
  0.42750474164110047  0.43260579199021298  0.43756400757272473  0.44243590008685302
  0.44741823553703186  0.45247165135538497  0.45759776857229578  0.46302651125580735
  0.46856026194560668  0.47382250339431614  0.47887141488895929  0.48407936906073645
  0.48942713804061161  0.49516627131135776  0.50092675880435655  0.50716937066140544
  0.51372034218128859  0.51998169877948086  0.52585456975550737  0.53137390916589977
  0.53680282861930118  0.54212970860786491  0.54733619433871583  0.55263049375733153
  0.55794731314692025  0.56324159149669895  0.56852694104384860  0.57380952463841506
  0.57940475288439308  0.58522062117476348  0.59090016429880121  0.59651271639905690
  0.60208708369202291  0.60737268991532800  0.61262689590011876  0.61774383610157935
  0.62311191200026694  0.62879002006513351  0.63478529603075406  0.64090400299448713
  0.64687406925079705  0.65279900729698215  0.65856120212549019  0.66464414961132390
  0.67196136651592175  0.68021758429847445  0.68901903766757711  0.69805419427898874
  0.70695527628009003  0.71543239332015818  0.72378678725749535  0.73293527589725305
  0.74358300450705594  0.75677341836220891  0.77156977165607266  0.78775930090156598
  0.80395705238494486  0.82354741346925975  0.84858092702486532  1.00000000000000000
   2.5464162193758080E-009  -1.0000000000000000     
 F F F F F F F F F F F F F F F F F F F F F F F F F F F F F F F F F F F F F F F F F F F F F F F F F F F F F F F F F F F F F F F F F F F F F F F F F F F F F F F F F F F F F F F F F F F F F F F F F F F F F F F F F F F F F F F F F F F F F F F F F F F F F F F F F F F F F F F F F F F F F F F F F F F F F F F F F F F F F F F F F F F F F F F F F F F F F F F F F F F F F F F F F F F F F F F F F F F F F F F F F F F F F F F F F F F F F F F F F F F F F F F F F F F F F F F F F F F F F F F F F F F F F F F F F F F F F F F F F F F F F F F F F F F F F F F F F F F F F F F F F F F F F F F F F F F F F F F F F F F F F F F F F F F F F F F F F F F F F F F F F F F F F F F F F F F F F F F F F F F F F F F F F F F F F F F F F F F F F F F F F F F F F F F F F F F F F F F F F F F F F F F F F F F F F F F F F F F F F F F F F F F F F F F F F F F F F F F F F F F F F F F F F F F F F F F F F F F F F F F F F F F F F F F F F F F F F F F F F F F F F F F F F F F F F F F F F F F F F F F F F F F F F F F F F F F F F F F F F F F F F F F F F F F F F F F F
  <DiscreteSampler_grid>
  grouped_processes
  1 # 1 for a reference and 2 for a running grid.
  10 # Attribute 'min_bin_probing_points' of the grid.
  1 # Attribute 'grid_mode' of the grid. 1=='default',2=='initialization'
  0.0000000000000000 # Attribute 'small_contrib_threshold' of the grid.
  0.5000000000000000 # Attribute 'damping_power' of the grid.
 # binID   n_entries weight   weight_sqr   abs_weight
    13   10   2.921800511764507E-006   8.137658862681795E-011   2.921800511764507E-006
    16   10   2.921800511764507E-006   8.137658862681795E-011   2.921800511764507E-006
    22   10   8.751393094422367E-007   3.227153385001728E-012   8.751393094422367E-007
    25   10   8.751393094422367E-007   3.227153385001728E-012   8.751393094422367E-007
  </DiscreteSampler_grid>
