  0.00000203390215569  0.00000211403751874  0.00000222656825346  0.00000232389119266
  0.00000241799704376  0.00000251868417409  0.00000261907910870  0.00000271961980822
  0.00000282797154740  0.00000294136295905  0.00000305730698047  0.00000317971819961
  0.00000330837323920  0.00000344232769899  0.00000358209436268  0.00000372366863381
  0.00000387491350256  0.00000402261740437  0.00000416869037500  0.00000432063742577
  0.00000448465600545  0.00000466202962538  0.00000484611693121  0.00000502714719954
  0.00000522370001764  0.00000542678326593  0.00000564457713179  0.00000587488720492
  0.00000611163438026  0.00000634602207811  0.00000657472082360  0.00000680515405685
  0.00000705278269003  0.00000735337326003  0.00000764188686128  0.00000792948669784
  0.00000822756656584  0.00000854978412077  0.00000890264415381  0.00000928491283800
  0.00000969712303681  0.00001012402271428  0.00001055548383791  0.00001100643137182
  0.00001149532642705  0.00001201328794733  0.00001255792213811  0.00001314182344261
  0.00001376786246006  0.00001440619732716  0.00001507773163459  0.00001589549752670
  0.00001676246746143  0.00001776019334749  0.00001879265702927  0.00001988420348618
  0.00002106459846718  0.00002241760212992  0.00002397621325221  0.00002567946096817
  0.00002741913561166  0.00002927127615588  0.00003130197372935  0.00003358212547056
  0.00003619618848002  0.00003917917169072  0.00004253080488961  0.00004621743087916
  0.00005045959135686  0.00005505865381529  0.00005983195706221  0.00006484596120283
  0.00007057610238234  0.00007714756438668  0.00008453768544488  0.00009321878915929
  0.00010330649267484  0.00011504656371475  0.00012833952586683  0.00014345812246881
  0.00016125188603880  0.00018227753543720  0.00020719708240529  0.00023704440129018
  0.00027423992737243  0.00032338137891422  0.00039020352492625  0.00046482549468072
  0.00056425988103174  0.00071036786454514  0.00097949480736156  0.00130832334911889
  0.00186324262825376  0.00380711603114620  0.31519615992620642  1.00000000000000000
  0.00072912365235791  0.02795433566028484  0.04712174824084138  0.06125956774491774
  0.07316092234222082  0.08461050601608237  0.09643275602395129  0.10790819321101781
  0.11824731176221892  0.12825926683996969  0.13868732246033322  0.14965598335110317
  0.16082332597713153  0.17188764184993799  0.18256672477921368  0.19333638064650815
  0.20411606581933445  0.21471557972756061  0.22522048907353576  0.23575272857364413
  0.24658730769960840  0.25728699776751657  0.26742825399984638  0.27754305470758089
  0.28782798227425188  0.29809880640097691  0.30796341388464477  0.31782773901056921
  0.32807054062663610  0.33873080661792088  0.34920767013510257  0.35967726803296890
  0.36963483000421921  0.37960772434593254  0.38852865196897229  0.39756127814380338
  0.40678364184255478  0.41607686708460584  0.42542739545847641  0.43511576088353143
  0.44530563190957473  0.45577554114984825  0.46531365665824176  0.47384535954954982
  0.48203600351630693  0.49056726765634590  0.49966276561465689  0.50918282188578956
  0.51903361244113999  0.52933083738454467  0.53955410984611274  0.54984144938839130
  0.56023637673005178  0.57115276889666544  0.58208264527530451  0.59271165370334067
  0.60285028765332438  0.61318305893872560  0.62370174368786102  0.63399994280533678
  0.64454292145588465  0.65489134111194103  0.66586978443317391  0.67645717854566856
  0.68659015915499488  0.69645254608606755  0.70607330410675218  0.71603446399308168
  0.72637018283456456  0.73711846820048166  0.74800735494007375  0.75870938918572794
  0.76867298114125437  0.77845716579820579  0.78803302454398760  0.79790009823451058
  0.80776486344059817  0.81794524885460651  0.82820104302497954  0.83889785429547659
  0.84937568660006568  0.86018575539283182  0.87095905908500448  0.88149097360337292
  0.89164373556147702  0.90158406243130429  0.91155558674000681  0.92124414630755336
  0.93076229407683631  0.93999495259048604  0.94900256945438788  0.95825716942297079
  0.96788839931560000  0.97802902463973485  0.98877876061583292  1.00000000000000000
 -0.00197728221107503  0.00747610798201077  0.01592034233731581  0.02414856308097100
  0.03237812244858963  0.04087235607699610  0.04999783499172716  0.05979689203912816
  0.06947641201791008  0.07800070001030399  0.08606688463977537  0.09416364008469290
  0.10140223096031931  0.10863489378586592  0.11584655368164971  0.12397952309084273
  0.13325760278256368  0.14293163659457186  0.15207709273793329  0.16156217868179598
  0.17116329574153294  0.18088811863914744  0.19004541780996093  0.19906826107147008
  0.20813176049957727  0.21790104622858869  0.22831741393388702  0.23934896960918692
  0.25021059335233392  0.26139902597705994  0.27255539551955515  0.28355165991137921
  0.29352880775481399  0.30303377910037477  0.31245531528348314  0.32230343423175623
  0.33265261169003596  0.34328128733921204  0.35372746464546023  0.36393742129478690
  0.37448400506686169  0.38494599040134686  0.39539520261351613  0.40590409492391877
  0.41647438903726114  0.42692537057828783  0.43728440899122339  0.44798308315154128
  0.45874813883270837  0.46914368179675547  0.47922045419702181  0.48971253000736248
  0.50055836499616913  0.51160671186398810  0.52244618014837585  0.53341571911864294
  0.54432506380338408  0.55521164537116108  0.56531988789874832  0.57548570639751540
  0.58567726850006940  0.59638940646014160  0.60663821015719765  0.61700505279059803
  0.62877871664868779  0.64119401346492488  0.65328686845054451  0.66507635880341298
  0.67736888250507088  0.69027513660736006  0.70252910136733238  0.71433181424629566
  0.72653145855093393  0.73861720851867152  0.75064813477087045  0.76093418130256241
  0.77098684578050669  0.78074749374609731  0.79119310759067152  0.80368410695258241
  0.81696672279235116  0.82993820743781910  0.84279754461119649  0.85572950833498262
  0.86808395377992231  0.88047761708296524  0.89350689792760762  0.90638989142095594
  0.91922998163457370  0.93143368677135874  0.94363123662966475  0.95540529265627461
  0.96658898970524754  0.97726371382998423  0.98816303379447545  1.00000000000000000
 -0.00223299807402324  0.00960486287047755  0.01995088089753711  0.03078475902044333
  0.04218118808249986  0.05357291608363067  0.06439422223834204  0.07496368118458699
  0.08553426246917369  0.09562600538636369  0.10578907060372177  0.11490558048812083
  0.12427750074611967  0.13372261705321078  0.14453124177614804  0.15440026627340961
  0.16341129084380568  0.17274032943992329  0.18292093845153365  0.19317861897026975
  0.20361320646463960  0.21437602260745292  0.22510791670458896  0.23576812949507678
  0.24660736309829942  0.25749939300903657  0.26847564691408404  0.27896151652168838
  0.28971732417126606  0.29974359991592781  0.30972871852849049  0.31975429567546793
  0.33035609483498007  0.34113125103242015  0.35287547778522832  0.36566032724165004
  0.37745107592688953  0.38757331426667085  0.39715631387511557  0.40687891634710455
  0.41683339529865776  0.42724643441693416  0.43795984139306188  0.44912670402784971
  0.46082047564490303  0.47303725793959989  0.48488500631115955  0.49561050316465927
  0.50616041024141878  0.51708503267287320  0.52715694999314089  0.53684365323137684
  0.54663715148124736  0.55693815683984749  0.56743949679951322  0.57769765590475775
  0.58811549157705845  0.59920348367130449  0.61077880525687178  0.62166664925523685
  0.63200925162789401  0.64220027384108436  0.65252275282041217  0.66273069285659258
  0.67268993022341050  0.68291292129450154  0.69374665267580382  0.70444282759179588
  0.71482886232236964  0.72535518353408412  0.73638271452071291  0.74777693634062381
  0.75894270314183687  0.77012005889370416  0.78109748260580847  0.79187552186347254
  0.80158552314420772  0.81114602102784372  0.82070012133868619  0.83087243463817484
  0.84125697224204854  0.85160306827465415  0.86267191369631424  0.87280207220992589
  0.88300236766922080  0.89303957618080265  0.90322947537847320  0.91329891838915644
  0.92325712014671857  0.93368551588967530  0.94418433395407975  0.95509242222130675
  0.96623757749311368  0.97716473791832392  0.98842465648137778  1.00000000000000000
 -0.00182414454566244  0.00690995409136318  0.01440324379307776  0.02151672098121337
  0.02929866926737708  0.03763176956150557  0.04640614552482947  0.05492503828965217
  0.06364911211308050  0.07241661395514619  0.08105941005110338  0.08928327476241878
  0.09740416656235351  0.10539933299261045  0.11344464930424043  0.12189760974056524
  0.13062542045264050  0.13946681686418450  0.14821772888458687  0.15690003515904216
  0.16561995974334656  0.17406717966624879  0.18214163864361219  0.19009209140356967
  0.19806363318036993  0.20677921031199989  0.21569680276855649  0.22456924630510505
  0.23347995423184248  0.24211775458857845  0.25033789927597405  0.25893120363333455
  0.26773421894805199  0.27666177196153441  0.28536716582767818  0.29451713477217867
  0.30387367249033420  0.31294394737697717  0.32200118863523086  0.33120237433281646
  0.34078546540906535  0.35104765042903041  0.36161371603794290  0.37264510503240694
  0.38322702547947446  0.39481540687778444  0.40581690996869313  0.41582618071435357
  0.42424270624611704  0.43287927317811309  0.44239224144954881  0.45270375312853339
  0.46293836890493828  0.47346308370920381  0.48426354816060491  0.49568624477731477
  0.50706790376049071  0.51780409390027271  0.52783237157903640  0.53738630448640079
  0.54736049864401715  0.55727088269367608  0.56746910776315196  0.57786201904075263
  0.58885733808060003  0.60000711554567288  0.61162254631304591  0.62235517668618312
  0.63240325249875240  0.64249911778153013  0.65379767290759272  0.66646895091237246
  0.68011598078272895  0.69435175687826400  0.70765559169862569  0.71938419796300435
  0.73082170189470808  0.74332858298329263  0.75653780296195383  0.77038724139260284
  0.78496694453443894  0.80002418792721131  0.81489225650524899  0.82941034799069024
  0.84446920081261756  0.85878769819431389  0.87344589625255109  0.88769838193851192
  0.90226506419556929  0.91708713434697775  0.93266148934024384  0.94845866568876702
  0.96267318621978248  0.97541083951296159  0.98760342358522735  1.00000000000000000
 -0.00220714389630245  0.00970637798664126  0.01923763324193235  0.02862982895208481
  0.03850250839790514  0.04885523973577345  0.05945106120264754  0.06992914087947130
  0.08086769894492027  0.09069571295916812  0.10017110869393470  0.10948497190925706
  0.11937786891925550  0.12906089774613144  0.13886371800188591  0.14880711475191014
  0.15889388539564128  0.16880776209483705  0.17887119235489338  0.18891159785262435
  0.19896819845426622  0.20938791210779079  0.22006837232126814  0.23043872779558491
  0.24047464708201469  0.25031638037865961  0.26054267785937490  0.27102239300238040
  0.28174101321849687  0.29260542695000979  0.30246860554558269  0.31213258325674265
  0.32168343089415691  0.33146541959044656  0.34107151094623106  0.35056455674457299
  0.36049685672378240  0.37067103541556390  0.38107707821740255  0.39184252617622750
  0.40291475592376830  0.41421126680902215  0.42501865666470884  0.43486687645832472
  0.44421132798234114  0.45340332423507418  0.46274061485656121  0.47247574166150158
  0.48272593741219033  0.49362934557395455  0.50470085444532864  0.51563026869449990
  0.52689712679623923  0.53826952328166799  0.55000631782132048  0.56188105043456160
  0.57382462345854990  0.58527425203084449  0.59620417124084812  0.60651420262908795
  0.61647191273920465  0.62659165778553383  0.63719993341958581  0.64848909674113286
  0.65951003888081983  0.67026483636978562  0.68143860742863838  0.69282590018539769
  0.70436877933960407  0.71508827770031447  0.72575519537673649  0.73680957366977939
  0.74837741330462870  0.75936090614796625  0.76998291902302129  0.78097083174138737
  0.79283947688087553  0.80499881627300562  0.81636884752331118  0.82672170324682326
  0.83669484780801140  0.84649467902871200  0.85558654560549319  0.86459533580139547
  0.87375776858434018  0.88383153260177816  0.89439996151755119  0.90486526380998211
  0.91532992119203149  0.92637835184471429  0.93813241081047882  0.95029010413337667
  0.96250342105640241  0.97501612399842230  0.98773573100330736  1.00000000000000000
 -0.00446575484816461  0.02436143366391069  0.04645333984476828  0.06442211925581923
  0.07977565063335111  0.09387121146399967  0.10757763558013313  0.12111116336319042
  0.13456317744312218  0.14816003705348574  0.16191332810611078  0.17519014627627283
  0.18821755334607460  0.20069521613604910  0.21250207997396173  0.22346169409226452
  0.23392711507350850  0.24433969214215157  0.25594175952602027  0.26692860984621103
  0.27769972418379829  0.28883202903395344  0.30154392686114484  0.31435558103962141
  0.32633869174742453  0.33818360015644894  0.35115505014170378  0.36454300006193624
  0.37788746098703918  0.39104820750482838  0.40380662354709174  0.41605831118788850
  0.42776924213171030  0.43912990184119366  0.45033900414599293  0.46103255661343373
  0.47144032993941748  0.48255655312701895  0.49435960442090021  0.50590550313867899
  0.51640778768260132  0.52669652566158032  0.53747248109908485  0.54801950034501523
  0.55782981189071845  0.56774670375203340  0.57805237610761440  0.58847944443228950
  0.59882511917266312  0.60941973236376001  0.62031848875037288  0.63101650340176407
  0.64115066260602238  0.65085931152116239  0.66040214561154098  0.66993031361307076
  0.67971212155742811  0.68985907813780301  0.69972897072746176  0.70955892061027637
  0.71971331274450989  0.72927885184039432  0.73797684251175266  0.74631718736152430
  0.75500726027189313  0.76371766590251455  0.77247341259829005  0.78111447482519092
  0.79011959747652327  0.79975312149516431  0.80927201942820126  0.81839479578554175
  0.82698277394584085  0.83516747336366248  0.84357911154031051  0.85201853748755962
  0.86036187594218194  0.86905997783616784  0.87792701990707722  0.88675820584731813
  0.89538746154897486  0.90411836056026262  0.91318558825857177  0.92191300167859325
  0.93018723228969469  0.93813268283789986  0.94597097185204482  0.95353565008291363
  0.96056140830283587  0.96717161370429572  0.97342368485744590  0.97929526693490576
  0.98485275555135188  0.99008993979590343  0.99516681260043904  1.00000000000000000
 -0.00291673984887578  0.01130847384242862  0.02317031296718142  0.03464885941031651
  0.04563423843303235  0.05627762513480769  0.06799417514217944  0.07913230781793748
  0.08905607544570725  0.09827083879632671  0.10791677851235448  0.11775415762828773
  0.12804024754255705  0.13852179403934028  0.14912562153291620  0.15976631394721308
  0.17034325699070021  0.18019693731592923  0.18931622607082851  0.19823693555590380
  0.20768888059916146  0.21815213417143187  0.22815021032710286  0.23821686469501629
  0.24880925497144787  0.25897190057786290  0.26798459899826493  0.27690742602208879
  0.28597468130974457  0.29679316622991975  0.30794977566719561  0.31861366581905104
  0.32936665102400403  0.33936677824792105  0.34974599609324319  0.35934702430775189
  0.36935434350280039  0.37977165602582641  0.39088842906287907  0.40156593278969310
  0.41155093036968021  0.42170890545294798  0.43217836794600739  0.44237558736546545
  0.45248479055402846  0.46239438064425126  0.47292530976143443  0.48280931256719406
  0.49241107456268751  0.50186374529542066  0.51181004402403074  0.52211093736630021
  0.53362268066227203  0.54475412586070138  0.55580569296884264  0.56583319102395524
  0.57621290026341099  0.58656323209621453  0.59694825455082545  0.60696843589387828
  0.61823881808474679  0.62914493499205426  0.63898857824919342  0.64865321039331014
  0.65863693376054766  0.66972135332332228  0.68123974760005934  0.69266711160310890
  0.70383369282334785  0.71550865129433250  0.72665706841190336  0.73767178122965960
  0.74836108441647375  0.75970107770989381  0.77152018585815896  0.78332568429699700
  0.79445450634301273  0.80488504293488339  0.81516603451406844  0.82594558876635626
  0.83720425604877391  0.84817200686830652  0.85860089433306463  0.86914075367686627
  0.87962657183439030  0.89058683416257534  0.90193044204127992  0.91364230505375654
  0.92459395266531230  0.93542486756974297  0.94620524903404690  0.95752618938119205
  0.96808986454766577  0.97830040904337046  0.98911713560598669  1.00000000000000000
  0.11344207313213688  0.44172904943214675  0.50467349587886123  0.53499322103282920
  0.55580786789194492  0.56916940954127226  0.58030112374849951  0.59230104094996150
  0.60123032730157322  0.60935128542538652  0.61627596220675840  0.62333428171331839
  0.62919442677700976  0.63497555402545358  0.64125804252569041  0.64779369115491869
  0.65446802056280473  0.66045698168771505  0.66605722826803526  0.67126686355140053
  0.67670251951434091  0.68221635892303534  0.68770937168871438  0.69318424107706567
  0.69856339399426548  0.70418868941631541  0.70937743150274701  0.71453617829253779
  0.71974598767853204  0.72465567980931289  0.72924186367008137  0.73370397544078525
  0.73820059754368972  0.74292321734201294  0.74776874778107527  0.75225006611408629
  0.75659358579852920  0.76098903951161334  0.76543117015959872  0.76979058759362651
  0.77420589583609734  0.77846607870686590  0.78272897467135671  0.78698929094804615
  0.79122474237488061  0.79545736001898038  0.79953403255818278  0.80340332282389726
  0.80720261903236445  0.81107101815522964  0.81512275853486760  0.81925488188256324
  0.82337651822446956  0.82730004325144757  0.83115671149164538  0.83492894309987198
  0.83867482216740730  0.84232164232080287  0.84573260869519506  0.84902394637771816
  0.85230139530931448  0.85573426079135562  0.85940497691737328  0.86314692532841220
  0.86689120262844765  0.87061669645681150  0.87427823006810845  0.87781030091276313
  0.88116717342425110  0.88449747891687003  0.88777062212030422  0.89109491994518297
  0.89456008153325661  0.89817082564591100  0.90189889701089432  0.90569271823698627
  0.90943560828480496  0.91313910007823884  0.91670445838594805  0.92031350895393171
  0.92405604220311321  0.92786839818228894  0.93177950195067916  0.93580262762727906
  0.93986413898811139  0.94388051044310728  0.94783431560732345  0.95186465901011852
  0.95630294422519035  0.96107308668284996  0.96635951078513871  0.97153525977024635
  0.97687347364898514  0.98334577755000763  0.99122883300544529  1.00000000000000000
 -0.00127156936242694  0.10098721279624544  0.13016224903560131  0.14745092284962916
  0.16040695057305618  0.17101787958124454  0.17958831834549427  0.18734426037415436
  0.19469061763235360  0.20185473365992224  0.20887467310318120  0.21558730107284746
  0.22256905030710639  0.22954258856330761  0.23584223120473488  0.24190361145334749
  0.24774833407852001  0.25331139060743441  0.25867500460723719  0.26398380544914712
  0.26914076209414056  0.27389892645634284  0.27846478699842114  0.28312479961707882
  0.28800507242402923  0.29318887711779684  0.29809195343146794  0.30294481968133274
  0.30799251681175427  0.31327113618748909  0.31811930716539172  0.32294837339356125
  0.32771527873722717  0.33265712587357910  0.33770948626481284  0.34274902060602502
  0.34792228631387406  0.35345330207997255  0.35929397265460616  0.36557912780388890
  0.37173301581516932  0.37770131258353129  0.38336750386411644  0.38890038672744975
  0.39441991999458448  0.40007334250367754  0.40541534772591514  0.41055270841910618
  0.41574890539008086  0.42128105007627553  0.42690341963477785  0.43234469845406959
  0.43766965212264541  0.44296821043215778  0.44858357058237558  0.45448283398118139
  0.46095784868040002  0.46816250205200372  0.47523418990857752  0.48140145789964245
  0.48712750693782647  0.49287630817227607  0.49899358571773111  0.50532640479500923
  0.51163458256995331  0.51772583789715232  0.52402656469294151  0.53059983066564398
  0.53730393378700436  0.54449919003833147  0.55190598407332503  0.55931024997943124
  0.56692317974813111  0.57462379685209863  0.58232292338329050  0.59031073557989466
  0.59894203770731658  0.60799347603325693  0.61691143483133759  0.62564665043423007
  0.63436398220962764  0.64345815925282535  0.65329911322137180  0.66390574643383193
  0.67560321892689379  0.68792173837548931  0.70150844392468881  0.71540489142263541
  0.72960587317276715  0.74541634430033454  0.76342705601897276  0.78399573976867154
  0.80655532885512871  0.83464037176450090  0.87567720144390704  1.00000000000000000
   3.1925611553833630E-004  -1.0000000000000000     
 F F F F F F F F F F F F F F F F F F F F F F F F F F F F F F F F F F F F F F F F F F F F F F F F F F F F F F F F F F F F F F F F F F F F F F F F F F F F F F F F F F F F F F F F F F F F F F F F F F F F F F F F F F F F F F F F F F F F F F F F F F F F F F F F
  <DiscreteSampler_grid>
  grouped_processes
  1 # 1 for a reference and 2 for a running grid.
  10 # Attribute 'min_bin_probing_points' of the grid.
  1 # Attribute 'grid_mode' of the grid. 1=='default',2=='initialization'
  0.0000000000000000 # Attribute 'small_contrib_threshold' of the grid.
  0.5000000000000000 # Attribute 'damping_power' of the grid.
 # binID   n_entries weight   weight_sqr   abs_weight
    13   10   2.371842002044141E+002   2.036144024891072E+005   2.371842002044141E+002
    14   10   2.371842002044142E+002   2.036144024891075E+005   2.371842002044142E+002
    16   10   2.642576651320186E+002   2.470318462506200E+005   2.642576651320186E+002
    17   10   2.642576651320215E+002   2.470318462506200E+005   2.642576651320215E+002
  </DiscreteSampler_grid>
