  0.00276027206827894  0.01315333546343892  0.02494971900729904  0.03614076612735825
  0.04703712155203002  0.05801645848626861  0.06858698577961701  0.07893974642538183
  0.08932903433219543  0.09997083753087606  0.11053010639605611  0.12098110612755721
  0.13148731869401081  0.14202751285139770  0.15258407845296193  0.16274424086559966
  0.17296198451426403  0.18313042567117041  0.19381814106587031  0.20448487244236163
  0.21513801207939731  0.22584333619931551  0.23678762304058032  0.24792367688656852
  0.25906649516370411  0.27017064665390605  0.28129367541484018  0.29205197795258508
  0.30260641434101671  0.31272196421007747  0.32298853511679732  0.33333645291023317
  0.34390315680942501  0.35436625638001801  0.36466349273175824  0.37531458630336756
  0.38609810407314554  0.39706160375661204  0.40789138545846748  0.41880093365063142
  0.42945070324951290  0.43988585781846995  0.45012189910823658  0.46055048062175613
  0.47112591228574674  0.48183624690422733  0.49256196203228358  0.50319317643576011
  0.51421983628242340  0.52549179977066507  0.53692115923080441  0.54803773289819424
  0.55885918043388760  0.56954352606639391  0.58011342685032963  0.59045634586314899
  0.60071435941162032  0.61108941652412130  0.62160625332824038  0.63228499265281568
  0.64269268521930212  0.65288261737898845  0.66281386106490658  0.67265646174624671
  0.68244593123307251  0.69205083870291451  0.70178817195243337  0.71182961576742088
  0.72214677279339523  0.73259878934457001  0.74311347783867376  0.75374487939067025
  0.76462643644475969  0.77543217488463123  0.78608732524957126  0.79688561220371945
  0.80762528574666381  0.81810031208648015  0.82839082431102651  0.83858217366966226
  0.84874192776429658  0.85912201440043456  0.86944537564608826  0.87974810494697298
  0.88985484037075624  0.90010491214394772  0.91041021467563110  0.92091498612415068
  0.93156788115640765  0.94209716232631646  0.95252421514762142  0.96234936671869553
  0.97207493279695734  0.98131730142957674  0.99068334162289917  1.00000000000000000
  0.00317304827937396  0.01302630483425635  0.02437041145501198  0.03584458255592426
  0.04677623163940232  0.05750760013805558  0.06844846681331561  0.07933325193550740
  0.09024628276770409  0.10085649580642546  0.11141102718099796  0.12195210188326938
  0.13244828930658445  0.14325671095858744  0.15383784625896646  0.16450652557456208
  0.17521589468414342  0.18604206951617286  0.19656679786221284  0.20702242298993184
  0.21756331704436985  0.22833233123523131  0.23923242801632949  0.25033020784495663
  0.26116910543866101  0.27204128992723348  0.28278510963232328  0.29349058433969027
  0.30383446767184291  0.31386633577550138  0.32397167827368423  0.33434751364351395
  0.34486401748050244  0.35560529380722905  0.36630980720949613  0.37690418257927344
  0.38725186960394847  0.39729111723877752  0.40743039898754674  0.41772174889506020
  0.42834389849629145  0.43907336070348912  0.44998389339389022  0.46106377239624619
  0.47228680154206931  0.48348805282588592  0.49448546461614967  0.50520163764964954
  0.51591496687752769  0.52663857844388773  0.53724032150206558  0.54789142057859197
  0.55836537719690282  0.56892685614249050  0.57911558852350487  0.58933085580312139
  0.59923341279150355  0.60945326760150409  0.61966008838724551  0.63002522984046561
  0.64037172972889511  0.65106544891694562  0.66184994119897866  0.67235693364264559
  0.68276315494853501  0.69339842144646546  0.70376631846022830  0.71394355075025318
  0.72387411304156923  0.73385991436246889  0.74397651560041844  0.75411415122612935
  0.76433247063375942  0.77455433473654067  0.78497325564410947  0.79555696136327991
  0.80616652858538618  0.81680428371215796  0.82780165102487657  0.83847963070495168
  0.84895828453397204  0.85904809947479821  0.86916643415891015  0.87925421978835028
  0.88931664917872622  0.89890634465131403  0.90845967165006625  0.91821279240310649
  0.92861871483512759  0.93899217662346302  0.94927129965378743  0.95917573738105710
  0.97009932437148738  0.98069541885144129  0.99049231087424328  1.00000000000000000
  0.00011434657469666  0.00014073207450295  0.00017401907931009  0.00020263746013569
  0.00022259181096379  0.00023947927024280  0.00025501777400623  0.00026985491359782
  0.00028430693491854  0.00029850375624728  0.00031258752891183  0.00032664833910834
  0.00034073285358645  0.00035509473777721  0.00036995231358458  0.00038493028681696
  0.00040058857851727  0.00041639698929989  0.00043233816386212  0.00044900650076755
  0.00046612453286250  0.00048319834602552  0.00050142108553132  0.00051968856137407
  0.00053861853419619  0.00055858441472067  0.00057951559773560  0.00060080133180709
  0.00062294790091070  0.00064594928126008  0.00066951404596067  0.00069407316226701
  0.00071926396147716  0.00074460228955352  0.00077071391537038  0.00079797930810803
  0.00082568722466850  0.00085431143459661  0.00088505864671487  0.00091638723165872
  0.00094730574948435  0.00098219161583910  0.00101773612628448  0.00105471031701954
  0.00109271628954457  0.00113228505185420  0.00117210463858275  0.00121457104841655
  0.00125980768868298  0.00130583922620977  0.00135445431088917  0.00140504966848628
  0.00145421328839224  0.00150615998696611  0.00156139202428255  0.00162021971756979
  0.00168170100380004  0.00175089877898953  0.00182166557700322  0.00189685648532321
  0.00197678111816761  0.00205664086128617  0.00214168731716903  0.00223066875687768
  0.00232204701741160  0.00242105243275747  0.00252966909716271  0.00264560244118103
  0.00276804963348646  0.00289336027513406  0.00302809456583372  0.00318029772796080
  0.00334162928138811  0.00351756824664253  0.00369787590106959  0.00389869833380670
  0.00410503103112710  0.00432849749553698  0.00455707322037370  0.00479148614236326
  0.00500783419770849  0.00521060108558619  0.00541280129369800  0.00564708284190973
  0.00595675054135007  0.00636790726303642  0.00684501607658721  0.00731160458550534
  0.00782633793749751  0.00852794819086654  0.00969466192498512  0.01111926573508648
  0.01240935105692053  0.01414478411450880  0.02270633490005732  1.00000000000000000
  0.00000270280601796  0.00000354280307914  0.00000401508316355  0.00000458006865547
  0.00000525921296348  0.00000606990005515  0.00000703251268238  0.00000814957071556
  0.00000941366922854  0.00001085781456305  0.00001254100011764  0.00001446526945217
  0.00001659908470097  0.00001902001737507  0.00002178599272288  0.00002483114250336
  0.00002819406164269  0.00003209376468349  0.00003655465401332  0.00004151372558006
  0.00004677151611822  0.00005258168193775  0.00005877194875618  0.00006540187490530
  0.00007270000922877  0.00008018927760801  0.00008782336157943  0.00009575635196616
  0.00010410395927897  0.00011313357865903  0.00012281401032442  0.00013306814869045
  0.00014395079305173  0.00015525515632076  0.00016721855954834  0.00017999967385729
  0.00019325025936753  0.00020727151366403  0.00022184689392074  0.00023712109220291
  0.00025297101622845  0.00026932434271517  0.00028637899878894  0.00030413734787625
  0.00032281153043923  0.00034222467076894  0.00036283300356087  0.00038444017993924
  0.00040718508841107  0.00043197337429405  0.00045724634708112  0.00048592135508673
  0.00051533408551092  0.00054556946803502  0.00057739317993184  0.00061016321728828
  0.00064532886616528  0.00068649127923789  0.00072852038564050  0.00077163862841219
  0.00081634232130474  0.00086283854431708  0.00091463878615683  0.00096703255639610
  0.00101913446711046  0.00107271622767601  0.00113033678734342  0.00119497875033299
  0.00126372582191363  0.00133220957214365  0.00141457125919904  0.00150069845687944
  0.00160293300244938  0.00170892721245031  0.00182318072071269  0.00194718893188386
  0.00208182786277895  0.00222405642351293  0.00237177573161372  0.00252999735333778
  0.00271092382482221  0.00287277668592478  0.00307012336433202  0.00327304595701336
  0.00348476250573657  0.00374605467900995  0.00410094525127287  0.00443842946707841
  0.00490227404471327  0.00548148308942463  0.00630999156033442  0.00742560096969862
  0.00858752212323246  0.01038074845939287  0.10713594529359891  1.00000000000000000
 -0.00228874531368091  0.00924462230362514  0.01893564019237188  0.02898587799956384
  0.03879783971140823  0.04854737472060284  0.05841008030544087  0.06858275196085468
  0.07879498652713900  0.08924086219104592  0.09964839411615153  0.11057468771913330
  0.12145147627821833  0.13230906923582370  0.14269312187046299  0.15323189810528040
  0.16361388035932126  0.17409484898551963  0.18459252204365656  0.19483553252270561
  0.20502675275131879  0.21512014499276533  0.22536552952883190  0.23615285478880718
  0.24651006071628798  0.25734420419567655  0.26787971090991786  0.27871360653748573
  0.28944404798653472  0.30033877375244900  0.31123352266300630  0.32198662143974888
  0.33246772791538615  0.34279589271794092  0.35302296157089841  0.36322652118543225
  0.37366623966624363  0.38414990216201794  0.39458357373410874  0.40501306126193415
  0.41566807871223643  0.42626508966986082  0.43660076418303262  0.44681306081038241
  0.45713364117334082  0.46759416998697884  0.47808367979772259  0.48871037405486334
  0.49943179883084243  0.51017112442359525  0.52055938853583017  0.53145741368716526
  0.54202000840402564  0.55262055728849702  0.56292002787412143  0.57326350787922253
  0.58358660061568568  0.59430906797182603  0.60501057744149811  0.61575033220302811
  0.62632028042231735  0.63692056096150673  0.64751474128238484  0.65804326704429894
  0.66862107603534027  0.67922700327493435  0.68987147577153929  0.70064539926956304
  0.71139232872504710  0.72199374912605352  0.73253113503644118  0.74321736738071198
  0.75422495889798080  0.76529081732561532  0.77618113880284445  0.78697322073230191
  0.79776611657537122  0.80850304056288136  0.81907727562706500  0.82948262899557967
  0.83979058983572719  0.85022430711019148  0.86062018783885952  0.87097220133207920
  0.88130442004965270  0.89203945680889229  0.90320497340770667  0.91451416089819948
  0.92574279017708638  0.93687073672392329  0.94769203668286162  0.95834035274058849
  0.96871543547529715  0.97905040235227614  0.98941424581105808  1.00000000000000000
 -0.00241141171868138  0.00956292311153236  0.01978494020226320  0.02989541079592851
  0.03995245444283274  0.05016261989275983  0.06046755146910971  0.07088263887111632
  0.08122697864861084  0.09193610971169910  0.10281429073700231  0.11365812321946789
  0.12438811094250070  0.13471305626758451  0.14469510232616928  0.15463829785537808
  0.16456798027749947  0.17500050120602287  0.18521777192306163  0.19634819323510389
  0.20716747915623307  0.21791927633062105  0.22838400457318436  0.23836055217213942
  0.24846928171555813  0.25849722804557690  0.26874222697722994  0.27899218221381639
  0.28942157696944493  0.29953727430130600  0.30996692204402276  0.32042816173361921
  0.33121323219392251  0.34163805075673176  0.35202043504246572  0.36216699235193012
  0.37258102668564097  0.38306395252341491  0.39379103161797430  0.40435179396072124
  0.41487699144241386  0.42545176992208900  0.43595369496088171  0.44593788336456924
  0.45575085354254236  0.46589526582538593  0.47664717427652248  0.48740703706008343
  0.49832762961189669  0.50893333121452267  0.51958851141906959  0.52998034903879065
  0.54058598521005974  0.55120475953559034  0.56235950988290806  0.57311820172805750
  0.58378674447121426  0.59418125262291988  0.60485109041960550  0.61600244308308871
  0.62732073720922776  0.63868277396520479  0.64936621914656023  0.65984000923681696
  0.66980114812098079  0.68034804687193529  0.69082609949349183  0.70175494131658533
  0.71247553275066655  0.72324684471101397  0.73383921729193280  0.74420905717004049
  0.75479710372429576  0.76543845941136901  0.77578828514229980  0.78611000513816276
  0.79676915684912797  0.80741998852708041  0.81793015585097562  0.82816370384923566
  0.83876274811935514  0.84953137943220125  0.86015344043718889  0.87093904456286542
  0.88186527238412837  0.89287570526305038  0.90363878949870335  0.91435674130607192
  0.92493135553576500  0.93524448771539903  0.94570266064020558  0.95648967143694807
  0.96752527127687882  0.97831243764643772  0.98913020797899520  1.00000000000000000
 -0.00287153361836416  0.01217176077615648  0.02455100252947918  0.03723034491141117
  0.04930392874436818  0.06177455941386323  0.07482279340869025  0.08808837210053357
  0.10108373460714143  0.11335834512688241  0.12485183766490371  0.13590897942649569
  0.14722176261540454  0.15892012845586728  0.17037712497970370  0.18167408107310520
  0.19295126973026194  0.20440254690897292  0.21588013657685670  0.22713522169212857
  0.23822149794071176  0.24920553085310440  0.26045911321141402  0.27170556133674451
  0.28273777923012638  0.29361008046433346  0.30446361441676345  0.31528649998348129
  0.32628171988961702  0.33748854056995592  0.34882665160399084  0.36000981583961961
  0.37092783412582109  0.38162002362182013  0.39217011720794215  0.40278497683435149
  0.41359110953041839  0.42443793865903251  0.43498702110628656  0.44529754585672920
  0.45570710476156734  0.46623425645295907  0.47691957831710524  0.48750386943357171
  0.49806864822367747  0.50850071544898412  0.51881469013680914  0.52902572254356017
  0.53913830295754706  0.54922912844429306  0.55924988420219512  0.56922759182866367
  0.57919373835855636  0.58923881818986446  0.59936974092218065  0.60956562944528569
  0.61946296264892065  0.62909267990959805  0.63863500997494449  0.64816879825686780
  0.65775484348053737  0.66735750368403535  0.67704143696404295  0.68656561201497912
  0.69580324276624250  0.70496043316258894  0.71425264512190756  0.72371701426155133
  0.73332332757078056  0.74317824183402537  0.75324223162297399  0.76324998641516795
  0.77297528294688111  0.78268678619493393  0.79245773744837167  0.80232817176862259
  0.81216187132576012  0.82169182729116819  0.83154703095048688  0.84114065035439389
  0.85122447645381527  0.86084576618614184  0.87069338146008568  0.88059746995592714
  0.89039625445366788  0.90008092913746784  0.90947139120692966  0.91898227371711005
  0.92879578488993819  0.93879985335044602  0.94906334258772151  0.95956165078526834
  0.97020155490345028  0.98056159242677565  0.99030257400426958  1.00000000000000000
 -0.00235622818786307  0.00922919841689215  0.01903200337970817  0.02914905394628261
  0.03890360113841189  0.04842830946869409  0.05818144866391152  0.06832200374399380
  0.07858457244521933  0.08866827751773051  0.09859716199030066  0.10853994330302372
  0.11894289914960050  0.12946838315018649  0.14041508386426163  0.15130134740830289
  0.16191568425533354  0.17230556195571145  0.18286450453524397  0.19349736767725828
  0.20385960995582456  0.21392431768939188  0.22408115678693596  0.23431436287632135
  0.24447801950947878  0.25462874506964622  0.26477279777770735  0.27500655220573000
  0.28515844982435484  0.29544575081542057  0.30587697586278395  0.31646664614505848
  0.32708535800136368  0.33763613263295433  0.34817027742059731  0.35885219010910663
  0.36964167532873743  0.38040965874688848  0.39113107808435177  0.40176653510910249
  0.41240005604554042  0.42280504080060866  0.43316628621498887  0.44356720028876662
  0.45426481919290768  0.46521703568721728  0.47625320649419850  0.48725400145980907
  0.49802319811342466  0.50848303872450984  0.51867010733814889  0.52910356944157477
  0.53987086199974177  0.55083574405650815  0.56184937876625540  0.57299412753484091
  0.58426635417802131  0.59530405455208790  0.60602581446029591  0.61648800241315127
  0.62690984981964482  0.63739770503098259  0.64821935560702104  0.65940388477713130
  0.67065847750598651  0.68165237708571735  0.69215899065304465  0.70225974952745485
  0.71223156100837881  0.72258026948615617  0.73340005284489129  0.74444374918814515
  0.75505161758311956  0.76526552704325967  0.77573790929741637  0.78623925872102229
  0.79642990709835049  0.80633277181168794  0.81594320285469890  0.82614974575018230
  0.83614043492295553  0.84660705024557925  0.85716458431526144  0.86786115587033430
  0.87842810062319598  0.88896242948147974  0.89962501066476530  0.91083289496676567
  0.92238620098100399  0.93423916020501852  0.94572973917241032  0.95679188066690934
  0.96751459146092000  0.97816036204209666  0.98889814626286809  1.00000000000000000
 -0.00116587346348592  0.00310436040967707  0.00765053377591409  0.01213731892622162
  0.01688331315710706  0.02209229212010894  0.02741403997193450  0.03294266796660970
  0.03862595429655340  0.04468179625009823  0.05116045121395074  0.05794270520139541
  0.06491000678343628  0.07200975912467231  0.07930718498188363  0.08694076713180306
  0.09496586514374532  0.10331512159221161  0.11188215570203294  0.12056954668329062
  0.12934937597154478  0.13821527562128155  0.14718847469804175  0.15649472481887486
  0.16618705259863326  0.17621705021609757  0.18659484560687958  0.19750749627540584
  0.20909618928087803  0.22084948078151279  0.23263874894697659  0.24454783890914428
  0.25677030955834990  0.26928074842063265  0.28198873512159361  0.29504085188004747
  0.30846030700246091  0.32224056617807562  0.33635535604959554  0.35106917684123629
  0.36600196338416757  0.38145098679219974  0.39674450966967051  0.41226942894250729
  0.42734615803302567  0.44241674333175202  0.45784104330382364  0.47371890306983067
  0.48933995542103659  0.50492526977146068  0.52070010963623159  0.53718050626435554
  0.55453315422646576  0.57209561694256361  0.58851667803155572  0.60380363910178092
  0.61897448425277335  0.63431527249125685  0.64931294817371110  0.66441599066580570
  0.67929611509219234  0.69392272926983112  0.70825538406165200  0.72256443635012846
  0.73645478344269399  0.74962647903971713  0.76235994848336675  0.77487687082639267
  0.78712043811654697  0.79895942490339478  0.81043564790590872  0.82159730180191382
  0.83263895839912161  0.84332431815612452  0.85375609231988159  0.86396418205178260
  0.87383010637136005  0.88325224465857965  0.89232913198246888  0.90073549749348780
  0.90895801572751378  0.91693777612428373  0.92462864985681692  0.93206096026683616
  0.93911787585530704  0.94579400474766873  0.95217539863132084  0.95830061439904468
  0.96417582075668240  0.96992619836278027  0.97561687765082883  0.98110537218084914
  0.98625865755291042  0.99106654421866003  0.99560920557160348  1.00000000000000000
 -0.00223818435841461  0.00947105021844733  0.01917342958386270  0.02966558926440809
  0.03975043810636444  0.05001089897583880  0.06008684364972550  0.07027148917609993
  0.08075733363356027  0.09120839291610690  0.10179866705288429  0.11238525923550531
  0.12288195364166260  0.13346189801160799  0.14399732110866229  0.15440042679122307
  0.16482074369505406  0.17516953116401468  0.18592482926387482  0.19631346358086169
  0.20687061015052549  0.21733925733234399  0.22802411584492108  0.23845236217112878
  0.24886377593939810  0.25962936400315650  0.27044706420234976  0.28163666624484812
  0.29249648079232204  0.30333733035283433  0.31409988015701101  0.32505867321122989
  0.33576238459773611  0.34604592690440122  0.35618622235664454  0.36664881129374344
  0.37732035377789819  0.38817310527149018  0.39916641013140508  0.41061154194333438
  0.42204611499988770  0.43369352539377298  0.44497975292928305  0.45592244593278447
  0.46654976166920514  0.47685306773961528  0.48717835546893001  0.49745092111419381
  0.50779964658296661  0.51814590739438426  0.52848446228639512  0.53887964415886835
  0.54953168229814264  0.56001585126754105  0.57021839355763237  0.58016418590038277
  0.59027831344908899  0.60032738341277159  0.61056774141139336  0.62102401207730107
  0.63191136752061372  0.64284301593573767  0.65371999793375657  0.66478456238844863
  0.67599347589405756  0.68717936248507150  0.69800951792602539  0.70894770383370098
  0.71955242719351664  0.72981124849870749  0.73984025841360790  0.75011500752931071
  0.76070325756121582  0.77113160311550777  0.78113988300241510  0.79110827747364876
  0.80089962714578422  0.81063922422017964  0.82057511208043588  0.83097889472727715
  0.84215384554141803  0.85378897603092985  0.86535489791705422  0.87642237176763771
  0.88721822184019961  0.89781403666934745  0.90820029278957248  0.91847061494432047
  0.92873542629486827  0.93912815739855293  0.94958205474542201  0.95964915502229042
  0.96970656779570508  0.97975933330100640  0.98985117883555362  1.00000000000000000
 -0.00255952782121170  0.00957589976967523  0.01972072610466584  0.03008975998820929
  0.04005721978279534  0.05040678730641428  0.06074183511862084  0.07156488502308403
  0.08244085251673954  0.09357877118546599  0.10467343287492839  0.11582663843967810
  0.12697599592829259  0.13798942442398807  0.14842929108297442  0.15877335806233125
  0.16904679426105626  0.17911658114697498  0.18905869622875043  0.19925584679257397
  0.20974868485650694  0.22057108193274089  0.23114725572496636  0.24177896730090437
  0.25242310135702262  0.26341891348735719  0.27437821003633989  0.28515252783556383
  0.29570399990556390  0.30606210066613942  0.31609157887901806  0.32624630181038700
  0.33672001523263290  0.34762953826264426  0.35871906058713449  0.36981872065265331
  0.38087201177841745  0.39171709908852242  0.40244102834979023  0.41317462897777013
  0.42374844967850145  0.43453926900652884  0.44506730339375217  0.45534115687897309
  0.46532203970843550  0.47514475153478380  0.48514772728959865  0.49526036759039155
  0.50576782656685537  0.51662407756844886  0.52742232790035004  0.53820293540726949
  0.54863343470764514  0.55899919801201670  0.56957925493961714  0.58040831109885194
  0.59152268736212121  0.60255695537552523  0.61374781673981782  0.62469540499415899
  0.63534436221326396  0.64593713894015936  0.65604849287739719  0.66620084818438330
  0.67624978147217496  0.68641185583995812  0.69644805511962637  0.70649364631834422
  0.71663053911887387  0.72718910376092560  0.73747067344189832  0.74780204462820155
  0.75805942370895740  0.76839514879130899  0.77897726604100415  0.78988053267874214
  0.80107119572523944  0.81193184071134439  0.82226938280067297  0.83280085798063452
  0.84335636161347871  0.85399612569512251  0.86444807413228397  0.87510130149080789
  0.88570569791669995  0.89623096313474893  0.90651988496640834  0.91700813362166089
  0.92732053853821861  0.93775869604264195  0.94793882075738400  0.95840842962935924
  0.96864598186885054  0.97906249010478652  0.98956930340169957  1.00000000000000000
  0.46443498021386298  0.58930067219741922  0.61582012589141166  0.63726357172161641
  0.65352970253179277  0.66725002562577784  0.67905001891851779  0.68966134456145489
  0.69910077553934946  0.70792499353159632  0.71602300473510916  0.72364344392917901
  0.73071874473713672  0.73720346461435982  0.74346903864136060  0.74952786149990558
  0.75520627156732534  0.76057246206146822  0.76578055781747356  0.77085744074637963
  0.77572676613713876  0.78044242088072024  0.78509564584841929  0.78963012791558596
  0.79389338650702879  0.79787323926962994  0.80174689729184345  0.80563752899158014
  0.80952673377694340  0.81328274150127977  0.81684382416699108  0.82029579357314231
  0.82374489005755103  0.82718923960787949  0.83063488571076594  0.83411263900228227
  0.83746415311112443  0.84082626859781906  0.84410527969519533  0.84728350188733059
  0.85036502893983978  0.85338118041368793  0.85640714056460043  0.85936511380834080
  0.86223979576360121  0.86502929911289916  0.86780338237198451  0.87061827868672648
  0.87345552143097605  0.87626296569728057  0.87902426296671388  0.88174593230238851
  0.88441904521123327  0.88698368624716351  0.88956342653267839  0.89215676873464766
  0.89475121833317284  0.89731315402598388  0.89984853271340615  0.90238397580883045
  0.90492331175672758  0.90746467901268568  0.90997878170680502  0.91247465227703994
  0.91498503044302459  0.91741427288703037  0.91979227197583258  0.92215122782721726
  0.92450927999346832  0.92685536782252109  0.92919204695581059  0.93153315836361184
  0.93388393979228501  0.93625686102194250  0.93862832392010620  0.94099192755177996
  0.94333893118475765  0.94572685714328020  0.94807085898008425  0.95039554780197744
  0.95273041136918923  0.95507950332066105  0.95746591109786860  0.95994603612942708
  0.96247470186266149  0.96499719499255832  0.96762251901369301  0.97028537159401085
  0.97304181891886354  0.97577237515450610  0.97860440936595039  0.98166175277610712
  0.98509909249267502  0.98902595042433372  0.99379432481144625  1.00000000000000000
  0.02637658163147153  0.10423301243853690  0.12484175547708795  0.13775091370268613
  0.14986949735748767  0.16172637033325210  0.17209178362782834  0.18079052608083013
  0.18845993834529387  0.19551419236612014  0.20210643465593831  0.20838353711051258
  0.21461232093189589  0.22094504315148139  0.22726458071318323  0.23347150638903214
  0.23946415721817357  0.24532133067982745  0.25108310806246392  0.25661558754946684
  0.26212173791102761  0.26763133957575119  0.27331523998074408  0.27887242228604286
  0.28447119342156885  0.28999845801306440  0.29546943731595704  0.30093546107730940
  0.30642462878800414  0.31188054238088675  0.31728410338844709  0.32262552501180408
  0.32794862087664933  0.33341720266296493  0.33900972193942952  0.34453369682297547
  0.34985569746815437  0.35500298235229855  0.36013705370994303  0.36535986988013697
  0.37072294609242951  0.37618113462912162  0.38178548988002098  0.38738817202384557
  0.39294187646229356  0.39846834277920373  0.40400538009269021  0.40965899395009714
  0.41544887413268478  0.42117431483040096  0.42684496407126166  0.43246422375072319
  0.43806733848610252  0.44368218707991980  0.44936203922775525  0.45516687544682005
  0.46120204810015764  0.46741835953382543  0.47364668989462794  0.47985232578404668
  0.48614948998354490  0.49252775453923819  0.49885405751280060  0.50513664533999714
  0.51143444491481804  0.51783147715437128  0.52438609617305765  0.53109613511013642
  0.53790070385074173  0.54483286462237812  0.55148704756559364  0.55824802347197344
  0.56534625570270347  0.57311737003509178  0.58080142572450000  0.58863469365411547
  0.59669880355156479  0.60510462433065981  0.61420899629557613  0.62361701406474468
  0.63328399391574486  0.64335667057221413  0.65387975488096428  0.66492029222316795
  0.67607446180452357  0.68742600100480333  0.69938790176300325  0.71185603045784751
  0.72516194815388391  0.73997705885875897  0.75660476886770367  0.77432130064848304
  0.79452505423310116  0.81787487710545514  0.85131296414048041  1.00000000000000000
   4.7904998040217108E-008  -1.0000000000000000     
 F F F F F F F F F F F F F F F F F F F F F F F F F F F F F F F F F F F F F F F F F F F F F F F F F F F F F F F F F F F F F F F F F F F F F F F F F F F F F F F F F F F F F F F F F F F F F F F F F F F F F F F F F F F F F F F F F F F F F F F F F F F F F F F F F F F F F F F F F F F F F F F F F F F F F F F F F F F F F F F F F F F F F F F F F F F F F F F F F F F F F F F F F F F F F F F F F F F F F F F F F F F F F F F F F F F F F F F F F F F F F F F F F F F F F F F F F F F F F F F F F F F F F F F F F F F F F F F F
  <DiscreteSampler_grid>
  grouped_processes
  1 # 1 for a reference and 2 for a running grid.
  10 # Attribute 'min_bin_probing_points' of the grid.
  1 # Attribute 'grid_mode' of the grid. 1=='default',2=='initialization'
  0.0000000000000000 # Attribute 'small_contrib_threshold' of the grid.
  0.5000000000000000 # Attribute 'damping_power' of the grid.
 # binID   n_entries weight   weight_sqr   abs_weight
    19   10   2.912392578974721E-001   4.205605544463113E-001   2.912392578974721E-001
    20   10   2.912392578974709E-001   4.205605544463065E-001   2.912392578974709E-001
    22   10   2.912392578974721E-001   4.205605544463113E-001   2.912392578974721E-001
    23   10   2.912392578974709E-001   4.205605544463065E-001   2.912392578974709E-001
    25   10   4.006554510279074E-001   1.315197700487084E+000   4.006554510279074E-001
    26   10   4.006554510279076E-001   1.315197700487084E+000   4.006554510279076E-001
    28   10   4.006554510279074E-001   1.315197700487084E+000   4.006554510279074E-001
    29   10   4.006554510279076E-001   1.315197700487084E+000   4.006554510279076E-001
  </DiscreteSampler_grid>
