  0.00281665716159983  0.01195201063248732  0.02161640674372059  0.03110949221821031
  0.04080003376931371  0.05052441962845310  0.06050173336504845  0.07166444530912128
  0.08388072415691714  0.09635437958606949  0.10663749966389038  0.11509786514587017
  0.12327272888247780  0.13251768672253128  0.14193168965472247  0.15156457258926079
  0.16205327135170192  0.17316189340995713  0.18489565642944392  0.19668442956321910
  0.20798569603281442  0.21812433080293819  0.22743193879430426  0.23856004086478247
  0.25034173374521340  0.26301648912808384  0.27490982374086448  0.28570336111707390
  0.29533014879069647  0.30396548366457377  0.31288237301131450  0.32245997485805605
  0.33258718353882205  0.34332658073262773  0.35433022868651765  0.36554618224075253
  0.37615812679039862  0.38607920910715615  0.39574853579107133  0.40590215462701995
  0.41775020363280296  0.43026534091046054  0.44159810585273956  0.45179673561010653
  0.46214856312836528  0.47341709542726562  0.48510644627787142  0.49658092391745029
  0.50795822171108651  0.51872321862355741  0.52851910713527972  0.53791845559155549
  0.54777175114901155  0.55839690647117357  0.56923448358724527  0.57993297595687665
  0.59106428597196448  0.60190724225300407  0.61231304502654649  0.62226811888660427
  0.63136396234894698  0.63997871303976406  0.64937521966417444  0.66024703119455908
  0.67168263392749694  0.68260277674325276  0.69357087417752739  0.70546230334355775
  0.71648440088224952  0.72581618369911849  0.73469881493666811  0.74354669317644961
  0.75306394319958314  0.76322398088719046  0.77332805937246751  0.78419997303307809
  0.79452092950351727  0.80506732148670135  0.81465118094368583  0.82430131583629507
  0.83452601543115024  0.84459291081618182  0.85558096133088357  0.86619150642722631
  0.87621516936200372  0.88612710843020259  0.89628592562837150  0.90752861287673747
  0.91944508645177669  0.93085708600233885  0.94249978983481286  0.95349326620748798
  0.96467674847501306  0.97552689156693861  0.98738674356954204  1.00000000000000000
  0.00004962477480470  0.00006181839104593  0.00007218324063461  0.00008031497120204
  0.00008764587808666  0.00009474135539711  0.00010160692685462  0.00010846724538824
  0.00011543562372679  0.00012226004773860  0.00012924981089377  0.00013647921741010
  0.00014409230852266  0.00015192918991940  0.00016004115662638  0.00016838482964591
  0.00017676488443128  0.00018520447413679  0.00019363792519611  0.00020185510477493
  0.00021014579409686  0.00021835056300715  0.00022712200856515  0.00023630745656845
  0.00024525671618635  0.00025451788824330  0.00026445199665969  0.00027485184171056
  0.00028516856053329  0.00029504533650301  0.00030528983402749  0.00031631299106188
  0.00032774813547592  0.00034022191900033  0.00035438231483778  0.00036822085163377
  0.00038275314479748  0.00039737125881256  0.00041241199239160  0.00042839863616930
  0.00044753767574669  0.00046846516618108  0.00048901257168455  0.00050876716826748
  0.00052755880059036  0.00054541183015213  0.00056293207056423  0.00058147740074916
  0.00060240678147722  0.00062567148933363  0.00065078396355018  0.00067671331715092
  0.00070424900868382  0.00073567160556289  0.00077029236247218  0.00080588129121262
  0.00084283153524590  0.00088120233806779  0.00092446148962565  0.00097381712483953
  0.00102353006941774  0.00107201897673640  0.00112830765676078  0.00117923106700928
  0.00123894545391326  0.00129618820313480  0.00136403491340358  0.00144315455627541
  0.00153354027733021  0.00165088343654222  0.00176347122057776  0.00186411179506309
  0.00195978215766923  0.00203403379695055  0.00210535075616961  0.00217759481670301
  0.00226508859215103  0.00238777288972557  0.00251416966349580  0.00268495544776103
  0.00291272033693001  0.00320498492238783  0.00354408358836739  0.00392125559715617
  0.00436100932017256  0.00497059318528757  0.00561885306631019  0.00622228228513467
  0.00726414436420619  0.00891997064495803  0.01099421030158044  0.01313406605120916
  0.01490716838877081  0.01745588610354279  0.01886842336849496  1.00000000000000000
  0.00406245398588866  0.00917433404784769  0.01564588357047648  0.02262658842427836
  0.02971412498463272  0.03677694138166347  0.04617108495096518  0.05740091448716676
  0.06881963825021366  0.07985259370489356  0.09158853353220749  0.10460185269955287
  0.11815968115996270  0.13164973975207409  0.14518853867878512  0.15802629273923749
  0.17051819924268374  0.18294787150169275  0.19521964401327588  0.20689162445614906
  0.21793876316113667  0.22882558228824326  0.23915248193743951  0.24753912098933056
  0.25648413897984557  0.26637751446013525  0.27605306743658437  0.28503141809241467
  0.29353606902897511  0.30242977586020731  0.31195893706855765  0.32217931703918629
  0.33275593542171800  0.34328155409893873  0.35421342388586807  0.36522706835055135
  0.37726489367339905  0.38919611292969153  0.40053044893662781  0.41072198260051390
  0.41937173193104177  0.42775086157852932  0.43665557685111389  0.44575557998445425
  0.45661645040334253  0.46722587222918638  0.47801649944169655  0.48845097442541691
  0.49748861193825539  0.50616656712143349  0.51500319819417673  0.52530294550905088
  0.53657263063981708  0.54746017465620933  0.55816430183385990  0.56934150688751906
  0.58035534080316376  0.59063465238771518  0.60070511356131773  0.61084777197912021
  0.62097071711314566  0.63023325858739676  0.63966345475415920  0.64987983196988419
  0.66061768739473503  0.67150199462542326  0.68195555081437575  0.69332239932369466
  0.70462660152746637  0.71532926294465959  0.72541628823132698  0.73556168591850646
  0.74573054316438425  0.75596098506765885  0.76650059209010535  0.77760364305421081
  0.78889232016035538  0.80028903269334906  0.81169257522931038  0.82256218263064529
  0.83358020993177973  0.84514208612479713  0.85699649070104855  0.86862393380512315
  0.88055372733218307  0.89232442036202997  0.90340146440165137  0.91417344451036808
  0.92524007054012303  0.93533138068075550  0.94416665063118721  0.95266329484021939
  0.96184511318704724  0.97196612808200467  0.98232785739407813  1.00000000000000000
  0.00003975117946366  0.00006079191320868  0.00007532749427637  0.00008694082643024
  0.00009752945021431  0.00010734289000536  0.00011672488037576  0.00012615921492859
  0.00013566498458517  0.00014470066703822  0.00015346675228753  0.00016262562356966
  0.00017189911868165  0.00018085471211791  0.00018994485202566  0.00019859065264099
  0.00020811160937130  0.00021785371404563  0.00022808792571391  0.00023838424248295
  0.00024884352698781  0.00025968435127745  0.00027175778926318  0.00028359099683462
  0.00029572248577152  0.00030867546740139  0.00032163054971935  0.00033611515887891
  0.00035152404291672  0.00036702925334540  0.00038282531411851  0.00039849887861787
  0.00041315630472799  0.00042651300275976  0.00044003906827253  0.00045274599655043
  0.00046653660353052  0.00048105957251395  0.00049576757870727  0.00051144231646471
  0.00052759904977264  0.00054387700955208  0.00056156924663714  0.00058236215500940
  0.00060372587137310  0.00062626739789211  0.00065035146547259  0.00067572466577665
  0.00070139572361759  0.00072741088379724  0.00075721554981742  0.00078616340253741
  0.00081929898734712  0.00085369931105550  0.00088924431057171  0.00092721774539459
  0.00097132534315209  0.00100448527270935  0.00103376978268317  0.00106407494499154
  0.00109848378877073  0.00113986084321642  0.00118525080290898  0.00124104233725835
  0.00130267999422003  0.00136444881975506  0.00142589127145920  0.00147966929956628
  0.00152922152909863  0.00158183903558902  0.00164203868493073  0.00171168968681747
  0.00179403544807400  0.00188550458823946  0.00198663104301312  0.00210254618518907
  0.00223444312980793  0.00236972699181190  0.00249871277425115  0.00263847891368667
  0.00279022466363927  0.00298844106523733  0.00321663778286389  0.00346791347840731
  0.00377228187927555  0.00421682551005277  0.00469182420994689  0.00514419750728315
  0.00537735727669404  0.00564241461636299  0.00595406012604439  0.00661976132916074
  0.00828804796221743  0.01171471884705528  0.01579873435416938  1.00000000000000000
  0.00001817721839523  0.00001915494173159  0.00002022153926870  0.00002126413084034
  0.00002220512300032  0.00002324615075579  0.00002439194657020  0.00002557056596894
  0.00002677341020297  0.00002813025881254  0.00002963210774749  0.00003121815332736
  0.00003279788391475  0.00003440287523944  0.00003598251627996  0.00003766071778955
  0.00003938094096878  0.00004108593880132  0.00004278906095507  0.00004461484103344
  0.00004659716383828  0.00004889879379680  0.00005122136844472  0.00005375310529045
  0.00005635126284362  0.00005905284872489  0.00006224808503431  0.00006579395644902
  0.00006970700413965  0.00007379475595764  0.00007804703404282  0.00008267048384329
  0.00008778542691812  0.00009381447464169  0.00010020675414637  0.00010686012243053
  0.00011371643164886  0.00012056199307229  0.00012747598129497  0.00013488823009561
  0.00014306685157099  0.00015142277622790  0.00016083864612379  0.00017165591644342
  0.00018446484028461  0.00019938832597260  0.00021537571440819  0.00023154969890985
  0.00024763451444147  0.00026440948378765  0.00028172600710282  0.00029979053540407
  0.00031896770405680  0.00033964529177572  0.00036164070082846  0.00038501740855473
  0.00040910835191035  0.00043536673516332  0.00046290423508158  0.00049439353497345
  0.00052860967462337  0.00056653461710441  0.00061033013120311  0.00065732031724584
  0.00070649568973358  0.00075266546721093  0.00079809558766692  0.00084436152518245
  0.00089892782671804  0.00096528757866657  0.00104397064199777  0.00111813262361698
  0.00119388838629941  0.00126599050577468  0.00134730312143480  0.00144818533244737
  0.00155733298740008  0.00165770184093312  0.00176618931085961  0.00188931322754905
  0.00204097327864214  0.00222897064266329  0.00244206901684728  0.00266748060074143
  0.00289202892957219  0.00314899183551397  0.00339923538974596  0.00368827799798602
  0.00404906051768291  0.00459138669162578  0.00532803344032325  0.00636389634415883
  0.00793053802992604  0.01206677825225851  0.04168023381711246  1.00000000000000000
 -0.00289137725635622  0.01616591048038904  0.03263541488834366  0.04868319948390137
  0.06189463651438627  0.07381924768165528  0.08451525741308651  0.09523558959827401
  0.10678641954675358  0.12032856606139017  0.13292115141890926  0.14454774336703896
  0.15463027466070450  0.16324305291149072  0.17119236191094098  0.17912991538040574
  0.18758728223119905  0.19657020614280812  0.20573485015682760  0.21555993734220016
  0.22612483171344511  0.23638981600697775  0.24658252881979414  0.25664642384603753
  0.26698912379037842  0.27763798132136186  0.28796751753101457  0.29812345922715972
  0.30830735351436217  0.31902311898751234  0.33056784550676438  0.34194025024906927
  0.35188206507897640  0.36094623233285705  0.36941917063648005  0.37816572027371703
  0.38736479673702340  0.39687217488263116  0.40619826921540469  0.41565880199988958
  0.42648594917954868  0.43783989233037524  0.44904084110244608  0.45990309723065442
  0.47002172065046383  0.47931737507087269  0.48839893165274334  0.49663947760430566
  0.50589162810941257  0.51537991129254557  0.52445635562546555  0.53398296410058876
  0.54295679213776249  0.55194473786294773  0.56156868231045842  0.57199165266184637
  0.58293230799076823  0.59405489735393591  0.60514678507105280  0.61637190819865995
  0.62658716478862742  0.63609780353803969  0.64559065783796021  0.65638866576183053
  0.66634154972284998  0.67568827062214987  0.68500575047568379  0.69487174602096813
  0.70587596557598042  0.71573035667880547  0.72523888770185285  0.73516253690117062
  0.74586836838199810  0.75633131353439742  0.76571195620948074  0.77452728366975687
  0.78336038115562834  0.79276934963205870  0.80249493765018221  0.81280348907893674
  0.82319310121979361  0.83349629592905794  0.84325411443148535  0.85321655450232725
  0.86427966864352845  0.87598763523695022  0.88768312906874958  0.89931907623500007
  0.91042988440588768  0.92136899501000313  0.93302506798522955  0.94698806775517297
  0.96131503174188582  0.97436255856499887  0.98753616070711547  1.00000000000000000
 -0.00260334384148478  0.00927028389137987  0.01931346027592956  0.03047353213664371
  0.04118960341035850  0.05177052695048769  0.06228061944499851  0.07251234760478414
  0.08255497953885713  0.09263222993945580  0.10253510713535609  0.11207866592907284
  0.12159722013778476  0.13162275686513555  0.14192897246696728  0.15217531929651334
  0.16375364330805550  0.17625535082031693  0.18694187883216254  0.19644370481403495
  0.20520590235601990  0.21453124746565960  0.22469507547133330  0.23513026008568019
  0.24620878389863698  0.25690475946277685  0.26822107113236260  0.27985103234399800
  0.29201435830366851  0.30385816773626373  0.31593148665440512  0.32778914868859205
  0.33915736820702297  0.34947238816337989  0.35982687071757558  0.37120155968902818
  0.38336382181787937  0.39494170124793460  0.40642533661806207  0.41713330216834904
  0.42690170147413831  0.43635872511450358  0.44723314433003430  0.45797657026156657
  0.46822854090977534  0.47752776952652176  0.48723500032088141  0.49724036901616725
  0.50712811301576688  0.51787470014513659  0.52993553704081198  0.54320764868970062
  0.55551803864395588  0.56724974988090660  0.57746441603164189  0.58775049514889344
  0.59808074798438571  0.60818010343805129  0.61950456856825820  0.63001963257451521
  0.64197544135685247  0.65236165853004224  0.66279115195386640  0.67263243161707553
  0.68196072081480097  0.69230122824425921  0.70308685016900607  0.71304216394497799
  0.72231773336754301  0.73171247153756458  0.74172924710202592  0.75232528899290174
  0.76310024336306304  0.77408390757875090  0.78572369516447371  0.79753065540971979
  0.80901512791725072  0.82001074385221573  0.83105318220914781  0.84263185384140271
  0.85367171101143091  0.86343656972763194  0.87270777172791059  0.88199577393978557
  0.89210543734085235  0.90299205132563876  0.91338192313468625  0.92270948319652046
  0.93285815387207049  0.94341447147609159  0.95440805368615089  0.96501758574509666
  0.97459822224160797  0.98330769992395328  0.99187554501870734  1.00000000000000000
 -0.00289296613904696  0.01074140881977183  0.02337597075551126  0.03685965234235404
  0.05110460946919444  0.06467426294500317  0.07807749506422665  0.09175417664202948
  0.10490185116777591  0.11947471843217385  0.13322061487721748  0.14683138791867820
  0.16088250894694489  0.17507170050377871  0.18942721703406545  0.20454263776356638
  0.21937674995873949  0.23463424963914054  0.24962851304001979  0.26388524922354878
  0.27731031788408533  0.29056422587024716  0.30352609913733708  0.31674300779676262
  0.33023955488655582  0.34275346157945119  0.35534496154107886  0.36784805430038087
  0.38030562373277510  0.39244455418444546  0.40535695758959844  0.41801853349686652
  0.42988683174718728  0.44247914490838297  0.45610818957492932  0.46896542909763583
  0.48144011062763170  0.49451999107139355  0.50631105297494372  0.51743475466995170
  0.52769123267381968  0.53870178473618302  0.54962995762775013  0.56169816284209706
  0.57360689444360735  0.58594450883289040  0.59742710189930670  0.60832213441630467
  0.61848831352716194  0.62815101687841934  0.63747827162167658  0.64741222936108178
  0.65795911284869746  0.66883146063720256  0.67920509513324101  0.68903367663171999
  0.69989442448259986  0.70991076111873863  0.71884583831458804  0.72714097922074883
  0.73601563536180670  0.74408074243339772  0.75169420265216946  0.75942039067084066
  0.76797297842372692  0.77822917087986720  0.78890197136966567  0.79938817210952717
  0.80958550047875677  0.81863466844493693  0.82693390275615408  0.83486695899976804
  0.84274832305906155  0.85061918840818218  0.85838244247491224  0.86601727110575011
  0.87377408991938388  0.88081575225936592  0.88715536664660566  0.89386788170740528
  0.90110192976954839  0.90917381611189441  0.91761325339430233  0.92552080866084574
  0.93315139787094603  0.94044808693022797  0.94725329877604136  0.95412545191363918
  0.96049733977828289  0.96731006718566470  0.97399064313915773  0.97991938057810390
  0.98538223952316029  0.99026266460898882  0.99506735416322722  1.00000000000000000
 -0.00273404855983400  0.01163144248463520  0.02374086253072340  0.03588918285888932
  0.04713202042367384  0.05787105674250392  0.06891253450245007  0.08099250200203671
  0.09513555710140056  0.10927395179057975  0.12245364943810440  0.13442526075941572
  0.14583437102587229  0.15699306892201284  0.16762411337403846  0.17788130509364414
  0.18823118104207931  0.19995795785446746  0.21242825298985443  0.22403519840142469
  0.23408337427284562  0.24347336722733953  0.25305891744897147  0.26291825059516377
  0.27332635606957761  0.28435389105526304  0.29532037248598414  0.30606204480082388
  0.31661079526792224  0.32650037806494486  0.33527527393714379  0.34336871618293163
  0.35274918158936724  0.36355061041439762  0.37419605443283827  0.38379736099609862
  0.39384683284836836  0.40350531781409549  0.41327635071097812  0.42208630066933300
  0.43209254271669245  0.44184032817347396  0.45227750784063392  0.46292584934768266
  0.47560096758994452  0.48879736177191918  0.50131776023310537  0.51339947478827697
  0.52354862043403572  0.53313583284856980  0.54249032542789810  0.55243599392595499
  0.56207460784490559  0.57146580606111430  0.58093880193226333  0.59118641095119373
  0.60186655161245028  0.61226926830914008  0.62227205002291253  0.63235737784098578
  0.64320571561169693  0.65504466666744676  0.66710875895067145  0.67812379041678772
  0.68826195156637260  0.69748236091074434  0.70615022025559715  0.71491902258985096
  0.72392660552252575  0.73399545062696847  0.74463348721749156  0.75515085358302858
  0.76476417204112512  0.77327141981543102  0.78184782858302582  0.79005947478483163
  0.80007978534834179  0.80992248853403914  0.82120758749960621  0.83289514511180329
  0.84492985932293030  0.85668193280569527  0.86753210378984946  0.87799614590791619
  0.88752849340711759  0.89776767030721139  0.90839545945677902  0.91813134377908412
  0.92755346523078741  0.93703837434712156  0.94846659783173659  0.95961687692937792
  0.97017014286549796  0.97992437711106994  0.98970655050032696  1.00000000000000000
 -0.00308949859491811  0.01293864781882681  0.02477376145221386  0.03742387737126474
  0.04960072275342148  0.06154826663233830  0.07281463972991957  0.08527728515812570
  0.09940888057642269  0.11335241752201970  0.12671017572885382  0.13977747705237101
  0.15216708497758424  0.16412441492801955  0.17638785897400003  0.18877064568061697
  0.20095216777495223  0.21202566184717600  0.22215863374280595  0.23268864880467427
  0.24335238688993363  0.25405431129928496  0.26515923451879381  0.27745380328804287
  0.28840708619937794  0.29837268477695833  0.30794238606316104  0.31791421691288640
  0.32943726577926186  0.34062294287782541  0.35174965354284315  0.36274548688217723
  0.37328092687290587  0.38315381305876273  0.39193977256749452  0.40041252099495395
  0.40866026002993000  0.41625865042344501  0.42328891994260481  0.43032899318235407
  0.43918388021492166  0.45100979895859694  0.46226791911788329  0.47319781175837905
  0.48075765431856221  0.48818606653630114  0.49522838881500952  0.50221199137590233
  0.50949839963340349  0.51729866522205492  0.52557634058880465  0.53412655596513248
  0.54264698122629762  0.55061132092642451  0.55897587906365953  0.56730228334432797
  0.57524054873423880  0.58384736647314428  0.59301135088372137  0.60335630506967020
  0.61431669232163366  0.62432480347980757  0.63377831575284160  0.64242512219276360
  0.65091257917925793  0.65938116795445079  0.66805366774987684  0.67803677028644460
  0.68897825157772596  0.70006698916470955  0.71052359951234068  0.72016695128106922
  0.72985809858442241  0.74077321663155082  0.75198873577367786  0.76270779000103195
  0.77263957497789704  0.78251357856163473  0.79314833491713010  0.80359171506900462
  0.81474031715786188  0.82585286803183378  0.83647653187889814  0.84672099837856429
  0.85750788814023360  0.86935680946926208  0.88146459575967917  0.89403277105934320
  0.90737527656476025  0.92068137601916800  0.93295634044788589  0.94467239188965979
  0.95681522525439111  0.96996244710686153  0.98425494088846766  1.00000000000000000
 -0.00220859831584418  0.01089028639815090  0.02251078092990556  0.03465158617643891
  0.04706688875027061  0.05873741361707749  0.07113361653451943  0.08315534304681113
  0.09569569520222142  0.10863193331911287  0.12071219125582652  0.13275774492327316
  0.14379452162545006  0.15529931767988392  0.16640916602472502  0.17639717781858491
  0.18676687408389792  0.19682679397312938  0.20774635827328761  0.21834311187196251
  0.22908608678324072  0.24003278054996643  0.25120255007227521  0.26201406301839958
  0.27126452619564961  0.27972175843837821  0.28861372273975583  0.29907491467257569
  0.30925226386526800  0.31892616049284273  0.32864551187183422  0.33931996822726446
  0.35032584726611826  0.36015538815213383  0.36997802752950693  0.38035816721420806
  0.39180617164880499  0.40456732113091715  0.41715147761727656  0.42900030948264845
  0.43988641634121844  0.44895394087065738  0.45831895660396854  0.46735645543599763
  0.47663195967569061  0.48732547620786371  0.49869717436221700  0.50998887300648865
  0.51958676783695079  0.52876401747629176  0.53807105258286403  0.54917937760595747
  0.56072713101406013  0.57269807188976074  0.58397053758902084  0.59546080390541345
  0.60646777782488548  0.61758884713519147  0.62899978301179971  0.63957453307997503
  0.64987997645676254  0.65992646371674279  0.67042753674333033  0.68186241057253805
  0.69339394677022415  0.70414946543961743  0.71410180537455892  0.72377226197302535
  0.73376563626611180  0.74335420962457188  0.75321610659838534  0.76253335410212497
  0.77128113989931479  0.77940548032407897  0.78808810092706960  0.79599810398293713
  0.80491398826495208  0.81419603126606743  0.82436727138271582  0.83544553156120349
  0.84660784494491270  0.85723769495744473  0.86741617320717723  0.87713284140410408
  0.88670679832965349  0.89725123185965860  0.90822908336310348  0.91850019584142284
  0.92840975261708925  0.93903421398685216  0.95004535937036272  0.96104971141182327
  0.97013881132460322  0.98041395015246591  0.98972049500628523  1.00000000000000000
 -0.00109321552179894  0.00504462160874444  0.01018432028243266  0.01437663804681200
  0.01872665130263509  0.02380067146518278  0.02959216631767373  0.03650760385696378
  0.04342826144850290  0.04990555699850363  0.05592552674999788  0.06210383420868811
  0.06888245250479597  0.07529244114297569  0.08136754905570964  0.08712778226615302
  0.09273661402358838  0.09929036045505570  0.10647980593519349  0.11398102629654767
  0.12184047979700192  0.12968292371357276  0.13798894522791844  0.14659329265740753
  0.15586408208959104  0.16503791278625465  0.17453541730787056  0.18370713317774487
  0.19298652352665610  0.20225218222522820  0.21110557192669777  0.22072909897838519
  0.22950985114831224  0.23841676320037905  0.24744561966346681  0.25703785649170291
  0.26640782078256431  0.27519276359346906  0.28425063568507258  0.29352617212390203
  0.30414216445593423  0.31352424006478202  0.32252496363653327  0.33149128722824667
  0.34156963341250468  0.35265404946072909  0.36345742072337484  0.37371162845576894
  0.38390527196065483  0.39477908559974112  0.40620377698387017  0.41855358785395635
  0.43152509542921469  0.44527322132367819  0.45905791197589935  0.47246505276368789
  0.48465052981235018  0.49522068372201106  0.50519310057192657  0.51436346683960388
  0.52474505529765236  0.53566312216346579  0.54750310391236190  0.56122126948495721
  0.57573447459257265  0.59043234593409777  0.60455450933426425  0.61774006153112448
  0.63127131668353453  0.64502032265592535  0.65931791924867211  0.67308375545781263
  0.68619652961507793  0.69852483199181836  0.71116593821176766  0.72398435702375608
  0.73698338580505895  0.74991463942938785  0.76278828823010325  0.77616339120250921
  0.79098004822016021  0.80677246513202272  0.82256585952669004  0.83841349551284594
  0.85378055047053025  0.86823688251583897  0.88200755627616290  0.89558604550820553
  0.90940708771678158  0.92242510690519441  0.93482245072303394  0.94640195151580375
  0.95793087250187903  0.97043232324415218  0.98423746716497695  1.00000000000000000
 -0.00271325466046341  0.01133340941650537  0.02166693486263025  0.03200217298890533
  0.04063682871265966  0.04942742073396087  0.05884907214391501  0.06936381574984532
  0.08029268822237294  0.09046846574223423  0.10014521672021945  0.11011925795397989
  0.12027812783848550  0.13015553255200893  0.14038862235859462  0.15090971129897890
  0.16271401324596066  0.17444754094383960  0.18615720913626596  0.19731086011500934
  0.20841856598684030  0.21816269796764778  0.22807536109718063  0.23827819341467166
  0.24880515539950465  0.26017897461543366  0.27130585846901101  0.28218985599563018
  0.29367365376366161  0.30473353853711149  0.31610811747149770  0.32709456129026993
  0.33813319723334961  0.34904204020895696  0.35966257658920786  0.37015357842800239
  0.38069333464178928  0.39231029295273578  0.40411070813392430  0.41533076044933254
  0.42598144498964402  0.43684782726695254  0.44849368726482797  0.46024327389124337
  0.47218487621976440  0.48401263905633729  0.49521513263911054  0.50586368557104022
  0.51612319613283242  0.52580631710157422  0.53498018415949955  0.54450932047685308
  0.55525854641517580  0.56616898146025185  0.57686165193800321  0.58758672210624818
  0.59887300742855198  0.61098745780996411  0.62342985435198262  0.63608316213027472
  0.64791192994794644  0.65894774974909531  0.66945897842612268  0.67872966607641838
  0.68834484936420959  0.69753389752344153  0.70714933440140615  0.71648511023877959
  0.72610593699095061  0.73617467670528991  0.74556716984651250  0.75409052371772023
  0.76288808106044848  0.77344106945833024  0.78558556864363993  0.79778803491274530
  0.80820536027743417  0.81827973287644773  0.82742815221687871  0.83605670940380783
  0.84501252559414863  0.85512805424354221  0.86616160896851180  0.87545772330853011
  0.88424971337752734  0.89307741171350097  0.90329839914764376  0.91411961088563709
  0.92462752103599799  0.93511458711041351  0.94586543924012312  0.95642885691859481
  0.96648392021668061  0.97665776881891775  0.98687764316761717  1.00000000000000000
 -0.00295584370530807  0.01131360461311272  0.02457568105533246  0.03603453312410109
  0.04810961554195829  0.05995236891975796  0.07307169053068015  0.08542658012061388
  0.09650424342942490  0.10685743964938441  0.11708782922668758  0.12717698553195614
  0.13676582508356536  0.14624564933492032  0.15611851526972506  0.16614663671762714
  0.17677349230811759  0.18825514178168176  0.20077836532397939  0.21259515885044539
  0.22321748302182523  0.23294049422040242  0.24195602666108465  0.25091126867256580
  0.26015570436560870  0.27051101838421260  0.28150836123263923  0.29113453576005310
  0.29967273441514403  0.30793486062457970  0.31652641991838654  0.32642539343073940
  0.33763692931067885  0.34948845845171456  0.36143546596138632  0.37282162456688350
  0.38363626446066207  0.39428575872375060  0.40566116515952366  0.41809210506127087
  0.42977711094016496  0.44005503572849425  0.45018530338260171  0.46033568796952840
  0.47145116663220715  0.48198748289472731  0.49123869167122336  0.50044881118813700
  0.51010132142792242  0.51976959102057163  0.52871228639991585  0.53768010662619758
  0.54762270634843380  0.55838239924664834  0.56915551332537784  0.57983786983336150
  0.59009212835807978  0.60031471242832590  0.60957579367295289  0.61866142443467964
  0.62894102099210691  0.63881652530218092  0.64887327712320975  0.65867621153432099
  0.67051796641150685  0.68302351150329166  0.69510648434526789  0.70618320970511650
  0.71714264152165574  0.72860512033958391  0.74100635059218201  0.75322525552470077
  0.76448640187595640  0.77487225854190034  0.78470134703512595  0.79323525946769646
  0.80216180445164609  0.81093879449599648  0.82045961158063674  0.82958957449462911
  0.83893529678545342  0.84913700681505855  0.86012229585121158  0.87118302747871923
  0.88186341904075705  0.89243914531618351  0.90243066723974241  0.91198125692898924
  0.92133843889740041  0.93065387313296377  0.94052603511381461  0.95057705602293763
  0.96161465747538033  0.97305182292693382  0.98582031495460776  1.00000000000000000
  0.52887188725240752  0.64625968354880059  0.66616453194343350  0.68054033758926213
  0.69195646375678777  0.70180648314800942  0.71104109472564714  0.72012784464284585
  0.72900352290765358  0.73700878373636591  0.74451400569891601  0.75172460993337820
  0.75858735815874268  0.76536540583560542  0.77207618327887084  0.77853835867231080
  0.78492605255573433  0.79098142564916163  0.79648601489988091  0.80175612568575516
  0.80700256075726162  0.81218457280725920  0.81670797700494335  0.82118194660445165
  0.82539386751620580  0.82974598555805745  0.83396761496888994  0.83823166056800413
  0.84241191702914275  0.84651249784935101  0.85047386679916281  0.85424153481865484
  0.85761893745010076  0.86092761524609374  0.86421736977356545  0.86732194408222563
  0.87032433562509937  0.87323739583536786  0.87616317071688787  0.87906118848439507
  0.88195724605174430  0.88485813855855888  0.88775546939098793  0.89058970171332452
  0.89334676850872241  0.89591929929050007  0.89832198047878276  0.90061650573526086
  0.90299822251419892  0.90529630807169958  0.90760263648782369  0.90977486642086292
  0.91196610033196346  0.91406397151678820  0.91608610735555707  0.91812144933263784
  0.92020832929998808  0.92233056990832496  0.92460514778225555  0.92682068357443148
  0.92901821578035237  0.93118383696300600  0.93342773933963763  0.93571401821090894
  0.93788465744660687  0.93992727975749502  0.94186160583159029  0.94373848287136486
  0.94561408083219434  0.94751576105587831  0.94942839860485173  0.95131573425782889
  0.95323583911287779  0.95506970434021654  0.95694611197443091  0.95888578225384724
  0.96067377054250891  0.96237743029982181  0.96409515235204879  0.96586439814120761
  0.96766768271588610  0.96952869268271458  0.97132207823305072  0.97317064873088654
  0.97498255918800170  0.97661651276854544  0.97822153129027900  0.97975892548734012
  0.98135140839853252  0.98306032632343632  0.98491124788469531  0.98723779321893068
  0.98989361009888710  0.99268811526103273  0.99590859090766071  1.00000000000000000
  0.03012342396728033  0.15678774994073222  0.18452541511755208  0.20362958661891725
  0.21841305629084024  0.23013278877985394  0.24147108446988169  0.25242333926323302
  0.26318850379039505  0.27310669525693571  0.28317220771031387  0.29266371212145587
  0.30140985582491447  0.30991268912274561  0.31743417269065621  0.32445715488436283
  0.33061410225876847  0.33632502950496124  0.34227554451597159  0.34756856327140179
  0.35325854967200521  0.35880516467450746  0.36424114161384402  0.37015842118855208
  0.37584133591457047  0.38096866581926481  0.38626273356611285  0.39156814376948601
  0.39721039845900852  0.40294782763719250  0.40868357721577747  0.41422977209735767
  0.41967924532111628  0.42514526692842897  0.43063454938033485  0.43608344172367075
  0.44130056298967490  0.44633331431721385  0.45120457632081623  0.45613579775335406
  0.46110337312312483  0.46600126628617394  0.47087742971439578  0.47605048855442234
  0.48072997798088146  0.48508405242584851  0.48944489627293508  0.49371449488306984
  0.49835851356787869  0.50348401232513607  0.50873439156412992  0.51429035491604425
  0.51995481076548600  0.52531471604296742  0.53028900698412496  0.53518281134479118
  0.54027983991368655  0.54538453059602388  0.55104768232905665  0.55660382474851555
  0.56228225785659636  0.56773857825288077  0.57294006779990947  0.57806193512913662
  0.58316330354556323  0.58849794107851983  0.59425473096649761  0.60000910434732380
  0.60610578198710585  0.61218520593905879  0.61843670447223598  0.62468287811228840
  0.63093142294419602  0.63703406108502791  0.64325344500315829  0.64979786782470739
  0.65671891896063950  0.66388608653740799  0.67107166665211193  0.67831760676748798
  0.68584545479785552  0.69332502989204425  0.70077265914177478  0.70837412307385550
  0.71551336172171720  0.72268517154595069  0.72968441740865209  0.73802487687391960
  0.74709335559127399  0.75627651561850096  0.76499893361527327  0.77509637659406683
  0.78909891534734822  0.80618791797485445  0.82838970387352961  1.00000000000000000
   1.1016984947024812E-010  -1.0000000000000000     
 F F F F F F F F F F F F F F F F F F F F F F F F F F F F F F F F F F F F F F F F F F F F F F F F F F F F F F F F F F F F F F F F F F F F F F F F F F F F F F F F F F F F F F F F F F F F F F F F F F F F F F F F F F F F F F F F F F F F F F F F F F F F F F F F F F F F F F F F F F F F F F F F F F F F F F F F F F F F F F F F F F F F F F F F F F F F F F F F F F F F F F F F F F F F F F F F F F F F F F F F F F F F F F F F F F F F F F F F F F F F F F F F F F F F F F F F F F F F F F F F F F F F F F F F F F F F F F F F F F F F F F F F F F F F F F F F F F F F F F F F F F F F F F F F F F F F F F F F F F F F F F F F F F F F F F F F F F F F F F F F F F F F F F F F F F F F F F F F F F F F F F F F F F F F F F F F F F F F F F F F F F F F F F F F F F F F F F F F F F F F F F F F F F F F F F F F F F F F F F F F F F F F F F F F F F F F F F F F F F F F F F F F F F F F F F F F F F F F F F F F F F F F F F F F F F F F F F F F F F F F F F F F F F F F F F F F F F F F F F F F F F F F F F F F F F F F F F F F F F F F F F F F F F F F F F F F
  <DiscreteSampler_grid>
  grouped_processes
  1 # 1 for a reference and 2 for a running grid.
  10 # Attribute 'min_bin_probing_points' of the grid.
  1 # Attribute 'grid_mode' of the grid. 1=='default',2=='initialization'
  0.0000000000000000 # Attribute 'small_contrib_threshold' of the grid.
  0.5000000000000000 # Attribute 'damping_power' of the grid.
 # binID   n_entries weight   weight_sqr   abs_weight
    19   10   4.705943285467448E-009   4.670524904447146E-017   4.705943285467448E-009
    22   10   9.411886570934895E-009   1.868209961778859E-016   9.411886570934895E-009
    25   10   9.793236898226817E-009   2.026298649989612E-016   9.793236898226817E-009
    28   10   1.958647379645363E-008   8.105194599958448E-016   1.958647379645363E-008
    34   10   4.925587369331410E-009   5.251018838727721E-017   4.925587369331410E-009
    37   10   9.851174738662820E-009   2.100407535491088E-016   9.851174738662820E-009
    40   10   1.028006842815314E-008   2.295288351673316E-016   1.028006842815314E-008
    43   10   2.056013685630628E-008   9.181153406693265E-016   2.056013685630628E-008
    49   10   4.925587369331410E-009   5.251018838727719E-017   4.925587369331410E-009
    52   10   9.851174738662820E-009   2.100407535491088E-016   9.851174738662820E-009
    55   10   1.028006842815314E-008   2.295288351673315E-016   1.028006842815314E-008
    58   10   2.056013685630628E-008   9.181153406693259E-016   2.056013685630628E-008
    64   10   4.705943285467448E-009   4.670524904447145E-017   4.705943285467448E-009
    67   10   9.411886570934895E-009   1.868209961778858E-016   9.411886570934895E-009
    70   10   9.793236898226817E-009   2.026298649989612E-016   9.793236898226817E-009
    73   10   1.958647379645363E-008   8.105194599958450E-016   1.958647379645363E-008
  </DiscreteSampler_grid>
