  0.00268784792279866  0.01521692422314578  0.02845856117305037  0.04072355308440776
  0.05144961279716036  0.06167375845510063  0.07115696528848527  0.08078376159701191
  0.09081579497709741  0.10109058861137313  0.11261675804116376  0.12280937684277410
  0.13224357253074778  0.14154263486521323  0.15100719999370732  0.16153656978986522
  0.17208512285630237  0.18224055350501608  0.19193232735128718  0.20184674183364701
  0.21273997108547699  0.22459809378563925  0.23753617651622227  0.24799974575927569
  0.25719470481702306  0.26616582334977573  0.27547147393181370  0.28790501630032161
  0.30207316518119037  0.31606399014559133  0.32982154365517580  0.34263834027991019
  0.35523906107208031  0.36819644636246535  0.38034199325380424  0.39160716903885268
  0.40234970330729286  0.41395252915880837  0.42486426350687345  0.43526621270812582
  0.44467955125109448  0.45424385264774336  0.46421594635343832  0.47465930907968001
  0.48571217734950972  0.49710592215639160  0.50788110715324353  0.51821573665091958
  0.52788362984768944  0.53695674146364980  0.54638802349551008  0.55628064105790076
  0.56700362167197127  0.57780985338799373  0.58900464354309356  0.60025201840481601
  0.61161326009654926  0.62302423487329661  0.63370825873775594  0.64410871144019799
  0.65458661627895487  0.66502628218416615  0.67578774831427069  0.68698020797695425
  0.69884534091994011  0.71140789850765929  0.72209802062059780  0.73179597129440666
  0.74026019782284858  0.74959044595268332  0.75957447075009754  0.76955419273694892
  0.78000021661842778  0.79156060169373077  0.80335912440411095  0.81524051030052758
  0.82563227725645350  0.83533540627801561  0.84425808167613337  0.85328730735411518
  0.86292578095881656  0.87226253164977874  0.88093619031601222  0.88985251188279590
  0.89811485076710318  0.90704640155391347  0.91670546738517944  0.92752192551519119
  0.93891547302834377  0.94918502298288088  0.95860828389523078  0.96850624395731544
  0.97735019375367149  0.98563031495680953  0.99238049848512411  1.00000000000000000
  0.00355678656597774  0.01321425950876099  0.02282703441957327  0.03245803420715381
  0.04269423361483365  0.05504571629486538  0.06679917295280774  0.07554298240668847
  0.08400621638465276  0.09293752199792944  0.10374303138193051  0.11465402507140310
  0.12533607533250399  0.13740114189741540  0.14853327638149860  0.15761439279051609
  0.16609132677757976  0.17459777664167850  0.18279447263867935  0.19108005265828071
  0.19979226727108132  0.20958157290787610  0.22061276768769431  0.23090524177412758
  0.24124028001034087  0.25272177369986898  0.26525350157173394  0.27664483084437208
  0.28545097335808622  0.29441175569388461  0.30360390393576586  0.31452406884456841
  0.32645619613959942  0.33717406293945695  0.34689189231735734  0.35666952325936929
  0.36687887975236594  0.37848642561932522  0.39072748134615420  0.40281842382205746
  0.41441215409770921  0.42591042481344865  0.43773235171839431  0.45039457382542342
  0.46352095816410149  0.47581018723156165  0.48734401110599862  0.49654966575448900
  0.50544050179535482  0.51460548694209396  0.52491667437973988  0.53590344272522250
  0.54670891169544511  0.55726164853251858  0.56771581567951590  0.57801846405017510
  0.58808444197563836  0.59811192483580222  0.60851187268569562  0.61928907877902639
  0.63119627971917991  0.64329153816119500  0.65654485062794432  0.66920243123830492
  0.67960645356170324  0.68986676238711164  0.69999918770236724  0.70998971337883920
  0.71898699613847894  0.72812355573902698  0.73846763273965021  0.74999461203888118
  0.76114039143599066  0.77167843908661793  0.78205410248801199  0.79266208597873145
  0.80322617732732171  0.81424568648856699  0.82583430913590639  0.83683780690359266
  0.84677454554375586  0.85695918487042866  0.86721062433338114  0.87920050989458975
  0.88972363121786502  0.90106159650374540  0.91196071661088729  0.92240937165401549
  0.93223431262394674  0.94149449022586962  0.95123340598521267  0.96205116632090359
  0.97315204782332432  0.98334137221561624  0.99244887500701440  1.00000000000000000
  0.00000297359901361  0.00000420622336952  0.00000451714554298  0.00000491059419105
  0.00000536633053545  0.00000577817465070  0.00000624232771552  0.00000678342613292
  0.00000732111957590  0.00000792882896146  0.00000861899821364  0.00000940187036944
  0.00001046907444425  0.00001164572980438  0.00001281733685247  0.00001389737099431
  0.00001496202505292  0.00001607685173436  0.00001737555523148  0.00001893762987164
  0.00002057129503465  0.00002235198195427  0.00002421286017977  0.00002630949165373
  0.00002858570935053  0.00003089855528321  0.00003372572027544  0.00003681561112582
  0.00004044773635168  0.00004405450762624  0.00004754193918310  0.00005109760535757
  0.00005492786571947  0.00005933558951139  0.00006421693687122  0.00006922702697113
  0.00007471514357953  0.00008058036847255  0.00008673556714863  0.00009321763131591
  0.00010011737605728  0.00010765357135010  0.00011547506581074  0.00012321463072725
  0.00013087048796452  0.00013855564419809  0.00014807953467751  0.00015791835128856
  0.00016906382474877  0.00018088934135818  0.00019496901108663  0.00021126841191585
  0.00022688333052945  0.00024132748442999  0.00025525827456208  0.00027010984015184
  0.00028581379352072  0.00030485844803617  0.00032622042807790  0.00034696910343519
  0.00036851854420160  0.00039265653727399  0.00042106758703676  0.00044609940699922
  0.00047152328465080  0.00049797245061824  0.00052671370118130  0.00056284597306706
  0.00060116738485979  0.00065022815631166  0.00070123299679382  0.00075319404751791
  0.00080443799274143  0.00086142584484983  0.00093042081912660  0.00101758760645109
  0.00112450456824081  0.00123313581132584  0.00133831931942027  0.00144547601963466
  0.00154470854624918  0.00162621195455350  0.00171131990334672  0.00184020506272731
  0.00204231325581730  0.00229592243124355  0.00258248843008923  0.00282807209657640
  0.00309964058266402  0.00344493649876289  0.00389706801316986  0.00437052352457626
  0.00485065281457633  0.00539855361279113  0.02786252674807275  1.00000000000000000
  0.00001238925595830  0.00001541057982045  0.00001682073478617  0.00001803192919001
  0.00001943252406664  0.00002084628233190  0.00002227600024136  0.00002367954664270
  0.00002518625782099  0.00002689057831287  0.00002876818328103  0.00003082191329013
  0.00003323241706474  0.00003601414643401  0.00003911742730755  0.00004284542479189
  0.00004707253045736  0.00005186975752862  0.00005742341209817  0.00006424901954982
  0.00007230396792287  0.00008154524025293  0.00009245808924954  0.00010486771852221
  0.00011824555546931  0.00013259863298225  0.00014820039896877  0.00016476293356677
  0.00018207205035939  0.00019980541647672  0.00021849386808731  0.00024003006779786
  0.00026380833832823  0.00028861880753958  0.00031447856939617  0.00034139028387185
  0.00036866710280206  0.00039712766193551  0.00042823296026253  0.00046432551590466
  0.00050362244371961  0.00054103747779950  0.00057133203105164  0.00060055180900435
  0.00063111645460546  0.00066621299269100  0.00070313384515542  0.00074094871073940
  0.00078049835375961  0.00081719245475041  0.00085604136113139  0.00090194456808301
  0.00095507363665027  0.00101065988518147  0.00107265669682424  0.00114666123515086
  0.00122827894120493  0.00131756627019082  0.00142178957242373  0.00154004671488905
  0.00164886506013966  0.00174714658024793  0.00185117752631811  0.00194619791210133
  0.00207045050257113  0.00215850502474114  0.00227086716544625  0.00237199253913898
  0.00245032912436629  0.00250424951474748  0.00255899004008103  0.00261489423519059
  0.00265648032444329  0.00269325988153924  0.00273003943863520  0.00277354751084427
  0.00282242071121842  0.00287129391159257  0.00292692269556522  0.00298979107623292
  0.00305265945690062  0.00315360162015380  0.00330993400621447  0.00353993109263085
  0.00379504220683301  0.00403883524451843  0.00431686168375648  0.00465698070291220
  0.00514256647843493  0.00579961071347775  0.00614247262663986  0.00638749546481996
  0.00660503738899827  0.00698113534847436  0.01213086016130998  1.00000000000000000
  0.00000791933966330  0.00000862499620241  0.00000984732743302  0.00001077310552828
  0.00001189651171071  0.00001297426956809  0.00001418090468426  0.00001536248283819
  0.00001658169150714  0.00001807326953835  0.00001977402294172  0.00002188135690837
  0.00002417974310737  0.00002666671130116  0.00002931602577324  0.00003214242545786
  0.00003536034311135  0.00003861555096358  0.00004217110083096  0.00004670912995059
  0.00005153181397581  0.00005728553452379  0.00006406083629396  0.00007175162560602
  0.00008011150896529  0.00008955082807395  0.00010006214256872  0.00011218988501618
  0.00012489643372896  0.00013819655782587  0.00015209704642906  0.00016762483309849
  0.00018384262375228  0.00020150192240890  0.00021970096972867  0.00023812288160187
  0.00025684458291825  0.00027696650640130  0.00029851699363629  0.00032156546551972
  0.00034744939388080  0.00037213963002241  0.00039751074487809  0.00042547813678302
  0.00045376984206937  0.00048247647376798  0.00051194968753480  0.00054513988259962
  0.00058268652922356  0.00062369185243719  0.00066852458509034  0.00071595432093666
  0.00076805339015969  0.00082241071342246  0.00087457517914346  0.00092773008773834
  0.00099311279750003  0.00105993933205090  0.00111816085601076  0.00117093726044420
  0.00122312406054988  0.00127671396369061  0.00133688932952454  0.00142598259766788
  0.00151123771572955  0.00160139124882845  0.00170139594580564  0.00179106674990515
  0.00189802400736667  0.00200416368034180  0.00214185961624007  0.00232747901377158
  0.00249268358975290  0.00264565677434449  0.00278955335489453  0.00293078439104914
  0.00315696511067275  0.00335807087817391  0.00356197769018832  0.00381307741659614
  0.00400366751820861  0.00416929746156201  0.00433492740491540  0.00455711356803220
  0.00478517044720465  0.00500240419733902  0.00519434211793448  0.00538628003852994
  0.00579463617382069  0.00617927620154406  0.00652414318694101  0.00686623662188098
  0.00724207211925543  0.00764098583230644  0.01807281969583715  1.00000000000000000
 -0.00169068537158074  0.00941363820118049  0.01983840361057480  0.03144529445900246
  0.04257829198181282  0.05222298727849484  0.06063136120861592  0.06945920815666583
  0.07921660702467517  0.09019079122038783  0.10183467354594189  0.11300712485656846
  0.12433030968023702  0.13525914816482046  0.14637373626375427  0.15711171125757786
  0.16735420659462330  0.17750155520038016  0.18823742119538250  0.19946922040413861
  0.20967287245583582  0.22024936303950943  0.23038365341450320  0.24128147629479754
  0.25209853570631419  0.26325622599355342  0.27423625331604995  0.28507990405975520
  0.29688013364752691  0.30936160001760693  0.32146185689535278  0.33245027237009039
  0.34362921465854851  0.35555884504980106  0.36736312390806058  0.37805257727918934
  0.38783752697789697  0.39690928249937052  0.40546091236077569  0.41377525121158926
  0.42214140784676735  0.43098291296986652  0.44040591776693078  0.44986930366635569
  0.45982929782993542  0.47079764540311453  0.48158364442216461  0.49248907015900834
  0.50287384052522810  0.51309178267294686  0.52315504632278220  0.53278394087712533
  0.54270539203428780  0.55267082514358989  0.56338127186231601  0.57495700739578481
  0.58613410215142991  0.59679327710903496  0.60750397533483302  0.61934406348828597
  0.63125596459238209  0.64264089004690494  0.65306938291509098  0.66359646432672381
  0.67368152251611180  0.68336564176287495  0.69311702554215349  0.70284883077331750
  0.71483026721400034  0.72732286726845718  0.73927456872601127  0.75103034792527901
  0.76328741828861768  0.77608680104819427  0.78863593882160532  0.80056505419535406
  0.81204111147703983  0.82298834336668247  0.83384635934739826  0.84440309495099386
  0.85437199011843912  0.86387836747763280  0.87330279026870816  0.88264763422764603
  0.89277734201884074  0.90366824883570063  0.91341823500765840  0.92185489238664875
  0.92959047959552454  0.93755614627911599  0.94694472874583857  0.95798301909768635
  0.96885735253907179  0.97892963276541445  0.98920461976585439  1.00000000000000000
 -0.00207111142702366  0.00919553076906196  0.01874300548700580  0.02797917829570972
  0.03812465963897559  0.04829476036739791  0.05986280981537071  0.07118215096283712
  0.08193516537563181  0.09244658446232196  0.10328494765847371  0.11366368722192999
  0.12320098195421865  0.13207136768362307  0.14093852181472208  0.15052904891271257
  0.16038117873044516  0.17119276761023994  0.18208758591474419  0.19258567924750272
  0.20360313813299857  0.21417189228119188  0.22562209741031800  0.23677100937543555
  0.24833458569288996  0.25937080774749133  0.27023008200058801  0.28178612137561082
  0.29410534820276485  0.30699194507079941  0.31965318909204665  0.33059432200538413
  0.34116084729409524  0.35114331096541762  0.36044725863916016  0.36798687082726200
  0.37556448214099308  0.38351270775277496  0.39204523958105475  0.40023170356647619
  0.40739702337813299  0.41471118897493392  0.42314799355114985  0.43499254249462155
  0.44599675007794076  0.45664125182775883  0.46754513658226116  0.47919541589426362
  0.49187759861448105  0.50351037297711831  0.51424138434067146  0.52420959555099123
  0.53455606574352366  0.54542452422080834  0.55660200174874763  0.56818651111215956
  0.58001896643872664  0.59253117789358667  0.60518987013958681  0.61827672705246361
  0.63170783886217186  0.64510478561444473  0.65780764493701693  0.66899550150624787
  0.67966920982035262  0.69081787130760841  0.70253437112001860  0.71212757594976128
  0.72028435136764168  0.72839761175183571  0.73759750347155895  0.74808667853187349
  0.75843378992094634  0.76849441646510841  0.77873608969489316  0.78977052097319933
  0.80098149079947645  0.81082072958867080  0.81981831041585396  0.82865628545226788
  0.83816593377595527  0.84838395917103793  0.85869967290982419  0.87012593504897573
  0.88133072207540264  0.89190902155632712  0.90173175131011507  0.91214466027695618
  0.92280538840627291  0.93481080458517862  0.94682650676235558  0.95879618680951517
  0.97042680083021193  0.98095589137664319  0.99059474214489429  1.00000000000000000
 -0.00398205403416257  0.01256934075579242  0.02598181792778550  0.03771680010928022
  0.04904061488388982  0.06016789991395836  0.07228307373025192  0.08506354575425097
  0.09733604491629538  0.10927526882116476  0.12072443178797534  0.13089636118742276
  0.14018705747511820  0.14971271023638474  0.16047313057683713  0.17232892635164715
  0.18423465776877584  0.19723605651205772  0.21055234794283628  0.22353328021820937
  0.23635475327216926  0.24777002790382555  0.25899103755146680  0.27011589707656875
  0.28218876733638693  0.29273577315815025  0.30293168501769324  0.31285884595241092
  0.32455385526663189  0.33606805424063746  0.34666304692510963  0.35668233346367850
  0.36716064233665008  0.37813563810803424  0.38903706250425418  0.39972180491766651
  0.41013566298219323  0.42019050961562981  0.43079063078751284  0.44228994387217335
  0.45348569072164457  0.46436152530610308  0.47464794413568751  0.48485922624780914
  0.49507234697165631  0.50508828657038718  0.51430478261893431  0.52313186842935233
  0.53042670766063871  0.53758302390034995  0.54537771608782615  0.55440505213351499
  0.56496725683638838  0.57517040168503086  0.58562888616023923  0.59555066524677869
  0.60435520730491277  0.61279967982099937  0.62119581401186319  0.63061640888593673
  0.63927923850887292  0.64760689721649678  0.65585051181586707  0.66522826861619722
  0.67670896550049509  0.68788736177110632  0.69851276739801993  0.70906672442746965
  0.71952152491138233  0.72952749852886145  0.73947613204184948  0.74936601275957637
  0.76016910441392060  0.77053034105425366  0.78071070555493349  0.79061223932285862
  0.80132272923600789  0.81238826416381138  0.82354568384395610  0.83403271599647189
  0.84490755305048915  0.85561056553142623  0.86544966901239373  0.87466259791243739
  0.88376554552777131  0.89382902027741518  0.90498965333005776  0.91640892955335873
  0.92770586711029757  0.93984184897024159  0.95157100409672202  0.96122695575260853
  0.97047003161596490  0.97939803222762556  0.98955594343153264  1.00000000000000000
 -0.00266472947447623  0.01146289547550387  0.02247658171517760  0.03127920154942578
  0.04049671941900139  0.05039113336135109  0.06121268868942674  0.07160274853626092
  0.08135328629595023  0.09086422322676388  0.10083761411113319  0.11100424380596313
  0.12020020390544249  0.12969830233714680  0.13934289313707299  0.15011521819698362
  0.16229940456600286  0.17492295378841161  0.18849911393344412  0.20178130961951890
  0.21404712458107467  0.22457707941841501  0.23465702751512213  0.24505420386093626
  0.25679741861363115  0.26856370929443574  0.27981129666471716  0.29079854695878699
  0.30233542247411688  0.31398373880257874  0.32578059574657514  0.33712059550531825
  0.34812359169399321  0.35838101885227175  0.36842837653423199  0.37853708894230098
  0.38898884874660855  0.39959732687353866  0.41035117009877659  0.42072944039905141
  0.43130729591809491  0.44081114109851721  0.44994956439161382  0.45818309855719569
  0.46685149642246304  0.47626198485760707  0.48548378041095680  0.49424957166431088
  0.50387667662426583  0.51463727653545144  0.52552332754826903  0.53643057463492938
  0.54622371541549752  0.55533871351380526  0.56545233254741922  0.57626612042080405
  0.58794821084409010  0.59852427214250259  0.60776150567179044  0.61697749303923011
  0.62593190390495657  0.63569891649769850  0.64412885838030365  0.65231127941700906
  0.66015602964015074  0.66880687296919106  0.67952086310647208  0.69000514046335859
  0.70047962264671360  0.71075964832582705  0.72178387873045768  0.73481167251855561
  0.74728600593558736  0.75873466458621197  0.76999529909487041  0.78153718331938760
  0.79340220080804202  0.80449485324747316  0.81495060453337098  0.82524621225760020
  0.83486330180721646  0.84611975237995107  0.85829338615739703  0.86951154252642693
  0.87909284958012424  0.88854341049206664  0.89768025564701992  0.90940877938816489
  0.92128194427214039  0.93423445965331087  0.94572313039074452  0.95703636047028751
  0.96796996017125803  0.97911129593674340  0.98968981913639265  1.00000000000000000
 -0.00261012356602755  0.01185384011829794  0.02283951403838561  0.03405700143274135
  0.04522867843346140  0.05614279265132592  0.06599867881355168  0.07563607551366283
  0.08567205759522616  0.09608088137775897  0.10800658270483884  0.11954560557043582
  0.12968781712010394  0.13935761368210586  0.14838166151001614  0.15643583667174443
  0.16523796771553070  0.17461267042897699  0.18381866487493623  0.19383358291250441
  0.20244118787423898  0.21088121094287846  0.21982756716153840  0.23114208991253332
  0.24314126331951452  0.25512286057109557  0.26616487264011818  0.27635801409572130
  0.28638138507666994  0.29686681008773469  0.30835328360010494  0.31939942697744739
  0.32925517671079013  0.33874846654435720  0.34864970485124391  0.35899064240038958
  0.36933603157169365  0.37936285318670027  0.38871195933098379  0.39766607527918940
  0.40673004978249822  0.41691957980424676  0.42760940010659548  0.43836240685641636
  0.44905239400423030  0.45979695439092999  0.46977937768500616  0.47953523272171683
  0.49045871431808175  0.50162064278668306  0.51234603058057837  0.52263773548861492
  0.53250286297357696  0.54243021324982554  0.55342437659309440  0.56498598154002078
  0.57525355902129116  0.58560133992724661  0.59716825290786746  0.60851873125702438
  0.61866042207531580  0.62804483058422877  0.63828921283228934  0.64898514279425223
  0.65887388676538550  0.66812533555690634  0.67696002130223321  0.68628658632583006
  0.69688578631114262  0.70807754710363102  0.71933816949238483  0.72986056627999185
  0.74102623161124570  0.75316168773770131  0.76591825018134374  0.77842847787860192
  0.79088356781399638  0.80353805628041231  0.81513634652549161  0.82595702957031358
  0.83636071660769684  0.84741068878718950  0.85755627159724857  0.86650593531270392
  0.87499928844732122  0.88366487681854078  0.89309243625064749  0.90377393249811000
  0.91467214669728092  0.92592702750786271  0.93760323127651923  0.94990118900120490
  0.96268244856882224  0.97527451458691738  0.98779252647831939  1.00000000000000000
  0.00007408435087734  0.00030204280828635  0.00066071963436456  0.00088752078493965
  0.00108045372383792  0.00126871823228281  0.00145510003743678  0.00164174355952306
  0.00182324296120790  0.00200298959988792  0.00218144812252920  0.00235888648232073
  0.00254523735175625  0.00272325266441924  0.00290154335698795  0.00308409743974432
  0.00327124453971255  0.00347191109520430  0.00365800721677309  0.00382260605692366
  0.00396667453461488  0.00411293533762586  0.00426057825368771  0.00441417659501218
  0.00456788541242528  0.00472170499739320  0.00486945536240345  0.00501536388151488
  0.00515678901657382  0.00532420468694885  0.00551837270023048  0.00571147703972332
  0.00585943115439297  0.00601211619463180  0.00616127367128501  0.00629249880381683
  0.00644431900759062  0.00658251086869220  0.00671471520772393  0.00685278147718608
  0.00699847389517629  0.00717224142548685  0.00734500588328946  0.00752202456082067
  0.00766800945714384  0.00780968998665851  0.00795053111864578  0.00808738165930183
  0.00833175726162860  0.00859761331349657  0.00885841369724749  0.00911505724794588
  0.00934083964358507  0.00960433934992239  0.00984860502289760  0.01011140432229457
  0.01025679627515810  0.01039904259923180  0.01054974734018473  0.01070088752602946
  0.01086421632059272  0.01103887502053252  0.01137292270679970  0.01162629155982998
  0.01191029061931688  0.01224457768025854  0.01278061160116818  0.01328587846796737
  0.01366610178444177  0.01400967845631450  0.01435290719837080  0.01477074589366256
  0.01543093892797054  0.01616465872871860  0.01668420339785670  0.01721036710872721
  0.01923273794897227  0.02078217210851499  0.02122578996646765  0.02181891057515179
  0.02294351506636113  0.02401544669086124  0.02492425966752665  0.02590154517928260
  0.02655217296024210  0.02795198954880955  0.02952770885124484  0.02985279282828779
  0.03017787680533073  0.03048399565910492  0.03078892085264327  0.03109950908857822
  0.03143225502812918  0.03176500096768014  0.06575193533401190  1.00000000000000000
 -0.00307241530682228  0.01241386990175926  0.02330073037266879  0.03523565878913949
  0.04536549097293746  0.05650127423131488  0.06681173951477072  0.07813319007328204
  0.09013184813915347  0.10267427033575464  0.11451056765716496  0.12699552782483425
  0.13732560732040991  0.14764166563590203  0.15671399202029357  0.16617737561868667
  0.17640158309533122  0.18743807848983585  0.19890985709755471  0.21033488524508093
  0.22215542526576892  0.23484417779887282  0.24715482992991625  0.25909595676624581
  0.27078689372556713  0.28130620543327245  0.29118532970922972  0.30108473494788984
  0.31146139313429483  0.32218825779216376  0.33317769894325916  0.34442782706990166
  0.35571900444644849  0.36680812361380238  0.37817066618583572  0.39024320008930391
  0.40290512922614452  0.41534806775465938  0.42748348632678712  0.43832838353325698
  0.44788082738173968  0.45712971453137458  0.46715299298226393  0.47784244799269521
  0.48791526919352274  0.49843901893565523  0.50936882607642908  0.52207568000972526
  0.53337065331051114  0.54322684807263388  0.55096163336963144  0.55836548132901953
  0.56586780323789398  0.57420050140223988  0.58420630123600592  0.59419985150858523
  0.60319564226739186  0.61198759612047071  0.62124596316276381  0.63244487604111455
  0.64446660174409054  0.65519371727885611  0.66522097554875170  0.67541571998417671
  0.68633793646097674  0.69808894749164174  0.71024515324762383  0.72259597256980301
  0.73481661928164266  0.74697602001568331  0.75834487185396005  0.76816156800789337
  0.77705972531453427  0.78576498402533357  0.79435362144690502  0.80394409608288619
  0.81336171987253580  0.82271181529006232  0.83085852344912448  0.83848378094069098
  0.84626255313181964  0.85538406438981440  0.86585644684627427  0.87635996378292991
  0.88633763058603054  0.89654972884661199  0.90664269882162607  0.91772289815369235
  0.92765504110123642  0.93718727777503275  0.94664482036254527  0.95652768786115827
  0.96768911728169649  0.97808657905638507  0.98914523486768735  1.00000000000000000
 -0.00005111629318436  0.00035872859380761  0.00057103022527990  0.00070793952501001
  0.00083274214918003  0.00094754044843275  0.00106087246410983  0.00117580752645569
  0.00128748902291176  0.00139944836772282  0.00151864372805824  0.00163482689810259
  0.00174481631100950  0.00183584479148317  0.00192643206539192  0.00201622208721233
  0.00210569008926108  0.00219482094462659  0.00230453677566921  0.00242533765886836
  0.00254424908725664  0.00267014222437999  0.00279801559463935  0.00292786435487992
  0.00306159335761334  0.00319486938292124  0.00333110205713377  0.00347133480771190
  0.00362032141160721  0.00377090800267657  0.00391913616905648  0.00406348815428932
  0.00418613940044498  0.00428971974399779  0.00436878895248190  0.00445075003842841
  0.00453419608035717  0.00462064341073420  0.00472808328988521  0.00486484652994697
  0.00499204948199980  0.00509938118191213  0.00518694215329083  0.00526908777475025
  0.00534944520073896  0.00542898846260761  0.00552820776090889  0.00564387336167328
  0.00578548969371498  0.00594838168716703  0.00611574312107269  0.00628751790395203
  0.00649416012195426  0.00668712517081857  0.00689972861614954  0.00708814794833006
  0.00728217754172030  0.00750385803030973  0.00775660144225512  0.00802041058891857
  0.00825693261663527  0.00845965524441108  0.00862903665369993  0.00879841806298878
  0.00894335407482651  0.00908582811052235  0.00922872424672965  0.00937227700306759
  0.00953417637363455  0.01020937897577799  0.01044655063301448  0.01068907760940275
  0.01087716982139742  0.01101664805716709  0.01115809351584559  0.01130626929253068
  0.01145377388454551  0.01158994967813060  0.01172612547171569  0.01192970279359287
  0.01219413659961782  0.01253699618356836  0.01394106120300345  0.01404622282163126
  0.01415138444025907  0.01425654605888689  0.01436170767751470  0.01446686929614251
  0.01457203091477032  0.01467719253339813  0.01478235415202594  0.01488751577065375
  0.01679212043262798  0.01999060894324840  0.05057802634224932  1.00000000000000000
 -0.00255040981971056  0.00697075443320378  0.01617144651667640  0.02491286885267875
  0.03318191066905665  0.04119395521204828  0.04912193517903646  0.05774657659358009
  0.06767144820362603  0.07741022574055204  0.08731088651987041  0.09803231849395246
  0.10917623921975028  0.12001354322569008  0.13071479911779768  0.14082548857117375
  0.15213661585133220  0.16421501892933371  0.17556304808758105  0.18503822958955662
  0.19326875094579507  0.20146761862285317  0.21085285599689196  0.21999717310964673
  0.22899614798622714  0.23853243985095246  0.24933657399338688  0.26219956011703172
  0.27445553646607473  0.28656641175480291  0.29881629027997225  0.31181139314518352
  0.32456968356318588  0.33726771111297515  0.35004496462366913  0.36277505896266632
  0.37555852946419743  0.38802899954533876  0.39914563954830390  0.41001434176498613
  0.42060950647815476  0.43102905063496399  0.44195646110994335  0.45298639247750500
  0.46481221097972053  0.47515923130380089  0.48605523608577256  0.49835270997692216
  0.51247900420928083  0.52735088909791450  0.54200398220386503  0.55616681376048627
  0.56871296316949049  0.58027957232409022  0.59156508269906105  0.60341017003583786
  0.61464252995243296  0.62652374808260070  0.63858825621920123  0.65139780866749863
  0.66391869819082638  0.67631719604235385  0.68880044621377634  0.70145551284342078
  0.71405049265995590  0.72665004347912332  0.73990552385999142  0.75424775713916548
  0.76634754619225542  0.77587435504248781  0.78496580958150819  0.79502447142269617
  0.80697131783179143  0.81848189307153985  0.82870037976792876  0.83851535766505081
  0.84894343047673670  0.85988205039278087  0.87108657237346998  0.88024907787803208
  0.88841701167881981  0.89642826120216978  0.90480284034093295  0.91340652415036949
  0.92162787042475702  0.92955484036251235  0.93701023526377902  0.94435156766742656
  0.95158921620069892  0.95864764362623356  0.96610816063754634  0.97362493321028387
  0.98044507760387667  0.98689028412556279  0.99325335952715910  1.00000000000000000
  0.59403793118533355  0.63622891407356330  0.64915339043182085  0.66135252293821412
  0.67492041667574232  0.68697781141327374  0.69816706998182931  0.70806979725225883
  0.71680089144635084  0.72562914327417039  0.73445316024441387  0.74228403275735044
  0.74934461793361007  0.75577538061567962  0.76198400038107805  0.76779165026287244
  0.77337062228444442  0.77909500177270463  0.78461750056602364  0.79005565114933518
  0.79531197514623142  0.80027699275959607  0.80485887255975763  0.80926373356708670
  0.81360069557166792  0.81774623377526701  0.82174877401610025  0.82562941224779529
  0.82947651828897040  0.83293664015540159  0.83601544737350619  0.83895016504876541
  0.84189545167648905  0.84514426102634621  0.84911982098395433  0.85299720796680423
  0.85684928143837680  0.86056059481274472  0.86415849769515996  0.86755271494157882
  0.87096555776804241  0.87439903276696296  0.87763003217971791  0.88076073027780610
  0.88380836141767471  0.88691074215064580  0.89001061562242878  0.89296915754225026
  0.89577061453615547  0.89843791223214209  0.90122015772989006  0.90410184164428720
  0.90722117210634612  0.91000808280016920  0.91264490108302354  0.91520788800900998
  0.91760893918914299  0.91969064035187331  0.92195521090419963  0.92417528769742163
  0.92641940470777995  0.92897588307039169  0.93140013746153971  0.93380980405497893
  0.93595938220878949  0.93798443315948665  0.93989693799679830  0.94183462104089555
  0.94388242435186209  0.94611165405546749  0.94850347973738980  0.95092186700233206
  0.95320986144689202  0.95537130534681891  0.95750326512571360  0.95955854652993477
  0.96145699057693457  0.96327200452981310  0.96500061739897069  0.96666875686472531
  0.96852972346953503  0.97038688115085137  0.97228797406380252  0.97418342078660125
  0.97612491470708418  0.97814443490703329  0.98012181158231648  0.98194821774446905
  0.98356228013089608  0.98516373935298485  0.98687429482306332  0.98884161528199865
  0.99118571044615400  0.99374629069185694  0.99659828428942343  1.00000000000000000
 -0.02070851924688468  0.12458176199760568  0.13804800798380967  0.15088088968137797
  0.16293568389353996  0.17336967369893905  0.18359067920475100  0.19294602835648247
  0.20228993992550706  0.21076890677075810  0.21788327835932636  0.22401834381073504
  0.22942345085001903  0.23539376930502978  0.24194223214459187  0.24869237218260554
  0.25525823816997867  0.26131876000258558  0.26699795046217029  0.27295541480181662
  0.27946849809703522  0.28536408712728106  0.29073590478390576  0.29611435653864715
  0.30135960101351927  0.30639685451096321  0.31129681803108572  0.31595284563281123
  0.32040038017672795  0.32492303289208868  0.32977453094951248  0.33493415257015391
  0.34006787015573325  0.34499860120127424  0.35004813940929513  0.35495066839362638
  0.35975910144394529  0.36467258838989131  0.36969559292043069  0.37508026309645848
  0.38050116108228005  0.38617441760702015  0.39219034744768666  0.39814195096245231
  0.40388696921535772  0.40937724567916411  0.41491546463960466  0.42076901695363889
  0.42712840637271932  0.43382634154648009  0.44061712230794198  0.44713559451532447
  0.45338278198516746  0.45941938965263118  0.46512753727665129  0.47079334680879714
  0.47616076058891699  0.48156712694931592  0.48726860894875518  0.49310457968683141
  0.49956570909836845  0.50641963574421478  0.51320551971623429  0.52006529772889332
  0.52680552972278938  0.53391995331126696  0.54082368075121068  0.54764383421776086
  0.55431298797958550  0.56106022828148228  0.56792500044331584  0.57502234618930914
  0.58229003353399789  0.58943688109858838  0.59696486871740129  0.60487069531506865
  0.61318791652860727  0.62182588542188311  0.62914399463946680  0.63576643634270691
  0.64226913135195274  0.64893084592827055  0.65816254202065005  0.66699478202761464
  0.67564984320083565  0.68421817253370731  0.69427280634586275  0.70690456227957443
  0.72312558520160453  0.74006258459194119  0.75667559281255081  0.77672711298306096
  0.80421056668345647  0.84407719965838768  0.93666233666901055  1.00000000000000000
   3.3833184771624054E-009  -1.0000000000000000     
 F F F F F F F F F F F F F F F F F F F F F F F F F F F F F F F F F F F F F F F F F F F F F F F F F F F F F F F F F F F F F F F F F F F F F F F F F F F F F F F F F F F F F F F F F F F F F F F F F F F F F F F F F F F F F F F F F F F F F F F F F F F F F F F F F F F F F F F F F F F F F F F F F F F F F F F F F F F F F F F F F F F F F F F F F F F F F F F F F F F F F F F F F F F F F F F F F F F F F F F F F F F F F F F F F F F F F F F F F F F F F F F F F F F F F F F F F F F F F F F F F F F F F F F F F F F F F F F F F F F F F F F F F F F F F F F F F F F F F F F F F F F F F F F F F F F F F F F F F F F F F F F F F F F F F F F F F F F F F F F F F F F F F F F F F F F F F F F F F F F F F F F F F F F F F F F F F F F F F F F F F F F F F F F F F F F F F F F F F F F F F F F F F F F F F F F F F F F F F F F F F F F F F F F F F F F F F F F F F F F F F F F F F F F F F F F F F F F F F F F F F F F F F F F F F F F F F F F F F F F F F F F F F F F F F F F F F F F F F F F F F F F F F F F F F F F F F F F F F F F F F F F F F F F F F F F F
  <DiscreteSampler_grid>
  grouped_processes
  1 # 1 for a reference and 2 for a running grid.
  10 # Attribute 'min_bin_probing_points' of the grid.
  1 # Attribute 'grid_mode' of the grid. 1=='default',2=='initialization'
  0.0000000000000000 # Attribute 'small_contrib_threshold' of the grid.
  0.5000000000000000 # Attribute 'damping_power' of the grid.
 # binID   n_entries weight   weight_sqr   abs_weight
    19   10   1.041854537986078E-005   4.178564510116454E-010   1.041854537986078E-005
    20   10   1.041854537986078E-005   4.178564510116450E-010   1.041854537986078E-005
    22   10   1.041854537986078E-005   4.178564510116454E-010   1.041854537986078E-005
    23   10   1.041854537986078E-005   4.178564510116450E-010   1.041854537986078E-005
    25   10   7.167837066921500E-006   2.286899192806348E-010   7.167837066921500E-006
    26   10   7.167837066921475E-006   2.286899192806335E-010   7.167837066921475E-006
    28   10   7.167837066921500E-006   2.286899192806348E-010   7.167837066921500E-006
    29   10   7.167837066921475E-006   2.286899192806335E-010   7.167837066921475E-006
  </DiscreteSampler_grid>
