  0.00000208321337727  0.00000218347808787  0.00000228700306262  0.00000238285314759
  0.00000247785304553  0.00000257545444752  0.00000268073236816  0.00000281428906395
  0.00000295672692021  0.00000309502074909  0.00000321225478572  0.00000334060190884
  0.00000346534993834  0.00000359455148117  0.00000372884173218  0.00000386792664380
  0.00000401195294822  0.00000415148081858  0.00000431260491771  0.00000448897962636
  0.00000470589055041  0.00000491201130002  0.00000511720446197  0.00000528175149852
  0.00000546665269838  0.00000565143201583  0.00000583433453405  0.00000606140210117
  0.00000628926126996  0.00000653855167355  0.00000681359165155  0.00000706749574593
  0.00000731930100443  0.00000758583747988  0.00000787490428965  0.00000827467935007
  0.00000870247081571  0.00000903603403678  0.00000942722707767  0.00000989784642474
  0.00001042121129569  0.00001099968398225  0.00001156901090975  0.00001210958425864
  0.00001266779561325  0.00001325288332725  0.00001387867206613  0.00001456321154122
  0.00001531459068092  0.00001618371706559  0.00001703223390355  0.00001797903804332
  0.00001889614436797  0.00001979135051687  0.00002081132637391  0.00002208612960572
  0.00002341319424009  0.00002476735508995  0.00002602851402779  0.00002732963642687
  0.00002884416743003  0.00003053441727392  0.00003255236487506  0.00003459350332122
  0.00003654607788632  0.00003890126425865  0.00004145716483275  0.00004480766338690
  0.00004835262664862  0.00005206497256941  0.00005603531126961  0.00006056346391456
  0.00006576856376086  0.00007105641427181  0.00007680518357711  0.00008340969862519
  0.00009161650796046  0.00010089769010800  0.00011031738757500  0.00012112461306225
  0.00013490670060616  0.00015283302087167  0.00017469278939422  0.00020101904620492
  0.00023142516289487  0.00026691045194226  0.00031426744957183  0.00038465560922382
  0.00051417195084816  0.00064216023708827  0.00076759024720379  0.00096364035427344
  0.00142042157022410  0.00266180530091248  0.60410813914915951  1.00000000000000000
  0.00320435804760064  0.01418806116469666  0.02693152063884760  0.04099045694371202
  0.05355900778260295  0.06576530026814599  0.07770320523944638  0.08920832667110734
  0.09977346160432876  0.10876244411606595  0.11626786155429265  0.12427119947310032
  0.13346865094110433  0.14307008181027056  0.15329523734832179  0.16328019934802640
  0.17568702816743523  0.18899701447724959  0.20127373674250282  0.21201208436657157
  0.22281733949673072  0.23354964219466912  0.24545380643812367  0.25808036448949540
  0.26932043533994454  0.27946226361247556  0.28918447333310399  0.29916000902647988
  0.31032142143976765  0.32101251674807163  0.33178950367121279  0.34309281441269179
  0.35419381770758451  0.36484921996565284  0.37492122387128624  0.38436999547334683
  0.39379771490232579  0.40417916412178923  0.41607452101104953  0.42860975911305660
  0.43904658466451529  0.45020579184912801  0.46076990286448227  0.47213579209700729
  0.48475698986305571  0.49803846350158421  0.50859843850259834  0.51919012181168689
  0.52919461676163071  0.53996066063333958  0.55078948534870109  0.56239931897956730
  0.57510352174013490  0.58809479556902544  0.59831646414609130  0.60707489968362427
  0.61547610608432546  0.62408287943593821  0.63353441889869200  0.64423530646572169
  0.65591240199453105  0.66837966140545479  0.68054631259061338  0.69148125246731651
  0.70169297139024600  0.71120626002478071  0.71980866130960874  0.72961649848937182
  0.73870235441632659  0.74666579529444932  0.75394086553145534  0.76123390882246100
  0.76913596689788777  0.77819602007466038  0.78768662626580155  0.79762900626809174
  0.80801689176364533  0.81734109667703925  0.82678941184726329  0.83448781891654999
  0.84359258406291138  0.85180584843213913  0.86029948881864315  0.87102429300087736
  0.88156789031903715  0.89136246573525935  0.90257174434521392  0.91322494073516602
  0.92294182484998077  0.93311650032196281  0.94340753093204566  0.95387856544922911
  0.96339215996005434  0.97273158573619667  0.98271310157607716  1.00000000000000000
  0.00005955442841211  0.00007566893600400  0.00008061741673701  0.00008516501672219
  0.00008950229302054  0.00009403015357495  0.00009959026957186  0.00010596645357381
  0.00011231022429538  0.00011845944581662  0.00012451775666929  0.00013043223037057
  0.00013679821394704  0.00014303589463877  0.00014897767532373  0.00015449110092101
  0.00015998391778412  0.00016539570535359  0.00017039856589556  0.00017603006306946
  0.00018219568642264  0.00018882319377918  0.00019529009678727  0.00020197576878425
  0.00020948233436567  0.00021756519657103  0.00022518989455923  0.00023250964289085
  0.00024017884808248  0.00024727085750670  0.00025541898363949  0.00026476068439267
  0.00027660355296860  0.00029024442188241  0.00030429884452783  0.00031752029904628
  0.00032999878592246  0.00034322326461996  0.00035757912698689  0.00037355079206639
  0.00039156435597439  0.00040999650239347  0.00042865894616175  0.00044820235210041
  0.00046833249760996  0.00048882081816272  0.00051120400953477  0.00053529260286201
  0.00056390522648849  0.00059486082497868  0.00062689915183779  0.00066050775985080
  0.00069115028267419  0.00072537413677639  0.00076384233361160  0.00080451392095878
  0.00084549761043875  0.00088583048773797  0.00092560520227658  0.00096681000098282
  0.00100464499069001  0.00104936653666053  0.00109409691894805  0.00113732922601483
  0.00119834515253477  0.00125158188321590  0.00131224370814392  0.00137029216602637
  0.00143830736338845  0.00152096721265676  0.00160256681000553  0.00170403753521998
  0.00181310886845036  0.00192087398753554  0.00203093992703491  0.00215227466861994
  0.00229046763990752  0.00246764605255728  0.00266111569765167  0.00285825940166156
  0.00305198809577438  0.00322086142063436  0.00339522046009371  0.00363616346647976
  0.00387168340560535  0.00407333584341959  0.00427280864904833  0.00451399472671999
  0.00490465880173954  0.00550076542146545  0.00617801092932146  0.00719717126437398
  0.00885508292503428  0.01221548299995726  0.85030348620243856  1.00000000000000000
  0.00000252733808053  0.00000274682878790  0.00000286559085194  0.00000298782565958
  0.00000309592807604  0.00000319490259802  0.00000328368304893  0.00000338385622344
  0.00000349311048310  0.00000361697664005  0.00000377181638921  0.00000394103730400
  0.00000411520421208  0.00000428716868898  0.00000444147462762  0.00000460854770189
  0.00000478398177653  0.00000496451443070  0.00000516717400624  0.00000539742313246
  0.00000565289074639  0.00000593714036435  0.00000626232060898  0.00000663060066383
  0.00000700881426858  0.00000745030051415  0.00000790577591704  0.00000841549141925
  0.00000896019062978  0.00000950033163456  0.00001012536480209  0.00001081612368733
  0.00001174741293866  0.00001284153123941  0.00001391389782225  0.00001492182021545
  0.00001594344580492  0.00001705988049025  0.00001823639972955  0.00001950927155650
  0.00002113770766818  0.00002275944093857  0.00002469045288220  0.00002670877211289
  0.00002883194070443  0.00003112129906885  0.00003339243502539  0.00003565968237563
  0.00003810604383227  0.00004067127425325  0.00004350729018049  0.00004642630758876
  0.00004958682951235  0.00005351030878536  0.00005812785192322  0.00006323386203488
  0.00006862784805578  0.00007441646085551  0.00008084006473039  0.00008802736262298
  0.00009611574772858  0.00010509693870962  0.00011600400768422  0.00012858068051071
  0.00014262348523984  0.00015755472012489  0.00017412230884839  0.00019137935655904
  0.00020862764251736  0.00022411749843083  0.00024206177777711  0.00025961852021425
  0.00028247030615184  0.00030789606205727  0.00033547334682134  0.00036818920635955
  0.00041254310860737  0.00047805193092922  0.00055670558082604  0.00062787591719772
  0.00070202470803608  0.00078407221962488  0.00089372335870875  0.00101270540817769
  0.00115932944439577  0.00132947901753698  0.00150771425051285  0.00168462770757248
  0.00187262614584791  0.00215019031606133  0.00257567207767115  0.00337991540539273
  0.00560117653277228  0.00944098500181658  0.14513251258029949  1.00000000000000000
 -0.00306180937884405  0.01232080922257477  0.02410727331556746  0.03505206057704024
  0.04441573566351479  0.05368398772557483  0.06438575476766828  0.07617513010827116
  0.08884677674716962  0.10318417287182009  0.11649164730979102  0.12919593678615854
  0.14148083224029720  0.15449519926391439  0.16784830122838623  0.17967789546991986
  0.19172203583983832  0.20415910009173199  0.21659033661345603  0.22908439778878481
  0.24251781935504096  0.25920656249259483  0.27382625196578808  0.28509455689870494
  0.29794439892843766  0.31171418127451506  0.32370344148514563  0.33348752535428355
  0.34639644452506452  0.35934708773314805  0.37404513716062521  0.38775604329023633
  0.40132195519434694  0.41408388410648855  0.42800101112806788  0.44172333673055941
  0.45563515353145723  0.46889321731345929  0.48164051358281629  0.49311399467078454
  0.50394629611606190  0.51459296035772850  0.52503470934511420  0.53599563176720122
  0.54743802249801521  0.55928894340055157  0.57057694309533014  0.58232565547957327
  0.59318210176317065  0.60490053402764843  0.61615568631681639  0.62770969860904968
  0.63910166206271146  0.65011674273694708  0.66054460273188631  0.67042472846279766
  0.68009998776506664  0.68957766610310400  0.69914036883825670  0.70902484410475297
  0.71965570867827877  0.72954028241547086  0.73815181725074042  0.74694550250531344
  0.75648908263094949  0.76687418403215735  0.77719744541245994  0.78718776891912856
  0.79759678971830517  0.80702985494353763  0.81482459986787625  0.82311344643310425
  0.83168945350070089  0.84041190407241839  0.84925243555005381  0.85805625040739497
  0.86666145844797415  0.87388949223302792  0.88044455020204693  0.88670713059006656
  0.89357760955815246  0.90196192572223755  0.91114187034451899  0.92044487856372015
  0.92848838904904119  0.93570825692093940  0.94200515103624849  0.94788312556491694
  0.95399915244501965  0.96048874771222181  0.96754377896239530  0.97596431498645897
  0.98286714311782375  0.98907562207140876  0.99475092335696425  1.00000000000000000
 -0.00322859948124596  0.01120454945531353  0.02323732608389404  0.03444090302735405
  0.04437313694502062  0.05301127426393473  0.06110995138305334  0.06952263716253047
  0.07786090953284315  0.08724755022020669  0.09844010735999244  0.11107814765719551
  0.12529609498370956  0.13605604745565658  0.14695798679879310  0.15703270418995535
  0.16718295712465805  0.17850849321792481  0.18995366357100335  0.20058019501967927
  0.21073218247149286  0.22127864542728229  0.23164598076314333  0.24190190491835278
  0.25194918943726308  0.26182829503968436  0.27110438036720158  0.27970547306505156
  0.28896584261966624  0.30028961774059271  0.31330627752644963  0.32369720794344914
  0.33217503667701243  0.34075317247489040  0.35076377794906610  0.36247046342091221
  0.37460372796407115  0.38648595921867074  0.39784397717743231  0.40866164436399055
  0.41866044144978509  0.42825497690622671  0.43711863160105785  0.44674015908589038
  0.45543150355958822  0.46557189145141897  0.47630953748795724  0.48831430414384580
  0.49942214639308058  0.50854120801181402  0.51652432541104065  0.52465137268376194
  0.53273050320525250  0.54113575676688286  0.54964683930619374  0.55927681739037072
  0.57102852777210567  0.58371542008980515  0.59582325556368954  0.60797639450245167
  0.62061563373202133  0.63228257317476999  0.64295157156409621  0.65317404731184148
  0.66295961502430933  0.67402264413291046  0.68493248879262303  0.69556729809047557
  0.70612921032376130  0.71563048388797734  0.72516201251576529  0.73504748568753275
  0.74607520490789392  0.75780011837054706  0.76895769851992379  0.77970378860727008
  0.79082088729519628  0.80294074858829312  0.81551743514636588  0.82783085124359534
  0.83937559909789405  0.84988652548569366  0.85978497730680514  0.87007465971968501
  0.88154558683031370  0.89334459567946645  0.90440787372992826  0.91479883454615063
  0.92411994091200400  0.93400768699660541  0.94297517901997974  0.95285275543643866
  0.96273784299918153  0.97294404246207078  0.98478908968941692  1.00000000000000000
 -0.00132799313453836  0.00764888135270483  0.01400441348889615  0.01957262816843023
  0.02479045802859229  0.03000824013135842  0.03715849679728309  0.04692133923171173
  0.05870031641271055  0.06824014534736163  0.07790783118658191  0.08743777066382774
  0.09782125765931875  0.10778041870777491  0.11746571295709446  0.12592321886539629
  0.13477489610120713  0.14422586377525248  0.15425909553336567  0.16365916063178654
  0.17334584178729492  0.18327948795081297  0.19292388086595263  0.20291824522878313
  0.21216831874819472  0.22183286979667985  0.23309369044899417  0.24395870872337044
  0.25374855829439030  0.26368716081336169  0.27378292320091341  0.28331130927133302
  0.29263359549833812  0.30167451141585366  0.31048875180494995  0.32042421794475978
  0.33088198477390357  0.34225915088392445  0.35373938213715128  0.36407473771946836
  0.37471781828065703  0.38625489053912004  0.39712479532118333  0.40752991793686794
  0.41775657289483914  0.42765441260376913  0.43777776423049847  0.44800768168968824
  0.45872061143044357  0.46996000328128795  0.48147069531649705  0.49362647983672342
  0.50414349943574910  0.51308581186241298  0.52169526712290515  0.53072327512580086
  0.54230831170984295  0.55444881739285279  0.56649191847561042  0.57799041220888325
  0.58850938358409799  0.59779096322219638  0.60766903921194260  0.61905279950741010
  0.63210195999051788  0.64490957080831013  0.65666983636169007  0.66792207299105200
  0.67965996834246656  0.69147286505301719  0.70337503614978847  0.71596990414303585
  0.72928334863566979  0.74205371809128529  0.75354248121765877  0.76408977356375507
  0.77415808163793587  0.78371634400041823  0.79307496611369699  0.80304131176475124
  0.81416413080807604  0.82631648336160457  0.83868219372379516  0.85010435433765363
  0.86181968134645504  0.87435686402877133  0.88767746946330872  0.90002678394009139
  0.91071202770502502  0.92154262586717761  0.93284642396740536  0.94531206948501456
  0.95821669971218415  0.97250755064993843  0.98645558833773805  1.00000000000000000
 -0.00248516709669266  0.01197700840282651  0.02308424341901535  0.03410205792028776
  0.04554070041394231  0.05689155659352034  0.06799052370312672  0.07870625290265160
  0.09083145691632385  0.10289502303702425  0.11389296513030511  0.12394998205966762
  0.13332438416910469  0.14324271161244140  0.15371414663767974  0.16479186266708992
  0.17455220505034710  0.18450867072599292  0.19378440262468855  0.20261174117962466
  0.21170251424948894  0.21850452418432875  0.22623456462310726  0.23392902318646644
  0.24214283538384440  0.25074126407719638  0.25914119017440257  0.26753925734206635
  0.27728690408289552  0.28770219310102302  0.29800180724381325  0.30805375477979730
  0.31696985943731787  0.32587542958184884  0.33506901057541927  0.34570616932419362
  0.35581567567495909  0.36473789010922564  0.37308356074280130  0.38257582119364397
  0.39405336642102468  0.40497795451916285  0.41503964094327650  0.42450913829379172
  0.43370657463571244  0.44167455195423116  0.44956420904831335  0.45846954729880740
  0.47064266712811331  0.48457720518050412  0.49834783327863896  0.50925916072195720
  0.51965779736614470  0.52929843462712145  0.54013294860206174  0.55293088944408730
  0.56426130633614635  0.57482655336494837  0.58647373831277771  0.59951587265752504
  0.61351782140795108  0.62723261378024697  0.64074514617533551  0.65393535350325616
  0.66700099734343077  0.68027863074549999  0.69278650471991265  0.70284169849007139
  0.71349598991404684  0.72421615460505173  0.73513157841806076  0.74601627602408382
  0.75615662951799389  0.76669906533842491  0.77893373944028033  0.79133540575056283
  0.80237792736501490  0.81212025699187385  0.82141960829095606  0.83103480443803956
  0.84088211967110416  0.85115288910045128  0.86093453120095320  0.87040403039760994
  0.88016928919137127  0.89041031961934491  0.90293773950002243  0.91674853997784367
  0.92991959428526194  0.94220339595773073  0.95470366312216304  0.96574429923739491
  0.97506602747523596  0.98380802511252952  0.99210235947217407  1.00000000000000000
 -0.00294373185384412  0.00660876436134526  0.01579462929166082  0.02458812877960456
  0.03146650185752296  0.03847937667718610  0.04512981575099075  0.05082025160530575
  0.05622594760982182  0.06186581843828206  0.06783379904765773  0.07404413428076427
  0.08100393479498548  0.08844094047712732  0.09615378759568792  0.10353990476287339
  0.11072407060953975  0.11800448013330087  0.12521254650120492  0.13242104212501327
  0.14028164569689250  0.14810024060513671  0.15592638686878493  0.16371716141697948
  0.17174225592632589  0.17989572566993917  0.18822489832688760  0.19768331126950392
  0.20771227216989235  0.21743300515629535  0.22653639587771865  0.23695655906972657
  0.24722993437556226  0.25827841916027849  0.26889966814053601  0.27879755756223240
  0.28849633937123637  0.29771297797338192  0.30661155162747872  0.31598961629373373
  0.32606013353991675  0.33587610134533635  0.34526611621219228  0.35496228612937492
  0.36748596433817937  0.38055617099715366  0.39290691969882652  0.40382298444855536
  0.41606961804097842  0.42713657608632577  0.43821482105187815  0.44796880871908323
  0.45677316873260532  0.46609926575520511  0.47657440460572525  0.48783228589378641
  0.49826192888932291  0.50839835000576650  0.51890762453811434  0.52834127551364829
  0.53675650340541370  0.54600531274772679  0.55658559024313647  0.56898081199245032
  0.58146982853982243  0.59415151127968258  0.60807106108123532  0.62113414015799129
  0.63324722322691784  0.64489826124644489  0.65668279929577478  0.67008128864246186
  0.68487488233638882  0.69796710863385458  0.70891846213559095  0.71941580529459681
  0.73051064081540384  0.74198793181941169  0.75417942291805451  0.76690223155719539
  0.78002747491349123  0.79276842567871253  0.80728290203491748  0.82355115375860177
  0.84071002826291896  0.85644983585271839  0.86987668803851315  0.88212593811035689
  0.89498427862365315  0.91016456191281281  0.92624288994037896  0.94094582460990328
  0.95490615696387982  0.96787843224928471  0.98360302209733308  1.00000000000000000
 -0.00332529620743000  0.01380680589253215  0.02711392348806041  0.03952730048004202
  0.05046747980818639  0.06035892170162509  0.07039315204985214  0.08095918450776952
  0.09164196743000060  0.10188638487694267  0.11141818420997762  0.12122965581214494
  0.13312987895276174  0.14690854948532106  0.16053773966431853  0.17343538636235797
  0.18444003049727695  0.19364668422827985  0.20233798553711174  0.21196280252393856
  0.22335689124069097  0.23500139063667777  0.24610642743869299  0.25638551786039609
  0.26604322405280595  0.27572665968251558  0.28597774992832764  0.29938894253710024
  0.31447718792855145  0.32734753503939029  0.33840613710859041  0.34889612342233434
  0.35963436669990589  0.37002997721000397  0.38142547649348096  0.39155110409847960
  0.40083659855840453  0.40930474302437697  0.41721065053987838  0.42793394477259666
  0.43898955332593720  0.45049615816579985  0.46012488961228337  0.46842929438206582
  0.47644409571035545  0.48550725922647237  0.49601904689506265  0.50767182962824342
  0.51847832992893228  0.52865565958855332  0.53937500287525486  0.55118739919784887
  0.56239973529119536  0.57199169686931972  0.58132095725666688  0.59204462061920404
  0.60408418757420390  0.61404204160064368  0.62433452150649626  0.63707312702725838
  0.65362843385361968  0.66943249742425992  0.68013086067733675  0.68862636826120582
  0.69544598631272636  0.70223564836214114  0.70922681719730407  0.71606646876363167
  0.72430106089863977  0.73375300184468151  0.74472426233099587  0.75620681835753523
  0.76564303461251548  0.77403921228469630  0.78202684804914102  0.79151620072870454
  0.80227653895544049  0.81183333464416574  0.81965706234564883  0.82723781618346237
  0.83578653465663533  0.84446622116246761  0.85288007866439208  0.86195632007558454
  0.87285337912955663  0.88585429063201371  0.89887017920832468  0.91169961043465397
  0.92424295621488728  0.93612396310799884  0.94725868969725535  0.95797606269725222
  0.96866965390718518  0.97924359581110532  0.98938462815499184  1.00000000000000000
 -0.00255721323656036  0.01226040361854746  0.02480960670595497  0.03563239750604579
  0.04545697654390052  0.05489982200699832  0.06547021204229200  0.07720143310974359
  0.08954013289740669  0.10058066640685000  0.11095591427184572  0.12117556896436291
  0.13236714250593412  0.14428117016241163  0.15780349213224612  0.17080710138488250
  0.18362325916389199  0.19455709070157068  0.20551641680573071  0.21747114450035018
  0.22883119566943702  0.23912894682900979  0.24816071424296304  0.25717701930193732
  0.26717129887370178  0.27877053728154894  0.29000324006305700  0.30049808296555475
  0.31100232974886605  0.32162055719948640  0.33202770021086775  0.34089833856179247
  0.34971546256362496  0.35909601024604443  0.36910181463388675  0.37997288441226340
  0.38900314740478953  0.39816772194809791  0.40826640601145353  0.41935085805902700
  0.43104089338368490  0.44318556107238932  0.45711067426209678  0.47065760951692986
  0.48366799901093238  0.49446777807063808  0.50475194269265877  0.51471212050979465
  0.52516064140679330  0.53471133583470998  0.54350205162301135  0.55257045248608272
  0.56102612157618037  0.56921402924084241  0.57798228422748776  0.58696029085313339
  0.59852357989002047  0.61044487514665746  0.62180477674503876  0.63147667866331292
  0.64016746935920765  0.64881741390638314  0.65701564058411466  0.66586076024139251
  0.67298218159204604  0.68048694253975017  0.68828344896005889  0.69827590149261332
  0.70882419648186057  0.71935679019430465  0.73035006908154310  0.74369573127434119
  0.75825546239908370  0.77032139528613996  0.78085328953883215  0.79071537522069035
  0.80183206508399441  0.81282370780768487  0.82526049084680020  0.83715416286434363
  0.84961550863277502  0.85937498712887328  0.86791880083643724  0.87674376884266692
  0.88550253364052467  0.89521073778755178  0.90511793400938534  0.91559096748247282
  0.92576783922914552  0.93661356332409029  0.94859193811294085  0.95981646793525233
  0.97024941782480190  0.98008291946849480  0.98964270106242103  1.00000000000000000
  0.50158319047242628  0.58381616976764483  0.59580850835948174  0.60762711474269659
  0.61936736647423352  0.63085769146942705  0.63971642065463485  0.64697310020060628
  0.65418309819124798  0.66463897414468975  0.67501840953888170  0.68494744794670603
  0.69345986438511087  0.70168474073187059  0.70877297811708995  0.71700463600170761
  0.72405478420245328  0.73188425138600022  0.73865899613075692  0.74516166617976154
  0.75171271468797962  0.75809555706848264  0.76401323961639012  0.76949517725306071
  0.77494670078397343  0.78013173976168149  0.78550624934294067  0.79126533775671859
  0.79765956635945701  0.80372228915441135  0.80974098538967021  0.81522024216190747
  0.82009087741907416  0.82475826453438184  0.82957859619923746  0.83478494642174705
  0.83969702108890043  0.84444991717279094  0.84891544685013998  0.85344883354969947
  0.85743055675985291  0.86133206744890323  0.86552131254044140  0.87025331215141633
  0.87528613186237492  0.87932690199855401  0.88276132241075611  0.88599492006787595
  0.88896929803593161  0.89185186019518625  0.89466370185756683  0.89743001394987920
  0.90043195175315960  0.90391511733042573  0.90737370443864385  0.91052154386240314
  0.91354620436024792  0.91657884478788842  0.91969556064373503  0.92280525554118165
  0.92546946794115581  0.92783751721498953  0.93005086496898415  0.93216001741372212
  0.93430845132274432  0.93638576760947134  0.93864514946451316  0.94108695671553677
  0.94361370102610320  0.94607643869831348  0.94833993699509833  0.95046006518734194
  0.95271624073622152  0.95508032111180674  0.95745688829253983  0.95974825109067685
  0.96196381043632639  0.96411516412221721  0.96623829708478992  0.96832897605961155
  0.97045553419882358  0.97261471383632003  0.97475777616554293  0.97688069809466271
  0.97907969863556632  0.98131762667853228  0.98343185965247626  0.98526868001620860
  0.98700350657440283  0.98862501667052027  0.99047042048129585  0.99232021913341784
  0.99412113746672726  0.99603900086879382  0.99800399597749845  1.00000000000000000
  0.01680651186454541  0.14958544369810703  0.17790297649515788  0.20502907846090507
  0.22692200114521438  0.24411800918146151  0.25895157926178086  0.27211145135569098
  0.28537941045881599  0.29937561561629483  0.31277272264496631  0.32467644352649383
  0.33513038397845152  0.34464706631704045  0.35424089320149732  0.36316623920667640
  0.37148478456228584  0.38041552278752228  0.39045180158782355  0.40070542450896918
  0.41059473348213604  0.41844268219412456  0.42474442409108665  0.43091823680650754
  0.43682496294499717  0.44329125755444732  0.45033720576676844  0.45679423579976042
  0.46282155367653555  0.46874269388708217  0.47456154952943658  0.48085312433816785
  0.48685038454937202  0.49240968514494804  0.49810689688042120  0.50334913178001195
  0.50785845560057985  0.51207516142655141  0.51622474093428772  0.52057653225029177
  0.52554583324203208  0.53076860787300717  0.53545842763621321  0.54021612853405243
  0.54483799452931136  0.54977890208477376  0.55504664750344479  0.56022113553810715
  0.56479846342616014  0.56937695568454305  0.57404672186191308  0.57900075263491413
  0.58475007252627553  0.59023597684723694  0.59532053271616425  0.60011627190188732
  0.60500399036458086  0.61036649125557818  0.61653976580938796  0.62301117603904199
  0.62786862352811179  0.63274006361117063  0.63770626773582462  0.64247639215404839
  0.64800425103676540  0.65289758035695034  0.65814631029512116  0.66338016233490626
  0.66859506873164787  0.67405167730469895  0.67928255510359825  0.68435061860095836
  0.68879728247248173  0.69312325419754217  0.69760405605522169  0.70250032091168568
  0.70759869014861709  0.71278458507818332  0.71797286691776252  0.72322617505820008
  0.72877444471119190  0.73492035880147744  0.74126283788967884  0.74810564978859939
  0.75565408164016556  0.76358182046871481  0.77143543227882427  0.77941986373903804
  0.78798540669921902  0.79695754934732976  0.80740806097820694  0.81891195796086147
  0.83223639146363015  0.84823597908176229  0.87178947204080293  1.00000000000000000
   2.3292650103626507E-005  -1.0000000000000000     
 F F F F F F F F F F F F F F F F F F F F F F F F F F F F F F F F F F F F F F F F F F F F F F F F F F F F F F F F F F F F F F F F F F F F F F F F F F F F F F F F F F F F F F F F F F F F F F F F F F F F F F F F F F F F F F F F F F F F F F F F F F F F F F F F F F F F F F F F F F F F F F F F F F F F F F F F F F F F F F F F F F F F F F F F F F F F F F F F F F F F F F F F F F F F F F F F F F F F F F F F F F F F F F F F F F F F F F F F F F F F F F F F F F F F F F F F F F F F F F F F F F F F F F F F F F F F F F F F
  <DiscreteSampler_grid>
  grouped_processes
  1 # 1 for a reference and 2 for a running grid.
  10 # Attribute 'min_bin_probing_points' of the grid.
  1 # Attribute 'grid_mode' of the grid. 1=='default',2=='initialization'
  0.0000000000000000 # Attribute 'small_contrib_threshold' of the grid.
  0.5000000000000000 # Attribute 'damping_power' of the grid.
 # binID   n_entries weight   weight_sqr   abs_weight
    70   10   1.041029954976090E+000   7.273163358986295E+000   1.041029954976090E+000
    73   10   1.028599474441267E+000   7.354740951322273E+000   1.028599474441267E+000
    74   10   1.028599474441264E+000   7.354740951322228E+000   1.028599474441264E+000
    76   10   1.512773433969640E+000   1.505228782905302E+001   1.512773433969640E+000
    77   10   1.512773433969636E+000   1.505228782905294E+001   1.512773433969636E+000
    85   10   1.142821312413140E+000   9.352461088260387E+000   1.142821312413140E+000
    86   10   1.142821312413138E+000   9.352461088260341E+000   1.142821312413138E+000
    88   10   1.190601591903129E+000   9.772159368900422E+000   1.190601591903129E+000
    89   10   1.190601591903125E+000   9.772159368900365E+000   1.190601591903125E+000
    100   10   4.180202045090311E+000   1.544737566105867E+002   4.180202045090311E+000
    101   10   4.180202045090306E+000   1.544737566105863E+002   4.180202045090306E+000
    142   10   7.856135280588316E+000   5.140096974023443E+002   7.856135280588316E+000
    148   10   7.687470268287887E+000   5.120732667675900E+002   7.687470268287887E+000
    149   10   7.687470268287885E+000   5.120732667675891E+002   7.687470268287885E+000
    151   10   4.180202045090311E+000   1.544737566105867E+002   4.180202045090311E+000
    152   10   4.180202045090306E+000   1.544737566105864E+002   4.180202045090306E+000
  </DiscreteSampler_grid>
