  0.00000228963361525  0.00000244009554165  0.00000257192765488  0.00000268771139060
  0.00000279973297133  0.00000293240813467  0.00000307306687039  0.00000322323936167
  0.00000335960852588  0.00000349974148971  0.00000363020900799  0.00000376741578825
  0.00000391547911012  0.00000407731142976  0.00000424885469112  0.00000443257152842
  0.00000462724694428  0.00000482864590870  0.00000502194869535  0.00000521039842199
  0.00000541306657971  0.00000562068176777  0.00000583422938230  0.00000608154859573
  0.00000635300199586  0.00000664722349503  0.00000695680609534  0.00000728407051637
  0.00000761166010619  0.00000792926281646  0.00000823163057334  0.00000852013225495
  0.00000881330675958  0.00000913946221781  0.00000951817910658  0.00000994652884043
  0.00001040183577876  0.00001082985655168  0.00001127771964445  0.00001174884176827
  0.00001223865461357  0.00001278657468307  0.00001343033389700  0.00001413938897663
  0.00001482539578672  0.00001556815406532  0.00001631562794942  0.00001713213990671
  0.00001799678915137  0.00001898693567989  0.00002004246351578  0.00002131623368874
  0.00002251203700999  0.00002371222533731  0.00002460421660198  0.00002546784925941
  0.00002636234124284  0.00002732188778395  0.00002843410730999  0.00002995105457622
  0.00003190887134250  0.00003398891771988  0.00003623821531982  0.00003861782378249
  0.00004112677768863  0.00004390442569540  0.00004689594527980  0.00005038807152403
  0.00005454371376579  0.00005905445062970  0.00006419771391892  0.00007013824412193
  0.00007728237333048  0.00008520704151002  0.00009354962511753  0.00010231840862960
  0.00011155010835398  0.00012288551333779  0.00013772790409953  0.00015615026363096
  0.00017967642914869  0.00021101272095913  0.00024865786174738  0.00029494545686000
  0.00035692185422027  0.00043726177959369  0.00052060250216172  0.00062852054754822
  0.00080883813310934  0.00098929742357908  0.00121384693454847  0.00169373952415058
  0.00262569435825993  0.00880346337440948  0.23655585609837623  1.00000000000000000
  0.00279610991484397  0.01711787352463465  0.02982997365742292  0.04155577329553931
  0.05191561881591924  0.06168169853957266  0.07077747194900763  0.08088485655833554
  0.09276106653076949  0.10617075420229344  0.11641680193749258  0.12540575268318116
  0.13327313804692120  0.14196880004251328  0.15017625474524010  0.15854027880284399
  0.16845250497674402  0.17942184041148446  0.19059209266526847  0.20092129055407620
  0.21108892349670047  0.22093866765475945  0.23027328101871117  0.23970424365266479
  0.24958942532423778  0.26063328439190953  0.27276355681880604  0.28546359390532028
  0.29758924924207203  0.30906615010845045  0.32030942507502874  0.33159130528716452
  0.34326305980167848  0.35544409744943317  0.36791670998843196  0.38089501860501601
  0.39394794512648817  0.40646894507442388  0.41748936750603621  0.42736418133776616
  0.43687972650381640  0.44682192476841426  0.45714919774631441  0.46784492500873359
  0.47977558820467087  0.49301005747014065  0.50507280931156295  0.51672303388052732
  0.52755234654054051  0.53800815887833453  0.54824170283828777  0.55737281098391200
  0.56356646751935502  0.56987506375641594  0.57628612105670463  0.58269763868167324
  0.58910933310487490  0.60014019531505503  0.61158969009221131  0.62367424391276349
  0.63425558478587218  0.64450448436670538  0.65366000106656930  0.66337645592190730
  0.67298247251535614  0.68270655370571642  0.69189212974415371  0.70209019794731009
  0.71221113825534199  0.72326926263327018  0.73438332766534797  0.74516594284113746
  0.75629350059647049  0.76768943214729257  0.77925264327360411  0.79038389816680921
  0.80121980487555933  0.81197050276963345  0.82196710982807186  0.83121800515628097
  0.84059333358732691  0.85059731323452692  0.86173072441838205  0.87312013024198420
  0.88415829540843260  0.89526427353121341  0.90674230473461559  0.91902004449969688
  0.93091229462939595  0.94193001261354325  0.95257636693184278  0.96341416719369888
  0.97385369635119767  0.98385151267482662  0.99269163835687280  1.00000000000000000
  0.00004725967346259  0.00006089730896851  0.00007166618235659  0.00007457961112775
  0.00007809439548826  0.00008338297099612  0.00008818530236828  0.00009324771890651
  0.00009826698151883  0.00010434555551653  0.00011014747137403  0.00011546760617419
  0.00012052969483694  0.00012540604166631  0.00013033361531560  0.00013571172935943
  0.00014164408755965  0.00014789816990841  0.00015406238075645  0.00016058171027531
  0.00016743179453950  0.00017460618061654  0.00018102330824842  0.00018581165483835
  0.00019086822945442  0.00019606904045112  0.00020135151553314  0.00020728022087455
  0.00021634652728619  0.00022546521136749  0.00023529604551919  0.00024703530798536
  0.00025847314349691  0.00027115384757401  0.00028280747676452  0.00029452542448489
  0.00030753410846068  0.00032203520860047  0.00033794386946646  0.00035657155901636
  0.00037167988746544  0.00038764673662650  0.00040384316341451  0.00042146254269327
  0.00044171813285534  0.00046357514991190  0.00048795785805918  0.00051348459242883
  0.00053703951705036  0.00056144856870457  0.00058646099928792  0.00061395145083981
  0.00064553304948505  0.00067884013496755  0.00071481249988288  0.00075333075837074
  0.00079450819560966  0.00083397223948906  0.00087021784479196  0.00090622207262749
  0.00094504121387835  0.00098881986647007  0.00104206538494070  0.00110241591723620
  0.00117078631318859  0.00124967305511018  0.00133036584337983  0.00140740657118193
  0.00149316809599588  0.00159887957947802  0.00172810307918039  0.00186743843894174
  0.00201272447074109  0.00216762593238732  0.00232758979625323  0.00252928956621138
  0.00274863317008063  0.00296668544533138  0.00323128275583471  0.00350757759008625
  0.00388226620691510  0.00431884015124633  0.00477493082750305  0.00530335058042239
  0.00597119087337065  0.00675369151666431  0.00760588802623569  0.00855722022889958
  0.00951598350394543  0.01078511810556861  0.01352857918236628  0.01722502659159444
  0.02183000046142242  0.09278986570207227  0.26809896448507209  1.00000000000000000
  0.00000251378364104  0.00000255590713280  0.00000264252788098  0.00000271979128263
  0.00000279390899927  0.00000288709799131  0.00000300782818234  0.00000313939296866
  0.00000325555461514  0.00000337143432409  0.00000348944220581  0.00000362174511193
  0.00000373514315429  0.00000385734252205  0.00000399631283560  0.00000414969210405
  0.00000431759508394  0.00000450886333275  0.00000474129327013  0.00000500201682891
  0.00000532181594871  0.00000562931345940  0.00000593026734110  0.00000623425740975
  0.00000655424045588  0.00000694867520998  0.00000744183203651  0.00000797060839276
  0.00000851339847281  0.00000906663096148  0.00000967031192824  0.00001029617085502
  0.00001097984534427  0.00001175633995461  0.00001259996289464  0.00001352656920994
  0.00001449639461082  0.00001551190541896  0.00001668001389726  0.00001800186814259
  0.00001954146421736  0.00002139689887540  0.00002356838843861  0.00002573545772062
  0.00002802754945323  0.00003050604792116  0.00003272038657215  0.00003463995546638
  0.00003668043025861  0.00003874554114400  0.00004083941007149  0.00004361097328464
  0.00004735232510979  0.00005177208419324  0.00005698025863375  0.00006256198972188
  0.00006835943158430  0.00007435241933825  0.00008121837368602  0.00008883833952001
  0.00009712858463803  0.00010768002944014  0.00011947835336659  0.00013242526428302
  0.00014711653221556  0.00016168941110946  0.00017800086821864  0.00019768050054622
  0.00022147487908761  0.00024971138605379  0.00027812393459262  0.00030908373705201
  0.00034167223409052  0.00037775274712977  0.00041493390083703  0.00045690302426646
  0.00050755426194176  0.00056846075541375  0.00063523982137828  0.00069608703703456
  0.00076936445890760  0.00084308794767961  0.00093936037425740  0.00106806139226759
  0.00119590493353348  0.00134992222870085  0.00156610231510438  0.00192823253319687
  0.00239540268260282  0.00290673745704187  0.00354971245038243  0.00461848601338728
  0.00668518929819869  0.01737434647238754  0.38533821731315127  1.00000000000000000
 -0.00124365235208442  0.00362003311150431  0.00688921897517675  0.01028255492974682
  0.01386392890498657  0.01744799998193217  0.02104531416099862  0.02464262834006508
  0.03180144865987054  0.03913185502267187  0.04584201130743603  0.05239979976701203
  0.05916218120110359  0.06588837820124287  0.07256961830814464  0.07870187321468361
  0.08554872324950880  0.09314923024408166  0.10082753100856541  0.10785475644459040
  0.11419971980734825  0.12050129464702303  0.12715802613325944  0.13526501646871056
  0.14410618332471070  0.15367438397025948  0.16309784365042287  0.17237316049611678
  0.18179808738551562  0.19233059650322934  0.20338658590841116  0.21382943841595620
  0.22425406783175938  0.23470792485962122  0.24552927423721405  0.25596703667674525
  0.26658238228903880  0.27779240623968876  0.28892419547778270  0.29983296815939237
  0.31046304868511648  0.32235657788646754  0.33439029329204606  0.34504884720911316
  0.35466149050142354  0.36367180734276805  0.37224396436934837  0.38141139721751194
  0.39092459192497930  0.40129707910468027  0.41157383938297537  0.42309200821799220
  0.43543218528842520  0.44743709624969741  0.45960490819516886  0.47258147789900862
  0.48668741591182840  0.49970287498240884  0.51190111724152865  0.52475852516685406
  0.53818277045830121  0.55072621557796941  0.56269474553685028  0.57560423446140652
  0.59082255832606900  0.60617881320548439  0.61923450704403904  0.63097882480837575
  0.64306470884559064  0.65560555984061208  0.66865550098622495  0.68190434501459840
  0.69585832833444849  0.71096615285228792  0.72558759536154238  0.73956298198948967
  0.75247663413335875  0.76466382037644032  0.77643606340768068  0.78963332876456593
  0.80372796580906480  0.82033015685209876  0.83757142530918260  0.85354752918618781
  0.86862156570447691  0.88230163818889740  0.89497955916478178  0.90691105146722806
  0.91836230883743708  0.92971175817424290  0.94167004978121505  0.95274530062441831
  0.96328828497803465  0.97390990795678345  0.98617750484216227  1.00000000000000000
 -0.00213890588589214  0.00832491927578693  0.01811162277605662  0.03019995633565429
  0.04077416822619025  0.05111184797070270  0.06078909337899006  0.07241738512218557
  0.08484569941927854  0.09744045770578247  0.10932706745309641  0.12105393758374863
  0.13136811167911105  0.14131297815849556  0.15070916574930954  0.16012957060577374
  0.16886119360913021  0.17728041050496818  0.18563839034357757  0.19565862247215024
  0.20738117600975023  0.21961905402081311  0.23078355612638071  0.24055124770409675
  0.24983155160157736  0.25837307568893891  0.26760079710915829  0.27666716610705655
  0.28624920828313266  0.29613195698422223  0.30659863273521459  0.31778904769787991
  0.32943673813274993  0.34077073190417445  0.35189962171404965  0.36199709149855086
  0.37387033395390118  0.38340533740226984  0.39260300007322357  0.40138150744394319
  0.41099859331877103  0.42369174973367224  0.43618635471756062  0.44851871132697996
  0.46081592428165807  0.47312191609096366  0.48461110210394354  0.49497772899709624
  0.50476308263909797  0.51492969450467418  0.52594130489453739  0.53653402452103183
  0.54622605744659902  0.55559050632273044  0.56502289652257343  0.57512298155384056
  0.58640482029642893  0.59911290726775446  0.61317943725854795  0.62690604163163277
  0.64111005881496042  0.65522197901796675  0.66851793775275914  0.68078399428051850
  0.69245366352912607  0.70338612978528903  0.71357093369114921  0.72363948714298998
  0.73414230157680127  0.74540957412226350  0.75662654249267114  0.76751777762045026
  0.77840094918675251  0.78963979156893283  0.80103527552923448  0.81209669716879640
  0.82239824216950141  0.83297052768742486  0.84464995414139754  0.85742503755094168
  0.86998447506689336  0.88212914477419491  0.89390744335357708  0.90195696655721391
  0.90768638230781340  0.91280382985003583  0.91760684451512020  0.92221442026943179
  0.92675966400067400  0.93545807227857747  0.94679938362598559  0.95762643205925424
  0.96889050119868003  0.97991618355092647  0.99046369472912366  1.00000000000000000
 -0.00252190707982821  0.01373943550614475  0.02750366966476546  0.04097856141772545
  0.05315779015374340  0.06504186546862877  0.07673523954704416  0.08896454475831164
  0.10159247976095422  0.11532703571584950  0.12841768312057983  0.13992773325609745
  0.15183670226497312  0.16468215622536819  0.17646705085645029  0.18824297650838953
  0.20039438682086000  0.21158780514286438  0.22090746283217683  0.22978903956940175
  0.24021806773788218  0.25207900625680235  0.26348804588341801  0.27472536114867557
  0.28685751901961609  0.29564316009103886  0.30387084177106238  0.31107993937746825
  0.31834993970415643  0.32581089278999736  0.33571832359141335  0.34882352686164159
  0.36213082337721336  0.37471390751702677  0.38652263884227700  0.39772443588618800
  0.40824446413958743  0.41813657742561788  0.42777833028831952  0.43686994630705411
  0.44701618035032081  0.45784534594141624  0.46984229179520809  0.48325611093064308
  0.49638479364958960  0.50694131345038473  0.51664338151808675  0.52592254687635220
  0.53592271532071156  0.54662200967840990  0.55806709941007182  0.57041022326258672
  0.58280495825428813  0.59538514776149543  0.60712455702368773  0.61888469802826951
  0.62964507122370361  0.63870844714012154  0.64712983652237432  0.65567625729276369
  0.66519833106183524  0.67488004693722825  0.68480194957387686  0.69477856393370496
  0.70530708802364583  0.71629973679914083  0.72714608001699932  0.73654210326579395
  0.74505891878304198  0.75357459572332253  0.76273836345460488  0.77300426226634633
  0.78301758325298831  0.79287784403179506  0.80262959180270044  0.81355029005774071
  0.82496851615040057  0.83647013525314917  0.84709803327695166  0.85676798766565310
  0.86540791495602321  0.87362716043726396  0.88234305947536995  0.89205524053715957
  0.90250382053133238  0.91231026662943171  0.92118116037528797  0.92955785557242487
  0.93768882572987944  0.94600213788859466  0.95504448512721307  0.96447577021886433
  0.97470814645203796  0.98341267807375965  0.99183407539635104  1.00000000000000000
 -0.00328448506285769  0.01567627833140723  0.03055711246553340  0.04388726655338770
  0.05604273281899474  0.06734048851133705  0.07873515257483019  0.08961213157051758
  0.10013631448240552  0.10960884711021651  0.11958056854196734  0.12922574852259300
  0.13885554761953453  0.14867931288926889  0.15846906739335731  0.16787342211002193
  0.17826051926505293  0.18892541701956872  0.19990982640231209  0.21074786942511178
  0.22124043694290393  0.23057216922174789  0.23943808664033447  0.24834799578276945
  0.25794191311660941  0.26799195657081398  0.27780560695893541  0.28810034878460039
  0.29912267997165293  0.31108960115373463  0.32306562372338510  0.33434142748806672
  0.34544031394621361  0.35630131777052515  0.36567566679359936  0.37530767307745427
  0.38591383763074105  0.39652414725960072  0.40626363994138248  0.41693390468652719
  0.42896697614033918  0.44022989270096430  0.44988101527936630  0.45969339123195890
  0.47026828750909949  0.48256450127416434  0.49650456136514670  0.51111241113533323
  0.52500139379678423  0.53654399368470074  0.54765825000362778  0.55739071439222454
  0.56668587254009395  0.57567398464567010  0.58432912479385191  0.59322537867727887
  0.60292196896997097  0.61301271481449926  0.62310084566290913  0.63297501196444694
  0.64285706984799273  0.65194892581609531  0.66246458107313910  0.66873946238351611
  0.67488964448787692  0.68174549142818242  0.68867603918068887  0.69490280139731564
  0.70100935051238367  0.71218360988684093  0.72488732438744741  0.73881531498439457
  0.75263123052209979  0.76648329235227153  0.78100823408541820  0.79384384180702350
  0.80596809972831918  0.81789482189406115  0.83011086670658818  0.84188002479557544
  0.85246063153585772  0.86193502159767954  0.87149688357279442  0.88067341464151683
  0.88917578390825158  0.89734559006357695  0.90519276627288214  0.91393136746807058
  0.92289764649481965  0.93262247683590693  0.94221116761179491  0.95308152120707035
  0.96362860330220546  0.97484427671068186  0.98738107768759320  1.00000000000000000
 -0.00311574648413275  0.01620740983291936  0.03206066770995845  0.04677699572255876
  0.05924728540097698  0.07132492272035031  0.08383089555251562  0.09760867871879085
  0.11305314307422872  0.12884676820098284  0.14434982424895534  0.15896582705833426
  0.17188115487815178  0.18362078042718069  0.19529801496769492  0.20717284024762581
  0.21900486484463227  0.23097498711130132  0.24386040078907056  0.25689716409998575
  0.26837869508770740  0.27915821361261622  0.29035814968256990  0.30249807946092194
  0.31453210664461861  0.32632060447427186  0.33835388641780711  0.35116954602932787
  0.36468565465410868  0.37752835632351983  0.38932111520285934  0.40049665944932267
  0.41139040438181390  0.42229844799049454  0.43222984131054165  0.44242904919385939
  0.45368193491615633  0.46468740664813796  0.47065192839987990  0.47646297579857599
  0.48211808723342470  0.48783422987757702  0.49372017252418404  0.50232817457638301
  0.51434590238356848  0.52622042254320534  0.53838875646366158  0.55121141088673964
  0.56391056020838670  0.57579017166114987  0.58671022918553617  0.59700829193269800
  0.60643032825028020  0.61494747533565064  0.62346923341176319  0.63222015510785867
  0.64197346561462632  0.65230110323666668  0.66300201112163781  0.67383638758265973
  0.68484326657023964  0.69652322043965742  0.70873018053017556  0.72026169002568685
  0.73060316869388531  0.74089341629045002  0.75126601415860261  0.76183364495003347
  0.77189131943413813  0.78184155887232887  0.79140526023574975  0.80028106839518476
  0.80826242252659897  0.81549102083863867  0.82263932243138838  0.83002867705944594
  0.83800293759952016  0.84685585160842403  0.85507890052908964  0.86285922536929160
  0.87090793824545032  0.87915946709217230  0.88799408416495895  0.89578002928252087
  0.90346119374725142  0.91160057888300750  0.92049431267217352  0.93007077005581718
  0.94043132857395872  0.95098122368481008  0.96031848580886559  0.96847513590674161
  0.97529891487237463  0.98307164414965187  0.99065190354337096  1.00000000000000000
 -0.00206119542749325  0.01001830270849479  0.01999644057769483  0.03022686589724287
  0.04042382590632020  0.04979069565392984  0.05889977360457267  0.06896920500037282
  0.07991950808743012  0.09092569275499787  0.10097817295484329  0.11233504723273428
  0.12313242759178375  0.13460380232651686  0.14573222453268728  0.15769039922818376
  0.16978879625916060  0.18107248017248792  0.19153022222648905  0.20172963622312406
  0.21275480637002725  0.22427901606173170  0.23536054570552636  0.24615081284236071
  0.25605485487863011  0.26619918822235089  0.27645025652473665  0.28754535932425684
  0.29987664061028474  0.31266219565110470  0.32550138072163093  0.33743975956760697
  0.34872583396271911  0.36044718835001488  0.37248149379285261  0.38433845208848683
  0.39633209192085073  0.40939260188073040  0.42197170409340956  0.43376208507417913
  0.44501209307332174  0.45606375825456519  0.46717126795556274  0.47790348219331491
  0.48864015520189530  0.50082909366489270  0.51397764415134917  0.52796844000283527
  0.54088408199011140  0.55210411432155782  0.56240143032145840  0.57313864124197145
  0.58369731290487492  0.59279174788960154  0.60120586104079710  0.60634891162502424
  0.61061913206758389  0.61525015640860425  0.61995874608354973  0.62485346094847705
  0.62978566448184103  0.63883423839554765  0.64872839050926034  0.65798964866980358
  0.66767939354855599  0.67657805557940676  0.68543695834100460  0.69429015244006165
  0.70344438389358011  0.71211395165999913  0.72232107392255351  0.73387911893456936
  0.74568664320461930  0.75591331201377365  0.76530104518068032  0.77445932779709381
  0.78464536841923582  0.79504927022014338  0.80662410239184668  0.81834080009487176
  0.83118023064139190  0.84230397081645636  0.85266581481563608  0.86280438005873716
  0.87432391155802947  0.88597373958992709  0.89817018169034213  0.90996185499773785
  0.92128840604571816  0.93292794810780821  0.94445555473578358  0.95577184129886161
  0.96607958552702822  0.97764399949563563  0.98900983486324490  1.00000000000000000
 -0.00203661691413009  0.01013069062275068  0.02116831698779066  0.02909769579242497
  0.03464758559049362  0.04015559188802604  0.04564977191180177  0.05207099490527443
  0.05922623752570740  0.07129396504949879  0.08388666137337822  0.09832614858840538
  0.11158135998586177  0.12393775884522627  0.13486248917467822  0.14599760855435887
  0.15706728144715359  0.16936129181384627  0.18203860947869638  0.19527081857997602
  0.20862809309889629  0.22160480212409464  0.23476720354505137  0.24818513587669372
  0.26185983780060756  0.27406866958970300  0.28498369202737889  0.29696241174625326
  0.30936784505690851  0.32062616816868589  0.33116211150308700  0.34175755312624506
  0.35277165309826469  0.36367600981885073  0.37393970967103785  0.38358324527854032
  0.39395383065309353  0.40560629290255140  0.41744463488945455  0.42880961277365798
  0.43988363665582603  0.45104134467062795  0.46204801590087785  0.47342629801028496
  0.48477815187862350  0.49588285611976540  0.50624483200957793  0.51590189955901578
  0.52582886082617830  0.53595326500019824  0.54669089481886990  0.55706616234354800
  0.56750809663190582  0.57882495673939416  0.58979751785747125  0.60020420917945949
  0.61031119986030979  0.61819320082076201  0.62649666450020380  0.63425458412385161
  0.64309806260452307  0.65406351380852445  0.66579802719185344  0.67798377356765083
  0.68932001925738640  0.69848839734919554  0.70797777442607479  0.71765335955780585
  0.72832671384325698  0.73784568654711491  0.74542317875830033  0.75347765811230882
  0.76120436387439794  0.77034458284490792  0.77940475846810175  0.78921387640986662
  0.79842964795111837  0.80727584524419471  0.81649940727734371  0.82701312240996228
  0.83872464438335959  0.85081989475149333  0.86228523989878170  0.87373907444532495
  0.88489676018289931  0.89658578446751758  0.90853652799768192  0.91998952342226414
  0.92997336458787827  0.93945450366037708  0.94949643934292083  0.96077542029659635
  0.97129367317782611  0.98046591851546616  0.99057592323926880  1.00000000000000000
  0.33783694688342003  0.59136159812641709  0.60539515645241393  0.61598626427759684
  0.62486507825248772  0.63368659292903395  0.64297666096206230  0.65335760081148320
  0.66225011201482431  0.67075843447762218  0.67941894725940855  0.68900644422785684
  0.69771816196095138  0.70620974480363108  0.71456639317917614  0.72231891239761470
  0.73011962273579023  0.73863736757096532  0.74710256541217068  0.75516957447836242
  0.76206317888608877  0.76870561397088222  0.77515911157546036  0.78142998461082591
  0.78765060685530774  0.79350546574590175  0.79922314553450680  0.80490506383995641
  0.81073979600603441  0.81632797444694283  0.82189439834637890  0.82754953211511773
  0.83305461919511070  0.83814980488246593  0.84279536828549362  0.84725024585224007
  0.85163656103370788  0.85579558225976060  0.85976104877265547  0.86355025707212196
  0.86742595246637311  0.87129048047092328  0.87503514146560724  0.87859224888440768
  0.88204006304954197  0.88558748405967902  0.88933589340470443  0.89312028594396775
  0.89698264148687923  0.90064200980455689  0.90422103628294270  0.90745756503482145
  0.91056716687936046  0.91362446108168149  0.91653615980592418  0.91919684609713448
  0.92171342495309572  0.92426341643478105  0.92686947687981402  0.92941667633056424
  0.93178005339018288  0.93410403646816520  0.93645462612208819  0.93884306260515726
  0.94120564905625193  0.94350429456250517  0.94579571012312413  0.94808130062453444
  0.95025933480517932  0.95232718662453930  0.95431242049931642  0.95620042080630141
  0.95810690377204966  0.96008849379382455  0.96206650649567294  0.96397930647147989
  0.96589822213871790  0.96788809138033427  0.96996409710121334  0.97230882924208695
  0.97460230833861849  0.97672686135941400  0.97867886181914032  0.98055586232984715
  0.98237908211831027  0.98413254324021771  0.98590526755531360  0.98712191187279708
  0.98825768002568559  0.98950858605230096  0.99076533952931600  0.99204312052462962
  0.99371642615452005  0.99586447916949639  0.99795445648095982  1.00000000000000000
  0.09514441430901277  0.16155653199497835  0.18542386059550214  0.20125662679507306
  0.21421975498013499  0.22682617658014168  0.24208427947874872  0.25459840524242028
  0.26487065562868151  0.27426374646091561  0.28357830820067892  0.29369880769875190
  0.30327765333207690  0.31214274835293321  0.32055754231174777  0.32976301758826820
  0.33890139008184655  0.34742999387756279  0.35544819640106190  0.36329544649596551
  0.37124210284585446  0.37900828941781045  0.38667198005145303  0.39409085529980181
  0.40098907292627411  0.40786454016074969  0.41443938740499719  0.42081762126923133
  0.42740481365545907  0.43372137132007260  0.44013120728552274  0.44668257822120139
  0.45283226818123690  0.45873997153028329  0.46450430159015527  0.47006521838554327
  0.47584884211337181  0.48202310112369490  0.48863576280342391  0.49278519341660260
  0.49635927106227618  0.49949091365131448  0.50258105008137199  0.50547402979234257
  0.50899512162954119  0.51424873961228090  0.51975305263100202  0.52520195034699002
  0.53093058924017589  0.53671555412472860  0.54258317906172693  0.54837500148273477
  0.55419897441968147  0.55971735123005584  0.56535891696975538  0.57134278372469849
  0.57708723169331244  0.58283354998109538  0.58869368999569405  0.59466499707675635
  0.60071064829968068  0.60675851177571727  0.61276863199772413  0.61877616412854730
  0.62476770845731577  0.63108998531066751  0.63671057262593800  0.64224747868053955
  0.64833429510170071  0.65512026459495198  0.66225966841154771  0.66958706438651716
  0.67702617456916980  0.68441220872241626  0.69127554798147495  0.69746198091606948
  0.70367540242479820  0.70992048311728462  0.71729786689072139  0.72524347245278586
  0.73317701105967836  0.74167408417603253  0.75109010052130143  0.76206512850019947
  0.77359752386404246  0.78467439739227329  0.79395830852279947  0.80195430884106866
  0.80964585587419824  0.81778143259613667  0.82730685694440897  0.83917710245167365
  0.85260637223605351  0.87500640079982095  0.98288943674020346  1.00000000000000000
   3.2354426687252976E-005  -1.0000000000000000     
 F F F F F F F F F F F F F F F F F F F F F F F F F F F F F F F F F F F F F F F F F F F F F F F F F F F F F F F F F F F F F F F F F F F F F F F F F F F F F F F F F F F F F F F F F F F F F F F F F F F F F F F F F F F F F F F F F F F F F F F F F F F F F F F F F F F F F F F F F F F F F F F F F F F F F F F F F F F F F F F F F F F F F F F F F F F F F F F F F F F F F F F F F F F F F F F F F F F F F F F F F F F F F F F F F F F F F F F F F F F F F F F F F F F F F F F F F F F F F F F F F F F F F F F F F F F F F F F F
  <DiscreteSampler_grid>
  grouped_processes
  1 # 1 for a reference and 2 for a running grid.
  10 # Attribute 'min_bin_probing_points' of the grid.
  1 # Attribute 'grid_mode' of the grid. 1=='default',2=='initialization'
  0.0000000000000000 # Attribute 'small_contrib_threshold' of the grid.
  0.5000000000000000 # Attribute 'damping_power' of the grid.
 # binID   n_entries weight   weight_sqr   abs_weight
    55   10   1.340491696009897E+000   1.082119712413681E+001   1.340491696009897E+000
    58   10   1.243032016447043E+000   8.457783774086145E+000   1.243032016447043E+000
    59   10   1.243032016447043E+000   8.457783774086151E+000   1.243032016447043E+000
    76   10   3.882421508195499E+000   1.005398690599408E+002   3.882421508195499E+000
    77   10   3.882421508195497E+000   1.005398690599407E+002   3.882421508195497E+000
    85   10   3.862654909117900E+000   1.079514748908444E+002   3.862654909117900E+000
    86   10   3.862654909117898E+000   1.079514748908443E+002   3.862654909117898E+000
    88   10   3.949765107747959E+000   1.123649265092864E+002   3.949765107747959E+000
    89   10   3.949765107747957E+000   1.123649265092862E+002   3.949765107747957E+000
    91   10   5.922606769671800E-001   1.142243050109706E+000   5.922606769671800E-001
    92   10   5.922606769671798E-001   1.142243050109705E+000   5.922606769671798E-001
    94   10   4.319421040527853E+000   1.414069364291130E+002   4.319421040527853E+000
    95   10   4.319421040527851E+000   1.414069364291129E+002   4.319421040527851E+000
    142   10   5.922606769671801E-001   1.142243050109706E+000   5.922606769671801E-001
    143   10   5.922606769671797E-001   1.142243050109704E+000   5.922606769671797E-001
    148   10   3.768010636383469E+000   1.022890220236198E+002   3.768010636383469E+000
  </DiscreteSampler_grid>
