  0.00267664317787110  0.02009664954240858  0.03815091917586586  0.05429155132636936
  0.06750515052985341  0.07899377163768266  0.08917016194729936  0.09920098964371450
  0.10786875445648440  0.11644669509019230  0.12512420943916916  0.13409599222518892
  0.14324289517966299  0.15217098405484389  0.16143668997784774  0.17138349847685300
  0.18187344632490254  0.19287013037944920  0.20387061241004109  0.21560526795830084
  0.22906574319947670  0.24025005840635094  0.25180782494262627  0.26312433254102624
  0.27404110329130205  0.28524602245168146  0.29564291840060114  0.30522100995659207
  0.31489847049109682  0.32332134710657262  0.33497662650084731  0.34632076670871587
  0.35677813802275143  0.36723205297332828  0.37691670643738734  0.38859649300225241
  0.39826915749166841  0.40863417865672380  0.41911471092746239  0.43200923264424168
  0.44460998804529406  0.45555469448179881  0.46650960398945712  0.47740076798125425
  0.48798262503811413  0.49911109808817367  0.51084608770206319  0.52414438508150818
  0.53891376240571154  0.55356600340606377  0.56664776450906396  0.57777114154959941
  0.58764455661586812  0.59739490467474388  0.60745621690313778  0.61703070113278979
  0.62626382073202547  0.63485005409547202  0.64325404443957146  0.65245851184045989
  0.66205707260608093  0.67206666201893539  0.68271888689395466  0.69440213796580330
  0.70592597113867750  0.71738387557305794  0.73019409475241259  0.74573663474510477
  0.75759629790703920  0.76756901011236445  0.77623940468336672  0.78320591726866018
  0.78996037166276933  0.79610129090878023  0.80364338297609295  0.81137571021983435
  0.82095583853967469  0.83073481023700790  0.84055677208662860  0.84889885228675999
  0.85707174436884748  0.86485525968799226  0.87298724845217368  0.88358498582060041
  0.89390237941363693  0.90496807819862413  0.91523119878203163  0.92472474689342843
  0.93432810173848735  0.94425137087720035  0.95339774689768908  0.96273945051755261
  0.97107352346046560  0.97939596548853380  0.98899475085597333  1.00000000000000000
  0.00375286734263450  0.01219032331708384  0.02382775278215396  0.03538667285211446
  0.04832197368760648  0.06073482105756380  0.07356821781219912  0.08421958781747262
  0.09374019021996402  0.10318816594459214  0.11414857219745889  0.12427817153493832
  0.13275650015338869  0.14124033202186426  0.15067797633744476  0.16099760152253950
  0.17282498516592604  0.18368306448098984  0.19649792066202382  0.20978497129781093
  0.22415750109209492  0.23970014414026880  0.25422905617841957  0.26802234090754062
  0.28039134952326172  0.29146002933333837  0.30155161154257998  0.31071124609745315
  0.32073787166527434  0.33080949911186391  0.34137885915350125  0.35355531897457243
  0.36655694213340539  0.37798267292723386  0.38790133166309770  0.39820226913327439
  0.40807926306511094  0.41865832319248197  0.43002968926876761  0.44149493833349251
  0.45310781648265025  0.46384566890486373  0.47314203987533965  0.48282956623361206
  0.49201181967336838  0.50177919819205186  0.51227900537641391  0.52266322339312155
  0.53326618463626885  0.54454554293977642  0.55654587239088593  0.56989431373595367
  0.58482084695188152  0.59814006374695894  0.61176712306773340  0.62320867552520831
  0.63404503626822906  0.64473701872171807  0.65540261891198381  0.66661562174019318
  0.67769439319367175  0.68886237461251687  0.70165401682413653  0.71382783556885021
  0.72659504975665501  0.73782692809726291  0.74873819514869111  0.75977700386055425
  0.77076689282336086  0.78198187396247532  0.79228229608033462  0.80115342153674174
  0.81005251957989222  0.81943675227701973  0.82756671998768372  0.83567526359568034
  0.84451569683806316  0.85385810258136163  0.86561001873196408  0.87570386735867145
  0.88498977687139624  0.89428075191375112  0.90411580249314016  0.91607954598130648
  0.92365026595395117  0.93083642419595647  0.93846780100512561  0.94645801482383329
  0.95295558443532713  0.95875540123717218  0.96417968664952958  0.97118095318206010
  0.97803176352139742  0.98404572222342690  0.99226226805332163  1.00000000000000000
  0.00000437721365330  0.00000495097368903  0.00000538320699523  0.00000580135776496
  0.00000621359766514  0.00000658699486085  0.00000700291149139  0.00000746181176745
  0.00000794497599742  0.00000842198005140  0.00000892054131924  0.00000947198008790
  0.00001013371373035  0.00001088338477091  0.00001164896153122  0.00001239787627760
  0.00001312298599473  0.00001383842799761  0.00001466346148438  0.00001557638647752
  0.00001656777570909  0.00001763387444310  0.00001877946490680  0.00001988619392565
  0.00002105415638051  0.00002227732513656  0.00002346894129573  0.00002483754604349
  0.00002625701481699  0.00002777024457549  0.00002941234401795  0.00003120412252885
  0.00003300172190482  0.00003463654068109  0.00003637710510850  0.00003816177440574
  0.00004008348573544  0.00004255620063217  0.00004521358422053  0.00004800476009931
  0.00005069914751152  0.00005325473417083  0.00005587293310934  0.00005861644431662
  0.00006154615501155  0.00006469771578781  0.00006780725823487  0.00007092042456773
  0.00007424331031689  0.00007794537990636  0.00008178892115317  0.00008501629065118
  0.00008774678386974  0.00009070664300311  0.00009387616296033  0.00009788227420093
  0.00010340747115604  0.00010934616663652  0.00011555379433501  0.00012199250875798
  0.00012908400059546  0.00013615439483933  0.00014350280946219  0.00015136405254683
  0.00016002139064147  0.00016879836289656  0.00017954226481494  0.00019012809096205
  0.00020043673570032  0.00021139367892630  0.00022437325572648  0.00023735968831775
  0.00025032831514582  0.00027067678488427  0.00029517451269839  0.00032911802363586
  0.00036666236866580  0.00041169441099685  0.00046098585948525  0.00051231942795802
  0.00057563579908888  0.00065204417294026  0.00073658950044200  0.00083238648043634
  0.00094061802742813  0.00106213848022017  0.00122513988168783  0.00146015470679158
  0.00183767376953429  0.00245295892540947  0.00322594116928301  0.00416981246410843
  0.00582733479551744  0.00823946320573444  0.10854776618466411  1.00000000000000000
  0.00001193779231345  0.00001374546783207  0.00001429679420991  0.00001475307934714
  0.00001523060072360  0.00001574658904076  0.00001631726430711  0.00001691085628672
  0.00001750970141760  0.00001829950706194  0.00001909057965727  0.00002002840072510
  0.00002085673578418  0.00002160703341808  0.00002241092979807  0.00002333341035882
  0.00002440065901978  0.00002556059409151  0.00002675807928025  0.00002794200005318
  0.00003003205538427  0.00003222403993192  0.00003410034694213  0.00003599601794043
  0.00003783284373248  0.00003965222100464  0.00004167561313816  0.00004406070148077
  0.00004725933956316  0.00005133157074409  0.00005582085330138  0.00006106888228899
  0.00006767142806685  0.00007666823909206  0.00008718033376212  0.00009920459310722
  0.00011416765820177  0.00013176407837499  0.00015135819999846  0.00017462661720006
  0.00020424662843475  0.00023650330173275  0.00027012162291153  0.00030373454790201
  0.00033869176044698  0.00037930259887878  0.00042505962316932  0.00046714513605105
  0.00050665138299415  0.00054574363015294  0.00058714170142283  0.00063083735571026
  0.00067628512783634  0.00072467536281208  0.00078181867795785  0.00084711436025768
  0.00091703764015879  0.00099206117944904  0.00107871501301578  0.00117258136288226
  0.00126811354002377  0.00137330817999431  0.00148824037342632  0.00160429219806886
  0.00172753999075291  0.00181367443750681  0.00186446628706946  0.00191560914334649
  0.00196518450166332  0.00201356624724713  0.00207244644335927  0.00214893304654403
  0.00224346920375538  0.00236561175842485  0.00250196512984886  0.00268270946572094
  0.00301235738854415  0.00330520748486746  0.00346481638737033  0.00356877885195268
  0.00367477267252667  0.00378982974455727  0.00390488681658788  0.00400029108024818
  0.00409088739205146  0.00426941144181998  0.00452190743915058  0.00470169678068720
  0.00486920578094238  0.00503212839079935  0.00521012510178223  0.00536460178736662
  0.00548629359326217  0.00602036503224597  0.03233390994513567  1.00000000000000000
  0.00001095906670046  0.00001125894846492  0.00001152203973638  0.00001190562614632
  0.00001238408995362  0.00001316915034590  0.00001400315328326  0.00001482960335334
  0.00001569781053013  0.00001654540691975  0.00001762819713679  0.00001902508343540
  0.00002066580194279  0.00002251437312313  0.00002421592076959  0.00002597843536691
  0.00002784436051876  0.00003008321256097  0.00003244570392859  0.00003498572530884
  0.00003810469502834  0.00004143239177752  0.00004521928381481  0.00004951994357063
  0.00005453835004148  0.00006059766859147  0.00006761320960734  0.00007531003781401
  0.00008437776057324  0.00009476518898280  0.00010725673594466  0.00012378906076263
  0.00014193265167949  0.00016175636718583  0.00018384572757603  0.00021057510011571
  0.00023990714683696  0.00027405883467982  0.00030958024030200  0.00034286412480558
  0.00037897728361906  0.00041859824978881  0.00046634718529655  0.00052903613009429
  0.00059447389604974  0.00065618193714081  0.00071159677365980  0.00076178067703747
  0.00081208385789646  0.00087043273385437  0.00093969965799947  0.00100763110671272
  0.00107737443873891  0.00116003670327270  0.00124618197737887  0.00132668571758855
  0.00142846152461512  0.00153518949909401  0.00165718742938484  0.00182485461407859
  0.00201116114699309  0.00216140847255928  0.00224060287626847  0.00231682110218162
  0.00239338574340260  0.00249125279808865  0.00263600401010631  0.00279265892973106
  0.00294303230733489  0.00309618777449876  0.00328847730048511  0.00351237463377644
  0.00386411986182422  0.00423872309777825  0.00447747944013371  0.00464567011143148
  0.00478975616082539  0.00497738288986387  0.00516414556420497  0.00530403513850697
  0.00551540183158259  0.00575570433765430  0.00601823397577996  0.00625561649010062
  0.00647804287981381  0.00671790079093199  0.00728753968116919  0.00814949390554287
  0.00905391390552820  0.01032075622396352  0.01131303362815051  0.01211154020474135
  0.01257998985273405  0.01304832886868605  0.09091758601642033  1.00000000000000000
 -0.00463062962116969  0.02092437962938571  0.04508064851475558  0.06847916467517944
  0.08800746089608258  0.10683088949582227  0.12339840569049532  0.14040215180770130
  0.15584665985921439  0.17189219251165705  0.18934485300210449  0.20932578383886674
  0.22844969415101773  0.24562133168399147  0.26158312371557740  0.27885728468708171
  0.29835289539334270  0.31255055768934381  0.32369622304400564  0.33427101830573402
  0.34509675681143731  0.35824668090071582  0.37126209050972669  0.38623507106951466
  0.40042902186680757  0.41336677016953399  0.42646044816353040  0.44127598754319963
  0.45694288088772772  0.47046592545514843  0.48166586931061900  0.49160699445246842
  0.50097481621082807  0.51038247673893233  0.52047408631874215  0.53132128702653769
  0.54298549358919801  0.55567317447088471  0.56771584012569531  0.57880373785124328
  0.58984901922515709  0.60121010846558276  0.61038911959465669  0.61723373097457401
  0.62380304149633947  0.63007368445215262  0.63750963262951355  0.64758054155131795
  0.65768701304087007  0.66646356503742710  0.67623175206630481  0.68670801337287979
  0.69577733633773031  0.70482872938031316  0.71352764565535776  0.72120303974453015
  0.73112310943131564  0.74007052576734389  0.74847051627753425  0.75546867867878775
  0.76271444874186256  0.77018024685812769  0.77719588763830383  0.78370055683502704
  0.78973499057353269  0.79577106271405662  0.80167274048295334  0.80745011170367098
  0.81335758778425404  0.81986629128139377  0.82655582116430359  0.83192721988570728
  0.83798306420985536  0.84377432893273452  0.85059666980003856  0.85758703534398217
  0.86412987530763241  0.87055197445060506  0.87731295440212220  0.88429455532263590
  0.89163103266215904  0.89926259849286294  0.90716992445109568  0.91475335857928208
  0.92070842192332114  0.92601592426146628  0.93259784973467341  0.94133000950667611
  0.94955048999561931  0.95649020886381864  0.96320529373340058  0.96973080023237579
  0.97611395295850334  0.98266649093160263  0.99037949094854383  1.00000000000000000
 -0.00281777735070102  0.00998733713139170  0.02184520987710129  0.03394881675212005
  0.04548983882075091  0.05575855648159923  0.06492513110696312  0.07408383797445574
  0.08444916684402108  0.09591486612969682  0.10770300252085277  0.11993293855629215
  0.12924692888254410  0.13792188967925878  0.14693216127678993  0.15813038352990541
  0.17043353773219844  0.18146378051507070  0.19239068049214969  0.20362503140540228
  0.21479426834035964  0.22639134033536354  0.23928064129228827  0.25337346434678620
  0.26731377331795775  0.27936746040749327  0.28997357309624239  0.30077370272761139
  0.31083332490418281  0.32111697648975274  0.33079840135151162  0.34011689104855580
  0.34912564714200844  0.35802130826539869  0.36771200860237346  0.37844131871093156
  0.38956064290472797  0.40196643742590271  0.41227845769541682  0.42146294624130537
  0.43131167879398502  0.43989302207897774  0.44848570465250942  0.45704489765960227
  0.46531884335722590  0.47712764302747668  0.49159155416465622  0.50598104349281481
  0.51863975964059472  0.53091823041562969  0.54320780005804414  0.55636749946216546
  0.56596881026112777  0.57393575106946548  0.58247270953761510  0.59117361228329257
  0.59860447191738764  0.60574249325270269  0.61300882057330341  0.62018162645422936
  0.62953518730756430  0.64017107880166646  0.65136030774462184  0.66284626698951077
  0.67459690479229495  0.68666130082857824  0.69588026228854638  0.70334439227244816
  0.71011235819771512  0.71687914539882003  0.72584004902100130  0.73704370967861743
  0.74726102791642801  0.75718788964070971  0.76775519030479544  0.77879335220608181
  0.79035035351117100  0.80251505156524860  0.81548375460440703  0.82829246262174705
  0.83924067876392827  0.84883920984553118  0.85808568509508831  0.86650318849715879
  0.87520225390405881  0.88426931342109005  0.89583733907610663  0.90925635546988914
  0.92248153937601562  0.93643034435461092  0.95035431227270817  0.96380795899606719
  0.97468882564880244  0.98363651435143895  0.99168490361159078  1.00000000000000000
 -0.00182581687584068  0.00925585188796548  0.01941859080823916  0.02993417361529452
  0.04018447948141423  0.05061370366197240  0.06210683449674038  0.07573769852965109
  0.09026834917940205  0.10555813575525674  0.11868708767062576  0.12954141440838013
  0.13957242832931799  0.14975157013205201  0.16095290153143577  0.17261722163567370
  0.18483905088529498  0.19759752630916808  0.21231131317994006  0.22825877382132645
  0.24384912345344947  0.25915653602520444  0.27208202277660304  0.28309544451710444
  0.29321250563215218  0.30374570789812233  0.31558896983584139  0.32780908255604896
  0.34113514361967645  0.35459813297254111  0.36736639939587767  0.37909454699173489
  0.38950944894804562  0.40117361269290552  0.41295785551610115  0.42339518557390965
  0.43220792651698658  0.44116706015883433  0.45228761932581107  0.46084301691689122
  0.46836879093411754  0.47607086148647715  0.48349814674409558  0.49625654854727891
  0.50795442150123205  0.51893416128887959  0.52771981532346690  0.53673176063012185
  0.54578717408248756  0.55623931571301466  0.56723948558584747  0.57869141923472434
  0.58965715204816538  0.60058945152056475  0.61261936461748046  0.62363119223523489
  0.63387076321635893  0.64324002978046102  0.65130458281085180  0.65883331757768970
  0.66636924879583370  0.67434852614436958  0.68285112876151388  0.69235909519498473
  0.70102974827299080  0.70640082646918345  0.71300266861613626  0.72033170034104399
  0.72881584479555583  0.73993131800574252  0.75108146871227122  0.76162863336294329
  0.77107893137501848  0.78053875228638392  0.78952878273449134  0.79874918979702492
  0.80816758513563092  0.81790152239122793  0.82802642010105010  0.83878677764527576
  0.84944367976631430  0.85909693740688375  0.86839849440056116  0.87724038899626622
  0.88654262444184351  0.89622638243793151  0.90603462124102352  0.91716913138904010
  0.93044204891950688  0.94135802259227064  0.95255588812570768  0.96375243256634091
  0.97438142864503652  0.98394115911645152  0.99238406781551980  1.00000000000000000
 -0.00152593063729614  0.00673881303453076  0.01521212732391731  0.02570175321091079
  0.03606286339641847  0.04546624349119169  0.05455866185373923  0.06330815359039746
  0.07311116859865927  0.08500825393527595  0.09717120262276464  0.10783100608567450
  0.11760886471578536  0.12708736901497791  0.13818530582610489  0.15025925862968806
  0.16245743919346187  0.17358315267536695  0.18403100943439807  0.19384188657832402
  0.20426762513738347  0.21472442829857091  0.22500076647417533  0.23401244746638314
  0.24301899453040024  0.25256351459046605  0.26245251544186082  0.27276325619423292
  0.28372994064555140  0.29585067875318788  0.31203895453991204  0.32548332347975917
  0.33951170208523096  0.35429826428553785  0.36925598927653758  0.38243207357723524
  0.39453592034878049  0.40638740863791584  0.41806106183718944  0.42752584619515105
  0.43694974309313017  0.44496748017267362  0.45336203352930504  0.46155020389411561
  0.46985281116646099  0.47990973930392378  0.49107101478219800  0.50303972700089283
  0.51519786233250786  0.52713457556997567  0.53956694930407423  0.55353685636200689
  0.56928107872754674  0.58628695923810625  0.60221008388779740  0.61698560280826664
  0.62919993567980748  0.63813864876449256  0.64778805344666046  0.65703186084400977
  0.66557259116017942  0.67384401914495162  0.68117494262030498  0.68747370848748635
  0.69319362278776564  0.69916748491631875  0.70696776833366282  0.71534054572157479
  0.72392055620225360  0.73408490418222916  0.74458930012706781  0.75542749669199005
  0.76716897829356590  0.77871801538771523  0.78981704823116861  0.79898063839390088
  0.80777789715534276  0.81732601975526775  0.82788127131149081  0.83880030721256649
  0.84871482691787015  0.85969313155968741  0.87388655393096837  0.88823625460581890
  0.90067536383043811  0.91163852569753601  0.92183090512441357  0.93219668959253399
  0.94407627160921914  0.95661307667302131  0.96338281248014701  0.96951937284924850
  0.97546425761593403  0.98269195313934266  0.99144546921754495  1.00000000000000000
 -0.00152629754235662  0.00656693484680060  0.01540746719135754  0.02587321124085927
  0.03940177172070903  0.05185653363117428  0.06370110886951390  0.07573069042521108
  0.08759063276965440  0.09862868134851169  0.10952988700011725  0.11967079800792980
  0.12939712295851938  0.13817703114170846  0.14747763095045957  0.15631127124074443
  0.16577865888776716  0.17539141133093847  0.18510690143346104  0.19601418381106997
  0.20730923146251409  0.21958969944097120  0.23103760791459496  0.24220370682205250
  0.25171193230418426  0.25854116691940704  0.26520731565229322  0.27272799933985514
  0.28189696890207055  0.29478670559578496  0.30885434441926468  0.32128538486550429
  0.33183538205292190  0.34275700334738424  0.35302543653718682  0.36438295923280722
  0.37506574241244262  0.38528635219700791  0.39597571377217311  0.40612022185445401
  0.41636832756442144  0.42704736490948364  0.43754552631581206  0.44818483064105064
  0.45903757471203843  0.47027618609119670  0.48080632684153479  0.49104454865206526
  0.50296535750625104  0.51596210665821263  0.52825043062582233  0.54002043075603623
  0.55052463383103689  0.55944632985566034  0.56778415796108217  0.57653194550932030
  0.58721995262856486  0.59900183545186048  0.61112673012507579  0.62166059134703866
  0.63256658631228502  0.64410290526769520  0.65709781956798485  0.67146842840618015
  0.68489743672656944  0.69609579350341610  0.70642652515172455  0.71551663383965447
  0.72395622580859187  0.73295614558921607  0.74276988116953835  0.75381076417103277
  0.76457906554655108  0.77591452761349666  0.78752026125727992  0.79775076863079231
  0.80941513607545312  0.82060806373930406  0.83023914218841743  0.83877562920932935
  0.84744984167250381  0.85745366003685064  0.86849214761134064  0.87926865826231604
  0.89041177711212882  0.90247726004677864  0.91444508149337034  0.92599545678592809
  0.93664499891837516  0.94667033834955794  0.95612517682689913  0.96467646976044663
  0.97260679425871532  0.98194454770734751  0.99115834343280129  1.00000000000000000
 -0.00002540906182733  0.00036138562833300  0.00110384140133141  0.00153726640980454
  0.00194754581548800  0.00233517030296631  0.00269275073502779  0.00301657177478022
  0.00333630097820372  0.00366165609605770  0.00398473663995036  0.00426012188198021
  0.00452146373162805  0.00478737174850999  0.00505712647248116  0.00533089781612041
  0.00569230769522566  0.00601979427621108  0.00633055248757963  0.00662580728513665
  0.00689659340159827  0.00711241505735809  0.00732791961916094  0.00754901919408172
  0.00777496663155521  0.00801568184608420  0.00834936256732186  0.00871620567315858
  0.00904444649809405  0.00929674512635098  0.00956130049455100  0.00982307680755145
  0.01011414602405660  0.01037496306718998  0.01056185658098232  0.01071681754927823
  0.01084199113012540  0.01096879467548616  0.01110435718595647  0.01127038990933900
  0.01148833814622621  0.01177164006539515  0.01209005564234290  0.01238523685736276
  0.01265618243977419  0.01287629788010348  0.01311138105234165  0.01346480125948516
  0.01389124444041579  0.01435132151178258  0.01482979401257859  0.01513425492247070
  0.01542173732880765  0.01561358669259086  0.01579403836827103  0.01597288607901484
  0.01615676732994858  0.01638854361805299  0.01664683090447971  0.01688552200862299
  0.01715092446637933  0.01747102959979256  0.01797228251808444  0.01862403411493264
  0.01899835822033398  0.01932214283939596  0.01966776212387362  0.01999872583344405
  0.02029304804953270  0.02057735330312864  0.02088724601516812  0.02127321322752596
  0.02213962610490259  0.02306234952486887  0.02391388280720833  0.02463894405122344
  0.02494922780222463  0.02523908414316946  0.02552891246593838  0.02606467837387173
  0.02707847611591109  0.02760941547067128  0.02858199498833221  0.03012225662398930
  0.03090834084465666  0.03182090228328585  0.03290472803613554  0.03443894242417661
  0.03954806473150515  0.04035714782247057  0.04086142178736909  0.04738699516677757
  0.05569697193041542  0.06581180281557406  0.13306757150339596  1.00000000000000000
 -0.00232645566151537  0.00960745132257071  0.01961127200046430  0.03108354413739213
  0.03983364353428284  0.04675399123227319  0.05341027084945257  0.06030387008060858
  0.06565176094826566  0.07303142262422375  0.08178612768405773  0.09039486927199034
  0.09905272376802043  0.10832295135003923  0.11809079617061538  0.12772022359084351
  0.13744710064120896  0.14841164086482586  0.16064969078092819  0.17203500775777253
  0.18271351524294663  0.19303866594017730  0.20346342079034610  0.21433175845544405
  0.22572748423954822  0.23772591197428602  0.24990709529282876  0.26165420322144683
  0.27384091072583183  0.28654270470186272  0.29951718230427304  0.31172045158047545
  0.32311960539825918  0.33373297590820961  0.34418429421192043  0.35505253850289953
  0.36695288794851816  0.37782663993168064  0.38770578446675674  0.39686201690106915
  0.40458755630698728  0.41210504095905148  0.42122432128120596  0.43185088487795514
  0.44440366608742599  0.45868442463930492  0.47172552136394380  0.48563362358260609
  0.49993816399267310  0.51455753211730670  0.52981142764367284  0.54637376737535959
  0.56268605812045513  0.57631856495260259  0.58866480252453623  0.60122661843874659
  0.61376108596422940  0.62726832599173099  0.63986395614247993  0.65321457541705008
  0.66545809706423431  0.67960070979909781  0.69342683757770973  0.70702684440547447
  0.71920752292620216  0.72923497214330091  0.73781830390118119  0.74610399929342364
  0.75524908526200984  0.76381807397214396  0.77034322758135132  0.77659465068948996
  0.78346962138989551  0.79218730705379714  0.80290960525239707  0.81327337663635735
  0.82218401632865679  0.83094230403140501  0.83872649012455491  0.84581374998228331
  0.85321402498749921  0.86016841326687510  0.86766889035674799  0.87669041158329419
  0.88731885036121583  0.89904517066295586  0.91043658468333322  0.92230512870673065
  0.93330168777849154  0.94273841456419727  0.95094712887013411  0.95997651935708550
  0.97083315762575606  0.98135625117563452  0.99132584544132540  1.00000000000000000
 -0.00014337620937268  0.00057376378317440  0.00095454603365419  0.00121269519538619
  0.00146796793021969  0.00172015544892284  0.00197898710190319  0.00225701493103336
  0.00251170560557601  0.00276065620898181  0.00300380585149996  0.00323316308799186
  0.00345380715120194  0.00366969612795958  0.00387852781661590  0.00407763582917195
  0.00426721611004525  0.00444723418796398  0.00463360361236610  0.00482387436916839
  0.00499243452869777  0.00516834540916289  0.00536150777492749  0.00551457783928863
  0.00566474385772270  0.00584120909973772  0.00601797052559179  0.00620315153558816
  0.00642686219829935  0.00660605817716335  0.00676355865889909  0.00691326817641887
  0.00705955993632970  0.00720975716925220  0.00739969513395761  0.00760556838758720
  0.00786000447326636  0.00819107993971996  0.00849954100256736  0.00872510439451850
  0.00889928443501218  0.00905624928276706  0.00921958117525722  0.00937618345032337
  0.00956949463592440  0.00971829036569904  0.00982697371848496  0.00991160792990140
  0.00999648675281779  0.01008179571378528  0.01017597245962280  0.01028784202276248
  0.01045973706440343  0.01062940850997493  0.01082981004262279  0.01098119921789866
  0.01112774252620100  0.01127367287962171  0.01142007050421208  0.01163208023355161
  0.01203011090245856  0.01264702477527150  0.01315059925614414  0.01346310325254513
  0.01368986508608278  0.01391259736710507  0.01413120074236758  0.01443250267712090
  0.01468058605604775  0.01491415548663138  0.01515874998985709  0.01541689003978558
  0.01581661668405605  0.01638785337796116  0.01701955131321872  0.01908744984287524
  0.01918217690384407  0.01927240622341661  0.01935656801832197  0.01943083351054951
  0.01951461036446102  0.01961323790901985  0.01971758583118827  0.02029058803502599
  0.02054800924154523  0.02073633147825283  0.02089979700166815  0.02115101130103895
  0.02175842172693478  0.02279348565574851  0.02486327973860265  0.02510854832203473
  0.02532440556282701  0.02553280558804099  0.10348168382268641  1.00000000000000000
 -0.00230250568265912  0.00591979339030051  0.01341096800238914  0.02052381036795334
  0.02749667941310622  0.03516104268491074  0.04375947508941700  0.05273186844396906
  0.06142653894300855  0.06983316195272475  0.07807000064263418  0.08662082891014274
  0.09569677351925360  0.10435678649186132  0.11249226940850481  0.12157077421998656
  0.13051318612196189  0.13758383479126163  0.14398512874139827  0.15053778075321247
  0.15818758519964385  0.16531779665870081  0.17422393337581171  0.18341350562986911
  0.19449562762337130  0.20736917661547741  0.22142115632022624  0.23567176531234138
  0.24804014652098033  0.25987092761928898  0.27255632481622843  0.28639252501438095
  0.30129321796859720  0.31656386436217449  0.33062752825230424  0.34315208196810110
  0.35415939784232597  0.36590451023769038  0.37893743381753808  0.39286937990933285
  0.40684797228271802  0.42148062743161718  0.43723482119456708  0.45487450924869594
  0.47500783530229279  0.49363554303422991  0.50938253438363235  0.52518089371960242
  0.53907465103883012  0.55251326801693956  0.56522191598456428  0.57803700739971497
  0.59281871337386027  0.60987477467315043  0.62888158226876900  0.64577793833821728
  0.65964413131501320  0.67173924211772040  0.68364006919322495  0.69642201848731178
  0.70937892081524390  0.72228050945404543  0.73407304545296670  0.74515311763133796
  0.75644204900539447  0.76861422249525180  0.78214550970648222  0.79480340958409723
  0.80684792133540029  0.81874264396905871  0.82982792345127043  0.84121375181624314
  0.85224482367783971  0.86251897251092757  0.87227900645334033  0.87984691481951716
  0.88691487371881816  0.89386859703599453  0.90144523466942927  0.90986047668571524
  0.91788353497899378  0.92512673473261064  0.93236602000035607  0.93986213792129403
  0.94495233838872739  0.94935426491909880  0.95372394598382060  0.95790948552945487
  0.96343871263148706  0.96865445094253821  0.97318985726745733  0.97758488786745501
  0.98243720251394395  0.98840263727026645  0.99421924526515748  1.00000000000000000
  0.58029442766430928  0.63294080892001214  0.65951042911172408  0.67822525096040542
  0.69382718405574983  0.70790862796160547  0.72080271315344580  0.73246731060656167
  0.74360571243138729  0.75393725775223408  0.76234514422016086  0.77027322781278973
  0.77760396418635502  0.78523918749378729  0.79376552286858582  0.80168492736323649
  0.80864427084581070  0.81539544791489937  0.82182544833162707  0.82789070362869766
  0.83317435118408156  0.83803022172800801  0.84256274239643769  0.84683240019196893
  0.85101065059962366  0.85503612937149787  0.85888596972684539  0.86271970369001905
  0.86622339972689844  0.86989224939216114  0.87363664245253636  0.87715516751381328
  0.88033191093346441  0.88347124616514905  0.88690737747893644  0.89023465612721175
  0.89318550907275340  0.89583848985792625  0.89832481523611296  0.90093552835538004
  0.90358980436769476  0.90639091408771666  0.90941161759622735  0.91232149020207054
  0.91505314234707413  0.91771237148942586  0.92035233663935745  0.92295843783299536
  0.92547803940116991  0.92803199606137121  0.93066692868406908  0.93332132113697375
  0.93579489748307143  0.93816122275857228  0.94034856146660462  0.94259984228833382
  0.94494282602354018  0.94720112894799768  0.94925762126818136  0.95116082709981764
  0.95289247581413206  0.95465483729156464  0.95628370116491024  0.95760411936088585
  0.95889218906825024  0.96025324550754665  0.96182256512679121  0.96368636246986483
  0.96558082982323934  0.96741936872428891  0.96913526875514955  0.97048236462009352
  0.97176190599610091  0.97301032236559382  0.97421847715823540  0.97529479380995387
  0.97641656366874330  0.97755996473211160  0.97870558204906133  0.98008289556121697
  0.98141932193467474  0.98266762194290858  0.98383574440766031  0.98483086497927264
  0.98592013210094742  0.98702238348618432  0.98823202805584920  0.98939250771537857
  0.99041369328997197  0.99138063170771495  0.99232244214559584  0.99337054014676740
  0.99465411891469113  0.99603021785183232  0.99776994883306491  1.00000000000000000
  0.04678502312869028  0.17165895298740461  0.20823401071075973  0.24036839877094501
  0.26670210850743564  0.28793461274934867  0.30372733344862307  0.31687867507476891
  0.32899994396897320  0.33911918799164881  0.34858702563533617  0.35873533629502796
  0.36914932957265589  0.37893378942992451  0.38787617541957309  0.39627620242805550
  0.40415248782902535  0.41121241033368533  0.41904341498575709  0.42597110866836646
  0.43323096987675558  0.44077343869304736  0.44871034053650033  0.45698202572154589
  0.46373439049504062  0.47059854869345552  0.47765424454863975  0.48389484013519773
  0.49017603486706363  0.49596784144344819  0.50139691298410127  0.50645139006208328
  0.51163316734136033  0.51708751333161174  0.52369060883120155  0.53191912508559525
  0.54017538981826851  0.54760526472198168  0.55434386891568588  0.56089591731420463
  0.56779142373709923  0.57554641994604028  0.58290838064435724  0.58862820320251363
  0.59367051194923626  0.59728666468781921  0.60097486704738223  0.60472603606178965
  0.60855777969632063  0.61312019502802639  0.61753812534877761  0.62170026407774981
  0.62569394429250036  0.63010772301959284  0.63501478002586309  0.64000071175457063
  0.64536144395181561  0.65047411659575649  0.65561270149873951  0.66082123149264071
  0.66636504551213405  0.67166203688026860  0.67587067683479629  0.67977173720730488
  0.68357437092568607  0.68733532860301583  0.69158130165212450  0.69659466078163701
  0.70186352279400144  0.70688395153851524  0.71158407296428994  0.71604206590229902
  0.72068040699564717  0.72564214055531306  0.72993772066000651  0.73501785728873181
  0.73978925921019412  0.74452563870534660  0.74996760273249308  0.75587020687489359
  0.76214884565262897  0.76897821896924989  0.77601832255815051  0.78376525048416135
  0.79191547078540370  0.79919241815560460  0.80538122019662461  0.81099611856898979
  0.81764396143852069  0.82599442393585776  0.83783972684090968  0.85106078340382074
  0.86300353028536969  0.87576621056307369  0.90110925709934486  1.00000000000000000
   1.9092338039841113E-009  -1.0000000000000000     
 F F F F F F F F F F F F F F F F F F F F F F F F F F F F F F F F F F F F F F F F F F F F F F F F F F F F F F F F F F F F F F F F F F F F F F F F F F F F F F F F F F F F F F F F F F F F F F F F F F F F F F F F F F F F F F F F F F F F F F F F F F F F F F F F F F F F F F F F F F F F F F F F F F F F F F F F F F F F F F F F F F F F F F F F F F F F F F F F F F F F F F F F F F F F F F F F F F F F F F F F F F F F F F F F F F F F F F F F F F F F F F F F F F F F F F F F F F F F F F F F F F F F F F F F F F F F F F F F F F F F F F F F F F F F F F F F F F F F F F F F F F F F F F F F F F F F F F F F F F F F F F F F F F F F F F F F F F F F F F F F F F F F F F F F F F F F F F F F F F F F F F F F F F F F F F F F F F F F F F F F F F F F F F F F F F F F F F F F F F F F F F F F F F F F F F F F F F F F F F F F F F F F F F F F F F F F F F F F F F F F F F F F F F F F F F F F F F F F F F F F F F F F F F F F F F F F F F F F F F F F F F F F F F F F F F F F F F F F F F F F F F F F F F F F F F F F F F F F F F F F F F F F F F F F F F F F
  <DiscreteSampler_grid>
  grouped_processes
  1 # 1 for a reference and 2 for a running grid.
  10 # Attribute 'min_bin_probing_points' of the grid.
  1 # Attribute 'grid_mode' of the grid. 1=='default',2=='initialization'
  0.0000000000000000 # Attribute 'small_contrib_threshold' of the grid.
  0.5000000000000000 # Attribute 'damping_power' of the grid.
 # binID   n_entries weight   weight_sqr   abs_weight
    13   10   2.792255236107018E-004   4.387487756549064E-007   2.792255236107018E-004
    14   10   2.792255236107016E-004   4.387487756549037E-007   2.792255236107016E-004
    16   10   2.792255236107018E-004   4.387487756549064E-007   2.792255236107018E-004
    17   10   2.792255236107016E-004   4.387487756549037E-007   2.792255236107016E-004
  </DiscreteSampler_grid>
