  0.00301738900973948  0.01229650631987787  0.02383894212245110  0.03575152489125965
  0.04727341095103346  0.05875505701628351  0.07014862727231372  0.08138865900246214
  0.09245641069634662  0.10315055985632930  0.11362263226479906  0.12380839762838472
  0.13417133915142887  0.14499874198853863  0.15550365667924915  0.16535813182940837
  0.17489136370208508  0.18463588130080744  0.19565830246102814  0.20675372065425962
  0.21849562807259620  0.23048822982750697  0.24210548185061831  0.25290153689177874
  0.26303926477693385  0.27303162446117007  0.28332681250071062  0.29399094377525214
  0.30479854635506404  0.31523935244307483  0.32508155642598036  0.33475670261941204
  0.34436241923091315  0.35392001538099810  0.36403188695713123  0.37475354228450375
  0.38625149356892852  0.39829817435569004  0.41044528398543551  0.42200293344658368
  0.43312187416383918  0.44408609520396441  0.45487759692809743  0.46512475924170188
  0.47516016166094921  0.48545791335843658  0.49613213560113539  0.50681694443451353
  0.51718545715482045  0.52738299877467198  0.53766653466108549  0.54834200562859103
  0.55924354498271445  0.56958679213150165  0.57932065400024679  0.58900046783602544
  0.59838937396116065  0.60839670073271490  0.61836040229853761  0.62843304585773196
  0.63775623634147360  0.64664742641123041  0.65561191407817798  0.66512153158790011
  0.67470765843057245  0.68388598606647677  0.69315259496055970  0.70276020121809835
  0.71317448486680179  0.72370734815962712  0.73436192579853299  0.74488208037758796
  0.75515621177822556  0.76523642902703004  0.77544194802590649  0.78604054103085952
  0.79631960031581028  0.80683778420097885  0.81683471164723065  0.82696055901199572
  0.83727414919641652  0.84860301802302718  0.86009843866142877  0.87127963785562912
  0.88219133216988244  0.89310540827088403  0.90355573100865128  0.91344779210862570
  0.92396277342387390  0.93513445438654097  0.94623108328833994  0.95734036243914722
  0.96856122434274372  0.97951993273407334  0.98998389703413636  1.00000000000000000
  0.00377229124462030  0.01187382891479342  0.02288195471329108  0.03394204696964556
  0.04488404485028942  0.05543891428422853  0.06581539074866789  0.07629975965137227
  0.08690395370188612  0.09741715872500033  0.10770319710152036  0.11793365101128725
  0.12851908500260101  0.13966714885349660  0.15055052060763474  0.16092080943818124
  0.17108995752229039  0.18098831322469713  0.19127815527732700  0.20104168136085959
  0.21103828367329461  0.22126531382268269  0.23185894157394341  0.24254059178485071
  0.25311621318955912  0.26340650904564733  0.27364792127962784  0.28421025647907849
  0.29582883974642937  0.30813077339027622  0.31922565351566989  0.32922221211526137
  0.33918787096816821  0.34969633615894924  0.36022108761627741  0.37073062267315221
  0.38146960821338799  0.39227467739077276  0.40295065674707947  0.41337163639726782
  0.42372843315190944  0.43409719842645267  0.44476666214608512  0.45566188676768848
  0.46702214014389820  0.47781290002046506  0.48820753878579293  0.49825190459782309
  0.50744191967170127  0.51610539863136640  0.52495568098823298  0.53452713399354235
  0.54495338838640073  0.55605649663978651  0.56617277804985977  0.57681349641789070
  0.58747507238371011  0.59895899961042898  0.61017530795280817  0.62111467515537389
  0.63230872290677353  0.64378133510225866  0.65470397762366561  0.66520196462041969
  0.67557750573466113  0.68621555448187144  0.69683740873943367  0.70713018321594456
  0.71700020471564097  0.72722981053364888  0.73781719566638881  0.74845302612346676
  0.75891983213312320  0.76912702402668787  0.77932320345069084  0.78961834164351796
  0.80030267272495714  0.81122906237539738  0.82197272265787724  0.83248360119359677
  0.84275740475994676  0.85312889067194553  0.86337554517899195  0.87402897489580045
  0.88466760925452126  0.89550003979743054  0.90617987929809318  0.91665867715905303
  0.92728610256274824  0.93727144765690007  0.94717400908481841  0.95662281489123702
  0.96676832761198439  0.97723037903180854  0.98831260245861374  1.00000000000000000
  0.00013743450198828  0.00016518350611851  0.00018760080837161  0.00020600013452847
  0.00022087036617871  0.00023359076939337  0.00024466349581717  0.00025516209927295
  0.00026559078436616  0.00027627535084081  0.00028783892745031  0.00029942086498674
  0.00031047733606426  0.00032190479927626  0.00033312162593744  0.00034459649744422
  0.00035654390802681  0.00036808750994700  0.00037956823737003  0.00039148062157024
  0.00040409080512198  0.00041736440617488  0.00043109982442184  0.00044546781009658
  0.00046031672731346  0.00047515321776074  0.00049004167402480  0.00050491880716117
  0.00052001305270244  0.00053522697578181  0.00055111634002687  0.00056783968516251
  0.00058417919562395  0.00060109081158787  0.00062003964932336  0.00064054136964478
  0.00066016274275774  0.00068025571612683  0.00070156134412573  0.00072371584755143
  0.00074691329420746  0.00077190600384336  0.00079769712104962  0.00082360933180350
  0.00085137113616765  0.00088160689492005  0.00091315445637668  0.00094642038012570
  0.00098386715830427  0.00102557817164750  0.00106786049092516  0.00111051886024566
  0.00115106724131579  0.00119330098455041  0.00123819815610507  0.00128657293604501
  0.00133371036576169  0.00138632158833582  0.00144056574857563  0.00149524433651476
  0.00154784540776223  0.00160186779891734  0.00165746391053888  0.00172049098515651
  0.00178677147039626  0.00185446852084919  0.00192434893532395  0.00199397814994645
  0.00206453892056414  0.00214531867653671  0.00223600758447553  0.00233288291669897
  0.00244270219672827  0.00255655655375939  0.00268402332933764  0.00282857632717166
  0.00297210008419974  0.00312826126153023  0.00328947139091163  0.00346178560942162
  0.00367266300546381  0.00393708311941909  0.00424002373031460  0.00456616805076617
  0.00495436097868452  0.00541002406810980  0.00593430890420873  0.00659914091416246
  0.00729792843927538  0.00796689487034361  0.00896542944882766  0.01004375644424349
  0.01147826207525126  0.01336453247826606  0.03845725413539822  1.00000000000000000
  0.00000335857471809  0.00000363952702423  0.00000395680722055  0.00000436483733914
  0.00000456259820948  0.00000476495146619  0.00000501539650241  0.00000533421966455
  0.00000572013734514  0.00000609832469471  0.00000654510111744  0.00000703748760887
  0.00000753636538828  0.00000804667301764  0.00000860169196237  0.00000920526412073
  0.00000984994380131  0.00001058261212074  0.00001142394401863  0.00001234287384170
  0.00001338786253034  0.00001459441188607  0.00001589709605151  0.00001731542059176
  0.00001880276698468  0.00002047526090364  0.00002232274034624  0.00002434778663275
  0.00002663447607386  0.00002916094605742  0.00003187173972144  0.00003473306638937
  0.00003806023126058  0.00004179860147677  0.00004572764513203  0.00005009824299844
  0.00005465022418627  0.00005969522537594  0.00006521151472081  0.00007134544772847
  0.00007780535889532  0.00008427810345285  0.00009115389301649  0.00009858000889369
  0.00010656864671482  0.00011518690493056  0.00012479972136634  0.00013526037687668
  0.00014612987632483  0.00015748197509785  0.00016952120727366  0.00018266307242025
  0.00019704929724222  0.00021195861562660  0.00022827484427707  0.00024609174862206
  0.00026415489291027  0.00028435427194966  0.00030415165009906  0.00032729878644832
  0.00035062177789814  0.00037487494741929  0.00040074718545270  0.00042883600715783
  0.00045906841140550  0.00049340486084817  0.00053014960153833  0.00057270021007986
  0.00062247065046516  0.00067530495022765  0.00072940236226879  0.00078466044786178
  0.00084394629627503  0.00090751190855166  0.00097451630432848  0.00105009358300148
  0.00113475465553762  0.00123777874765201  0.00135710017141346  0.00148753049010102
  0.00162841710747916  0.00179204963752238  0.00198032512289142  0.00218827557845804
  0.00241991444994426  0.00268100935101697  0.00300654592724434  0.00339140905604684
  0.00376208259111904  0.00418742064636699  0.00475377065192973  0.00549162393927956
  0.00676221369379770  0.00925994472000066  0.06367888596681737  1.00000000000000000
  0.00000322201263394  0.00000359187696378  0.00000392999423965  0.00000430594984616
  0.00000473773288332  0.00000518260880242  0.00000563582907787  0.00000615683738729
  0.00000674924708323  0.00000735830009208  0.00000793716027071  0.00000855843535244
  0.00000922117842870  0.00000995207621909  0.00001076449321685  0.00001167101729966
  0.00001271247726498  0.00001382203091748  0.00001504627890982  0.00001637509927937
  0.00001787654859127  0.00001954774409472  0.00002129946358069  0.00002316329827984
  0.00002507994431562  0.00002713512947039  0.00002932953473514  0.00003173728386342
  0.00003447589784103  0.00003743660739800  0.00004083392377911  0.00004438878494420
  0.00004819743821128  0.00005222197918679  0.00005650261501977  0.00006131708868625
  0.00006657830004568  0.00007227594666770  0.00007866153833472  0.00008550618593849
  0.00009314771525324  0.00010114438795495  0.00010961462102368  0.00011868604531464
  0.00012814809029339  0.00013794273078588  0.00014867561114307  0.00015998027778025
  0.00017231346375350  0.00018550150773447  0.00019899757730178  0.00021362960524337
  0.00023010160384948  0.00024862814811094  0.00026870112043519  0.00028946907293261
  0.00031184221454754  0.00033595879233577  0.00036189663506191  0.00038971629790395
  0.00041741833128116  0.00044763356548976  0.00047979227603285  0.00051482359912961
  0.00055152268553775  0.00058943507197610  0.00062711421142526  0.00066778476608352
  0.00071515454252892  0.00076834209011355  0.00082120235924962  0.00087600157972306
  0.00093156494461927  0.00098938010072754  0.00105363500123366  0.00112401158812635
  0.00120081925818994  0.00128143323486042  0.00137288023633036  0.00148696624472170
  0.00162101837627427  0.00178173398354766  0.00197191192686443  0.00220047829084119
  0.00245500512498917  0.00272440295817790  0.00302751522214330  0.00340757471567268
  0.00388775722414827  0.00438858847884860  0.00483067823920505  0.00531805076525370
  0.00591589601876996  0.00696912741512137  0.07513974927624696  1.00000000000000000
 -0.00247000494670152  0.00909559883452640  0.01934883209641041  0.02965540028846222
  0.03988007706161431  0.05031119641353123  0.06089129193505760  0.07143289557827100
  0.08226427210760416  0.09368615508964352  0.10507637623543582  0.11614381916503881
  0.12607354203420040  0.13624309511176047  0.14610684479557146  0.15652442261628693
  0.16608034469935698  0.17583161699075453  0.18502983094245365  0.19449692999203821
  0.20429619081384429  0.21495940718306772  0.22606217855982477  0.23696230397679541
  0.24762136339184015  0.25845066852267307  0.26926301681940557  0.27974507913335894
  0.29011151477558694  0.30064737806015096  0.31133555784925748  0.32207188756725186
  0.33259962936910220  0.34303409440135740  0.35400896394821657  0.36525840477698002
  0.37616918173265318  0.38539565352971855  0.39448502994425805  0.40404374200639143
  0.41496940505362501  0.42540112664018315  0.43559437877270629  0.44530806166359865
  0.45514661873932211  0.46482010330506923  0.47446765272467106  0.48423724798030848
  0.49386901223875979  0.50405571107469960  0.51391539723011492  0.52374560714670604
  0.53364318289202617  0.54422445811431930  0.55538971311831886  0.56633821566935394
  0.57763937093844775  0.58948579603141460  0.60139546856547055  0.61278042354039208
  0.62375672005480431  0.63469271549663986  0.64560696622751990  0.65628693260538140
  0.66749802706843997  0.67804181603160729  0.68841823110749167  0.69875749178582414
  0.70950576395343889  0.72094527601695113  0.73107509902331602  0.74141426279355049
  0.75143547692635759  0.76189401463475193  0.77306650898575358  0.78424118590218284
  0.79522782812455739  0.80580929261173784  0.81648024428674515  0.82759171112447261
  0.83880808234724169  0.84955369850446072  0.86017990283805690  0.87088132529100193
  0.88134426759491513  0.89170554890990772  0.90196865112811331  0.91259788429147359
  0.92315520464931011  0.93357808408256215  0.94423929796668571  0.95473475638655048
  0.96535668875215708  0.97643719201280466  0.98799559864952269  1.00000000000000000
 -0.00278661674626684  0.01113942044983234  0.02297378742248242  0.03391959665022464
  0.04494133383523464  0.05547672643213263  0.06653278461924245  0.07726450545230920
  0.08800605151543296  0.09829978583601107  0.10858735949918738  0.11899236468804665
  0.12928009191453796  0.13929975562294750  0.14947327223736714  0.15924477162620215
  0.16952354932441324  0.17911767668652492  0.18921439164072246  0.19979077743362608
  0.21061944279773417  0.22119234672928853  0.23131251896214106  0.24222879652399107
  0.25305680290014793  0.26373121152764389  0.27446229292567753  0.28562339973632889
  0.29660240679366789  0.30687712502518077  0.31687619872997314  0.32713900769643484
  0.33730589000209349  0.34728901800636769  0.35750779691565004  0.36859176756379014
  0.37962922414722683  0.39012840637851909  0.40004611990859495  0.40956070633293190
  0.41947987623587774  0.43018775298578332  0.44069017209901601  0.45089058999315634
  0.46095933030581832  0.47134741950134446  0.48151698189489445  0.49112290698019689
  0.50045959075381508  0.51021016078207981  0.52023795875217682  0.53004413648213478
  0.53949201654640166  0.54956228979121913  0.55981560935199115  0.57088317799781529
  0.58227528605474799  0.59344553858726035  0.60471559806489783  0.61520636083416491
  0.62572503218180187  0.63618191104649990  0.64686747507571618  0.65777261911219986
  0.66776017688096567  0.67754271376101960  0.68699031667087584  0.69677701351334587
  0.70680955280145563  0.71671605441658603  0.72689871134769812  0.73772431376793390
  0.74903964083012786  0.76066226732745834  0.77206907297178873  0.78367116873088627
  0.79430713367146333  0.80474681399028425  0.81531188047602177  0.82581304001607081
  0.83622212278293917  0.84632521173732367  0.85708257964194623  0.86880446401335787
  0.88054668038548123  0.89217468282200196  0.90329661429641139  0.91442258460324655
  0.92459426832632496  0.93424742622384371  0.94388573199773829  0.95409165923948147
  0.96506732678826068  0.97638760160961957  0.98822259316696670  1.00000000000000000
 -0.00241581370322290  0.01281138584837108  0.02442222175195879  0.03517751842124674
  0.04502533791879870  0.05552030806998711  0.06571329167991545  0.07608876812449941
  0.08649694950129212  0.09732799252719383  0.10871324608839129  0.12071658599426367
  0.13204127654307440  0.14181298789275804  0.15114137164444646  0.16083864301402170
  0.17113020727854616  0.18095834073013045  0.19078851067915026  0.20080747470202992
  0.21075429559465256  0.22065317671971416  0.23078343306241858  0.24146105586654876
  0.25251219899882149  0.26365287890465838  0.27431356020186659  0.28442168709262289
  0.29449568330367809  0.30503013477191288  0.31546217106414220  0.32556288433056457
  0.33566180862346701  0.34614042904113279  0.35670736100383704  0.36673569115290416
  0.37666532740026959  0.38703048494273590  0.39796690088681536  0.40874580338227701
  0.41914359966823728  0.42925193068323469  0.43981932401928120  0.44979220710306134
  0.45948752337422094  0.46900607521565085  0.47889513363016667  0.48896338690462121
  0.49903994564004589  0.50867185204764986  0.51842748965037888  0.52869120033121519
  0.53958658247025493  0.55038818727261096  0.56091295827205867  0.57141698761528170
  0.58147383040002243  0.59074186029767017  0.59965981476946195  0.60849577861307103
  0.61736883226337269  0.62635267339518041  0.63558850242235354  0.64531351882348964
  0.65602053625086187  0.66685438413122078  0.67709998975955288  0.68703861035661440
  0.69709231155636509  0.70777134358943339  0.71895371905495464  0.73058649321086422
  0.74236587887919503  0.75357049188276004  0.76389577881543780  0.77407657891872983
  0.78428269854890631  0.79449053116447055  0.80435226191265696  0.81425789498186618
  0.82496423093615956  0.83617314826833278  0.84744992307680167  0.85861892074312318
  0.86983512274960995  0.88135607873991872  0.89287985731279673  0.90447158502533420
  0.91663658605405507  0.92902300822133355  0.94171253888843920  0.95356072480548193
  0.96455933957060291  0.97526517785633893  0.98732937504746010  1.00000000000000000
 -0.00173435127156882  0.00921293184158776  0.01865381780550922  0.02838934675617366
  0.03799099983920894  0.04751841888592125  0.05721046188408714  0.06736319607710756
  0.07857281966899560  0.08981285170076980  0.10132931651100538  0.11198477637909671
  0.12423070049836207  0.13620903713817029  0.14780724735820014  0.15903974826658557
  0.17040946729122078  0.18116666276237281  0.19150461606595695  0.20149364596571098
  0.21144948282032877  0.22069937165508419  0.23050074703212370  0.23977469195640119
  0.24885763190693666  0.25812899030227454  0.26802106090373479  0.27872944886184547
  0.28972922194575701  0.30064079946799716  0.31115932101148408  0.32141490586776017
  0.33162681177253328  0.34154049579003348  0.35127464056699753  0.36086022399675394
  0.37093079574069460  0.38086246896279707  0.39015244162278157  0.39938114470957398
  0.40859338610277413  0.41869421353294106  0.42890489285667449  0.43873048840212070
  0.44850289216464273  0.45837927412548990  0.46844135169031331  0.47874611692587815
  0.48897186054570907  0.49890691293869699  0.50887545881441720  0.51902079223259101
  0.52965895853366762  0.54093679100753522  0.55276763837179854  0.56455405540830195
  0.57551417931632198  0.58580107101927914  0.59605471507300989  0.60698930733566914
  0.61847148764636395  0.62971779852386023  0.63981529456823705  0.64940761216235621
  0.65887544619491434  0.66884277207899223  0.67955767746844220  0.69037100625704684
  0.70106684093215954  0.71158416734180929  0.72220059926276214  0.73307485896501245
  0.74419124142653170  0.75573153968045981  0.76713538218698130  0.77835223716176294
  0.78863260805073776  0.79871494938509968  0.80897158571262529  0.81998131297206478
  0.83142151916126428  0.84252015187830687  0.85347843203874341  0.86410887111646717
  0.87485790916970529  0.88596514868402143  0.89718845315948270  0.90841284404514877
  0.91941663043488731  0.93089507903335966  0.94204951504442402  0.95404737881254631
  0.96571471367336559  0.97757218505788857  0.98889632688732620  1.00000000000000000
 -0.00093291806492983  0.00339380430183513  0.00806966107675640  0.01279143207523502
  0.01794916704181023  0.02359247452537024  0.02933067547794605  0.03531405196315336
  0.04164274860775708  0.04828507214399499  0.05488795750645863  0.06138465575421288
  0.06824902733847137  0.07579123745019704  0.08416701720180611  0.09343182601709160
  0.10280808429544447  0.11227001379847015  0.12153232332624168  0.13121120103903960
  0.14118538714458301  0.15125036036066195  0.16135292156020334  0.17111274626422973
  0.18108699506167500  0.19104198265004599  0.20079695726446456  0.21106157574719797
  0.22224596784417922  0.23471462893328693  0.24743937665961035  0.26015147698994329
  0.27268365384923587  0.28495588458515725  0.29716325968160118  0.30944812576193331
  0.32245233535948920  0.33589999937124787  0.35055834950945453  0.36536799470285503
  0.38086821851515346  0.39641995016637560  0.41173584906020522  0.42527411832169104
  0.43942742877164359  0.45465300229021904  0.46955772634771364  0.48333801900300755
  0.49755040706707154  0.51251420463190811  0.52744715236827799  0.54248433895754777
  0.55763062985013134  0.57324093903057982  0.58830630866438038  0.60229446232621320
  0.61654123239073277  0.63052421782234891  0.64499728879156792  0.65901090092988823
  0.67298461954342226  0.68723983920266640  0.70184561731259265  0.71622760626839765
  0.72921206758081836  0.74140662193736473  0.75315933921158373  0.76498524746582430
  0.77670713182901685  0.78835151029484496  0.80001716274886592  0.81171640693473357
  0.82268149674454272  0.83331743705860295  0.84373565340776580  0.85412307017058364
  0.86378439890562220  0.87352402901569148  0.88258004299454884  0.89145914110537960
  0.89989583779657623  0.90841536313994475  0.91687685914000017  0.92501264561752350
  0.93312578054200890  0.94081664847305235  0.94795286196509121  0.95494897770139231
  0.96157500724117062  0.96797340140383581  0.97427993551055314  0.98008911067967630
  0.98532865275894843  0.99035985091312417  0.99527546429040703  1.00000000000000000
 -0.00231249924587223  0.01158740357209719  0.02364781875983006  0.03476683363713597
  0.04577367383549494  0.05634529303136983  0.06722674169801009  0.07879288665794904
  0.09121110188083215  0.10312831470217980  0.11373060896027279  0.12425155040026244
  0.13516891252694660  0.14637180264327382  0.15701460349055005  0.16756054783670463
  0.17841646484852400  0.18899652569850769  0.19939158293385728  0.20913339576224127
  0.21909832952167874  0.22941112648786824  0.24000405005832298  0.25018727180135258
  0.25955474263880102  0.26902567117952347  0.27835379511966152  0.28800958435701396
  0.29859441189534042  0.31014044408480240  0.32188725317803318  0.33344092679445680
  0.34506168350321409  0.35625010519562933  0.36671259086393304  0.37661316633378483
  0.38623953906431796  0.39612267075640212  0.40608139195423537  0.41530600943963125
  0.42502246082718514  0.43441918760014547  0.44450488342495148  0.45483730853215665
  0.46491312953405989  0.47355393009288499  0.48225428490778011  0.49155151554737336
  0.50116867624485051  0.51102219063498855  0.52075306749849326  0.53141038794031348
  0.54226360980414257  0.55408879336858163  0.56537534714308146  0.57699333548808551
  0.58763778273829725  0.59870681292004724  0.60864184272381183  0.61792179606240649
  0.62742734893861585  0.63749305511132981  0.64844127772752913  0.65865274091431592
  0.66940211117469173  0.67989142923131296  0.69027811729333843  0.70025498088861104
  0.71038290948196881  0.72034906198597659  0.72980654167338577  0.73903171451263494
  0.74833952442625873  0.75926060407952667  0.76980828108085508  0.78128994556710663
  0.79330788308116673  0.80565612216491056  0.81767365151469074  0.82875772971961992
  0.83955075407683144  0.85064783809576494  0.86183403439994710  0.87284315117764444
  0.88346450370986607  0.89350181936630291  0.90344284340617442  0.91390565272037827
  0.92462256935499876  0.93534887053490046  0.94533898901337876  0.95555241629623699
  0.96616482983040530  0.97728402757461974  0.98864574951148165  1.00000000000000000
 -0.00274869143690318  0.00984582924865480  0.02082386754832060  0.03188342763719323
  0.04358487679354884  0.05485632089500903  0.06616742003454754  0.07792626056286138
  0.08966483313426774  0.10105468443599455  0.11204811638753098  0.12316008457483509
  0.13395717802557341  0.14439267823371249  0.15480275670990384  0.16538959663353600
  0.17626897071365066  0.18678108089940856  0.19770209384888457  0.20861519408530366
  0.21901076740882908  0.22927113874139854  0.23923111705356193  0.24885087860383634
  0.25865942795536956  0.26817670515232161  0.27875144731036250  0.28890641818619522
  0.29905189863494241  0.30894971573248464  0.31925186633807690  0.33015544275475833
  0.34070954044298041  0.35133756802085625  0.36101807345460152  0.37035210894877441
  0.37955608871176827  0.38885970678536402  0.39851499604301416  0.40828449641368475
  0.41832608755106981  0.42846719338394201  0.43866194288006299  0.44897677378482254
  0.45945547089365546  0.47003931888000644  0.48058155615450654  0.49091373993541032
  0.50138848164110306  0.51179041741899689  0.52266893329522834  0.53295733794104383
  0.54304609741518650  0.55304754729749406  0.56290073852501721  0.57313567194528725
  0.58307173196678963  0.59367354875496969  0.60410221577867040  0.61526268209970314
  0.62668098655019677  0.63805120923091274  0.64975089252096441  0.66128450911897318
  0.67197038205968751  0.68147763326769983  0.69111137559016034  0.70082149044572850
  0.71087084791525745  0.72044550749453207  0.73069898467737315  0.74182494540186372
  0.75394969071324724  0.76615036106921730  0.77764582079196065  0.78837171634851855
  0.79965053398246988  0.81066637651038786  0.82123059810533960  0.83100946606160231
  0.84043590300349069  0.84978838109113808  0.85949385554678315  0.86955703809814500
  0.88008303922334508  0.89054528965081736  0.90160551332220129  0.91276420234236488
  0.92350221596317872  0.93345008921106531  0.94356557433868693  0.95377706435742116
  0.96492143398530728  0.97647148768630077  0.98825626076279316  1.00000000000000000
  0.00013589596509935  0.00041793356605180  0.00060658444196733  0.00073474663658990
  0.00086530134076443  0.00099658349001037  0.00112918059955060  0.00126521492148336
  0.00139901105726803  0.00153241886998217  0.00166834506389604  0.00180446747458350
  0.00194087679830381  0.00207867891987497  0.00221938504100101  0.00236230099033354
  0.00250664088184980  0.00265405421573275  0.00280352732301805  0.00295268041602165
  0.00309727900640512  0.00323921686711752  0.00338069851127856  0.00352033099766079
  0.00366133827312142  0.00380838750318580  0.00395930813187079  0.00411143568033101
  0.00426401940759478  0.00441930596617323  0.00457179862242946  0.00472365460828522
  0.00487910721247809  0.00503132201314252  0.00518635739729394  0.00534832275813694
  0.00551615474454558  0.00570332995299624  0.00590681082205682  0.00612170308068685
  0.00638445804737220  0.00662330004628030  0.00684832146561942  0.00706482308644001
  0.00727803733865053  0.00749924811370697  0.00771951666458988  0.00793510036607745
  0.00814595540704864  0.00834391129493160  0.00853462375288751  0.00871408918630168
  0.00887888682968375  0.00902941283475083  0.00920312940277667  0.00938630495653501
  0.00958557807841867  0.00979702767962420  0.00998738685528270  0.01014845573204572
  0.01033556489536808  0.01053660159516825  0.01075797824263999  0.01102400871997818
  0.01132938125504927  0.01165458549522829  0.01196122046534129  0.01228361969600353
  0.01266599706954372  0.01319835042109600  0.01364481080464672  0.01404910950293946
  0.01444238304901095  0.01491191488242016  0.01549515979907214  0.01606280688813541
  0.01645155625662722  0.01693729620362225  0.01729579858204787  0.01777261377485420
  0.01818575358474004  0.01858598664673171  0.01903926869810841  0.01981985001873449
  0.02115985990095390  0.02185291901334529  0.02236729988385800  0.02286187347702133
  0.02344796214014746  0.02515927151447426  0.03295052558969949  0.03463945357753370
  0.03819232031140233  0.04172405750538394  0.05877819429906012  1.00000000000000000
 -0.00192320485280229  0.00882816791920850  0.01852727484402092  0.02838699925677990
  0.03837681586131054  0.04769559811705192  0.05696309430152457  0.06663787889318672
  0.07700318338815638  0.08853677671155191  0.10059032497571035  0.11232405901288713
  0.12332377976750074  0.13361445962508059  0.14365283980285490  0.15356451106796978
  0.16407801964501464  0.17508371402041889  0.18650921435233653  0.19846041203304646
  0.20986850217126896  0.22126996330353069  0.23256178984349996  0.24454033250760487
  0.25571644363180024  0.26622421354070014  0.27655226705925617  0.28686747177818966
  0.29651840858865736  0.30616942723269602  0.31635017680537436  0.32729562331690554
  0.33749944765570161  0.34715419625157806  0.35679818838176020  0.36657484987028804
  0.37697946811233279  0.38689224332580374  0.39639718508705096  0.40568402455543412
  0.41573666543592513  0.42652130692471402  0.43632473907192126  0.44555299383423580
  0.45439540822335139  0.46431295525581950  0.47381675566173603  0.48325354025914297
  0.49263066565614622  0.50307542994226850  0.51419309423488235  0.52489124607452076
  0.53540155516508847  0.54565236690670316  0.55611195765153709  0.56665470051620714
  0.57724758979137925  0.58788152662037774  0.59817893401305477  0.60817174919201133
  0.61823584503371698  0.62890092121194674  0.64001757820838434  0.65102413045086016
  0.66126530815781404  0.67196601935357847  0.68291314931608127  0.69398989573564440
  0.70489123601753234  0.71616563602240380  0.72724954187912805  0.73799001002577747
  0.74900007205706076  0.76075070736203898  0.77190136654305230  0.78291075263931698
  0.79391092123101681  0.80461827627589455  0.81482225157153909  0.82476065436245938
  0.83518062201007204  0.84606892399118250  0.85674688824396261  0.86731329800624057
  0.87804437518267953  0.88902946909340141  0.89993953046134001  0.91068216905294375
  0.92190490368751332  0.93292364830225016  0.94384078028445328  0.95454086969057517
  0.96577711313681203  0.97731390584148425  0.98869862811086229  1.00000000000000000
  0.58808389404790995  0.61325263965357246  0.63342945669075990  0.65232091686742522
  0.66770730425322222  0.67995626560207312  0.68995621299410481  0.69966513063551905
  0.70940509401586060  0.71769985160685335  0.72623395124187629  0.73424144644834000
  0.74115397394973281  0.74741434859842948  0.75319311704209535  0.75867035132588634
  0.76392256811811798  0.76906318333950296  0.77387282337562313  0.77814848505908907
  0.78209952603258115  0.78577817261611715  0.78947782386392329  0.79295664881991923
  0.79606189252927562  0.79930295802773810  0.80260786392241890  0.80622942841818501
  0.80997620730916353  0.81362905947403419  0.81717163214927624  0.82065511858834594
  0.82417662088944543  0.82765336437666404  0.83099910490903917  0.83425862313127042
  0.83754112332224395  0.84078562228618725  0.84386600925418531  0.84679019610367046
  0.84959144547682885  0.85232378120478036  0.85502490347567239  0.85771715110124713
  0.86072810943091904  0.86393216524734373  0.86724985628925677  0.87046854147612340
  0.87349285765261342  0.87636510859631944  0.87911626598276604  0.88197754845340426
  0.88498514652930171  0.88800528855276495  0.89096458702912840  0.89376984764849798
  0.89646338389351243  0.89907041008585653  0.90161990816590520  0.90419336062967159
  0.90670655599517014  0.90922311386159282  0.91176551242692661  0.91427508744026331
  0.91672216383954797  0.91910031127639635  0.92130765865719233  0.92348860772145214
  0.92563193776215902  0.92788302710078796  0.93029190433225240  0.93279780530706291
  0.93526463471618249  0.93762853219140341  0.93993653784603637  0.94223473345554098
  0.94457477543312618  0.94705015509028478  0.94939951335475459  0.95171513655075635
  0.95397674185578163  0.95624180327346020  0.95862152462515859  0.96108610674961104
  0.96354588125928575  0.96602683111792154  0.96847451054686651  0.97095419917976933
  0.97347048513834544  0.97609428454677749  0.97886422742671420  0.98202878544335159
  0.98542949164322768  0.98915936539256677  0.99379522234908468  1.00000000000000000
 -0.00318911967059232  0.14170212125116369  0.16527621711176246  0.18651649662745787
  0.20416236119758480  0.21976069524295749  0.23416097650856851  0.24663385783585459
  0.25698821578847020  0.26622429180366342  0.27505706231862098  0.28338841075282911
  0.29139238634187159  0.29922665220974648  0.30718178395859524  0.31518450873623655
  0.32286093476853689  0.33050433804155843  0.33774783708025358  0.34475276570008379
  0.35144076930815304  0.35763518195532495  0.36363124140046343  0.36957557675825226
  0.37541858568510250  0.38120240067692235  0.38688617864213409  0.39253045190300251
  0.39826581191760990  0.40397221609593814  0.40956200974470952  0.41501868667833086
  0.42024222306421399  0.42539679076328524  0.43082108733677632  0.43610706630348078
  0.44150449745906667  0.44678518392525907  0.45246620524958187  0.45812269563429125
  0.46376482189175339  0.46932299553601253  0.47476933505901425  0.48008006711410256
  0.48519984420809392  0.49022837029028138  0.49532148883645544  0.50081027407496470
  0.50674739864968688  0.51240227036265029  0.51784638571446462  0.52310046429422485
  0.52828401684648685  0.53338803576768323  0.53842804158852930  0.54340523761943149
  0.54862268119578839  0.55405297267140607  0.55923506808711709  0.56408189534707653
  0.56875927112098978  0.57343924945340641  0.57838895566573145  0.58358361634239497
  0.58907576470595058  0.59490620384946813  0.60028785436066934  0.60515548218886928
  0.60980781861541600  0.61455168079800637  0.61991460764478390  0.62616551443218660
  0.63249400697512514  0.63872727745962010  0.64485820279723360  0.65098324528121199
  0.65721310686548329  0.66359470792903641  0.67037551163312004  0.67764904838942996
  0.68520328947340048  0.69211118209290656  0.69866734604527159  0.70529314365197304
  0.71276226413986676  0.72075530505903496  0.72921008251184694  0.73816917162411810
  0.74667960674134082  0.75662045208057471  0.76753675339401772  0.78088848764394836
  0.79637999637644952  0.81357898540757589  0.83268011544326759  1.00000000000000000
   1.8162316180478570E-008  -1.0000000000000000     
 F F F F F F F F F F F F F F F F F F F F F F F F F F F F F F F F F F F F F F F F F F F F F F F F F F F F F F F F F F F F F F F F F F F F F F F F F F F F F F F F F F F F F F F F F F F F F F F F F F F F F F F F F F F F F F F F F F F F F F F F F F F F F F F F F F F F F F F F F F F F F F F F F F F F F F F F F F F F F F F F F F F F F F F F F F F F F F F F F F F F F F F F F F F F F F F F F F F F F F F F F F F F F F F F F F F F F F F F F F F F F F F F F F F F F F F F F F F F F F F F F F F F F F F F F F F F F F F F F F F F F F F F F F F F F F F F F F F F F F F F F F F F F F F F F F F F F F F F F F F F F F F F F F F F F F F F F F F F F F F F F F F F F F F F F F F F F F F F F F F F F F F F F F F F F F F F F F F F F F F F F F F F F F F F F F F F F F F F F F F F F F F F F F F F F F F F F F F F F F F F F F F F F F F F F F F F F F F F F F F F F F F F F F F F F F F F F F F F F F F F F F F F F F F F F F F F F F F F F F F F F F F F F F F F F F F F F F F F F F F F F F F F F F F F F F F F F F F F F F F F F F F F F F F F F F F F
  <DiscreteSampler_grid>
  grouped_processes
  1 # 1 for a reference and 2 for a running grid.
  10 # Attribute 'min_bin_probing_points' of the grid.
  1 # Attribute 'grid_mode' of the grid. 1=='default',2=='initialization'
  0.0000000000000000 # Attribute 'small_contrib_threshold' of the grid.
  0.5000000000000000 # Attribute 'damping_power' of the grid.
 # binID   n_entries weight   weight_sqr   abs_weight
    13   10   7.224791946827849E-006   1.717085827321183E-010   7.224791946827849E-006
    16   10   7.224791946827849E-006   1.717085827321183E-010   7.224791946827849E-006
    22   10   8.545108165319790E-006   2.708834953132344E-010   8.545108165319790E-006
    25   10   8.545108165319790E-006   2.708834953132344E-010   8.545108165319790E-006
  </DiscreteSampler_grid>
