  0.00315233945326673  0.01365823743043456  0.02563082059675575  0.03807416027965510
  0.05004045230459465  0.06299456277774584  0.07649184842574122  0.09031016460271864
  0.10341318314642323  0.11672487303643024  0.12939595460825382  0.14043761158118387
  0.14996652984283890  0.15909944298277731  0.16876607654320366  0.17994616739918590
  0.19210419226656553  0.20232637242084051  0.21195469820997181  0.22209964052197195
  0.23255512602733208  0.24322787204395849  0.25329654299605792  0.26069127872167158
  0.26779541671446960  0.27536512415103792  0.28436835128654342  0.29367005670494273
  0.30335449379026724  0.31356728980664467  0.32367163518259667  0.33331375011664643
  0.34308073117954629  0.35303018926082025  0.36252752361417256  0.37219174412715056
  0.38269920636470373  0.39321542461301606  0.40396654096206858  0.41447715735130303
  0.42504729983672640  0.43487745998446403  0.44492515194571208  0.45569898687083438
  0.46730568677700074  0.47846803050159981  0.48877972712812456  0.50017112987457291
  0.51359013890815919  0.52856744692157664  0.54155009952559741  0.55272508312115709
  0.56382184421729087  0.57420420918949100  0.58573163942307893  0.59628498432539290
  0.60684298229839961  0.61778764942301767  0.63104152035149175  0.64378092956002797
  0.65459986588173469  0.66488135987773400  0.67357029120374379  0.68422061700763059
  0.69624187718652997  0.70794343658184511  0.71838077449149507  0.72820325136574715
  0.73839422890916273  0.74947455711270605  0.76050584655574627  0.76790729774054256
  0.77320155854486960  0.77838727301778221  0.78352160175521668  0.78847839021232646
  0.79547304821478804  0.80477713758614322  0.81347088231684561  0.82170527911904401
  0.83171964905302009  0.84212561893057702  0.85209285248516875  0.86201835020501849
  0.87119165204978677  0.88234615998143884  0.89354948356304698  0.90599550226221215
  0.91810628952788331  0.92930537117437773  0.94133192591879156  0.95419346669640570
  0.96603378698168485  0.97643607868761007  0.98764275017971714  1.00000000000000000
  0.00003207061218111  0.00004258254212131  0.00004785586492966  0.00005127633710827
  0.00005383448048156  0.00005650920470241  0.00005906297603599  0.00006143683563613
  0.00006393799836854  0.00006648839735379  0.00006904577995848  0.00007183703515851
  0.00007478000142737  0.00007759234160527  0.00008080480894899  0.00008443647086357
  0.00008773405947111  0.00009113407345281  0.00009474324977601  0.00009840387025014
  0.00010221662885922  0.00010602661671445  0.00010973539765585  0.00011283035730813
  0.00011546189548173  0.00011828706564462  0.00012120526623655  0.00012457896658263
  0.00012854550723275  0.00013360632234879  0.00013964117922304  0.00014523978299124
  0.00015058667944191  0.00015576571546554  0.00016083469528554  0.00016594020547000
  0.00017161224806034  0.00017756095016145  0.00018368978268164  0.00019048237613555
  0.00019754384805630  0.00020556371818775  0.00021389292518615  0.00022266784211392
  0.00023216855858417  0.00024149241055956  0.00025038614816045  0.00025893063123592
  0.00026825103548444  0.00027776123302394  0.00028863660904607  0.00030207343379664
  0.00031545997601554  0.00032827804698133  0.00034104021447497  0.00035652803256620
  0.00037256582280943  0.00038920260859069  0.00040683599384218  0.00042361000362877
  0.00044274669095837  0.00046513373040164  0.00049024841038262  0.00051588165034272
  0.00053788021173046  0.00056027026404233  0.00058516382774032  0.00061595352309030
  0.00065010126320289  0.00068309472487265  0.00072240302625578  0.00077034352821049
  0.00082617114620342  0.00087955202616674  0.00093480468911010  0.00100178285949283
  0.00107332694682759  0.00114971684131876  0.00122451938828660  0.00131190988865824
  0.00139184140570220  0.00148238575519995  0.00159284560749909  0.00176711080762586
  0.00203735400060697  0.00236731295886605  0.00268067321833753  0.00297142887994643
  0.00330964012845050  0.00393321270220877  0.00506079988551220  0.00648020472290084
  0.00845038139660639  0.01576931721671762  0.05877918054221770  1.00000000000000000
  0.00000301549822990  0.00000302857865462  0.00000307618604416  0.00000316296876467
  0.00000325544960790  0.00000335167290632  0.00000345633690257  0.00000355748534586
  0.00000365608402518  0.00000374397656848  0.00000383881290067  0.00000393477626779
  0.00000402161115828  0.00000409801633122  0.00000417374283268  0.00000424895747383
  0.00000436039682620  0.00000448912330203  0.00000463696590665  0.00000478310720962
  0.00000493654276066  0.00000509012375308  0.00000526150208289  0.00000544991251246
  0.00000565150459660  0.00000587172122449  0.00000611721062061  0.00000636930822236
  0.00000661178682517  0.00000684560141364  0.00000711370766151  0.00000741234567692
  0.00000773669844323  0.00000808285812042  0.00000833929514276  0.00000857144507619
  0.00000879900093274  0.00000902640076414  0.00000926581288944  0.00000956016147844
  0.00001004746033217  0.00001054885802583  0.00001108274050617  0.00001163891180523
  0.00001217079533813  0.00001273481673557  0.00001338286483537  0.00001416466933167
  0.00001511123696113  0.00001620555359961  0.00001739949841310  0.00001860068585424
  0.00001981219597859  0.00002104372532099  0.00002240056280498  0.00002395595136526
  0.00002582542030235  0.00002781679386333  0.00002990161177211  0.00003221677942352
  0.00003488517826979  0.00003796733835147  0.00004130323524817  0.00004456154201150
  0.00004809713009866  0.00005244322333242  0.00005796073470100  0.00006417551849292
  0.00007116300961065  0.00007874868875287  0.00008690974726932  0.00009628233412350
  0.00010774373578593  0.00012053288818753  0.00013474224900977  0.00015040332252999
  0.00016730601320131  0.00018978551046716  0.00022131560138828  0.00026119681186047
  0.00030587367505255  0.00035617287124601  0.00040988336863836  0.00047933474741171
  0.00057793919258300  0.00067882037068869  0.00079893765224075  0.00099111150633797
  0.00120056955689608  0.00166661841603719  0.00237217275374187  0.00314450739843179
  0.00500716484491146  0.00912068710865977  0.15798169398550024  1.00000000000000000
  0.00000497704082065  0.00000506012098072  0.00000522188183442  0.00000545841658697
  0.00000564638688517  0.00000582064049706  0.00000600811909757  0.00000621702544622
  0.00000648737528867  0.00000680828310392  0.00000716562271013  0.00000751504740685
  0.00000781871477140  0.00000813047801404  0.00000845330277847  0.00000877696165374
  0.00000913066494007  0.00000946432798167  0.00000984565865604  0.00001025731490093
  0.00001065714942104  0.00001092102558470  0.00001118490174836  0.00001144697504831
  0.00001170858236643  0.00001196492271850  0.00001221347855368  0.00001247369194756
  0.00001307362081303  0.00001375287160512  0.00001442094960804  0.00001504920819839
  0.00001554664788714  0.00001603380660328  0.00001650517129381  0.00001698596230115
  0.00001759607106957  0.00001834580927705  0.00001920014737437  0.00002017983995261
  0.00002119154424768  0.00002212775153669  0.00002310679776388  0.00002425106243441
  0.00002538609497937  0.00002648429988103  0.00002764899253307  0.00002887743721390
  0.00002998916612443  0.00003137416785653  0.00003307155056640  0.00003530837607215
  0.00003804403952824  0.00004118558286651  0.00004431889420610  0.00004725140231166
  0.00005029712728412  0.00005378694739497  0.00005782820084308  0.00006217777642730
  0.00006676473052169  0.00007171243945407  0.00007736375150106  0.00008432554764835
  0.00009091674439953  0.00009864991252600  0.00010676611947313  0.00011765238302831
  0.00012824389759288  0.00014102545135410  0.00015742224332917  0.00017678474189119
  0.00019516084580951  0.00021513830026840  0.00023958820108562  0.00026946407097355
  0.00030883241462639  0.00035251406174133  0.00039481360238151  0.00043666745210617
  0.00049006205115403  0.00055284306852153  0.00062570061479059  0.00073597655224708
  0.00087306666380589  0.00100358703327586  0.00117603079741345  0.00141902822680179
  0.00181229564654270  0.00231791501986134  0.00297139615440061  0.00411662869142436
  0.00580925037695742  0.00971954766306179  0.07273906305462213  1.00000000000000000
 -0.00207198517133344  0.01109555658080218  0.02169122231933493  0.03247880343118772
  0.03856316753463640  0.04456449799898479  0.05056449651751562  0.05644878856123536
  0.06206915464223844  0.07031408387946859  0.08110182847218542  0.09093548023833557
  0.10076175769026546  0.11143428230042723  0.12314534389027615  0.13471357460539293
  0.14553081326165718  0.15681485290835909  0.16821648107583137  0.17828105570438615
  0.18735048174834612  0.19572614720895892  0.20476953735031175  0.21513596327711729
  0.22615281743518365  0.23644675671638488  0.24627108288623673  0.25566707123829724
  0.26493744342153835  0.27542783727226677  0.28688432138585246  0.29964807445377362
  0.31177266847436763  0.32496641573780549  0.33757884052479165  0.35048118198468181
  0.36285280688314336  0.37460515647472886  0.38542039239946818  0.39666439576782542
  0.40921233631376303  0.41882305409268755  0.42764308402961904  0.43602219240977591
  0.44539955581153567  0.45517767726435587  0.46596397933434858  0.47743249664552195
  0.48732822920911595  0.49651601308544979  0.50471837196471969  0.51364230608486372
  0.52332218902718308  0.53187554034879025  0.54068710993401248  0.54914974262345340
  0.55764054972612076  0.56611787215485077  0.57484838918206149  0.58453408115423411
  0.59461613534667834  0.60440879038198436  0.61421231315613078  0.62426056520071860
  0.63528909299794267  0.64758038500589066  0.66039930620752918  0.67338821727867626
  0.68466503066689910  0.69649353737485786  0.70914313525883821  0.72271308489547481
  0.73642455815241914  0.74970304067972426  0.76135281166838809  0.77359045585370323
  0.78751446238360123  0.79965501922368265  0.81059074753090898  0.82127343830493571
  0.83070911282419357  0.83907230762977292  0.84654234061973055  0.85543636044963012
  0.86748519497294507  0.88147711036208587  0.89445672801846654  0.90569180186301323
  0.91772405836771387  0.93143841753071055  0.94250331254993203  0.95336818540996471
  0.96228272502996026  0.97339879542967334  0.98473280920685391  1.00000000000000000
 -0.00302039250488929  0.01591166589043102  0.03035010515523769  0.04405664782558372
  0.05716014175296852  0.06888781463650819  0.08026356994732883  0.09022980313155973
  0.10032484515829292  0.11098069497876591  0.12164914137313869  0.13333508983407150
  0.14425202964670208  0.15718027022769329  0.17042052598183005  0.18365164398822181
  0.19577398910823510  0.20726232064233968  0.21861099452869887  0.22973490432451885
  0.24128598220533298  0.25481827305556609  0.26917264930883883  0.28217504991715198
  0.29387313443012902  0.30541256364029629  0.31590290103495472  0.32667337371450461
  0.33815644752129392  0.35056702483545898  0.36057937222668768  0.36755383204931796
  0.37450062332420797  0.38141831318529384  0.38899791139170847  0.39675688620488148
  0.40587764142768590  0.41578865453662672  0.42504832609944287  0.43405187269363782
  0.44279507075785651  0.45238122623231092  0.46251332196349054  0.47175909786531545
  0.48122062152825862  0.49058562146557105  0.49969906315515089  0.50856065381520266
  0.51778898771282078  0.52913155573864645  0.54174319732627529  0.55389213989338781
  0.56172561730264270  0.56791215967340480  0.57414809878465334  0.58040139153208403
  0.58568521001606166  0.59070550721086090  0.60022359128439839  0.61053411432306448
  0.62126208586348475  0.63143548220914614  0.64225685008121514  0.65269947786219595
  0.66274247861250424  0.67403089249604742  0.68637230009946348  0.69747146825931583
  0.70854824618356316  0.71976036642666985  0.73112750874862986  0.74199192356184973
  0.75212275177087107  0.76364305536515176  0.77462874195312592  0.78473058204066359
  0.79448652416069210  0.80431415174191268  0.81531849783564103  0.82659649367328170
  0.83753168075594508  0.84754112890330202  0.85727996451037658  0.86835213311617832
  0.87972624374816355  0.89155650335844439  0.90243259698275369  0.91339545389431853
  0.92506855283460343  0.93792635766793009  0.95143389715345461  0.96273415645531324
  0.97224331683982868  0.98188693382421321  0.99121080320039545  1.00000000000000000
 -0.00336603446038454  0.01764267076977853  0.03580359610315731  0.05431573106425313
  0.07063468646596233  0.08406383885127537  0.09867652952691315  0.11589849020812948
  0.13398940409038193  0.14954471144125220  0.16280842000921900  0.17625153096064294
  0.18909166347781234  0.20065641231369535  0.21145998429630894  0.22322008667877938
  0.23854837315243130  0.25525737377386848  0.26892076348449989  0.28065367942024605
  0.29120811130523705  0.30227101561619718  0.31667446497601953  0.33058029844447262
  0.34262088402234847  0.35468215318182805  0.36773244257338938  0.38107205825938811
  0.39350208757488980  0.40730512150755127  0.41956876500083651  0.42959635930232620
  0.43956750260606597  0.45018729807885055  0.46237717286259405  0.47489848374882326
  0.48760308316787848  0.50154805451423456  0.51426112785286926  0.52585964029120358
  0.53801624334866571  0.54876159595153751  0.55832003501556104  0.56671022810200400
  0.57532481328069085  0.58560822760546594  0.59765912483590766  0.60995507047643671
  0.62160394525544627  0.63313212407187258  0.64517536300224843  0.65707124933124084
  0.66920982807288543  0.68232672870121946  0.69453235590287599  0.70573046399508998
  0.71618605692307435  0.72700440958916979  0.73737777545816630  0.74694067240524165
  0.75635420666971143  0.76639276109361776  0.77657630192586291  0.78630958825044417
  0.79523877313365976  0.80394587143125074  0.81252050250383234  0.81990219711240642
  0.82718652841489226  0.83511885921272488  0.84370965422415511  0.85174650380227834
  0.85912839256176265  0.86611448476988873  0.87366097263557629  0.88283703489602516
  0.89266980270757623  0.90149298159444247  0.90883669015861446  0.91555051346766170
  0.92229866484541811  0.92906513070717023  0.93583443749046025  0.94263136017401128
  0.94933844538015999  0.95536172736480363  0.95856359806191682  0.96176546875903002
  0.96528757505820950  0.96892085868672784  0.97269680405115144  0.97679660077486441
  0.98089639749857749  0.98800028658357841  0.99426954974960513  1.00000000000000000
 -0.00142306880101811  0.00719993741941249  0.01597794602671470  0.02628530670448846
  0.03872403948974801  0.04984739991727348  0.06009654913397650  0.06859931835722402
  0.07615162349931871  0.08396804622998601  0.09304775099075896  0.10207907085540049
  0.11193333286093791  0.12239250984800201  0.13276364758877476  0.14270714485330521
  0.15387416269445009  0.16526595940021166  0.17704471116237008  0.18495589710500282
  0.19355802898241389  0.20306629871819692  0.21233331273162145  0.22264715765536172
  0.23367014623943327  0.24503219897671374  0.25614677611468839  0.26773485928550544
  0.28015263338957597  0.29266652336253673  0.30425549635494759  0.31508595389382460
  0.32552321037795967  0.33607465960227267  0.34703501663720254  0.35900278678711756
  0.37098552316962247  0.38230342979146081  0.39432862159398246  0.40466578523415486
  0.40986878214812550  0.41507131875179776  0.42027269890666613  0.42546423800737615
  0.43063867456879656  0.43808916458736441  0.44875153345837260  0.46070231722340410
  0.47483192822647025  0.48865628851378928  0.50044421217140733  0.51087278155014071
  0.52156997444634501  0.53330009103518539  0.54619101879780951  0.55965943868629664
  0.57047983413291814  0.58114640884112945  0.59084675565353273  0.60010629688172712
  0.60988550145933240  0.62070231653465679  0.63313100544246181  0.64650833838773158
  0.65882398774906492  0.67064917154087611  0.68292239671449795  0.69718623282409387
  0.71185637762742138  0.72653431740754315  0.73930865684221148  0.74977829023867915
  0.75930153797550648  0.76868750128236318  0.77717953798710582  0.78405477889222464
  0.79149808214785022  0.80134531237309914  0.81162039863238922  0.82101753527075327
  0.83092319505033629  0.84299750273835705  0.85575293639708438  0.86768719379410841
  0.87970921196307461  0.89263265444694184  0.90568401166467072  0.91868346283617652
  0.93104190338662196  0.94174363869325040  0.95106611727514345  0.95971277449874048
  0.96827343578061431  0.97752431410676921  0.98742416220788443  1.00000000000000000
 -0.00148527126448048  0.00819927744288992  0.01798082154916824  0.02690419923415974
  0.03681770545046134  0.04701143103615339  0.05673551095824896  0.06770379657621602
  0.07745418948912629  0.08744575798811013  0.09978683402146969  0.11147125875158106
  0.12341870683108004  0.13543230614768181  0.14836438681124392  0.16303625045582121
  0.17448705746891680  0.18502188517485493  0.19565221019338364  0.20794687949746446
  0.22114492922764864  0.23210060749204553  0.24162378680339652  0.25117854920377325
  0.26156369227147447  0.27256354509294745  0.28412849734924744  0.29492946836474043
  0.30573602372380204  0.31600609370244076  0.32673397325188719  0.33833850667030019
  0.34973459577249122  0.36219822052642875  0.37472236134811487  0.38626637692376292
  0.39688312640339779  0.40563039964234060  0.41482366195816600  0.42338356370752395
  0.43125636771683645  0.44030756064132542  0.44984205001866706  0.46010722371703205
  0.46608219607688939  0.47201063726621695  0.47784334265581496  0.48428917978879982
  0.49117291252896367  0.50198243806377962  0.51451996555734303  0.52636805809126919
  0.53707047966825960  0.54698189746625681  0.55775141980724008  0.56856040402282526
  0.57789955577277896  0.58733098807148898  0.59705320380538685  0.60732418688457401
  0.61804789026624118  0.62791399492862909  0.63749881644261230  0.64666050158389476
  0.65650455258286333  0.66610636525844280  0.67670340870017665  0.68851835192825606
  0.70078150028682762  0.71584225889763986  0.72990254482307193  0.74117771898220730
  0.75136271172563873  0.76187790079478013  0.77233668234757524  0.78177875405147668
  0.79061437531711454  0.79980590841509513  0.81030653082399484  0.82194230734625173
  0.83405019623348442  0.84518431233937552  0.85456165743569623  0.86346408181830625
  0.87161249324614720  0.88156851525695956  0.89151610115197999  0.90256042551306159
  0.91425607523856489  0.92656264153769319  0.93868516436947469  0.94968162843245829
  0.96182791275036206  0.97523249500341824  0.98816544147959140  1.00000000000000000
 -0.00010648206218001  0.00048965170363901  0.00087207293620789  0.00113455192545264
  0.00141320688731867  0.00169855469220169  0.00198493211968331  0.00226998713932676
  0.00256388032314901  0.00285812757080037  0.00315545090981626  0.00346141727948639
  0.00378376869122219  0.00410549677677382  0.00441609132940677  0.00468324621817220
  0.00493010618204177  0.00516459620158859  0.00539142201500723  0.00560523883012077
  0.00580379286982998  0.00599717657604338  0.00618686750550303  0.00637375384617393
  0.00656007018789436  0.00677579491778417  0.00696749729653941  0.00718478395600837
  0.00741445576100268  0.00762347907733737  0.00781408022693295  0.00799187894352350
  0.00816310839210492  0.00833718925014705  0.00852144593129795  0.00873609889817076
  0.00899501800420632  0.00928475979208622  0.00960982137961202  0.00999664464918791
  0.01046373551772668  0.01074595575238441  0.01105828037965332  0.01136337233913784
  0.01154269985520197  0.01172202737126609  0.01190329448831105  0.01208744462178014
  0.01227159475524924  0.01246336203524055  0.01265631974863060  0.01300821361708863
  0.01351718121419033  0.01386237371411791  0.01427551643293405  0.01472114370107616
  0.01530349244239187  0.01588649102474125  0.01640568675959981  0.01678141454484562
  0.01716189071859216  0.01749921184206806  0.01800815809211015  0.01849373221162279
  0.01890916311318381  0.01931848118387705  0.01975156975581147  0.02018332496031619
  0.02074410747290464  0.02135873614666660  0.02193280751614737  0.02254325469178647
  0.02322470714144352  0.02693266511318286  0.02830744230972570  0.02876409071499066
  0.02912610027126254  0.02947238750807075  0.02980031148482760  0.03028731924551816
  0.03101723761401658  0.03818315256690862  0.04034731263336584  0.04195234315366125
  0.04599294999246378  0.05418995145268240  0.05598926164784711  0.05655693834675743
  0.05711281040178180  0.05812362708923624  0.05944933677715244  0.06388589858990100
  0.06875361644547358  0.07128194828347013  0.19548095328740905  1.00000000000000000
 -0.00237920851195118  0.01489455365466167  0.02946329066319317  0.04292506580799249
  0.05497838051933009  0.06773090771780167  0.08009600408508991  0.09226557711705455
  0.10618463256657716  0.12206360597705976  0.13676734134811400  0.15199137663335505
  0.16551859025219909  0.17988723728145578  0.19308761266799884  0.20678678739015033
  0.21796769052490414  0.22879230853534030  0.23886572118179661  0.24801481866997904
  0.25720971324195990  0.26515150355290890  0.27483991316355522  0.28515961057930156
  0.29466683633039759  0.30586183023097108  0.31719518567168137  0.32692267037233463
  0.33601856026235427  0.34489124929041021  0.35403800011119285  0.36325258107053338
  0.37207215692580131  0.38068609033651912  0.38944617362289846  0.39736903180324723
  0.40390267411563541  0.40980939246032305  0.41630524346057673  0.42347017504565698
  0.43199498491981037  0.44207401852490630  0.45258115917374514  0.46422472092212530
  0.47677559077597853  0.48746798002618369  0.49665086322352314  0.50626174230338894
  0.51575657128774033  0.52353272089192815  0.53055444775191540  0.53747093643851029
  0.54631000370134519  0.55495426048601004  0.56337482785766768  0.57184507715190558
  0.57941082760365203  0.58667812151079579  0.59362072565463386  0.60053863537461039
  0.60775211166846066  0.61563359712438404  0.62400376094003862  0.63219577824052409
  0.64003898148889482  0.64791370742746324  0.65573614756077192  0.66352736443566740
  0.67250895010821143  0.68226587358185797  0.69336640328996879  0.70450949547300346
  0.71499136480550640  0.72555188727632214  0.73719413950709933  0.75039100912375734
  0.76251058208063038  0.77310522508535162  0.78352746568293363  0.79244020271186677
  0.79863693947387460  0.80533334633391140  0.81239983124377924  0.82078799637845201
  0.83038532582843005  0.84414230727044426  0.85727455108844730  0.87117323768016286
  0.88575552984273598  0.90121147206588392  0.91602462024706721  0.92991444669695245
  0.94375642105519419  0.95990207214045375  0.97920316360428705  1.00000000000000000
  0.55825913515182468  0.59628853551987071  0.61752187702653971  0.63700429637678135
  0.65039148290256632  0.66091952724351322  0.67033786195264344  0.67926404710209709
  0.68889923996136371  0.69881756915807591  0.70951209352456091  0.71898952953387674
  0.72738273053249802  0.73596082389193807  0.74541002860840788  0.75436127471188796
  0.76253411353875133  0.77039635826041730  0.77763044369288992  0.78449546475773035
  0.79138151062063977  0.79836341398169020  0.80496206025622463  0.81110364057598205
  0.81661088992796727  0.82159159570624696  0.82634277320648575  0.83131116389449566
  0.83634380183276724  0.84132857467517708  0.84612938986860575  0.85113278586547536
  0.85630303498178439  0.86037035495060310  0.86401591212114670  0.86750714806606222
  0.87107633516088212  0.87462919586105292  0.87790138354440561  0.88107520508584003
  0.88452595173308957  0.88796802490201809  0.89158841138161604  0.89507307137779879
  0.89841533467884271  0.90194374752988693  0.90532854646708838  0.90885082700634590
  0.91204897917786520  0.91509971369147480  0.91784154174829202  0.92029861758798981
  0.92269436651075809  0.92507815111199709  0.92699040563340684  0.92889037277960784
  0.93093624547656006  0.93294682061751033  0.93504610362303431  0.93772263078924267
  0.94008801860115854  0.94208064008759740  0.94386306609136850  0.94560047784637113
  0.94719243061808600  0.94910259145080866  0.95120204811803610  0.95370968075767582
  0.95623568840190054  0.95862726703774326  0.96087091852649631  0.96297178561270436
  0.96498330743127092  0.96691785552416953  0.96874218609799190  0.97044294252850549
  0.97222006201472455  0.97411961445505313  0.97562613156151801  0.97713554055054819
  0.97857074374921604  0.97994966025430319  0.98143611905137140  0.98302380466677941
  0.98466588327854876  0.98631388483489035  0.98783755762472369  0.98899835150323734
  0.99016637552568676  0.99134745605830388  0.99249887670665571  0.99361752219756350
  0.99506252989168353  0.99672957073817769  0.99841870870402605  1.00000000000000000
  0.01235266779657022  0.13261295017076999  0.16864826816933304  0.19500742893494794
  0.21318701982061433  0.22963469632526715  0.24066428131947140  0.24620217480335888
  0.25176887382456858  0.25737351047531598  0.26288535680682090  0.26819071429653796
  0.27456500883708485  0.28608863202263657  0.29708654113518834  0.30689348729447102
  0.31597722552617113  0.32383233740591333  0.33205297335616962  0.34080829544041291
  0.35007241723260263  0.35795333371040111  0.36496535700797383  0.37150851850029021
  0.37734903660833174  0.38289901153143058  0.38819160508855899  0.39304428377842260
  0.39764763240280798  0.40227982829544867  0.40736062700605818  0.41298176716297652
  0.41842265519141170  0.42410129653831352  0.42945317425644330  0.43442171789342254
  0.43930336593180813  0.44441983490593540  0.44870352847545647  0.45328336753527593
  0.45797833194174720  0.46281025976926582  0.46770753545237137  0.47292217005909748
  0.47826656708374615  0.48383613682338616  0.48945676395180171  0.49457733578561258
  0.49903797494223517  0.50293690928691048  0.50655920498056373  0.51026065083298633
  0.51474980882906540  0.51975345128884065  0.52548034781826791  0.53159935523749713
  0.53792800291978426  0.54282906269582487  0.54702990603912560  0.55118295612828527
  0.55573148824999619  0.56051147717593219  0.56654644374824570  0.57297011010103427
  0.57895608467923598  0.58444213127522260  0.58971678367444680  0.59511709451216110
  0.60070190430628612  0.60601876729048343  0.61076595170812209  0.61647635596756400
  0.62296746767565159  0.63061461724748291  0.63721026368438660  0.64312759270779873
  0.64889506297808386  0.65426795114924130  0.65963005634580629  0.66517522308488786
  0.67236048275293603  0.68051473588279177  0.68951975554324341  0.69969417625419605
  0.70933297851648314  0.71882938046193512  0.72797794250298531  0.73817329580921309
  0.75008394330735917  0.76305623027231906  0.77321903446192775  0.78231131140613164
  0.79149381568579058  0.80304197333042870  0.82208845982494816  1.00000000000000000
   1.2893587615243185E-005  -1.0000000000000000     
 F F F F F F F F F F F F F F F F F F F F F F F F F F F F F F F F F F F F F F F F F F F F F F F F F F F F F F F F F F F F F F F F F F F F F F F F F F F F F F F F F F F F F F F F F F F F F F F F F F F F F F F F F F F F F F F F F F F F F F F F F F F F F F F F F F F F F F F F F F F F F F F F F F F F F F F F F F F F F F F F F F F F F F F F F F F F F F F F F F F F F F F F F F F F F F F F F F F F F F F F F F F F F F F F F F F F F F F F F F F F F F F F F F F F F F F F F F F F F F F F F F F F F F F F F F F F F F F F
  <DiscreteSampler_grid>
  grouped_processes
  1 # 1 for a reference and 2 for a running grid.
  10 # Attribute 'min_bin_probing_points' of the grid.
  1 # Attribute 'grid_mode' of the grid. 1=='default',2=='initialization'
  0.0000000000000000 # Attribute 'small_contrib_threshold' of the grid.
  0.5000000000000000 # Attribute 'damping_power' of the grid.
 # binID   n_entries weight   weight_sqr   abs_weight
    55   10   5.794321179377862E-001   1.317233419203653E+000   5.794321179377862E-001
    58   10   5.060713971776907E-001   8.970057575867564E-001   5.060713971776907E-001
    59   10   5.060713971776912E-001   8.970057575867587E-001   5.060713971776912E-001
    76   10   3.003152344837207E-001   2.022355992318104E-001   3.003152344837207E-001
    77   10   3.003152344837207E-001   2.022355992318101E-001   3.003152344837207E-001
    85   10   3.466984774977136E-001   2.170811869205090E-001   3.466984774977136E-001
    86   10   3.466984774977137E-001   2.170811869205089E-001   3.466984774977137E-001
    88   10   3.576873908806470E-001   2.228552641773915E-001   3.576873908806470E-001
    89   10   3.576873908806472E-001   2.228552641773916E-001   3.576873908806472E-001
    91   10   1.643036983565609E-001   5.149710235902882E-002   1.643036983565609E-001
    92   10   1.643036983565609E-001   5.149710235902880E-002   1.643036983565609E-001
    94   10   2.954658618992307E-001   1.696696823106079E-001   2.954658618992307E-001
    95   10   2.954658618992309E-001   1.696696823106078E-001   2.954658618992309E-001
    142   10   1.643036983565609E-001   5.149710235902882E-002   1.643036983565609E-001
    143   10   1.643036983565609E-001   5.149710235902878E-002   1.643036983565609E-001
    148   10   2.992151279579105E-001   1.830277013375169E-001   2.992151279579105E-001
  </DiscreteSampler_grid>
