  0.00359657564720828  0.01037188470212400  0.01784914815007957  0.02522666034142696
  0.03111091163907865  0.03583171944089591  0.04214425944960096  0.05199653203993704
  0.06506338200195214  0.07610428886775249  0.08455583029159464  0.09203063435635774
  0.10011139226434955  0.10985273018069128  0.12023941479292741  0.12905067986708729
  0.13677131694590047  0.14495758497930217  0.15399613514336308  0.16275138287686533
  0.17058018348278953  0.17947883715666765  0.18827007670135124  0.19740833924878101
  0.20695782721612205  0.21710502602330922  0.22771483606813614  0.23858420814086417
  0.25136653155534128  0.26445590757434817  0.27631867521481424  0.28755801109303042
  0.29894544487333785  0.31075619439281882  0.32295773908538877  0.33572874249955043
  0.34823291759454328  0.35901064678997557  0.36863069994968112  0.37824508929277179
  0.38963831436071894  0.40361525004067228  0.41765641646138946  0.42883417501791454
  0.43928726049911831  0.45033931397005056  0.46236453985572812  0.47403757158509785
  0.48503716028341415  0.49590969003028995  0.50661428256657770  0.51707710435703602
  0.52730256298398603  0.53805178047122737  0.54926739168113214  0.56048530489230586
  0.57177689880911431  0.58273628880101336  0.59333055456334782  0.60433272560984852
  0.61667932658236779  0.63000123654481821  0.64275034548574850  0.65544307374980715
  0.66836004353709666  0.68196129157053353  0.69454266374704177  0.70730232550293837
  0.71915245545107809  0.72941593693658335  0.73939523044846855  0.74825463905219847
  0.75728821041740368  0.76767022442982746  0.77721367473416403  0.78609434597188521
  0.79533115104567809  0.80519344351003308  0.81453581046373480  0.82391517433987749
  0.83342534842309324  0.84216913753968292  0.85256914803141015  0.86210102991898996
  0.87238433891475597  0.88411388601610064  0.89645485489476917  0.90853614270854488
  0.91948307368237869  0.93033798032974357  0.94151409581849288  0.95230621488596978
  0.96199402566763192  0.97134859086146574  0.98314666762774494  1.00000000000000000
  0.00004195785258073  0.00006791369749417  0.00008217910489485  0.00009346191273583
  0.00010267293046695  0.00011096216866946  0.00011900881318474  0.00012647355330360
  0.00013414241945606  0.00014169753423255  0.00015069873510096  0.00016165435475808
  0.00017299423999043  0.00018503449606116  0.00019741395916916  0.00021024860145296
  0.00021991786462934  0.00023039939380083  0.00024121126770326  0.00025246122436870
  0.00026425704235071  0.00027757390020193  0.00029265425875392  0.00030921255535688
  0.00032613635861229  0.00034271356918133  0.00035964500384187  0.00037810860316330
  0.00039956010423743  0.00042286204543457  0.00044366374935830  0.00046280487933357
  0.00048178363765224  0.00050367528956762  0.00053010246262289  0.00055615062310054
  0.00058002756857940  0.00060322893710423  0.00062807447702180  0.00065437901699208
  0.00068259636928071  0.00071565586559590  0.00075525693215981  0.00079475326140876
  0.00082757940845152  0.00085820826984111  0.00089261500503382  0.00092644688099836
  0.00096278168262381  0.00100197180182112  0.00104509408336390  0.00109042360073337
  0.00113174210676008  0.00116942870480061  0.00123486416985105  0.00131184561050391
  0.00139244847577494  0.00146939614470934  0.00154897440920970  0.00163197548559814
  0.00173307231868925  0.00185107248580793  0.00197239740228413  0.00209510887249445
  0.00222997624218658  0.00238029177924514  0.00260394835252288  0.00285338717351033
  0.00308443464509744  0.00331360021598473  0.00355794930249934  0.00386516914907547
  0.00422094984681461  0.00459421058495099  0.00493287971903273  0.00520134954257493
  0.00543579494631715  0.00578113735859578  0.00612292672408209  0.00645660128930350
  0.00678841751429071  0.00720867220947176  0.00758366567368883  0.00802349305915987
  0.00866394986534947  0.00952659744040941  0.01056561365423450  0.01163409694633235
  0.01320318921021070  0.01410347405521374  0.01577658135481637  0.01807499658161322
  0.02260526948032602  0.02925292692154613  0.03734944202304565  1.00000000000000000
  0.00267319888320083  0.01387745380430519  0.02787924786464156  0.03833385436565277
  0.04921410758298477  0.05821515093705569  0.06779503820509238  0.07778498654718041
  0.08935944091845448  0.10258735038102046  0.11678482676774504  0.13052708397752580
  0.14392912580631487  0.15631071151386136  0.16588520263915238  0.17496886438609344
  0.18564091659220081  0.19657501321680082  0.20737889475810628  0.21753092108025326
  0.22867314174591438  0.24090609961394419  0.25283054105025871  0.26390701042987208
  0.27543816847460328  0.28796241438882969  0.30115629587899828  0.31449059411876373
  0.32681527144368228  0.33798216860449376  0.34799728702561533  0.35735132788915330
  0.36714390597381541  0.37725846066735153  0.38679296912757105  0.39625807342852426
  0.40577319097250480  0.41631714150647692  0.42942862305076535  0.44341553989504384
  0.45590657385713385  0.46696038040986931  0.47713228834673399  0.48695827428402244
  0.49687635897585053  0.50710796669934122  0.51800086803622070  0.52937061788237139
  0.54108620753532577  0.55238416832949899  0.56297112035824004  0.57356076409434087
  0.58337624839726365  0.59293483938916181  0.60223100320036904  0.61086795265802163
  0.62032240703522501  0.63026021091706497  0.63976562263042935  0.64960088138472616
  0.65889083853903774  0.67143558277546234  0.68380800612716963  0.69495192268899708
  0.70613993053178403  0.72035497206824861  0.73372816155726184  0.74580413684596492
  0.75694649009466752  0.76675525443727266  0.77526397104993916  0.78367680532709383
  0.79166761973264799  0.79924487421330093  0.80745402399740829  0.81518614742649420
  0.82306652542411440  0.83082832725544364  0.83972761355226022  0.84869954855432239
  0.85715830932487169  0.86700516712156639  0.87841244612669622  0.89077882519642460
  0.90239015150158874  0.91207849138997110  0.92210301058264321  0.93184641696955173
  0.93968211622253561  0.94718821940651110  0.95276744028644711  0.95968152594497802
  0.96638954675345623  0.97498782553303254  0.98576359514906120  1.00000000000000000
  0.00001954151622584  0.00002065472528864  0.00002118439021955  0.00002188856757440
  0.00002286940139398  0.00002403519328718  0.00002504964338535  0.00002592368237605
  0.00002678938076722  0.00002781859491125  0.00002901617708145  0.00002989604196249
  0.00003054472809473  0.00003134037210948  0.00003229358309665  0.00003339518420181
  0.00003470432385298  0.00003631648897064  0.00003793107030109  0.00003951255775094
  0.00004117153596707  0.00004300434485739  0.00004495966431829  0.00004679389893504
  0.00004864819524468  0.00005049114877379  0.00005218621299019  0.00005377171995651
  0.00005527316855103  0.00005682687734659  0.00005840575411293  0.00006055410984868
  0.00006318185155772  0.00006670337952343  0.00007139133771699  0.00007660946632758
  0.00008170705612107  0.00008713932384737  0.00009386821130856  0.00010303351715907
  0.00011367322760721  0.00012630723032099  0.00014126978016211  0.00015833300625510
  0.00017607011679971  0.00019672752685158  0.00022157199278830  0.00025230744305865
  0.00028488964577548  0.00032074235026052  0.00035498221382876  0.00038872475273184
  0.00043075667963155  0.00048717528327266  0.00055506275820523  0.00063142889302598
  0.00071668686488150  0.00080852688952292  0.00091009533441882  0.00102316932628651
  0.00114010767221831  0.00126741842554083  0.00141487256207170  0.00157904639650310
  0.00178306017622432  0.00196754516751686  0.00215830268281037  0.00236681954950814
  0.00263606710944272  0.00296110774867955  0.00331147767106136  0.00364880736752602
  0.00399276806824508  0.00435108455517141  0.00476200936826994  0.00520198922088180
  0.00569533933632130  0.00611566733497256  0.00670050337963416  0.00741915579788752
  0.00818433771789990  0.00878716878453873  0.00933284426236264  0.00995312359676285
  0.01068934241825941  0.01094487609115784  0.01121556536408729  0.01152049241034553
  0.01187462496220119  0.01245597531565148  0.01307705671247682  0.01465537261235214
  0.01808290932738085  0.02428888992391831  0.03736125500988675  1.00000000000000000
  0.00000592658566326  0.00000776570702443  0.00000851715747623  0.00000934520293841
  0.00001021325278876  0.00001154668509077  0.00001347794936997  0.00001536462560993
  0.00001705622300295  0.00001863960241624  0.00002019411634903  0.00002185340883179
  0.00002361823644323  0.00002597532015196  0.00002846775436507  0.00003075365568428
  0.00003303339593397  0.00003564397059817  0.00003854541606871  0.00004157201089761
  0.00004466513763469  0.00004741909487935  0.00005033331464498  0.00005351003483333
  0.00005705610559257  0.00006093727409693  0.00006562855433394  0.00007074107587515
  0.00007695781721414  0.00008303567748766  0.00009003815439231  0.00009776506191587
  0.00010701845299963  0.00011627979623192  0.00012691603582074  0.00013948565563396
  0.00015255171094436  0.00016855923480971  0.00018474893324803  0.00020262592646472
  0.00022250940185751  0.00024526941297428  0.00027035072963368  0.00029781564212134
  0.00032875425413007  0.00036392611788045  0.00040050057990439  0.00043799446597934
  0.00047849497698664  0.00052312980743047  0.00056931180131527  0.00061138557760875
  0.00065266437533275  0.00069880069199904  0.00075416814186563  0.00082045301407581
  0.00088459868322110  0.00095078461159287  0.00102494869103112  0.00110802079376312
  0.00120226028672375  0.00129242077292356  0.00137655437455805  0.00145897122144073
  0.00155237863609061  0.00165795343878020  0.00178722108844805  0.00192437357284424
  0.00206932393811213  0.00222420698206222  0.00241203235239656  0.00261592157546727
  0.00282286540226551  0.00300922888712311  0.00319503771206981  0.00336646488878577
  0.00356875455739968  0.00382932581856597  0.00410435933671594  0.00434939206338444
  0.00455849880710311  0.00480306693499536  0.00507370148247475  0.00536517024970712
  0.00561224610849050  0.00581292981131093  0.00620571819596388  0.00662112028304387
  0.00706157189256166  0.00760830527133029  0.00812383876851230  0.00854545373417081
  0.00896105684399860  0.00971200447430922  0.01648302277711718  1.00000000000000000
 -0.00345040773375910  0.01536519509104415  0.03013172187646462  0.04469044401390694
  0.05806980048755726  0.07393348719043949  0.09073853429435673  0.10462680886908149
  0.11839085164773117  0.13136967663737750  0.14587000108058062  0.16035298957918240
  0.17510535071465380  0.19001831702592023  0.20562664464030955  0.21968384926542645
  0.23110987578905243  0.24088519241355741  0.24957298212253259  0.25789319699347624
  0.26784863534641223  0.27771183244177017  0.28826372760136543  0.29873578582854887
  0.30906731341457910  0.32010022597400389  0.33104127782673626  0.34157513564800918
  0.34963108669525528  0.35861555884716384  0.36696326798127515  0.37531822519702990
  0.38513336628291700  0.39599158552742542  0.40581417681136600  0.41565975755045298
  0.42502060386849727  0.43506696284428603  0.44530871140989914  0.45537032933975169
  0.46419765542453290  0.47371924536506377  0.48039161129044444  0.48649154480195955
  0.49274464827207387  0.49878775299211825  0.50562684049527384  0.51273656430226688
  0.51989268242463405  0.52804045231053187  0.53710857881317753  0.54603056153473439
  0.55613881714008595  0.56572426063723902  0.57399512015430354  0.58154524831049181
  0.58857574710831584  0.59562370751950455  0.60309570977970695  0.61256395518255724
  0.62238074919406383  0.63211634354280299  0.64069633330462961  0.64945189994696750
  0.65888298987103600  0.66957389697570990  0.68036277040117665  0.69025402344169617
  0.70027132328583952  0.71044465512224397  0.72058825336609489  0.72977550796921198
  0.73835636951289674  0.74671565422057562  0.75535114947735560  0.76549874303637044
  0.77602120386662443  0.78844491976903652  0.79958755394266734  0.81000474053934113
  0.81951246752073026  0.82947577674094097  0.83998405648644070  0.85076972671917628
  0.86212672344413599  0.87405004242920048  0.88947429369670183  0.90129601863605791
  0.90955429683726785  0.91729279769384375  0.92679112447525069  0.93875224041398375
  0.95099982683091122  0.96399763959524054  0.98131983028463354  1.00000000000000000
 -0.00391730984755856  0.01233422086562288  0.02623843593513089  0.03953768603416677
  0.05169058755601556  0.06168168428701254  0.07197709043028434  0.08295008103504405
  0.09408159314831567  0.10475159117405711  0.11591956244537573  0.12635496861670570
  0.13629143750381084  0.14547942316076623  0.15405822101980890  0.16337593264939482
  0.17234467920038271  0.18001810355283335  0.18709688029484034  0.19477184184097598
  0.20330043722741303  0.21112842896107384  0.21990108878386838  0.22985327539405676
  0.24131106362256025  0.25555407655378065  0.26941670723983191  0.28152324860970673
  0.28965040169447664  0.29872973582522383  0.30764184958388996  0.31792631007733996
  0.32897325093282348  0.34040438553272095  0.35077209936009690  0.36120166642336754
  0.37203243919619411  0.38312172233723912  0.39406566561306455  0.40451936298822277
  0.41511186147013907  0.42489742205139863  0.43510250119769267  0.44471842882045987
  0.45285590951111099  0.46055557548306425  0.46767242059297737  0.47442562721641207
  0.48152992642019826  0.48901636175843421  0.49719437727344462  0.50852957699305901
  0.52335512928741368  0.53553925928329804  0.54656567393972022  0.55690911896392425
  0.56714999167587277  0.57685656566415788  0.58652000678378424  0.59533164822698292
  0.60325089677035559  0.61098403700347725  0.61890577876813235  0.62779585996300480
  0.63834339539297047  0.64988585311833569  0.66458502435676803  0.67717854194016591
  0.68960628600191531  0.70033006578315160  0.71191402274486515  0.72304023510501503
  0.73552735081619136  0.74908203912531013  0.76276144666012757  0.77553387255228734
  0.78672523178026199  0.79650810852585863  0.80595831578490729  0.81547324984367842
  0.82442173578430955  0.83286707338831845  0.84248561470713590  0.85328007945791395
  0.86498570521101525  0.87734177884081188  0.89043495481400992  0.90407851976248610
  0.91557347196019945  0.92779552932444309  0.94003738741431964  0.95326131111321599
  0.96559003258851628  0.97781673346367448  0.98898306795432500  1.00000000000000000
 -0.00160548743956892  0.00587392799988203  0.01229792262249054  0.01792749087910576
  0.02258013769791889  0.02658320454622470  0.03104762437100259  0.03595426422080918
  0.04140047924790174  0.04763784107670288  0.05387361696878539  0.05984584357652376
  0.06577907021192139  0.07216963397782196  0.07874305526084470  0.08571288266251799
  0.09305279423017603  0.10059659671274021  0.10813755018462326  0.11564537442695269
  0.12310590507776409  0.13086746096080898  0.13938329589544354  0.14747219760084168
  0.15401910598179316  0.16000487768598315  0.16592399941835581  0.17285741417880218
  0.17901347720412461  0.18675376435572139  0.19444739883695011  0.20232770482555959
  0.21108335181639540  0.22094415747049551  0.23085012026163618  0.24201836440887056
  0.25311708670043770  0.26446376462959942  0.27609091303536426  0.28584826370200023
  0.29524967162642463  0.30503720227456793  0.31566243441313779  0.32762850148658201
  0.34151906734505116  0.35612533326197515  0.37051182513716668  0.38522657218925443
  0.39994065209645474  0.41392625471934236  0.42323698587346598  0.43023852806901008
  0.43741209466964709  0.44688313561267268  0.45696090813895807  0.46680592864711073
  0.47603197561926186  0.48484456490461059  0.49347992945023389  0.50382001728425552
  0.51890877023641113  0.53448437641273172  0.54894847030467553  0.56328240156697806
  0.57858469722014305  0.59411161779728916  0.60789014592079260  0.62121403267889441
  0.63469985358469061  0.65017609403073007  0.66507862153733088  0.67873860446089096
  0.69176329098280975  0.70468138343893383  0.71862975101017545  0.73339584052379059
  0.74886945861301379  0.76798118839983909  0.78358018600124180  0.79915260903598484
  0.81433203401071885  0.83045676911113431  0.84469170593774479  0.85711592136858628
  0.86791016143414290  0.88068266019136665  0.89396124409542277  0.90767064711276213
  0.92132590157984073  0.93502631136802994  0.94823383729374322  0.95882717455201460
  0.96731419873680957  0.97582982285868458  0.98626985206963125  1.00000000000000000
 -0.00143223763680352  0.00740986917444806  0.01525064837976836  0.02376735338743033
  0.03373340733256745  0.04438204854836769  0.05373710117558160  0.06202912330086486
  0.07005841656872740  0.07909616085000556  0.09039338495775892  0.10182969786383871
  0.11178180599352755  0.12125847186456704  0.13106634250678087  0.14196178693591399
  0.15311325462917288  0.16426503765795300  0.17560388520241144  0.18592135075459992
  0.19570060530750030  0.20515407769322438  0.21474363086491302  0.22640754869970411
  0.23896145239984543  0.25224355560228323  0.26528207408645116  0.27747230453036409
  0.28827939154107779  0.29884500643087025  0.30978195415934107  0.31940718737433665
  0.32737754431581945  0.33530767640312781  0.34469689734742093  0.35466741413600372
  0.36312310660219294  0.37046894744195463  0.37987223644871404  0.39247611380169090
  0.40621351312209653  0.41939380742983229  0.43224126513184974  0.44437592425159755
  0.45517112731542175  0.46499623149716002  0.47443461266934805  0.48365972878159280
  0.49428701077454523  0.50675218659418075  0.52053192387955294  0.53452276905430829
  0.54611178401621441  0.55671098158141097  0.56568053000915508  0.57531934508741678
  0.58687257865033216  0.60007643063705007  0.61094862269563033  0.61945659842955381
  0.62796743241594188  0.63534924952249450  0.64265361217475991  0.65002886779584468
  0.65702615754992644  0.66447833143233659  0.67461075859317277  0.68716416643953593
  0.69979521436512127  0.71296552254997370  0.72523042621399469  0.73676031733636138
  0.74786491032729330  0.75938972553414763  0.77024261949419992  0.77898980586428468
  0.78746766823557279  0.79631841569007089  0.80527318106821177  0.81405204388234231
  0.82402156757402023  0.83430948652853565  0.84528278180900562  0.85722653423494555
  0.86813637481184458  0.87860501508800437  0.89057595955985158  0.90288921047818627
  0.91880114824001313  0.93147680544366707  0.94328559330439121  0.95378280110243507
  0.96436804824742794  0.97567506085174804  0.98735299256464859  1.00000000000000000
 -0.00309286632836845  0.01289219953256734  0.02617034030620051  0.03838926103855836
  0.05217395280823203  0.06573396944842667  0.07969440340125278  0.09371162711266239
  0.10580789453128382  0.11562607753492922  0.12397521684318595  0.13185957237658669
  0.14031338683505226  0.15041434472718362  0.16182763947335416  0.17405945779093818
  0.18566056669234127  0.19737628905393739  0.20873817189709243  0.22013606878418349
  0.23197804277914158  0.24264116951978240  0.25336913991557652  0.26399092067391733
  0.27520716171349097  0.28821073845280210  0.30176299963134939  0.31366055772236912
  0.32291605678469215  0.33178817221962781  0.34063434277506466  0.34918233372274599
  0.35853974497484220  0.36734316909480796  0.37548074085089517  0.38198009368209090
  0.38880087453055134  0.39574364716859323  0.40368218093774910  0.41328665029884731
  0.42192647967599789  0.42977114849314291  0.43847507282968895  0.44962285670227659
  0.46147725403340822  0.47316241831386641  0.48482106488718796  0.49727914209003499
  0.51033373882596600  0.52145791859830737  0.53121218833385320  0.54105935438549402
  0.55139850886105735  0.56150977545054037  0.57156444605065482  0.58216036830206963
  0.59292396113791190  0.60273890355385895  0.61261652621995055  0.62321721827367083
  0.63502556923259368  0.64701515690648104  0.65830751458811831  0.66915377348991711
  0.68008224581740850  0.69192532564016973  0.70572282567443045  0.71946447426114757
  0.73272336971626317  0.74548838362972880  0.75703899911915362  0.76871943985551028
  0.77978127972545153  0.79168604554402444  0.80282573138132296  0.81433025557231886
  0.82518407387128745  0.83455548446672467  0.84195374938012912  0.84957522769511862
  0.85673925921905947  0.86389584195596469  0.87152209870000152  0.88026618276048241
  0.88898573476294385  0.89521848167573648  0.90366385776385139  0.91241071927937800
  0.92065889953626789  0.93005113835498765  0.94127002520768255  0.95423364008016165
  0.96632022610006429  0.97726629917236152  0.98754252914366658  1.00000000000000000
 -0.00370307839269762  0.00965099550914640  0.02101744166136364  0.03159991550208545
  0.04346225681201495  0.05490419166727527  0.06565953839885413  0.07516340667101118
  0.08526324791182460  0.09706534199166285  0.11006262094193306  0.12258191551130068
  0.13524376818197420  0.14818630553297074  0.16048594071201430  0.17174743792837063
  0.18284231835672646  0.19364932767138032  0.20544291137364556  0.21731831542150465
  0.22630649740806913  0.23537808184895387  0.24425840208221192  0.25552671922361292
  0.26868221682389126  0.28031480816294641  0.29076531865241456  0.30157847053908671
  0.31372477902564533  0.32673776605998406  0.33877579627339349  0.34938655327356716
  0.35959033635344945  0.37050331571702405  0.38003275306397788  0.38734343205320709
  0.39445251903353712  0.40312227349621865  0.41247484475915103  0.42205823604490789
  0.43153501503357394  0.44208476487240445  0.45394139616897011  0.46553144862338813
  0.47690124002831480  0.48807488677430610  0.49920513975736258  0.50941303731769672
  0.51882679429320999  0.52809057485085231  0.53715364394603649  0.54629911511587725
  0.55587921860333311  0.56731243077599192  0.58042940228266193  0.59504345640572853
  0.60812293284889207  0.61871723498051689  0.62821877748432897  0.63730831617327310
  0.64686158038230668  0.65750301349606188  0.66742368789016471  0.67660185215916913
  0.68722838341302139  0.69759546159131147  0.70786428670290547  0.71841054287048933
  0.72874380159629770  0.74100946015602398  0.75369198861297582  0.76510978093020066
  0.77622421115857954  0.78599991507071987  0.79471641018718031  0.80341075238902715
  0.81270900580796834  0.82359093376132475  0.83243950029312075  0.84005067047799420
  0.84744946370599528  0.85456877581760227  0.86133930658623381  0.86808541364203329
  0.87567981702126163  0.88551499988790561  0.89695878383852701  0.90927295239895300
  0.92094159256983954  0.93224652071794567  0.94378974154794892  0.95587663719748228
  0.96728246419387487  0.97819148247527843  0.98895917561317970  1.00000000000000000
 -0.00343933724782686  0.00914392244159007  0.02128025764393547  0.03385392827914615
  0.04765468364943572  0.06098728148134203  0.07403409809317676  0.08776345170680831
  0.09979440829233348  0.11158948597474359  0.12311756306186690  0.13524398763920309
  0.14819563624409016  0.16016666806614069  0.17270302374243957  0.18435635823564575
  0.19489446490989015  0.20502791064298356  0.21389005682311801  0.22290030346195228
  0.23166852227749007  0.24110655184828772  0.25138003538216691  0.26116077526195175
  0.27028867516487515  0.28037941388589144  0.29184458221457349  0.30244831676958833
  0.31254360867883002  0.32385111590609966  0.33646283300194019  0.34784647302841448
  0.35747112305971890  0.36721292781113302  0.37747108707288124  0.38847802502531076
  0.39915764436549883  0.40853603064294791  0.41826411565322907  0.42866726950506695
  0.43860926746076417  0.44878318481487789  0.45757743611932661  0.46712046363204529
  0.47777374535968553  0.49167700004373227  0.50557292686638156  0.51771544694880256
  0.52890446478623232  0.53938313319913189  0.54958012041607185  0.55939810395713352
  0.56825958153455824  0.57702073749820448  0.58571682278217918  0.59455317210063319
  0.60322967919782333  0.61316783228986194  0.62264377719475139  0.63282441449166671
  0.64482544987105772  0.65710165074952054  0.66830945809052222  0.67703007477201138
  0.68464932494695530  0.69243316954273426  0.69956968902900241  0.70757979917024483
  0.71519156895283520  0.72420902612311988  0.73370215791977256  0.74297858559468577
  0.75200174013546495  0.76201748042023798  0.77444122490957434  0.78735918706668895
  0.79923785392547686  0.80947768891641669  0.81930769592852026  0.82970661360825793
  0.84063393912603279  0.85176856870525142  0.86238993158256894  0.87028521876206777
  0.87943877432001250  0.88905364959380762  0.90018030437093066  0.91123507041943497
  0.92184474567252439  0.93238737319903675  0.94385172238123261  0.95531636245566176
  0.96676933443890845  0.97811103951519363  0.98900696840506597  1.00000000000000000
  0.00000564796464414  0.00015441312394815  0.00031672653690112  0.00047376721893077
  0.00061001197478747  0.00068775524360405  0.00077480031000681  0.00086285496700965
  0.00094690313215588  0.00102763486345039  0.00110663462978442  0.00118070647108955
  0.00125256359649338  0.00132398558928033  0.00139869607393930  0.00147301899118756
  0.00155154034510833  0.00164371910638017  0.00173836215437529  0.00182560705170894
  0.00191526717049647  0.00201441025573761  0.00211518855386863  0.00222989395047799
  0.00234654264043485  0.00246349514009114  0.00258022427550852  0.00269898249226207
  0.00281960230531852  0.00293893430666615  0.00306246133841958  0.00317921124739496
  0.00330373226804433  0.00342009375089749  0.00354341212328793  0.00364735883695670
  0.00375017043583580  0.00387025810947440  0.00401369821740102  0.00417888569944855
  0.00434112156420950  0.00447514552198565  0.00457187385074713  0.00465039113572824
  0.00474388592337590  0.00485074302534561  0.00495156783586277  0.00506438670867968
  0.00523867991944038  0.00541445750625548  0.00560840063657466  0.00582243282944755
  0.00604812324898473  0.00626651592801131  0.00646851994893851  0.00670714108300567
  0.00704143837762830  0.00743521426178522  0.00774447709532052  0.00802993165206983
  0.00826742636233606  0.00854333367067002  0.00887559683899821  0.00918890389324351
  0.00942074416765576  0.00964466495981754  0.00982209388313715  0.00995796026780726
  0.01010755339058808  0.01026341715376798  0.01043090270541696  0.01058176863723134
  0.01072605355405444  0.01096537569023787  0.01121878057199373  0.01148408545549999
  0.01176284800366617  0.01237373854207267  0.01315289481998209  0.01426828714945380
  0.01547882631850846  0.01608760024117450  0.01697155740284189  0.01755349317424203
  0.01806199165973567  0.01864459339896186  0.01937561876295850  0.02057800211612396
  0.02114995076114316  0.02174218475597025  0.02241503184603445  0.02475638034729711
  0.02751591404702524  0.03134451166956582  0.03904030500849400  1.00000000000000000
 -0.00113213441301351  0.00466031178371036  0.00860769823123698  0.01274924391804575
  0.01735671304691800  0.02151638311415279  0.02574105449125349  0.03046240350120561
  0.03502788374769903  0.03941871229957986  0.04625536581998895  0.05647390411426789
  0.06609212362291352  0.07538935130550450  0.08435887227706904  0.09179961913473957
  0.09932517302648558  0.10695884713245121  0.11494719572254251  0.12382070515304482
  0.13313363643930765  0.14221530434835655  0.15187778379513622  0.16110921244105086
  0.17027310008375349  0.18023696262919181  0.18985703454780892  0.19915924032862731
  0.20797612994747980  0.21539536668543091  0.22385022264980653  0.23230818937855877
  0.24283929718943875  0.25403776589292310  0.26547059285452712  0.27581130625919636
  0.28746545264386203  0.29981790761776045  0.31301716348369535  0.32753453999475762
  0.34237781311044579  0.35691719358294882  0.37189104267364587  0.38610277715078861
  0.39864439520990091  0.41011497165099375  0.42153245950508755  0.43347054537340735
  0.44569518995939844  0.45859349817077677  0.47309021441158605  0.48752637574813629
  0.50224871744481348  0.51945716059965630  0.53879961875550964  0.55771186755329305
  0.57562544275135952  0.59325966835186505  0.61056846851061652  0.62748273550350875
  0.64452974461861468  0.66086424566852431  0.67651498148629818  0.69322787848730416
  0.71108621631124835  0.72802567334148749  0.74217651240159688  0.75378991813593732
  0.76467124872805292  0.77575709321515829  0.78818058979747352  0.80221741745083974
  0.81565162407157121  0.82773905921920732  0.83894345160005912  0.84975684727386847
  0.86075884931154056  0.87157071022692956  0.88139306976655074  0.89043354161183719
  0.89843724561021754  0.90513810819737928  0.91105413688888925  0.91732490376857301
  0.92399584249488143  0.92903006851008196  0.93353083459241215  0.93811661076786323
  0.94274728480614378  0.94854580914719278  0.95526980836429809  0.96312412568778261
  0.97258793000913246  0.98174593172556601  0.99075254280893821  1.00000000000000000
  0.54207113994421674  0.65582296808524643  0.69000168143551288  0.72103612562481101
  0.74609643552222304  0.76247300714090038  0.77463105074938332  0.78649999292287531
  0.79762812294030627  0.80799058288950087  0.81717983866468635  0.82500053748377988
  0.83246682150432671  0.83996852324603721  0.84676506956774722  0.85267487384087415
  0.85779301099616789  0.86262265502705104  0.86784083532906864  0.87300523357073156
  0.87784959570256227  0.88217080993095376  0.88605415048602365  0.88947347926182618
  0.89258804538670011  0.89546267555221526  0.89806422923144369  0.90074680307002519
  0.90355865339555574  0.90659105473028745  0.90944937861772590  0.91201960036575380
  0.91467760207995641  0.91753119339721023  0.92020215862758170  0.92236507897768683
  0.92414221797831031  0.92602496763043163  0.92807404582268738  0.93025624430440745
  0.93249917724529652  0.93519870441511777  0.93788412129078091  0.94003734302371955
  0.94156985580549546  0.94304996795845930  0.94452402378597744  0.94605486614554812
  0.94800780027025444  0.95006388752554338  0.95207086820406650  0.95408081578551451
  0.95616585943837507  0.95812170090182947  0.95961744220852319  0.96088394731646609
  0.96220204673466059  0.96358259869099627  0.96502111040319583  0.96622922201275618
  0.96711952584441319  0.96809053776460274  0.96908707490205337  0.97017412549225790
  0.97143489656371762  0.97272308779199568  0.97376872986368901  0.97481597968536260
  0.97579206108827099  0.97681450943925985  0.97794013231159971  0.97897787883312781
  0.97988677057774509  0.98063622437096509  0.98140601612370459  0.98220348497792587
  0.98305705065541238  0.98397334543598214  0.98489211285575462  0.98577881621719687
  0.98663378085536158  0.98744922324779882  0.98822945406886464  0.98904930716754247
  0.98987197480299605  0.99071851688484314  0.99156215713085372  0.99238935143376239
  0.99315744269683415  0.99391394952158030  0.99468485558725284  0.99546850954102195
  0.99631525897792184  0.99729322505575235  0.99849668532463687  1.00000000000000000
  0.02308618657817237  0.12154666121134033  0.16992826605121597  0.19408273241563129
  0.21358583054270894  0.22913137620102175  0.24412776735434039  0.26043684276418566
  0.27490016438564963  0.28670310948877614  0.29661849948395941  0.30644369541842403
  0.31639146451597344  0.32797998551969987  0.33878718443606604  0.34800819221718521
  0.35619119138483868  0.36281171029841042  0.36926299959756770  0.37574151087504642
  0.38162749180297378  0.38766425552013073  0.39426744603061020  0.40110381491857694
  0.40804225086791673  0.41357262856236254  0.41876768509449935  0.42382502496927643
  0.42910504573151259  0.43546491085755190  0.44291892749632128  0.45118372235450838
  0.45991934809570073  0.46812959225644551  0.47570791298778808  0.48228812266946836
  0.48873914453007777  0.49506021227460323  0.50200026461492364  0.50864659208148488
  0.51500348599252121  0.52040643975805556  0.52592306710730097  0.53144428500647412
  0.53751590685868378  0.54351106445746566  0.54914484180271750  0.55460380761820482
  0.55997048855025244  0.56553971803605163  0.57191287566827975  0.57824905939583038
  0.58429486873944148  0.58976511172249135  0.59476975859416736  0.59846410511623771
  0.60185235197040898  0.60531227775336482  0.60889376798626049  0.61364196183928366
  0.61898908717607981  0.62474874175967277  0.63039486020601299  0.63597197547454143
  0.64197778164314445  0.64805694006384307  0.65432746168813671  0.66069834984255194
  0.66732548078627862  0.67432819041737502  0.68145706869357903  0.68816158449912679
  0.69496814180984845  0.70210837747275523  0.70920811248897786  0.71640485853581681
  0.72405916411412818  0.73114813420589186  0.73633379126413090  0.74228552567927586
  0.74835052443127703  0.75454116712439334  0.76060275178527437  0.76653141510583656
  0.77257681451064408  0.77927821774837935  0.78559367005954750  0.79104811173588718
  0.79751719410550193  0.80603309228599551  0.81667723916317858  0.83232133357693117
  0.85135254268888094  0.87281680621751268  0.91406654861804326  1.00000000000000000
   1.0333747581809817E-010  -1.0000000000000000     
 F F F F F F F F F F F F F F F F F F F F F F F F F F F F F F F F F F F F F F F F F F F F F F F F F F F F F F F F F F F F F F F F F F F F F F F F F F F F F F F F F F F F F F F F F F F F F F F F F F F F F F F F F F F F F F F F F F F F F F F F F F F F F F F F F F F F F F F F F F F F F F F F F F F F F F F F F F F F F F F F F F F F F F F F F F F F F F F F F F F F F F F F F F F F F F F F F F F F F F F F F F F F F F F F F F F F F F F F F F F F F F F F F F F F F F F F F F F F F F F F F F F F F F F F F F F F F F F F F F F F F F F F F F F F F F F F F F F F F F F F F F F F F F F F F F F F F F F F F F F F F F F F F F F F F F F F F F F F F F F F F F F F F F F F F F F F F F F F F F F F F F F F F F F F F F F F F F F F F F F F F F F F F F F F F F F F F F F F F F F F F F F F F F F F F F F F F F F F F F F F F F F F F F F F F F F F F F F F F F F F F F F F F F F F F F F F F F F F F F F F F F F F F F F F F F F F F F F F F F F F F F F F F F F F F F F F F F F F F F F F F F F F F F F F F F F F F F F F F F F F F F F F F F F F F F F F
  <DiscreteSampler_grid>
  grouped_processes
  1 # 1 for a reference and 2 for a running grid.
  10 # Attribute 'min_bin_probing_points' of the grid.
  1 # Attribute 'grid_mode' of the grid. 1=='default',2=='initialization'
  0.0000000000000000 # Attribute 'small_contrib_threshold' of the grid.
  0.5000000000000000 # Attribute 'damping_power' of the grid.
 # binID   n_entries weight   weight_sqr   abs_weight
    127   10   1.246305692378272E-007   1.093465401174789E-013   1.246305692378272E-007
    130   10   2.492611384756544E-007   4.373861604699156E-013   2.492611384756544E-007
    133   10   2.598229225719693E-007   3.927841042894307E-013   2.598229225719693E-007
    134   10   2.598229225719694E-007   3.927841042894310E-013   2.598229225719694E-007
    136   10   5.196458451439386E-007   1.571136417157723E-012   5.196458451439386E-007
    137   10   5.196458451439389E-007   1.571136417157724E-012   5.196458451439389E-007
    139   10   2.190613146590189E-006   3.072697808623698E-011   2.190613146590189E-006
    140   10   2.190613146590190E-006   3.072697808623702E-011   2.190613146590190E-006
    142   10   4.381226293180378E-006   1.229079123449479E-010   4.381226293180378E-006
    143   10   4.381226293180381E-006   1.229079123449481E-010   4.381226293180381E-006
    145   10   5.840923403239651E-007   2.178551730271461E-012   5.840923403239651E-007
    146   10   5.840923403239659E-007   2.178551730271467E-012   5.840923403239659E-007
    148   10   1.168184680647930E-006   8.714206921085842E-012   1.168184680647930E-006
    149   10   1.168184680647932E-006   8.714206921085870E-012   1.168184680647932E-006
    163   10   3.225985812390724E-007   5.923403589149730E-013   3.225985812390724E-007
    164   10   3.225985812390725E-007   5.923403589149739E-013   3.225985812390725E-007
    166   10   6.451971624781448E-007   2.369361435659892E-012   6.451971624781448E-007
    167   10   6.451971624781451E-007   2.369361435659895E-012   6.451971624781451E-007
    169   10   5.485451828318981E-007   1.288714850203271E-012   5.485451828318981E-007
    170   10   5.485451828318985E-007   1.288714850203273E-012   5.485451828318985E-007
    172   10   1.097090365663796E-006   5.154859400813082E-012   1.097090365663796E-006
    173   10   1.097090365663797E-006   5.154859400813091E-012   1.097090365663797E-006
    175   10   1.740959377580006E-007   2.201401487369406E-013   1.740959377580006E-007
    178   10   3.481918755160013E-007   8.805605949477626E-013   3.481918755160013E-007
    181   10   3.642798838551333E-007   8.128327614121050E-013   3.642798838551333E-007
    182   10   3.642798838551335E-007   8.128327614121061E-013   3.642798838551335E-007
    184   10   7.285597677102666E-007   3.251331045648420E-012   7.285597677102666E-007
    185   10   7.285597677102669E-007   3.251331045648424E-012   7.285597677102669E-007
    187   10   5.500996001122315E-007   1.312754325712913E-012   5.500996001122315E-007
    188   10   5.500996001122319E-007   1.312754325712914E-012   5.500996001122319E-007
    190   10   1.100199200224463E-006   5.251017302851652E-012   1.100199200224463E-006
    191   10   1.100199200224464E-006   5.251017302851657E-012   1.100199200224464E-006
    199   10   8.750684695730233E-007   5.551211303442919E-012   8.750684695730233E-007
    200   10   8.750684695730239E-007   5.551211303442926E-012   8.750684695730239E-007
    202   10   1.750136939146047E-006   2.220484521377168E-011   1.750136939146047E-006
    203   10   1.750136939146048E-006   2.220484521377170E-011   1.750136939146048E-006
    211   10   5.199945939801777E-007   1.644897812134493E-012   5.199945939801777E-007
    212   10   5.199945939801781E-007   1.644897812134494E-012   5.199945939801781E-007
    214   10   1.039989187960355E-006   6.579591248537971E-012   1.039989187960355E-006
    215   10   1.039989187960356E-006   6.579591248537976E-012   1.039989187960356E-006
    217   10   1.328398372822976E-007   1.285966809037716E-013   1.328398372822976E-007
    220   10   2.656796745645953E-007   5.143867236150863E-013   2.656796745645953E-007
    223   10   2.673691091492838E-007   4.592809514646145E-013   2.673691091492838E-007
    224   10   2.673691091492838E-007   4.592809514646147E-013   2.673691091492838E-007
    226   10   5.347382182985676E-007   1.837123805858458E-012   5.347382182985676E-007
    227   10   5.347382182985677E-007   1.837123805858459E-012   5.347382182985677E-007
    229   10   2.045815047886246E-006   2.605439634734942E-011   2.045815047886246E-006
    230   10   2.045815047886247E-006   2.605439634734946E-011   2.045815047886247E-006
    232   10   4.091630095772493E-006   1.042175853893977E-010   4.091630095772493E-006
    233   10   4.091630095772494E-006   1.042175853893979E-010   4.091630095772494E-006
    235   10   1.944635699008035E-007   2.880162640303809E-013   1.944635699008035E-007
    238   10   3.889271398016070E-007   1.152065056121524E-012   3.889271398016070E-007
    241   10   3.895225210151965E-007   1.054954870440498E-012   3.895225210151965E-007
    242   10   3.895225210151970E-007   1.054954870440501E-012   3.895225210151970E-007
    244   10   7.790450420303929E-007   4.219819481761990E-012   7.790450420303929E-007
    245   10   7.790450420303941E-007   4.219819481762005E-012   7.790450420303941E-007
    250   10   1.246305692378272E-007   1.093465401174789E-013   1.246305692378272E-007
    253   10   2.492611384756544E-007   4.373861604699155E-013   2.492611384756544E-007
    298   10   1.740959377580007E-007   2.201401487369407E-013   1.740959377580007E-007
    301   10   3.481918755160013E-007   8.805605949477628E-013   3.481918755160013E-007
    340   10   1.328398372822976E-007   1.285966809037716E-013   1.328398372822976E-007
    343   10   2.656796745645953E-007   5.143867236150865E-013   2.656796745645953E-007
    358   10   1.944635699008035E-007   2.880162640303809E-013   1.944635699008035E-007
    361   10   3.889271398016070E-007   1.152065056121524E-012   3.889271398016070E-007
    373   10   1.246305692378272E-007   1.093465401174789E-013   1.246305692378272E-007
    376   10   2.492611384756544E-007   4.373861604699156E-013   2.492611384756544E-007
    379   10   2.598229225719692E-007   3.927841042894304E-013   2.598229225719692E-007
    380   10   2.598229225719694E-007   3.927841042894308E-013   2.598229225719694E-007
    382   10   5.196458451439385E-007   1.571136417157721E-012   5.196458451439385E-007
    383   10   5.196458451439388E-007   1.571136417157723E-012   5.196458451439388E-007
    385   10   2.190613146590190E-006   3.072697808623699E-011   2.190613146590190E-006
    386   10   2.190613146590190E-006   3.072697808623702E-011   2.190613146590190E-006
    388   10   4.381226293180380E-006   1.229079123449480E-010   4.381226293180380E-006
    389   10   4.381226293180381E-006   1.229079123449481E-010   4.381226293180381E-006
    391   10   5.840923403239651E-007   2.178551730271461E-012   5.840923403239651E-007
    392   10   5.840923403239656E-007   2.178551730271466E-012   5.840923403239656E-007
    394   10   1.168184680647930E-006   8.714206921085842E-012   1.168184680647930E-006
    395   10   1.168184680647931E-006   8.714206921085863E-012   1.168184680647931E-006
    409   10   3.225985812390724E-007   5.923403589149734E-013   3.225985812390724E-007
    410   10   3.225985812390724E-007   5.923403589149737E-013   3.225985812390724E-007
    412   10   6.451971624781448E-007   2.369361435659893E-012   6.451971624781448E-007
    413   10   6.451971624781449E-007   2.369361435659895E-012   6.451971624781449E-007
    415   10   5.485451828318981E-007   1.288714850203271E-012   5.485451828318981E-007
    416   10   5.485451828318985E-007   1.288714850203273E-012   5.485451828318985E-007
    418   10   1.097090365663796E-006   5.154859400813082E-012   1.097090365663796E-006
    419   10   1.097090365663797E-006   5.154859400813090E-012   1.097090365663797E-006
    421   10   1.740959377580006E-007   2.201401487369406E-013   1.740959377580006E-007
    424   10   3.481918755160013E-007   8.805605949477626E-013   3.481918755160013E-007
    427   10   3.642798838551334E-007   8.128327614121057E-013   3.642798838551334E-007
    428   10   3.642798838551335E-007   8.128327614121063E-013   3.642798838551335E-007
    430   10   7.285597677102667E-007   3.251331045648423E-012   7.285597677102667E-007
    431   10   7.285597677102669E-007   3.251331045648425E-012   7.285597677102669E-007
    433   10   5.500996001122315E-007   1.312754325712913E-012   5.500996001122315E-007
    434   10   5.500996001122319E-007   1.312754325712914E-012   5.500996001122319E-007
    436   10   1.100199200224463E-006   5.251017302851651E-012   1.100199200224463E-006
    437   10   1.100199200224464E-006   5.251017302851657E-012   1.100199200224464E-006
    445   10   8.750684695730233E-007   5.551211303442919E-012   8.750684695730233E-007
    446   10   8.750684695730241E-007   5.551211303442932E-012   8.750684695730241E-007
    448   10   1.750136939146047E-006   2.220484521377168E-011   1.750136939146047E-006
    449   10   1.750136939146048E-006   2.220484521377173E-011   1.750136939146048E-006
    457   10   5.199945939801777E-007   1.644897812134492E-012   5.199945939801777E-007
    458   10   5.199945939801781E-007   1.644897812134494E-012   5.199945939801781E-007
    460   10   1.039989187960355E-006   6.579591248537969E-012   1.039989187960355E-006
    461   10   1.039989187960356E-006   6.579591248537976E-012   1.039989187960356E-006
    463   10   1.328398372822975E-007   1.285966809037713E-013   1.328398372822975E-007
    466   10   2.656796745645950E-007   5.143867236150853E-013   2.656796745645950E-007
    469   10   2.673691091492837E-007   4.592809514646141E-013   2.673691091492837E-007
    470   10   2.673691091492839E-007   4.592809514646149E-013   2.673691091492839E-007
    472   10   5.347382182985673E-007   1.837123805858457E-012   5.347382182985673E-007
    473   10   5.347382182985678E-007   1.837123805858460E-012   5.347382182985678E-007
    475   10   2.045815047886246E-006   2.605439634734942E-011   2.045815047886246E-006
    476   10   2.045815047886247E-006   2.605439634734944E-011   2.045815047886247E-006
    478   10   4.091630095772493E-006   1.042175853893977E-010   4.091630095772493E-006
    479   10   4.091630095772494E-006   1.042175853893978E-010   4.091630095772494E-006
    481   10   1.944635699008035E-007   2.880162640303809E-013   1.944635699008035E-007
    484   10   3.889271398016069E-007   1.152065056121524E-012   3.889271398016069E-007
    487   10   3.895225210151965E-007   1.054954870440498E-012   3.895225210151965E-007
    488   10   3.895225210151969E-007   1.054954870440501E-012   3.895225210151969E-007
    490   10   7.790450420303929E-007   4.219819481761990E-012   7.790450420303929E-007
    491   10   7.790450420303938E-007   4.219819481762003E-012   7.790450420303938E-007
    496   10   1.246305692378272E-007   1.093465401174789E-013   1.246305692378272E-007
    499   10   2.492611384756544E-007   4.373861604699156E-013   2.492611384756544E-007
    544   10   1.740959377580006E-007   2.201401487369406E-013   1.740959377580006E-007
    547   10   3.481918755160013E-007   8.805605949477626E-013   3.481918755160013E-007
    586   10   1.328398372822976E-007   1.285966809037715E-013   1.328398372822976E-007
    589   10   2.656796745645951E-007   5.143867236150860E-013   2.656796745645951E-007
    604   10   1.944635699008035E-007   2.880162640303808E-013   1.944635699008035E-007
    607   10   3.889271398016069E-007   1.152065056121523E-012   3.889271398016069E-007
  </DiscreteSampler_grid>
