  0.00000209409055489  0.00000219824441210  0.00000229006565977  0.00000238739052782
  0.00000248991068069  0.00000259596419822  0.00000269484585312  0.00000277143592336
  0.00000284322170062  0.00000291454842131  0.00000299351110823  0.00000309900625060
  0.00000323104344374  0.00000332935961980  0.00000339050297286  0.00000345431851175
  0.00000352261268150  0.00000359880489480  0.00000368037860975  0.00000377033859912
  0.00000394444935792  0.00000412989722625  0.00000431434192295  0.00000449294934104
  0.00000465507476698  0.00000480300483588  0.00000495333371785  0.00000511158608434
  0.00000528824460920  0.00000549608873861  0.00000568993986303  0.00000588265241357
  0.00000606213586919  0.00000623396816740  0.00000636437823406  0.00000649971966735
  0.00000668935725102  0.00000691594598817  0.00000716713920226  0.00000740541108291
  0.00000763098172920  0.00000786493798947  0.00000810490030034  0.00000836726600924
  0.00000863117729121  0.00000888728637474  0.00000916389288181  0.00000948604886110
  0.00000988477977310  0.00001031723640087  0.00001076026488872  0.00001123969551380
  0.00001177010216131  0.00001232882416806  0.00001289703690447  0.00001348081278962
  0.00001409081040062  0.00001472160428858  0.00001539161194575  0.00001613739375054
  0.00001704611996618  0.00001815194677187  0.00001922787466757  0.00002023754855702
  0.00002139971558668  0.00002279014113978  0.00002459510073992  0.00002656657456102
  0.00002854797120321  0.00003077312382296  0.00003302787273092  0.00003557063240715
  0.00003805175173637  0.00004094335002289  0.00004445016073570  0.00004886335069883
  0.00005346265118944  0.00005890492388180  0.00006464437322510  0.00007059807761172
  0.00007734303240116  0.00008365520774293  0.00009209895010604  0.00010396958400134
  0.00011678589298572  0.00013123699378765  0.00014890035572963  0.00017377980143806
  0.00021300853320553  0.00029353072083315  0.00043330223599414  0.00069486959721826
  0.00131984355607255  0.00374015769363686  0.10449881223673727  1.00000000000000000
  0.00261886555372471  0.01636765369459915  0.02856877026662227  0.04154970590757005
  0.05077675381874033  0.06143373550229714  0.07287582367969100  0.08289243369226364
  0.09193820723466056  0.09731271903697482  0.10225113892658966  0.10724191271545046
  0.11228318554078874  0.12018844782338518  0.13212128661993452  0.14638998243190657
  0.16108184875421827  0.17426598275061603  0.18508075615005051  0.19513176779842142
  0.20462879496213907  0.21374362785444936  0.22340797796247489  0.23374192419592216
  0.24338455080056878  0.25110949046790049  0.25862623534927892  0.26685370206489994
  0.27517564168667408  0.28457641581335391  0.29546982715465908  0.30724702036442897
  0.31932378200303824  0.33102024327017676  0.34099846279788243  0.34957823104627395
  0.35781314483746096  0.36621012321303914  0.37585923081053108  0.38708840446916876
  0.39751872460191223  0.40817690667979412  0.41956461773342252  0.43139929415040973
  0.44526235215465021  0.45815858403706672  0.46940810522026905  0.47949114929884418
  0.48892102098269496  0.49966409562368930  0.51269135770385132  0.52557268237232269
  0.53559709680876388  0.54371222209982484  0.55210631072759087  0.56197660992934240
  0.57360463399354655  0.58433446906323083  0.59426208711733064  0.60414286738002709
  0.61494534014036761  0.62636467066327461  0.63827115619968722  0.65031321738846937
  0.66539909238507089  0.68252607925919484  0.69870291846981747  0.71087571689382856
  0.72063470321774070  0.73174029387785766  0.74010610187720949  0.74934119942747812
  0.75966972634104946  0.76773582293922227  0.77591311593796675  0.78412182023965893
  0.79449055752404762  0.80609671768711200  0.81843115002818956  0.83131627716675793
  0.84266773867498745  0.85257309427996730  0.86212236117070906  0.87139348257580396
  0.88161291086473181  0.89243001471118788  0.90326436848990677  0.91325666731004884
  0.92254616410972812  0.93129366529635915  0.94035666814368857  0.94957753819359525
  0.95908372676857601  0.97002085979651842  0.98107728043271447  1.00000000000000000
  0.00000788842116656  0.00000830973286752  0.00000862168502700  0.00000890487562796
  0.00000925724987233  0.00000954944018874  0.00000982185326698  0.00001008061818277
  0.00001029384696794  0.00001046555622940  0.00001064529130701  0.00001083385918461
  0.00001098698924985  0.00001113860557546  0.00001128317131609  0.00001144590291375
  0.00001159840648020  0.00001174424851287  0.00001188786347967  0.00001204846163947
  0.00001226731031047  0.00001252668404316  0.00001283656881033  0.00001319573954132
  0.00001356053299712  0.00001381776842761  0.00001400089755600  0.00001417333860462
  0.00001434647687426  0.00001453018564514  0.00001471321354260  0.00001495145982393
  0.00001521621491412  0.00001553933478714  0.00001581710445214  0.00001609244664743
  0.00001644058715535  0.00001678913391980  0.00001712515664132  0.00001747458233763
  0.00001781275720968  0.00001812929070516  0.00001852617355856  0.00001894898172475
  0.00001939780920639  0.00001999360502713  0.00002067455262881  0.00002139891672315
  0.00002215604004961  0.00002286474117969  0.00002354021705461  0.00002422537273829
  0.00002492484922164  0.00002575796038891  0.00002666756765772  0.00002771155301300
  0.00002886598373996  0.00003008287357639  0.00003144493879663  0.00003296293031953
  0.00003447667455130  0.00003615867753702  0.00003816553102517  0.00004032790950625
  0.00004310521377101  0.00004658197005649  0.00005075930139101  0.00005583990663629
  0.00006241241772118  0.00006867281993100  0.00007424492586899  0.00008074525639517
  0.00008833678530914  0.00010198331885348  0.00012028992582240  0.00013789664571349
  0.00015613912279306  0.00018007915151127  0.00021595529700515  0.00026885157836997
  0.00032769188509238  0.00039022718412676  0.00045940648930505  0.00054957291359348
  0.00067779320270558  0.00082638568207987  0.00103731223922164  0.00136270138796661
  0.00171932354324970  0.00218355452582119  0.00289955790731811  0.00418641761959418
  0.00723062855450852  0.02377839899209558  0.26581420443061210  1.00000000000000000
  0.00000371553286955  0.00000564786800165  0.00000704750115609  0.00000797260722287
  0.00000878065421892  0.00000953034657762  0.00001019076328371  0.00001075012246178
  0.00001128902156293  0.00001176230532313  0.00001236624241063  0.00001291357786573
  0.00001337983611013  0.00001390631786415  0.00001455104664279  0.00001532272663859
  0.00001620070720731  0.00001710656402975  0.00001802188293486  0.00001902060373907
  0.00001998115440752  0.00002113874308057  0.00002243166807451  0.00002389738451732
  0.00002551630551555  0.00002711104796837  0.00002865762585474  0.00003011387399809
  0.00003157478825076  0.00003310680368889  0.00003560628942124  0.00003849866503054
  0.00004132924603105  0.00004405249568648  0.00004643294471996  0.00004857786285042
  0.00005055858955756  0.00005249205793652  0.00005445139299923  0.00005667522468144
  0.00006000939822348  0.00006351081180580  0.00006709702616585  0.00007117266998883
  0.00007588298200303  0.00008120116385595  0.00008712463952872  0.00009265855269443
  0.00009805070588996  0.00010345607270646  0.00010876215974745  0.00011484460292597
  0.00012203470320569  0.00013059248671189  0.00013795446835808  0.00014484084533172
  0.00015251146736142  0.00016032054130569  0.00016884282977722  0.00017865510851206
  0.00018937232282245  0.00020207968697244  0.00021830345252004  0.00023721039808493
  0.00025913464092329  0.00028211929525699  0.00030634954641101  0.00033061302933738
  0.00035301335401944  0.00037676935906843  0.00040073453014852  0.00043044311729026
  0.00046925513538607  0.00050622256297821  0.00054452843321101  0.00058538009586741
  0.00064318586199798  0.00071156660153638  0.00079369019858622  0.00086451668553081
  0.00092037185872097  0.00098991924125231  0.00107633842427833  0.00118563093126017
  0.00132406590011947  0.00150194507684655  0.00169973695028769  0.00191992362432092
  0.00220067488802637  0.00253433452303808  0.00299134851051087  0.00372937180435080
  0.00483334467372216  0.00658545641142817  0.02988205506374852  1.00000000000000000
 -0.00459602622023139  0.02175565466907010  0.04571563855480959  0.07001392413750177
  0.09638775455783297  0.12258998628288910  0.14466745094362457  0.16370927024111984
  0.18231734938479585  0.20297521785733572  0.22543180721762124  0.24832541346103146
  0.27529893911618575  0.30231119474965762  0.32502696793201202  0.34556129581648903
  0.36432130795473944  0.38158678480962344  0.39694286032024462  0.41370538805198886
  0.42963506605235569  0.44722654953789148  0.46495191840331868  0.48458349474382145
  0.50381710207961894  0.52379462491969142  0.54298130290766544  0.56169551993577160
  0.57739553160914059  0.59138769702313920  0.60420842219406523  0.61472775427079640
  0.62606697224119123  0.63687360895742273  0.64801938669344639  0.65885414975592393
  0.66979323004347324  0.68089797302438282  0.69156576145121729  0.70092668914308809
  0.70871107691844071  0.71537541651844516  0.72168870180035583  0.72906947453469861
  0.73819045694545593  0.74791361088896291  0.75498504324887861  0.76087577373262505
  0.76690011879329256  0.77352786639288884  0.78192193753531325  0.79113259166716521
  0.79877776459018124  0.80496068509167107  0.81046224360142594  0.81461734516386253
  0.81818998826464961  0.82170579330123483  0.82535959204396780  0.82953530101810313
  0.83460313399836561  0.83989785832152186  0.84485285750600736  0.84936605464644621
  0.85373148866547244  0.85903765376842367  0.86554410899728418  0.87165464154959205
  0.87660766301792203  0.88062536184821383  0.88395305559561554  0.88766171536464955
  0.89138352989984948  0.89493958883934055  0.89822776188784526  0.90117725409841520
  0.90413853616027295  0.90818218872581835  0.91193202656417149  0.91462550735800774
  0.91685925374907873  0.91930102838426175  0.92175607453121577  0.92380230858650680
  0.92643794050502293  0.93164682275207100  0.93787268928388912  0.94511677340836298
  0.95181049150393837  0.95834246506017429  0.96481434852348047  0.97166367546852894
  0.97876968897913641  0.98610642300919493  0.99337858070623897  1.00000000000000000
 -0.00227973707281097  0.01056966843655861  0.02252519567816867  0.03335077436170926
  0.04392938365364863  0.05653325358532849  0.06903892472327572  0.08119028006347133
  0.09318907165702855  0.10465504583736526  0.11565937595598486  0.12609489902730689
  0.13626860840912247  0.14613812169960727  0.15830694493738315  0.16944422405373455
  0.18085993501063388  0.19292344934279135  0.20495667364417400  0.21977347322221111
  0.22977000486096819  0.23509331529997363  0.24056154489704201  0.24658791036555341
  0.25195900220493211  0.25992314008942197  0.27034669110495074  0.28232729021387476
  0.29147000397675515  0.30006561591905789  0.30809694507315544  0.31580899747570579
  0.32463574027844638  0.33434029473768778  0.34419775350141363  0.35540533956884196
  0.36730975206548527  0.38049700316715496  0.39534508831633386  0.40886982501724178
  0.42111917747075922  0.43215193575944472  0.44277833688654678  0.45365516476804291
  0.46395028218286855  0.47429017189161304  0.48428220137577427  0.49492274345725212
  0.50593060949664781  0.51838729808828077  0.53052261931691258  0.54198359085482894
  0.55276608685301931  0.56348983099328309  0.57451932590068633  0.58443204080540845
  0.59334744087615254  0.60450168125126569  0.61417992830373802  0.62228082751166969
  0.63090243234148458  0.63954879187676028  0.64845563585667199  0.65899308120657862
  0.67023836056494923  0.68103567916389884  0.69199035762585603  0.70404753790407293
  0.71657160919854002  0.72696642568036052  0.73689406040350003  0.74737141698984244
  0.75875531951196651  0.77033751750483637  0.78191347613936124  0.79367670922832056
  0.80592504983429647  0.81787908930052500  0.82759306175660952  0.83581548544080086
  0.84470774732213039  0.85375782605380235  0.86212682490528658  0.87385302470858794
  0.88576513533381473  0.89849165953069587  0.91150321010911539  0.92425689441025727
  0.93565090272428408  0.94678408807728853  0.95712875208719739  0.96476513225757043
  0.97168113371969178  0.97953021971621645  0.98883673840660824  1.00000000000000000
 -0.00432839927258478  0.01373377894689865  0.03013699441759781  0.04529201942031015
  0.05980585804420507  0.07011419455721959  0.07933858398781525  0.08958847368118533
  0.10138383917098701  0.11547957227099127  0.13100416491275399  0.14701183585266614
  0.16290772917074300  0.17439278996328900  0.18524894141351786  0.19527261751061911
  0.20462935933027421  0.21207316624458564  0.21876949791043437  0.22674704965660922
  0.23733812691202033  0.24957701125579437  0.26224090655954246  0.27532273861092915
  0.28834493220929058  0.30153945234353763  0.31561710000095106  0.32999836906697566
  0.34468817141948843  0.35890914251268830  0.37022355547450342  0.37895331939523447
  0.38708215569678672  0.39512824176337974  0.40379934737165302  0.41463451915661670
  0.42587741137338592  0.43506576221263338  0.44317924274336168  0.45108584656488598
  0.45835118036570388  0.46475294228939784  0.47269564052487745  0.48222351126078927
  0.49113948670834479  0.50147097186896228  0.51251345231659662  0.52344048189883785
  0.53428004696055675  0.54514084478136426  0.55602239084111471  0.56859921999024432
  0.58155601461383988  0.59333485998618962  0.60448452767646188  0.61413800216231651
  0.62300303689763437  0.63074810343176380  0.63848382540383930  0.64638080017550992
  0.66016170768653726  0.67354938802845554  0.68483252693463625  0.69650404830697310
  0.70527094070801566  0.71293205977936558  0.72021944424479800  0.72742565264644821
  0.73632803479236109  0.74523432961311475  0.75426330584485357  0.76244994108426745
  0.77060908795406624  0.78042874781548133  0.79111710588927564  0.80120642670874676
  0.81066080780038152  0.81981036510024607  0.82953788403812245  0.83982940642475989
  0.85126133745782651  0.86319948626679377  0.87444900323564489  0.88337469492886955
  0.89142465784113112  0.89993374808058413  0.90934253755252914  0.92051420461627398
  0.93274642451135081  0.94328406303108325  0.95287425939496673  0.96183777016515437
  0.97053556104975414  0.98018122672168551  0.99021485910618412  1.00000000000000000
 -0.00364361566303321  0.01400044019816778  0.02793184625362612  0.04132364942094999
  0.05346701447817402  0.06577316716894552  0.07678917633222308  0.08660343050598965
  0.09683035602755607  0.10535826030990016  0.11436513721461197  0.12547743350309032
  0.13462408142636734  0.14419082189284646  0.15448749110392673  0.16616357091290038
  0.18127541569082289  0.19690721242490100  0.20941860196072085  0.22064116206361833
  0.23097628811513179  0.24218158364707121  0.25677211159436486  0.27033021613481850
  0.28175330157714823  0.29261958112645570  0.30360031801832299  0.31440123061587710
  0.32385954655913740  0.33246515854639069  0.34170022100834713  0.35108812738614620
  0.36209327162687444  0.37405521905608907  0.38635854862644786  0.39908409339671247
  0.41312712412990954  0.42733059637267079  0.44156937173737232  0.45606858081938373
  0.46886407571522093  0.48080868385405240  0.49172983043300522  0.50047393426289388
  0.50798757106064074  0.51471757108316141  0.52100432969154842  0.52765510453869680
  0.53641918838186209  0.54742056957144980  0.55874133982840812  0.56943324111237548
  0.58052140704745070  0.59119247375004580  0.60278159057983960  0.61445897811412120
  0.62687497596229280  0.63908896892510747  0.65092076609589045  0.66278679334555402
  0.67337578239610585  0.68339023067341531  0.69497577558408208  0.70522678751778345
  0.71446275171550389  0.72241676742072436  0.73093271015040517  0.74053498077997482
  0.75028310876250603  0.76111016142945043  0.77153444353596434  0.78091247648083584
  0.79091911080582822  0.80115052399393150  0.81116773769650796  0.82062813561842518
  0.82956834170063254  0.83806319522198935  0.84574110321513862  0.85351961102998930
  0.86209079823495738  0.87110203751405757  0.87961194326028114  0.88745197776976958
  0.89490874972582501  0.90432670544084459  0.91245928617333605  0.92192546975910561
  0.93141217429409240  0.94055076171079688  0.94948458036670669  0.95852217809714990
  0.96811165393918930  0.97898389607204828  0.98906893682192853  1.00000000000000000
 -0.00269800379910189  0.01203946005082707  0.02358573514564138  0.03681033629863320
  0.04976011876458095  0.06262460156981797  0.07606029937451129  0.08786243399676892
  0.09856704685317420  0.10899559070134519  0.12118600676847807  0.13408619098292604
  0.14808718882726446  0.16201885769409552  0.17438917783805130  0.18594908201517854
  0.19716095246390955  0.21007636510651667  0.22372396951670523  0.23771527836448622
  0.25128013039409042  0.26377702504159678  0.27669676592019116  0.28882876946429009
  0.29949511378700228  0.30640407566377498  0.31184626959559492  0.31723090964254985
  0.32268741487267022  0.32878540931821015  0.33513419858653432  0.34270669585210406
  0.35090750118841940  0.36097400779838601  0.37308510058692818  0.38165126630457097
  0.38917644609406432  0.39573096818816833  0.40275743730028934  0.41109742080789818
  0.42018641731674106  0.42952656298043890  0.43941437168451314  0.45075143548447927
  0.46267186285775824  0.47459964846212926  0.48657019666456180  0.49891521407667089
  0.51125421500175139  0.52214763019117327  0.53171176324384184  0.54084567103870429
  0.55030425114868298  0.56089071687426606  0.57300878927603172  0.58562365521667659
  0.59721462857430485  0.60906966088293479  0.62155008016604640  0.63656371449645088
  0.64775864688062568  0.65824118230377004  0.66873275025515733  0.68003663641065315
  0.69277752474436016  0.70513089072493185  0.71673753122034300  0.72760955312762154
  0.73911524850509303  0.75122144573040683  0.76210297822233897  0.77123811446422008
  0.78085363083859649  0.79074920254290471  0.80154754170969422  0.81254166689058926
  0.82222409739940494  0.83248469764235711  0.84112184797527967  0.85157131248256435
  0.86054190342341530  0.86948989513338337  0.87718379385789735  0.88714947427381075
  0.89838644443480209  0.91041389957289687  0.92115030969510381  0.93037764652686128
  0.94011556767519799  0.94971003810745591  0.95766009871807778  0.96466936405645365
  0.97298901052127340  0.98282796906834857  0.99207506932739309  1.00000000000000000
  0.00000791000994628  0.00003647591264501  0.00006708490904437  0.00011219856318579
  0.00015768306681146  0.00020406152542852  0.00025228306206169  0.00030227805096201
  0.00035188221611938  0.00040220118157560  0.00045465998392482  0.00050156727120705
  0.00054819746357026  0.00059653786265755  0.00064693415841014  0.00069619809602453
  0.00074296250874037  0.00078835239610644  0.00083266761168469  0.00087891083874174
  0.00092860833699668  0.00098316557935265  0.00104146141027934  0.00110099697621056
  0.00116012375783203  0.00121582724545019  0.00126926165508607  0.00132651835750935
  0.00139161557833064  0.00146454630364719  0.00154879968057017  0.00164058730206539
  0.00173438857252137  0.00183171016375148  0.00193321637901028  0.00203490534582325
  0.00212970586750465  0.00223196221520148  0.00234744169114802  0.00244998406655446
  0.00256206860462480  0.00267607903236122  0.00279591077053233  0.00292017973246090
  0.00304495306697074  0.00315887647509161  0.00327402043402921  0.00339387178539551
  0.00354602110253208  0.00370001840240816  0.00388881995121329  0.00406849529198238
  0.00426168580168452  0.00443541605548346  0.00460284051272368  0.00482391168256698
  0.00504642236811900  0.00525082866295360  0.00549141375812594  0.00575699998569514
  0.00601104302810043  0.00630691074479160  0.00665842879798307  0.00697134926763061
  0.00721958533728179  0.00754564499688179  0.00795988864425381  0.00832095133379935
  0.00855364118739383  0.00884609433131838  0.00934747207985895  0.00970973372207732
  0.01016646028862504  0.01070687420561495  0.01140356307004292  0.01242280284970214
  0.01339409758536298  0.01371892099447074  0.01396572658979443  0.01434779521061425
  0.01494305340709273  0.01549826289250693  0.01623586820583468  0.01698623470678151
  0.01855759831945230  0.01956085656986215  0.02076382443682531  0.02261800429233949
  0.02405125355686452  0.02667090430499974  0.02995100955619250  0.03205323190615540
  0.03405473671150377  0.03873197164350530  0.07528032981018869  1.00000000000000000
 -0.00261474507039315  0.00811764654403156  0.01889875633684751  0.03103301786159434
  0.04478728843900745  0.05792424346619688  0.06831215056008783  0.07761427915696488
  0.08595084258441613  0.09411828113606223  0.10199183317866059  0.10955820328369135
  0.11616874282724175  0.12351132563014394  0.13106015023200290  0.13833683997417731
  0.14560140827778711  0.15390483408100694  0.16289263080322613  0.17198949490331841
  0.18094160657039934  0.19038418374317667  0.19941327864025149  0.21078612717530879
  0.22375857310488556  0.23437180778608091  0.24266205867513263  0.25007324112311302
  0.25710520469734766  0.26471648818807386  0.27294347424974763  0.28202184986200629
  0.29207947391853595  0.30313987929026520  0.31515316905488433  0.32807407929005789
  0.34164928121935245  0.35837586486718664  0.37344960188836279  0.38663498275038449
  0.39883372069694134  0.40973650272870749  0.42032965407324496  0.43033384350134424
  0.44125911007120389  0.45190392966906645  0.46540703108936804  0.48100244430114864
  0.49570119041686633  0.50766978126305384  0.51820864075271400  0.53106292186991055
  0.54856421173185532  0.56595633682167723  0.58087193540632864  0.59568463520608517
  0.61339211198354504  0.63314197504290504  0.64950321658073473  0.66085222894942597
  0.67067100822581072  0.68109871015542223  0.69243585461849155  0.70463266780620071
  0.71697722279478660  0.72984150950854221  0.74167230874330126  0.75293311931476781
  0.76640577073406146  0.77971274434194915  0.79200747766020374  0.80383474708581826
  0.80905358724302900  0.81490762847121678  0.82053721859595330  0.82735078756846181
  0.83726512294722433  0.84664517148556973  0.85707594219847649  0.86900604811275672
  0.87899101658737500  0.88880886945855730  0.89806526818638088  0.90735888726240477
  0.91707289439013984  0.92666307438255846  0.93563207757920297  0.94362027022024031
  0.95058597908312015  0.95679119827558823  0.96346844611769045  0.96975367001347978
  0.97599761353924575  0.98278115960146595  0.99050714134228113  1.00000000000000000
  0.37787403016641496  0.60341505303739407  0.65699289625422308  0.67719230601475622
  0.69313449391118587  0.70723893271255800  0.72613467622406080  0.74205761864311481
  0.75524163854509574  0.76398595515238421  0.77245710776898002  0.78068126298862950
  0.79099201434867494  0.79994970816608024  0.80758347217943849  0.81518106424444714
  0.82178710420180734  0.82826880790178714  0.83523298222750164  0.84194400829742211
  0.84797554638743977  0.85355067731252121  0.85908593652605658  0.86510394131223978
  0.87070519326190166  0.87567066568085061  0.88071582760396794  0.88544682463985591
  0.88985878622004377  0.89399668938749632  0.89789621096707428  0.90093945720126489
  0.90392972456076026  0.90696363947507974  0.90994143231176705  0.91317167769066887
  0.91642024003000078  0.91946281860998413  0.92232315117783170  0.92493082598389675
  0.92726294341779814  0.92934276007214744  0.93157095296116099  0.93391961633321041
  0.93605546570258158  0.93812624770025921  0.94030249127993337  0.94218114690951105
  0.94405496993450311  0.94576709285791971  0.94737304333028405  0.94906852664636521
  0.95084240441414791  0.95233681547186899  0.95382648590958297  0.95562718453787410
  0.95747835563273109  0.95932960182422522  0.96098948946880736  0.96251220298031259
  0.96409045682787764  0.96552494835219493  0.96689669967875935  0.96822070615804112
  0.96948113449601314  0.97094540602801427  0.97246115023050272  0.97387043265109741
  0.97525737071414642  0.97671802496038340  0.97817903684221796  0.97958363511608215
  0.98087937008625992  0.98211378438090546  0.98332645118260753  0.98439014583098905
  0.98541150877546158  0.98630687559498287  0.98709391621415388  0.98793857511474525
  0.98878494595401445  0.98958970820725689  0.99037342754247726  0.99114742946487544
  0.99185373776831465  0.99246499061535576  0.99316162844373368  0.99385919756074947
  0.99459376236457653  0.99533952105941381  0.99609238537756817  0.99685487334373968
  0.99763786857874204  0.99844366458509670  0.99921944308603938  1.00000000000000000
 -0.02390994791902907  0.14496318724860754  0.18789146283571920  0.21859007056372146
  0.23723969255841310  0.25014668339164103  0.26373694073071058  0.27462361027606935
  0.28606521676664481  0.30016303149686785  0.31552030731063413  0.32785643249661522
  0.33784895042740221  0.34676858691970158  0.35371637887038360  0.36065015107276072
  0.36737780147963400  0.37487897804855791  0.38341707414662829  0.39124905370583046
  0.39835014725594542  0.40442834165671282  0.41041342377055495  0.41660979368293294
  0.42267969260253363  0.42897010570729871  0.43542730732570090  0.44163821291424293
  0.44827576645098627  0.45393010720993687  0.45791106195305586  0.46121714636763683
  0.46453574140022441  0.46783781128062657  0.47133596971719599  0.47678742641447164
  0.48270523742473531  0.48850671077141949  0.49430205679456413  0.50023518687693747
  0.50622219739522922  0.51164136606161414  0.51666350371240033  0.52112970082294408
  0.52537443289638264  0.52936491122080320  0.53278106786739388  0.53595270235621417
  0.53933830198203991  0.54320650831057926  0.54767949696735629  0.55284902980310091
  0.55850283602977147  0.56441185598471078  0.57142342348938657  0.57687416767050903
  0.58232382335540245  0.58708994554652727  0.59151485021461403  0.59594640128345211
  0.60166781548630610  0.60730465616130114  0.61297696419704217  0.61887198476512684
  0.62463926635079070  0.63011157613673530  0.63535366515468350  0.64053137913241776
  0.64606475036261068  0.65231806460353814  0.65948137051207090  0.66636145297140736
  0.67318459619074345  0.67908494443856027  0.68442184996173039  0.69026377406156025
  0.69634549920621491  0.70310816627882045  0.70990708812984293  0.71764474203865614
  0.72628193548401876  0.73419444539289735  0.74056467121869085  0.74658332646452097
  0.75317758542727153  0.76053144146481921  0.76925204687773419  0.77853510141379134
  0.78780627512012380  0.79765280506259306  0.80736065696095993  0.81931089271541369
  0.83509656927666731  0.87834117950078938  0.97441392358828727  1.00000000000000000
   7.0670648379247473E-006  -1.0000000000000000     
 F F F F F F F F F F F F F F F F F F F F F F F F F F F F F F F F F F F F F F F F F F F F F F F F F F F F F F F F F F F F F F F F F F F F F F F F F F F F F F F F F F F F F F F F F F F F F F F F F F F F F F F F F F F F F F F F F F F F F F F F F F F F F F F F F F F F F F F F F F F F F F F F F F F F F F F F F F F F F F F F F F F F F F F F F F F F F F F F F F F F F F F F F F F F F F F F F F F F F F F F F F F F F F F F F F F F F F F F F F F F F F F F F F F F F F F F F F F F F F F F F F F F F F F F F F F F F F F F
  <DiscreteSampler_grid>
  grouped_processes
  1 # 1 for a reference and 2 for a running grid.
  10 # Attribute 'min_bin_probing_points' of the grid.
  1 # Attribute 'grid_mode' of the grid. 1=='default',2=='initialization'
  0.0000000000000000 # Attribute 'small_contrib_threshold' of the grid.
  0.5000000000000000 # Attribute 'damping_power' of the grid.
 # binID   n_entries weight   weight_sqr   abs_weight
    55   10   1.008096315503596E-001   3.903146111890782E-002   1.008096315503596E-001
    56   10   1.008096315503570E-001   3.903146111890701E-002   1.008096315503570E-001
    58   10   3.389168364999476E-001   4.897082723188798E-001   3.389168364999476E-001
    59   10   3.389168364999417E-001   4.897082723188754E-001   3.389168364999417E-001
    61   10   4.703215359997674E-001   1.315490003272059E+000   4.703215359997674E-001
    62   10   4.703215359997662E-001   1.315490003272055E+000   4.703215359997662E-001
    67   10   4.208011429831052E-001   1.001944052453827E+000   4.208011429831052E-001
    68   10   4.208011429831043E-001   1.001944052453825E+000   4.208011429831043E-001
    82   10   4.417436522911961E-001   1.243944378230996E+000   4.417436522911961E-001
    83   10   4.417436522911949E-001   1.243944378230991E+000   4.417436522911949E-001
    91   10   9.113879052514265E-001   7.081847034345941E+000   9.113879052514265E-001
    94   10   3.287545680598714E-001   5.312302391735355E-001   3.287545680598714E-001
    95   10   3.287545680598706E-001   5.312302391735342E-001   3.287545680598706E-001
    106   10   1.008096315503596E-001   3.903146111890782E-002   1.008096315503596E-001
    107   10   1.008096315503570E-001   3.903146111890702E-002   1.008096315503570E-001
    121   10   9.939245340998653E-001   6.993918600403544E+000   9.939245340998653E-001
  </DiscreteSampler_grid>
