  0.00296573157433614  0.01443497862519121  0.02670741102299237  0.03700706376295602
  0.04542295464817685  0.05377937174821362  0.06232843414545679  0.07273046561287883
  0.08280315612522074  0.09253274037384721  0.10228994286523277  0.11217050845539007
  0.12268534892006666  0.13339835456805960  0.14425032734387103  0.15494617684127618
  0.16598368824615181  0.17766892458841343  0.18912812954751348  0.19971651985552152
  0.21029950239114226  0.22053853286298622  0.23085698353100811  0.24136678852525845
  0.25234810550958664  0.26391416399208667  0.27568905542038824  0.28745993938355935
  0.29889249335230189  0.31021176995047156  0.32132956647567701  0.33232893526271484
  0.34171489393902577  0.35143427085620194  0.36141275713348436  0.37196063330952633
  0.38307692302378876  0.39448910153022887  0.40576028427856975  0.41661178918920189
  0.42741228314658414  0.43832841213119605  0.44953971356078160  0.46088390523986672
  0.47224298905210377  0.48372353341794122  0.49463862468628877  0.50512776703592766
  0.51494061834332006  0.52493901329256920  0.53467942813304570  0.54463060057093371
  0.55464708098395943  0.56512283532340868  0.57611480117204872  0.58786603531167247
  0.60090396656317990  0.61365351207355712  0.62521868367219013  0.63644159289882773
  0.64768140442938438  0.65864189339307888  0.66957110584151203  0.68058473218816851
  0.69048266171545170  0.69994952998124849  0.70957798697322083  0.71989909963293774
  0.73091546821237940  0.74234541149025790  0.75327633717360243  0.76390581342974939
  0.77341671052162841  0.78248876113779586  0.79128561627508087  0.80052659611131960
  0.81093435304608430  0.82212874462438190  0.83360937427041915  0.84500850018762175
  0.85582962901057558  0.86568862231473265  0.87531953046567168  0.88558415611939245
  0.89629150810110247  0.90463788424078184  0.91238197456483927  0.92060147038093365
  0.92939793563956674  0.93912159970208797  0.94924247681384877  0.95922706739565955
  0.96963635937743387  0.97939114267920657  0.98983544951611846  1.00000000000000000
  0.00000299461860071  0.00000316436915338  0.00000325610563407  0.00000331229437806
  0.00000337743688741  0.00000344808557324  0.00000351913734302  0.00000361397557008
  0.00000373365256522  0.00000389373758540  0.00000405865445942  0.00000420876956385
  0.00000435303411709  0.00000449250376604  0.00000464559321430  0.00000481558490605
  0.00000500444452052  0.00000523222925316  0.00000548563610206  0.00000574763730044
  0.00000600226129047  0.00000627982579536  0.00000654616716050  0.00000682099303117
  0.00000712424351342  0.00000745986274866  0.00000782303645868  0.00000821769827005
  0.00000867907171272  0.00000914626258123  0.00000964972784564  0.00001018051963452
  0.00001073959507891  0.00001129647144250  0.00001188626446758  0.00001246738394107
  0.00001314109149086  0.00001385122229467  0.00001458578663149  0.00001538469298371
  0.00001622040795150  0.00001715909679577  0.00001819101593407  0.00001922592564566
  0.00002030005833013  0.00002145734143438  0.00002269787092010  0.00002402524386302
  0.00002547157563655  0.00002685749466806  0.00002847371986817  0.00003017481150201
  0.00003207737825824  0.00003411490935164  0.00003637937622803  0.00003886251763082
  0.00004153072549582  0.00004434544571385  0.00004727233084201  0.00005034612425266
  0.00005372295122018  0.00005751829630509  0.00006157441004842  0.00006582849324280
  0.00007042763528174  0.00007539297171195  0.00008057972246364  0.00008607260457073
  0.00009260119152540  0.00010063096915061  0.00010968997418116  0.00011912720157584
  0.00012903086837915  0.00014073176460051  0.00015386336210839  0.00016822424613996
  0.00018392514376972  0.00020111413996318  0.00022224980560647  0.00024509489220391
  0.00026965077265407  0.00029657616468873  0.00032793673055844  0.00037317674427966
  0.00043608418996243  0.00050788604368729  0.00058939566691286  0.00069569300636744
  0.00085484803555661  0.00106603168291419  0.00130624809107034  0.00156889238943530
  0.00195979398317280  0.00287346841285109  0.12152660173790610  1.00000000000000000
  0.00000300874920123  0.00000305533082776  0.00000309499627824  0.00000313942399225
  0.00000318075186193  0.00000321564660241  0.00000328475614110  0.00000336570734219
  0.00000345562023902  0.00000357576669996  0.00000368224929118  0.00000382910548293
  0.00000397807412028  0.00000412914038866  0.00000427127620635  0.00000441733694348
  0.00000458247710622  0.00000475528190924  0.00000495329291937  0.00000515056565693
  0.00000535683279432  0.00000557156931107  0.00000578660852916  0.00000602551678466
  0.00000629202804964  0.00000655610356657  0.00000680441066026  0.00000705135478490
  0.00000731199694479  0.00000759895442204  0.00000789295091319  0.00000826279367769
  0.00000866224739949  0.00000905695320488  0.00000947724934254  0.00000993507959003
  0.00001039828739472  0.00001086276752497  0.00001134551849226  0.00001187010779900
  0.00001242242297400  0.00001306832218882  0.00001382150851378  0.00001459252686674
  0.00001540233229145  0.00001624565181055  0.00001712374094614  0.00001807970935482
  0.00001909118336860  0.00002018478090819  0.00002137077550827  0.00002259464276966
  0.00002394161401148  0.00002542631948595  0.00002706158304869  0.00002887995641076
  0.00003078306456830  0.00003279330718026  0.00003499948378519  0.00003750277450797
  0.00004043662899643  0.00004389621808832  0.00004773601999658  0.00005206795211261
  0.00005679999051767  0.00006166765481271  0.00006673515243066  0.00007207633158327
  0.00007772069154990  0.00008456441332549  0.00009225387894511  0.00010187742869214
  0.00011287200688686  0.00012500098455527  0.00013942882020825  0.00015560478028696
  0.00017164702782459  0.00018900857419993  0.00020687209675060  0.00022909794803487
  0.00025602116877212  0.00028767302291604  0.00032650105092133  0.00037610391263986
  0.00042721429660681  0.00046603787707829  0.00050946246944775  0.00055876084554407
  0.00066104473342758  0.00078621545790393  0.00097292636645183  0.00129655289684684
  0.00166588502772053  0.00240540338962891  0.02131420050566455  1.00000000000000000
  0.00000457808582828  0.00000512327650172  0.00000545114966037  0.00000572014672208
  0.00000604182018474  0.00000644684814650  0.00000694114083026  0.00000743901808171
  0.00000790297433581  0.00000836683247419  0.00000884521621792  0.00000932227629220
  0.00000984054521839  0.00001031634585209  0.00001081400550378  0.00001133792008391
  0.00001186569908894  0.00001240028325859  0.00001295043008900  0.00001350103262124
  0.00001404650709618  0.00001460542258025  0.00001519612676806  0.00001582108682699
  0.00001649122075115  0.00001721470732180  0.00001799826732419  0.00001884511762112
  0.00001974257240403  0.00002076972733275  0.00002187202725219  0.00002306816854853
  0.00002435032363482  0.00002565645276212  0.00002702065269277  0.00002850470050019
  0.00003012738210257  0.00003199283715873  0.00003410453584360  0.00003633106322842
  0.00003862197259238  0.00004096944833906  0.00004344940269736  0.00004628477685460
  0.00004943053814024  0.00005274034141842  0.00005603137312810  0.00005961323110291
  0.00006355161266337  0.00006773829320400  0.00007236748926947  0.00007707334242092
  0.00008268094171452  0.00008848604071841  0.00009504092793914  0.00010209114594283
  0.00010971510809440  0.00011763846845259  0.00012559605249506  0.00013417886755276
  0.00014392082876377  0.00015598040598241  0.00016889639862127  0.00018274359971937
  0.00019719035165154  0.00021262304333846  0.00022914329420617  0.00024650953227596
  0.00026460867865271  0.00028725391285223  0.00031381243588167  0.00034663784839324
  0.00038327801058834  0.00042238676966363  0.00046438002543774  0.00050989615198366
  0.00056124582296188  0.00062154772987448  0.00069087975537857  0.00077199403502217
  0.00084917930479372  0.00093482846203253  0.00100442890109438  0.00108060614840916
  0.00117541305224316  0.00127340548328425  0.00137404884426140  0.00153795515656225
  0.00173792826776774  0.00189316097593532  0.00219203179726179  0.00267382418456421
  0.00338906251305325  0.00516557049992442  0.03504915287347887  1.00000000000000000
 -0.00242816317788084  0.01091739845871298  0.02119896605931355  0.03180090312744895
  0.04208562741186018  0.05229582384588920  0.06149618989766771  0.07064822435447807
  0.07966543979637884  0.08901400128477101  0.09864091808974186  0.10891228052161618
  0.11919844514626744  0.12922000392448996  0.13901333330140495  0.14899976998885894
  0.15936573740993298  0.17004013498630952  0.18066991686595246  0.19058268848889470
  0.20058817491935277  0.21034437011835244  0.22064250316244585  0.23100881919495034
  0.24097450466442874  0.25109551076681264  0.26104052897987412  0.27119473464309513
  0.28207232523362652  0.29301570646298092  0.30480618670870385  0.31640964496379520
  0.32775128970197254  0.33823091512550851  0.34849696068557856  0.35900227812815938
  0.36980541616901830  0.38094620480948671  0.39214754354666675  0.40317717262684066
  0.41407364097632560  0.42482887119202434  0.43544728103826519  0.44573907700399190
  0.45623799973795753  0.46716559420891268  0.47775363566619633  0.48825808397994103
  0.49946530242647064  0.51051435410068113  0.52142535235422893  0.53218117442967094
  0.54294935244887721  0.55330427816441363  0.56340692648925172  0.57371015150051341
  0.58414295371364522  0.59390619153849067  0.60298697855298611  0.61235376503098016
  0.62225743171727965  0.63280059052601556  0.64314179442331254  0.65355488745877754
  0.66427969450371671  0.67566339750493454  0.68741845972350768  0.69877136516044336
  0.70990963515929195  0.72109853812751390  0.73237124974785150  0.74343719726474844
  0.75471992333139415  0.76592466894528677  0.77723381567952299  0.78748203804365757
  0.79731954778024350  0.80753889876175666  0.81710832156956892  0.82761062414770914
  0.83785027867913620  0.84867118193555080  0.85961646281807080  0.87013205867407495
  0.88051230653257617  0.89128965793916803  0.90360913174142354  0.91681083474237768
  0.92908204666333427  0.94030878026499121  0.94923622205188118  0.95766878670522815
  0.96658415284094712  0.97611882902921121  0.98642614441262455  1.00000000000000000
 -0.00177173415817863  0.01009729528786848  0.02047348385230157  0.03199876727935132
  0.04186915635199279  0.05146940788060963  0.06110142401188454  0.07118798839665683
  0.08173955747509727  0.09125361874379599  0.10056535255362475  0.10952798634471671
  0.11843106052118585  0.12734736562861643  0.13650040522180446  0.14653630398911580
  0.15682357610966133  0.16723708573082402  0.17707254452546789  0.18718362094025431
  0.19763408643236161  0.20786908357917283  0.21772928828540603  0.22760285571174377
  0.23822462532080135  0.24987923822089336  0.26246703776000618  0.27465107582807785
  0.28635263559151153  0.29725002453578597  0.30777629595301337  0.31864755597062921
  0.33021361450722891  0.34211750796215312  0.35350860881882212  0.36538866948482118
  0.37727469677407788  0.38900462322382634  0.40031132491345678  0.41127804655296385
  0.42240773400199438  0.43326658472057544  0.44447040080986416  0.45546385423640801
  0.46616704696846317  0.47654611817805342  0.48737641573629775  0.49782243369424811
  0.50854450544583851  0.51913010867636356  0.52812704584054804  0.53676732556115492
  0.54506225034914668  0.55295971787794440  0.56350425549618721  0.57339974730254617
  0.58418979498323165  0.59318913276983776  0.60269528930171656  0.61214032187947065
  0.62243106327588971  0.63273780437294869  0.64196407866227123  0.65032353718375135
  0.65905687168046845  0.66870884148043919  0.67981071981878693  0.69226166093831731
  0.70521376739672803  0.71699045476789647  0.72765356031046302  0.73794371278411197
  0.74872645712937635  0.76067579859236845  0.77213288284797399  0.78246311342969899
  0.79184079676005292  0.80121867753953313  0.81098310403767393  0.82136738404099618
  0.83223402629869681  0.84295781114843582  0.85343242498170424  0.86444538859389997
  0.87623264502618203  0.88781962359615296  0.89929968215615508  0.91078076272541364
  0.92227408709058067  0.93447808034048574  0.94656039634661782  0.95885430850354980
  0.96955813677002989  0.98007951871568477  0.98980283380783629  1.00000000000000000
 -0.00267457821055705  0.00970716712953988  0.02032326102105273  0.03066720208749796
  0.04065284853909654  0.04985878632519052  0.05966670181272166  0.06970255990734678
  0.08105084865436331  0.09293436713784647  0.10548181118872964  0.11745568815367713
  0.12924658843880260  0.14037563511225967  0.15080293821309843  0.16139590837269407
  0.17116088174021563  0.18105222294339096  0.19133904919125577  0.20214635226089520
  0.21394060091470735  0.22591034280582181  0.23742611953632892  0.24887422410265161
  0.26057305544943177  0.27240990970030621  0.28356074819734700  0.29411301749036217
  0.30458269604275051  0.31450238569082123  0.32366560730858002  0.33291314056684235
  0.34319996667727076  0.35424276864796395  0.36442957250840213  0.37374649395931198
  0.38284441686906356  0.39248477088632144  0.40268353196585821  0.41270208585129070
  0.42266235614976949  0.43228618471701113  0.44139632892206199  0.45047398336350719
  0.46011663951343029  0.47067173391143097  0.48202031944191581  0.49401290342488513
  0.50615549806209725  0.51820232493362073  0.53058778080879510  0.54323952096063677
  0.55389881769447757  0.56324950455205092  0.57249262890349328  0.58180582709645912
  0.59207764966999477  0.60368920814633387  0.61612151294927686  0.62891756802322651
  0.63934622577081490  0.64931469045564816  0.65964163761227645  0.67025749281123359
  0.68052705283602932  0.69034681280641985  0.70044096243318521  0.71077918111948946
  0.72070618590855007  0.73147985833968310  0.74223616103096524  0.75261741596601106
  0.76311229334828079  0.77352081619531932  0.78481949730122069  0.79609030100127121
  0.80690865464360784  0.81705086486126455  0.82753033916278507  0.83844819871493159
  0.85153873909514044  0.86409639993084297  0.87613427932946231  0.88683670365805434
  0.89700099459408422  0.90670393076879596  0.91516044225614424  0.92377454483487720
  0.93241235335055495  0.94203427211308899  0.95238550725485138  0.96278068844639542
  0.97252880651363094  0.98201403543322097  0.99068632885837760  1.00000000000000000
 -0.00003697292048925  0.00003179862460251  0.00010057016969427  0.00020500578506167
  0.00037248116781977  0.00053995655057787  0.00063516514157145  0.00072056171845164
  0.00080903699511686  0.00089945477153492  0.00099200940148998  0.00108695694354669
  0.00118230585045845  0.00127861515099015  0.00137493792337347  0.00147141432979286
  0.00156789073621224  0.00166755138099043  0.00176774053704959  0.00186299533922302
  0.00195601011258391  0.00205160608768439  0.00215198452435451  0.00225277858485764
  0.00235672379419994  0.00246066900354225  0.00255809667586576  0.00264774662224282
  0.00271054031348062  0.00277333400471843  0.00283123810999350  0.00288849310106339
  0.00294606088537962  0.00300428800022471  0.00306251511506978  0.00312639513360316
  0.00319193307069498  0.00325895166326663  0.00332790175784459  0.00339726231104354
  0.00346816314628822  0.00353964052842117  0.00362253642967564  0.00370686984378566
  0.00379886758475921  0.00388992318151799  0.00397984316053267  0.00412904329096718
  0.00430310572170982  0.00451990810175416  0.00470797980803570  0.00485559568440229
  0.00500321156076888  0.00517734936598218  0.00535153174209469  0.00550994858011303
  0.00566103713166880  0.00583663827401980  0.00606558359398862  0.00628215183499937
  0.00646305258639989  0.00662575285669846  0.00678653646727112  0.00694772628674257
  0.00710998031289095  0.00729343131805990  0.00749681204678357  0.00773340640401551
  0.00797720861123425  0.00822715658154163  0.00852642331736880  0.00892755874386354
  0.00943003886797840  0.00996000179946806  0.01050261321158696  0.01076490892430574
  0.01100123020242731  0.01153248823687774  0.01214551660871537  0.01245724438120383
  0.01261548527450151  0.01287420879408875  0.01323453442444567  0.01371409056371435
  0.01420667191008503  0.01540582687379469  0.01554469335859823  0.01571954805118722
  0.01584972873373017  0.01629221482241810  0.01650212685445913  0.01659077238766430
  0.02405628087881055  0.03864679471864051  0.20385571137723629  1.00000000000000000
 -0.00275225471291195  0.01235462832018137  0.02516638157751098  0.03762759264762595
  0.04962217173697998  0.06169008238935483  0.07397951487174517  0.08644013152304963
  0.09870210267887371  0.10992417496772171  0.12068780057979858  0.13160350937399540
  0.14216956280352688  0.15241598135625792  0.16276825699954994  0.17363283227075332
  0.18499374529636153  0.19574921986742633  0.20562524817714936  0.21483991142546147
  0.22419048819406440  0.23433599082206549  0.24514172754640726  0.25602515017310234
  0.26672546836785799  0.27700660734939825  0.28690694456244897  0.29660412167439515
  0.30677266111464896  0.31757413378563043  0.32832186994352675  0.33795623611144981
  0.34691829103108252  0.35561517887027594  0.36510950994054658  0.37545017775614431
  0.38702241720042452  0.39897907111096337  0.41122720220212583  0.42250892577788707
  0.43263007810808091  0.44267465968822356  0.45199614560086271  0.46128073335252501
  0.46998228044018570  0.47922119964415549  0.48934454308672126  0.50007258034490265
  0.51121371399175786  0.52216218854519802  0.53225892986310230  0.54195840581602384
  0.55159259671180028  0.56143783660489077  0.57200978238146361  0.58315719022863211
  0.59331597297314587  0.60356883816414020  0.61359894630415446  0.62229674000852375
  0.63038288834352685  0.63827646100813284  0.64596129046109785  0.65543681918619501
  0.66541830214118525  0.67559624131891971  0.68571057219413234  0.69611104042588978
  0.70700138309960214  0.71775376256075840  0.72793965468724753  0.73834135806467993
  0.74906836326203452  0.76065159119887471  0.77283521300725211  0.78485674226103919
  0.79642343441315766  0.80821581791260944  0.82014638828881370  0.83229871806183942
  0.84475725134281865  0.85727139281454756  0.86914213112825289  0.87969415134437912
  0.88943766479803854  0.89920336003491186  0.90938996545251771  0.92021280774212566
  0.93081242623523885  0.94137001482842320  0.95234330716216853  0.96273230019124278
  0.97268248437896021  0.98149050177518804  0.99090803986867404  1.00000000000000000
 -0.00005609165458607  0.00015820888450341  0.00030719567442820  0.00045618246435299
  0.00051331426687215  0.00056884403774036  0.00062446239326839  0.00068260083485002
  0.00074073927643165  0.00079917053139451  0.00085786644879414  0.00091675035557113
  0.00098010335657448  0.00104345635757782  0.00110422240191700  0.00116377558561084
  0.00122294591714848  0.00127960716336258  0.00133626840957669  0.00139307738502534
  0.00145006410342132  0.00150705082181731  0.00156202080198003  0.00161650704397964
  0.00167093895017780  0.00172453259799034  0.00177812624580287  0.00183101476429070
  0.00188199176091112  0.00193296875753154  0.00198708409356337  0.00205245325462298
  0.00211782241568260  0.00218782717304941  0.00226465335143785  0.00234157294493581
  0.00242711019927908  0.00251264745362235  0.00260289578243713  0.00269641670701316
  0.00278916412198711  0.00287788290179234  0.00296660168159757  0.00307355704787888
  0.00319545577223704  0.00330584794858399  0.00340834700840991  0.00350822702109373
  0.00360109313332974  0.00369395924556575  0.00378807463800291  0.00388267457345359
  0.00398273072501333  0.00410701072898792  0.00421821357832520  0.00427715502807052
  0.00433609647781584  0.00439503792756116  0.00445397689359849  0.00451280434247585
  0.00457163179135320  0.00463045924023055  0.00468928668910790  0.00474973867228945
  0.00481049222803360  0.00487124578377776  0.00493199933952191  0.00505011756188717
  0.00519559437313754  0.00531243025240560  0.00542433055294598  0.00553641541128386
  0.00564870836160595  0.00576198167788819  0.00588570216725620  0.00603657156373949
  0.00671475101887620  0.00692493665830103  0.00713676311812286  0.00736451335560381
  0.00763766509292470  0.00791491417777099  0.00819828603779890  0.00936475441698046
  0.01009165257908835  0.01019204021639613  0.01045607496369456  0.01052554945322526
  0.01059763260853934  0.01080414463556197  0.01104635498924759  0.01111618360038436
  0.01123575758053055  0.01850587904897083  0.19999251140808089  1.00000000000000000
 -0.00303175796346019  0.01118518762984316  0.02339280870985173  0.03530457645155968
  0.04739429065131251  0.05873248088913085  0.06887744192797993  0.07808538792717175
  0.08752966312815444  0.09684476431782421  0.10736910004403710  0.11736773319680606
  0.12699138693735293  0.13594446241792754  0.14502794466370542  0.15359371092286214
  0.16235314676489171  0.17283239851720045  0.18426884752863140  0.19499134446003921
  0.20602880960804643  0.21699983666379619  0.22869160957327092  0.24013908155815233
  0.25117389522516775  0.26150194327307041  0.27166081634552236  0.28267338354989557
  0.29325582193237537  0.30404712644350718  0.31484563816176703  0.32647623027246092
  0.33843834165854797  0.35007147256277543  0.36166661928836158  0.37317739205993050
  0.38445770986771599  0.39521831629075110  0.40597712287619392  0.41711013404808800
  0.42748930147787595  0.43663549148871805  0.44567240948799069  0.45546776876885198
  0.46621055289739000  0.47680007469867514  0.48772928774359747  0.49932810753498280
  0.51157732381796561  0.52422369057632934  0.53622786947574186  0.54678647172003403
  0.55645582873892863  0.56629941507963510  0.57772412664618766  0.58802211308544527
  0.59769901981669682  0.60745466981066853  0.61865176327714566  0.63097288762887682
  0.64267306165313964  0.65392481652012036  0.66513653429728015  0.67624476961486146
  0.68714957379512409  0.69805830556259973  0.70895322215273981  0.71988930609850188
  0.73040575465412061  0.74014689118851595  0.74943073334265031  0.75919154726876070
  0.76993950429805047  0.78130915838668047  0.79236714150812837  0.80300676280345318
  0.81304536643213143  0.82291551435868648  0.83247161405471004  0.84217876924571844
  0.85188446547222418  0.86176269877461587  0.87154947321806919  0.88122944197245912
  0.89083103288418330  0.90046139061706720  0.91018466672490617  0.92002717113605514
  0.92986379157057553  0.93970582268405356  0.94927678584956654  0.95832468110606484
  0.96739418897787943  0.97663267623317429  0.98780295106966309  1.00000000000000000
  0.51580131305491317  0.53244857291384928  0.54982047543040347  0.55801144637682609
  0.57209242640516889  0.57812253358300481  0.58272117511409727  0.58843191979071030
  0.59358902120491297  0.59880569805847561  0.60328378677117789  0.60803140606019201
  0.61296850967411876  0.61874643674025309  0.62446302705812484  0.63020267204184766
  0.63616690660663533  0.64184323865988147  0.64757829636219888  0.65284408260907767
  0.65778108929569556  0.66251706258149468  0.66753716188883117  0.67299548657514652
  0.67835098233096758  0.68332978593481186  0.68804174234096949  0.69265863254558679
  0.69717737355764442  0.70159755651932509  0.70580173918561517  0.70996243519014091
  0.71436207364283488  0.71875814380025782  0.72321631920146490  0.72763116335686018
  0.73226155436619456  0.73676806316858079  0.74131685529193725  0.74578199978884285
  0.75035261667901088  0.75481695218471978  0.75915499989344237  0.76357069809153211
  0.76807285511803869  0.77255590805040542  0.77700585621948126  0.78123139231263194
  0.78542999828483551  0.78960269291794716  0.79367783069426723  0.79783569045573088
  0.80201243818386914  0.80646951146687906  0.81073413308215569  0.81491011402811786
  0.81919247501533676  0.82364438090396186  0.82831750584746833  0.83289611587755197
  0.83738106189255379  0.84188158010636527  0.84639522923107036  0.85083651133694760
  0.85528031515035519  0.85975912372895191  0.86418769111875515  0.86857134983228557
  0.87290466188024940  0.87743953358845728  0.88186211770093015  0.88628965679704119
  0.89032388586276767  0.89409878533619658  0.89775333321273432  0.90138330476729478
  0.90495837234140719  0.90862284911253033  0.91236765779392481  0.91606837886931625
  0.91976785310520626  0.92341882204221315  0.92707860500103900  0.93091526177825723
  0.93500062824768149  0.93946744383570291  0.94419137947208576  0.94893408117744349
  0.95379169119615603  0.95892046709605006  0.96448914590105539  0.97022898973418004
  0.97609781409405050  0.98289609179401205  0.99073918758826662  1.00000000000000000
 -0.00819935581334906  0.15087088984269909  0.18206740889627299  0.19931969754555881
  0.21203756590027895  0.22306597924546664  0.23390345549412606  0.24448296148156687
  0.25450285064798145  0.26433275115919525  0.27384039200529064  0.28255615611641532
  0.29130788294558485  0.29950245209653498  0.30734697115870629  0.31482966367148119
  0.32192113158999325  0.32898952305467100  0.33584600376996437  0.34214602793570675
  0.34784647730527385  0.35296718531396398  0.35824036758833477  0.36364376161280704
  0.36943680913225468  0.37545197279182474  0.38130533247152232  0.38681095963163953
  0.39197964301416305  0.39711440112854529  0.40228718813111308  0.40774679843090794
  0.41354297384075916  0.41948103933461106  0.42534629804812435  0.43062839615662696
  0.43563824141598606  0.44032091546621527  0.44519565409083828  0.45031017731091805
  0.45565674540793327  0.46128421520039214  0.46726509649510195  0.47283929240321798
  0.47766289277040735  0.48210887086621607  0.48659381982972344  0.49144722151680986
  0.49672554242027556  0.50214651802883681  0.50743495258216154  0.51244742302008339
  0.51754408748242287  0.52261756467313958  0.52771168865323759  0.53305985911639886
  0.53857847938558034  0.54429385969039890  0.54997050772114409  0.55525142135961270
  0.56024191637933674  0.56524536487028565  0.57044331667704240  0.57631938809535221
  0.58183554853459074  0.58775161620451011  0.59347266085003247  0.59950037420124724
  0.60538970375009993  0.61113066262061200  0.61700757708683485  0.62307325672606717
  0.62964057319570699  0.63572791399059925  0.64176443062948907  0.64781066001498755
  0.65442602380301174  0.66125764617396121  0.66788242742164727  0.67414574010830386
  0.68028784384204388  0.68668920702593794  0.69352999792258274  0.70107572911311788
  0.70931262031806164  0.71783971769209476  0.72622652360383744  0.73411498640109119
  0.74193551481763353  0.75008160609336638  0.75914056866468682  0.77019715436854341
  0.78184816363629173  0.79615660643941810  0.81948511157738702  1.00000000000000000
   1.5359014212352544E-005  -1.0000000000000000     
 F F F F F F F F F F F F F F F F F F F F F F F F F F F F F F F F F F F F F F F F F F F F F F F F F F F F F F F F F F F F F F F F F F F F F F F F F F F F F F F F F F F F F F F F F F F F F F F F F F F F F F F F F F F F F F F F F F F F F F F F F F F F F F F F F F F F F F F F F F F F F F F F F F F F F F F F F F F F F F F F F F F F F F F F F F F F F F F F F F F F F F F F F F F F F F F F F F F F F F F F F F F F F F F F F F F F F F F F F F F F F F F F F F F F F F F F F F F F F F F F F F F F F F F F F F F F F F F F
  <DiscreteSampler_grid>
  grouped_processes
  1 # 1 for a reference and 2 for a running grid.
  10 # Attribute 'min_bin_probing_points' of the grid.
  1 # Attribute 'grid_mode' of the grid. 1=='default',2=='initialization'
  0.0000000000000000 # Attribute 'small_contrib_threshold' of the grid.
  0.5000000000000000 # Attribute 'damping_power' of the grid.
 # binID   n_entries weight   weight_sqr   abs_weight
    10   10   2.337855249296236E-001   1.554633337983601E-001   2.337855249296236E-001
    16   10   6.953851455179721E-001   1.534119564091772E+000   6.953851455179721E-001
  </DiscreteSampler_grid>
