  0.00261933382918148  0.01374391996400660  0.02548146133182538  0.03676676996183644
  0.04749507945932086  0.05800047070951064  0.06828486275086124  0.07845598452017545
  0.08888339565342121  0.09934650729638861  0.10997775585486876  0.12058064936359053
  0.13149716487909088  0.14247969483146242  0.15325184130130765  0.16370155489540869
  0.17412838378877088  0.18429955440814844  0.19441461250081629  0.20454148719701234
  0.21489326681362853  0.22548274420071354  0.23622897793281511  0.24740059700686270
  0.25851839166502610  0.26974639169655784  0.28098141410288635  0.29241656676336630
  0.30344640606341478  0.31420894431111990  0.32489236626922507  0.33566532052932685
  0.34655154614541406  0.35749268212118707  0.36815142433272940  0.37845941733609889
  0.38840220468387621  0.39853573074337861  0.40860041947482750  0.41920189524728824
  0.42990389550611968  0.44064425494016185  0.45120975259252211  0.46174820519166737
  0.47242281994067259  0.48307071827470444  0.49363589236152633  0.50391017296564167
  0.51384169859035067  0.52372120804587974  0.53356111897612113  0.54355314521711673
  0.55332619511257808  0.56313669984176429  0.57333733000518117  0.58359732815221566
  0.59392034382419778  0.60430944912679041  0.61524482227570076  0.62636426760406527
  0.63653870761391695  0.64676081769225713  0.65688045163534237  0.66705510820524461
  0.67728257102126666  0.68741238088066126  0.69852284378996721  0.70917069606754157
  0.71994289525194455  0.73050490182496841  0.74046070954577914  0.75055513785759820
  0.76057848143715867  0.77072622966702431  0.78111443627059041  0.79153945923782121
  0.80249366269666278  0.81362476232755665  0.82487788354996716  0.83580090081191349
  0.84618014781397977  0.85641364256948915  0.86684549935362365  0.87767849935318942
  0.88835808289208773  0.89947144684084568  0.91075628009205034  0.92224211421522473
  0.93344135329756717  0.94481082080527701  0.95626087351190470  0.96604676814327928
  0.97556729539677800  0.98447627050504227  0.99252282513398760  1.00000000000000000
  0.00310421369591678  0.01341277723585095  0.02548275068129069  0.03655350973576183
  0.04738067632882997  0.05813057298707698  0.06901862746142290  0.08013736860685196
  0.09113595682311323  0.10216326542443667  0.11228553426280351  0.12193177773486133
  0.13143818777138108  0.14107432625576088  0.15110301370375456  0.16119650846044906
  0.17188941307387037  0.18300915464140902  0.19420213256165372  0.20529006306460476
  0.21619694955483940  0.22716585852630797  0.23835220054754139  0.24952429384538916
  0.26045353196581550  0.27112772711750410  0.28186117212091027  0.29267975741917479
  0.30365079272388362  0.31468571251315181  0.32545818232459078  0.33601934658180310
  0.34637963083841750  0.35656856416503141  0.36665007665236377  0.37660837529273050
  0.38682336892542790  0.39700947179475371  0.40753974805331794  0.41803854273322311
  0.42839731927513086  0.43869134676709659  0.44908296526317026  0.45936435431853628
  0.46967483882240268  0.47994931256913348  0.49040441769748605  0.50093220927118709
  0.51141335677383493  0.52191224397032510  0.53243142925768339  0.54283233578610557
  0.55348650854199843  0.56415130932154556  0.57453097552943444  0.58467454813630593
  0.59496899583074947  0.60566878504203736  0.61660737053441339  0.62765577030209496
  0.63883507218014557  0.64979554360706482  0.66017479567670267  0.67052576789477580
  0.68129028241863732  0.69196341488296809  0.70236805599620744  0.71299490161986590
  0.72386334293992693  0.73454502530569177  0.74492609440836355  0.75559277104474221
  0.76627884343271302  0.77694902636801910  0.78702624699457902  0.79688047645116544
  0.80639431279340956  0.81647274272878612  0.82684326708024058  0.83706538548573706
  0.84729618900125325  0.85795159010404964  0.86899166360164803  0.87969047168233006
  0.88954683220626041  0.89935979524540066  0.90916948819875087  0.91948701217693085
  0.93007198745251596  0.94030770031088795  0.95033259721068231  0.96019748258358095
  0.97009370806492479  0.97953277783253911  0.98948144922846204  1.00000000000000000
  0.00009856930208600  0.00014334746687142  0.00017413119026947  0.00020241931408479
  0.00022325283716678  0.00024030554166711  0.00025615012712428  0.00027113983231594
  0.00028572080599916  0.00030006769236618  0.00031438375700271  0.00032876938472194
  0.00034311630258834  0.00035774980594713  0.00037256758168364  0.00038761486848855
  0.00040314796393158  0.00041908537399537  0.00043505377052838  0.00045205222868001
  0.00046890981296406  0.00048632471382602  0.00050461008705736  0.00052342587562103
  0.00054275492988754  0.00056273002113448  0.00058300789140201  0.00060357574691970
  0.00062475069336961  0.00064609943327702  0.00066800924007956  0.00069179803589116
  0.00071871071666970  0.00074578316595572  0.00077320959165766  0.00080149482707218
  0.00082957908355057  0.00085822883061501  0.00088722393170327  0.00091704635117838
  0.00094823156448879  0.00098211090834690  0.00101858330040606  0.00105593636546944
  0.00109557339669346  0.00113571468166360  0.00117550938965188  0.00121609408912341
  0.00125874476545273  0.00130494747704667  0.00135421874204355  0.00140624378120523
  0.00145702458300292  0.00150994935822406  0.00156689441911064  0.00162855792934268
  0.00169297322421133  0.00175754711280587  0.00182303434169732  0.00189493368583029
  0.00196762705701221  0.00203503363443704  0.00210611030773781  0.00218121665566027
  0.00226063415146693  0.00234741241918421  0.00244025454496064  0.00254366011761772
  0.00266181076451704  0.00279116695329110  0.00292795498247110  0.00307484147524358
  0.00322773199843908  0.00338051267866053  0.00353850658493214  0.00370489107544780
  0.00389912031719308  0.00412326088289169  0.00437494030496817  0.00464568077025957
  0.00491886105564177  0.00521598004954389  0.00552772097094547  0.00584411795715875
  0.00617627524018433  0.00651202239445157  0.00687224725552829  0.00722542578655572
  0.00759289913605333  0.00797009741921355  0.00843407340070057  0.00890175440685637
  0.00957688868072415  0.01106353418459688  0.04011261241469374  1.00000000000000000
  0.00000268208278047  0.00000326934174489  0.00000385802074178  0.00000444810185234
  0.00000514399361128  0.00000592843972423  0.00000689203626994  0.00000802267228076
  0.00000932985976908  0.00001083528927501  0.00001254355245145  0.00001442602557965
  0.00001664717842018  0.00001916090861643  0.00002200545966984  0.00002524119705092
  0.00002898029379785  0.00003312573557605  0.00003762660036497  0.00004250676355740
  0.00004771978460207  0.00005317702600932  0.00005908512363499  0.00006537004440766
  0.00007201576569618  0.00007932517747477  0.00008698267165563  0.00009533370869171
  0.00010420844149353  0.00011354479169550  0.00012346742377019  0.00013371848553318
  0.00014471348542231  0.00015655551813113  0.00016843620485151  0.00018080132443795
  0.00019390524437489  0.00020775924221920  0.00022273897390629  0.00023815371454585
  0.00025447188207918  0.00027162546756106  0.00028882353482246  0.00030748492460906
  0.00032728793505977  0.00034831797829938  0.00037015113791962  0.00039241803039529
  0.00041592879305653  0.00044028106954221  0.00046518142571363  0.00049313653288889
  0.00052120236518450  0.00055120701621220  0.00058357812718578  0.00061663729397306
  0.00065096426864435  0.00068559602993392  0.00072190389972761  0.00076104697785340
  0.00080232248408980  0.00084721308996520  0.00089890249994956  0.00095586012820398
  0.00101676350470382  0.00108193279857834  0.00114534868113016  0.00121474582408221
  0.00129042963341489  0.00136978143422576  0.00145426440055053  0.00154089866191157
  0.00163499101382061  0.00173529301724135  0.00184025191766075  0.00195239436074117
  0.00207454914947150  0.00221627793988374  0.00238232620453062  0.00257000227661729
  0.00280197191244393  0.00304783491247022  0.00330080421968968  0.00358638048767403
  0.00390619397603248  0.00429044985795714  0.00492652333912536  0.00566302472279224
  0.00639623701475706  0.00709561962747088  0.00774795123513891  0.00840295233463585
  0.00944699109113122  0.01306114392314549  0.05370446639625379  1.00000000000000000
 -0.00235384928426385  0.00939842275693460  0.01929441780107539  0.02982281090467339
  0.04041945115139072  0.05121124227750862  0.06120220202303577  0.07140547138944642
  0.08172856564699559  0.09281945188260880  0.10378832446940653  0.11446553310373347
  0.12486409319579644  0.13495969207360742  0.14495525254819858  0.15474119503883776
  0.16446620082711089  0.17445728386047130  0.18465755591998273  0.19468356556431141
  0.20444435695633856  0.21413940651282140  0.22438791251560239  0.23507703125142648
  0.24571203063351688  0.25645678831623536  0.26718759556659089  0.27797951811724797
  0.28885387227849374  0.29992951386461164  0.31096165978061080  0.32126044128332915
  0.33123295077256015  0.34145195281984630  0.35169818180324991  0.36181338364801019
  0.37200296843929764  0.38260847205278015  0.39338123593305269  0.40386123846995442
  0.41421524083657701  0.42489943834954003  0.43539602125047033  0.44588588220577985
  0.45617823258859685  0.46673346531293514  0.47732171134189832  0.48794874454514114
  0.49853991582564960  0.50946165349911654  0.52028694862371572  0.53046408078052087
  0.54053960490339481  0.55061846464357245  0.56068829100532547  0.57078847082287332
  0.58094933198229448  0.59183902483382633  0.60284531380390960  0.61375359997189616
  0.62425116112328005  0.63459193881721809  0.64475631235800679  0.65489211084877674
  0.66501358969505542  0.67547285548718783  0.68610776641959925  0.69686366640947339
  0.70774372579613420  0.71869331865999342  0.72934692947725166  0.73991532866014287
  0.75082761671626386  0.76211075099241254  0.77341884935078786  0.78440246841313421
  0.79538476604722574  0.80604058596881178  0.81667178021594755  0.82729239652041775
  0.83825869945513787  0.84917133163004532  0.86042779680040182  0.87153597935189198
  0.88264948290840961  0.89355216722293052  0.90470779629426090  0.91605674098893208
  0.92716878236584832  0.93815987403356471  0.94884057782401976  0.95915887473448913
  0.96906718605519993  0.97916999853447084  0.98958176005631049  1.00000000000000000
 -0.00272513702778212  0.01009176837621434  0.02069238212109138  0.03174532669475834
  0.04243306631048339  0.05302373191994113  0.06373680507506513  0.07459981652455705
  0.08577758493456510  0.09694346224074754  0.10866032250780873  0.12039026836804961
  0.13115303351004837  0.14131946474991913  0.15144293067902306  0.16176385030433213
  0.17212516168956710  0.18245740424561116  0.19280908716765877  0.20330529985207749
  0.21369767618889637  0.22419244998703877  0.23459684086804167  0.24518786506869081
  0.25599420922843569  0.26670464057141102  0.27731334879494851  0.28782548654673451
  0.29833265318230362  0.30868646473246175  0.31870502486385854  0.32828997618629596
  0.33798970562055092  0.34769572790900211  0.35759489111872017  0.36762116640730025
  0.37788248902321836  0.38832261485287123  0.39853164589580004  0.40869698131745491
  0.41878449031182241  0.42900899514282087  0.43956439758080351  0.45054485439298919
  0.46179976503803610  0.47304540262330824  0.48361758702287283  0.49358991209307040
  0.50349363533052827  0.51361637363789281  0.52435316301114121  0.53510153250586590
  0.54580536738289998  0.55646383678759637  0.56728110023180944  0.57781112302850046
  0.58819790502190372  0.59852688471408955  0.60923383483116422  0.61967284582332405
  0.63006673480560371  0.64019427077409097  0.65053897619083978  0.66056454646499607
  0.67069323999780373  0.68113168137359592  0.69178976245976154  0.70249554597467567
  0.71293398859323687  0.72313677452187675  0.73362876896016394  0.74405824356460049
  0.75446613879605628  0.76478489171316177  0.77557568927122444  0.78635857974290979
  0.79701997955611970  0.80735506229523912  0.81770248637218934  0.82827660579418150
  0.83906675751170245  0.85018095011233374  0.86110718541960496  0.87215150632986826
  0.88346893269633753  0.89487551333761606  0.90549048260553211  0.91594859192521438
  0.92633753137537134  0.93682347643584019  0.94731465141774551  0.95795328511410660
  0.96863135969861536  0.97926634650235911  0.98956327409649458  1.00000000000000000
 -0.00306400337243836  0.01228535480790599  0.02494355227549418  0.03813564250120851
  0.05134058949282362  0.06459129710882407  0.07753365327986189  0.09024752999913070
  0.10283655868871951  0.11527531808497410  0.12761252307041576  0.13966187132646851
  0.15154485122332029  0.16307508660502895  0.17467726370828679  0.18615079296802381
  0.19757233819623135  0.20901742249503785  0.22050673878341726  0.23185859879779444
  0.24301466414331060  0.25406173780527475  0.26504887914618563  0.27598775199156766
  0.28685411735385191  0.29748612699958166  0.30807941418381568  0.31898351565170541
  0.33024349247667151  0.34135028538176576  0.35225567621484194  0.36315341634410536
  0.37424498273317819  0.38531934188450073  0.39612600690346966  0.40667828092322655
  0.41701337094577517  0.42722812137920813  0.43740373079979022  0.44774928621274795
  0.45820099860269831  0.46863288033092687  0.47893933007425116  0.48929135719722383
  0.49977424444428775  0.51021177003899110  0.52040491539340905  0.53047388160512132
  0.54057291392684903  0.55058529246980270  0.56059843994231884  0.57087424355635097
  0.58128365080284883  0.59151379117281511  0.60155779623715033  0.61170517979213535
  0.62193961154653321  0.63174557727530034  0.64127545401767971  0.65086889931385161
  0.66060185607351485  0.67038867138091518  0.68014979469357717  0.69002702646879388
  0.70038130722566250  0.71066858497978347  0.72060906923402235  0.73034763434349959
  0.73982100731256673  0.74939771979148062  0.75886355203548228  0.76828564762366269
  0.77778738738162767  0.78737240881825621  0.79721883267609694  0.80731895872470494
  0.81701143199279103  0.82622805039350855  0.83556478162511838  0.84508287569946650
  0.85460052550679799  0.86406000536361594  0.87348218575861958  0.88322648141137772
  0.89282965827239347  0.90186887990050157  0.91080145771747090  0.91977240964497653
  0.92925513352014544  0.93888436867377101  0.94872229307977662  0.95881667195542120
  0.96912033537047060  0.97936701090865574  0.98948449754551393  1.00000000000000000
 -0.00273354067018713  0.00999803402514952  0.02099621528743565  0.03235039583035647
  0.04358385995050765  0.05462496188707956  0.06523397574846211  0.07554729076563042
  0.08588643222794896  0.09600487050998915  0.10653335042047722  0.11723885782764926
  0.12798299013613645  0.13880627990185387  0.14942499894213393  0.16010704678354579
  0.17040864398949240  0.18074441046640266  0.19110714004698154  0.20164767626841409
  0.21227345284166119  0.22276221339834423  0.23336262029168831  0.24404956748702816
  0.25490624211991852  0.26596921592225559  0.27712681601799771  0.28869064104089381
  0.30001466632117313  0.31088799584377597  0.32137205503265526  0.33164741625762978
  0.34181050081112468  0.35191694284145231  0.36173322401985225  0.37169496304683464
  0.38183966776781547  0.39235989049579295  0.40281631901264320  0.41321488467955197
  0.42376875800556124  0.43455291796010848  0.44565454589541215  0.45666221302678839
  0.46740294125066761  0.47775779055804013  0.48791671991526120  0.49805621361370916
  0.50833874489103970  0.51883876474926605  0.52976019915913464  0.54094508764003824
  0.55214143757337530  0.56302903856616426  0.57378851195399516  0.58451498886287490
  0.59522722796116745  0.60575585912530883  0.61608841306970874  0.62621633294717793
  0.63618763373024945  0.64596367934734089  0.65575029084964898  0.66526790087242582
  0.67504103705599583  0.68485928835464782  0.69537971758523009  0.70628739847746935
  0.71688967642791390  0.72713292749641234  0.73728155154493080  0.74725354802868249
  0.75743729391213743  0.76785384225095865  0.77857264479672483  0.78938568276119636
  0.79966497631473876  0.81002289851042752  0.82036821716087993  0.83114652509257259
  0.84187134881464065  0.85258954429978839  0.86307818145019422  0.87351575417444083
  0.88414361131281360  0.89479140518542322  0.90540506572599144  0.91598238492233308
  0.92668107764851393  0.93753316457325420  0.94870666689019179  0.95934897310803458
  0.96967344100882402  0.97989088435099259  0.99014657516582605  1.00000000000000000
 -0.00124440138306042  0.00331441033683368  0.00775405729820204  0.01216296977598195
  0.01671893369292663  0.02157621395600353  0.02675035441646672  0.03216710895875552
  0.03770021489684597  0.04357979702599359  0.04993084937378479  0.05612929850461686
  0.06253294676731266  0.06925548134682681  0.07641750101325956  0.08413338265273272
  0.09240350374476163  0.10097969282670628  0.10952231910434720  0.11815165565354607
  0.12691431058831981  0.13541597008289669  0.14424487844335415  0.15353802782316650
  0.16301222664191825  0.17283589371548197  0.18286118387516651  0.19330063927604427
  0.20437614527526951  0.21557558086522025  0.22727114505498791  0.23924119287258075
  0.25153770832489397  0.26406875120833040  0.27671329102665970  0.28951223441532259
  0.30285295442661231  0.31681636050635975  0.33103436387220070  0.34553939993079447
  0.35977268128955503  0.37400849538886044  0.38854958590557048  0.40344996712323122
  0.41864389039286276  0.43398558346997496  0.44940922352837542  0.46475983773558671
  0.48000791521176694  0.49550871667701252  0.51178651494671412  0.52825129427111961
  0.54480076595228832  0.56131179190942482  0.57780868308347177  0.59369382017110650
  0.60951109322614117  0.62552058966624047  0.64151642941937803  0.65750943203222534
  0.67346921405064908  0.68908343920831217  0.70431748819470219  0.71888182654683341
  0.73291178448860717  0.74690580610273161  0.76039690759991729  0.77361415811563761
  0.78647667349694450  0.79886037216392924  0.81069707777487143  0.82201517958663473
  0.83286217978594945  0.84334471589031934  0.85351555352097797  0.86355567194435667
  0.87333658301422901  0.88281629592544142  0.89206823020293413  0.90079716690664502
  0.90897289460412167  0.91698141624868046  0.92457860524447988  0.93205641678765727
  0.93910874503626685  0.94571978855055183  0.95200605983023046  0.95810300261880454
  0.96411340501059484  0.96989228648367021  0.97554514759510824  0.98077129858596468
  0.98576033550383457  0.99058916534934249  0.99527075563240730  1.00000000000000000
 -0.00236259759763463  0.00916330956913608  0.01894612081628859  0.02888636919672536
  0.03913278132594695  0.04955756826034583  0.06001960217283873  0.07001287077937378
  0.07981646046972947  0.08996280849602020  0.10024264733445587  0.11059481354683022
  0.12072240345885507  0.13077630627714412  0.14103788062959594  0.15174556297049224
  0.16262372591564989  0.17353941406952120  0.18438497011521715  0.19503171740900568
  0.20555721414406977  0.21593743907736518  0.22671202506392490  0.23775371387465108
  0.24854408129060870  0.25914780547766630  0.26953447463774333  0.27944620806381137
  0.28930396374597506  0.29946571851622411  0.30958616423782126  0.31974666195008039
  0.32973824835366805  0.34009023360971774  0.35108421683678498  0.36184884801363154
  0.37285712862041820  0.38404429934184342  0.39490594347553892  0.40557468280240105
  0.41617216315846872  0.42696394331089738  0.43750307600704424  0.44820725396408356
  0.45896467056139179  0.47006929188916652  0.48102980117200156  0.49214236354992930
  0.50301622055532358  0.51384602645784483  0.52461938139542286  0.53532663891014731
  0.54593421567150913  0.55642184183357146  0.56709847405006597  0.57783738183775657
  0.58897092015635544  0.60027152763360769  0.61101919064983135  0.62139142533281344
  0.63171954788397988  0.64216775727923470  0.65217919679994352  0.66186446069964366
  0.67146560460412641  0.68148961497073490  0.69173315073183683  0.70240638786367415
  0.71294543628273899  0.72355449916820502  0.73427730556618587  0.74533694540636863
  0.75667118023291924  0.76776969728090139  0.77873441086020656  0.78960224226789233
  0.80068035678064664  0.81173184233033102  0.82235840247217362  0.83260515789246892
  0.84296387163992137  0.85329367503563158  0.86373358420699098  0.87407081844281431
  0.88466180067402878  0.89542351555471222  0.90643987326590381  0.91761257498275650
  0.92868122177353241  0.93907699850163284  0.94898881099543564  0.95897874688472762
  0.96915942172121150  0.97953489180287823  0.98987411542739467  1.00000000000000000
 -0.00262351299361577  0.00998587242919204  0.02071325084919942  0.03226820249749217
  0.04316399025130886  0.05361554542295074  0.06394854789657388  0.07474237635084302
  0.08553786069738069  0.09624489206967021  0.10701362642903281  0.11785014404155575
  0.12846674259189117  0.13895042873305463  0.14968623771149181  0.16070821541058083
  0.17158801513018251  0.18241525219719740  0.19320608312186541  0.20415579228297032
  0.21489651885577360  0.22589002028714483  0.23684028367246845  0.24786499355746666
  0.25860883800448464  0.26909254300437269  0.27909266640835273  0.28890617620929293
  0.29883678037794636  0.30889134993957340  0.31872930971931890  0.32857572767480703
  0.33806207216764378  0.34771814913271776  0.35761621806010890  0.36801897785848303
  0.37839909757289480  0.38905811083079750  0.39994854869070950  0.41096739198590981
  0.42177579187804715  0.43229437679128013  0.44269924560741897  0.45301981227243793
  0.46348414211697225  0.47410211208260833  0.48472220844339409  0.49531447160692571
  0.50547153398953237  0.51520566723463057  0.52511534115504421  0.53534204465045054
  0.54557998190228341  0.55561459011831482  0.56531437085528158  0.57551952612150470
  0.58571072361220722  0.59629260950970309  0.60688943073214818  0.61759924275942657
  0.62843865275455790  0.63933714462114843  0.64951907602462866  0.65967410090031131
  0.66997016832326439  0.68096192613691897  0.69209870107276539  0.70289024519632071
  0.71374363752229075  0.72434738526614817  0.73536525409190434  0.74615290606584039
  0.75701674739798186  0.76731647494285526  0.77802444125306747  0.78858513024582788
  0.79911322785573824  0.80944679643105588  0.82035511864975885  0.83163022954300636
  0.84256686700172956  0.85338625211383545  0.86411525358090702  0.87475211277571019
  0.88525670821362967  0.89560478084969541  0.90583685323484087  0.91575574383904834
  0.92596428321883484  0.93602129331933182  0.94642000952811822  0.95672465558067366
  0.96761871211503014  0.97841262128287620  0.98913128245467874  1.00000000000000000
  0.32942019863685829  0.57568724552985806  0.60823152083869436  0.63151542760367485
  0.65018776731261496  0.66472239158868685  0.67695747296475928  0.68777426633298400
  0.69751391261387719  0.70672284506778837  0.71526131231386447  0.72342212643655235
  0.73091269973164719  0.73740751625755774  0.74364003496416098  0.74957080653837105
  0.75515415161552146  0.76062451823442123  0.76605586564868222  0.77123933468839401
  0.77603621907396547  0.78061784854464178  0.78515392251534422  0.78967726468570032
  0.79406352984242001  0.79816340144663267  0.80218600217876834  0.80613061298457966
  0.81002391624750725  0.81377735301466836  0.81738559011755008  0.82093158406919897
  0.82444858741139793  0.82795033920568872  0.83152708531400199  0.83498884140940233
  0.83833927021697130  0.84163531213326026  0.84492366201229507  0.84818092123699584
  0.85142542641185459  0.85454336083459970  0.85754407228023777  0.86042402920944783
  0.86322196101277227  0.86596959871598889  0.86866793685684585  0.87136604245697291
  0.87410714197283024  0.87682170847990393  0.87953026941389278  0.88224158622367421
  0.88488045759992240  0.88745485696323789  0.89000687320518446  0.89252676349206961
  0.89500264452422684  0.89745435204210422  0.89987275235938169  0.90230405304601857
  0.90475484497946879  0.90721449021696365  0.90972255092912691  0.91223166405089318
  0.91470138048632477  0.91712830467900619  0.91946823406287870  0.92177542619618835
  0.92407814403838917  0.92638483006303163  0.92869850101998652  0.93102643127909124
  0.93337808656685539  0.93572536195608713  0.93808244034043664  0.94039676140069861
  0.94273231796992829  0.94504168466350158  0.94736951504433786  0.94970471262211131
  0.95202984757963993  0.95441710438450766  0.95692572876758530  0.95947050881010931
  0.96209588411910218  0.96467307361675858  0.96722373413969942  0.96991019823049540
  0.97263395980401190  0.97552520871938353  0.97854662003637638  0.98179720928959668
  0.98527354041542059  0.98908891337298532  0.99376325287392653  1.00000000000000000
 -0.00473591853381665  0.09703737901462500  0.11618724778120584  0.12975287104237235
  0.14274408753130335  0.15479100122359291  0.16458456721999007  0.17325011524839137
  0.18190478224507389  0.19020730329841137  0.19755118923376080  0.20442540653409913
  0.21091933165167764  0.21743023328494712  0.22392237894239606  0.23017910483221293
  0.23631098664579550  0.24228302185365619  0.24835667107301376  0.25434368745348096
  0.26024954438207309  0.26604241535121587  0.27191959203458560  0.27789634944759795
  0.28380236847290796  0.28954371891634645  0.29516206925843586  0.30070782321883488
  0.30629860516281232  0.31196932166956082  0.31756470380807217  0.32304540774431528
  0.32854592367000751  0.33393020432675258  0.33927987697247075  0.34460123511700680
  0.34987904738724329  0.35519180876339140  0.36059845123113676  0.36603967697302109
  0.37141187744187421  0.37681120556078213  0.38221413941259536  0.38780521793331535
  0.39339903656763170  0.39912438827598851  0.40478647238377269  0.41050307632094080
  0.41617996994015793  0.42182487511893729  0.42748805930072081  0.43317133117471424
  0.43886806352913893  0.44461537265048257  0.45046609242093372  0.45638993764720998
  0.46235786392124667  0.46841500399278324  0.47444510126268469  0.48053946395384911
  0.48667914597277062  0.49288732471717933  0.49905999639942022  0.50549365122862666
  0.51192479724606321  0.51840169477731624  0.52499703272206721  0.53168220240459363
  0.53852292233159682  0.54565334061545756  0.55309970185999657  0.56078688457508452
  0.56869861785260223  0.57680123836794939  0.58489068806127131  0.59297587949555097
  0.60107759358769719  0.60943699686943587  0.61787587017124379  0.62656627227956485
  0.63573823146904018  0.64529262321791858  0.65534253998988246  0.66574204046140972
  0.67660466774505201  0.68811662172953658  0.70029279437575398  0.71350257419573437
  0.72762138492515316  0.74324945741928961  0.75997216506171583  0.77799317800008183
  0.79847589836506205  0.82411402134455469  0.86409631564879252  1.00000000000000000
   4.6965790016266094E-008  -1.0000000000000000     
 F F F F F F F F F F F F F F F F F F F F F F F F F F F F F F F F F F F F F F F F F F F F F F F F F F F F F F F F F F F F F F F F F F F F F F F F F F F F F F F F F F F F F F F F F F F F F F F F F F F F F F F F F F F F F F F F F F F F F F F F F F F F F F F F F F F F F F F F F F F F F F F F F F F F F F F F F F F F F F F F F F F F F F F F F F F F F F F F F F F F F F F F F F F F F F F F F F F F F F F F F F F F F F F F F F F F F F F F F F F F F F F F F F F F F F F F F F F F F F F F F F F F F F F F F F F F F F F F
  <DiscreteSampler_grid>
  grouped_processes
  1 # 1 for a reference and 2 for a running grid.
  10 # Attribute 'min_bin_probing_points' of the grid.
  1 # Attribute 'grid_mode' of the grid. 1=='default',2=='initialization'
  0.0000000000000000 # Attribute 'small_contrib_threshold' of the grid.
  0.5000000000000000 # Attribute 'damping_power' of the grid.
 # binID   n_entries weight   weight_sqr   abs_weight
    19   10   2.151667186761928E-002   8.981948395332751E-004   2.151667186761928E-002
    20   10   2.151667186761929E-002   8.981948395332751E-004   2.151667186761929E-002
    22   10   2.151667186761928E-002   8.981948395332751E-004   2.151667186761928E-002
    23   10   2.151667186761929E-002   8.981948395332751E-004   2.151667186761929E-002
    25   10   4.019655192631246E-002   7.295122172909167E-003   4.019655192631246E-002
    26   10   4.019655192631242E-002   7.295122172909142E-003   4.019655192631242E-002
    28   10   4.019655192631246E-002   7.295122172909167E-003   4.019655192631246E-002
    29   10   4.019655192631242E-002   7.295122172909142E-003   4.019655192631242E-002
  </DiscreteSampler_grid>
