  0.00272423248559299  0.01430993833954612  0.02580242502485791  0.03657331891677340
  0.04675164531910452  0.05723281734369508  0.06736376790102351  0.07737701209811181
  0.08760364798286863  0.09807840538714825  0.10855151023695007  0.11844622670615200
  0.12830058103313138  0.13877347947078977  0.14924456251605114  0.16063157490666100
  0.17199698288551094  0.18400596899165897  0.19529818750162498  0.20444226424946182
  0.21306021861247684  0.22219699194306275  0.23214740702004058  0.24410352327228782
  0.25554749220081585  0.26655396230272749  0.27734266518433615  0.28823128710401402
  0.29926059629240898  0.30982147362259554  0.31981475115145347  0.33008042152247025
  0.34000447238717313  0.34952638988200924  0.35901025867730718  0.36872264326437953
  0.37893325620405588  0.38941855906525014  0.39960935876288267  0.41050919222931709
  0.42146298308978403  0.43116563422224669  0.44051231879342428  0.44999903183675050
  0.46007795845419230  0.47065409929151608  0.48096315890021651  0.49107870847150831
  0.50138525291245728  0.51160882329086921  0.52212092153117262  0.53334620335490568
  0.54499816867337270  0.55651537083603342  0.56743885302791008  0.57786629058704309
  0.58793169932100842  0.59827408249731151  0.60870578422623667  0.61947221070452119
  0.63134973269441841  0.64413678411821484  0.65713834020861439  0.66953452212430709
  0.68106595267735626  0.69216476902090918  0.70261735241208711  0.71262790720970792
  0.72276804426318531  0.73403881221298306  0.74598424285831355  0.75808112383199033
  0.76987839362885069  0.78181015910138441  0.79388493492486301  0.80543228834017555
  0.81648679690333892  0.82668224168420157  0.83833357554941823  0.84922857318641332
  0.85978832095704805  0.86994531081049176  0.88068198961093902  0.89206192001447560
  0.90409440639241023  0.91186269041432133  0.91888832570320333  0.92583357944722677
  0.93264205224712515  0.93978114835498516  0.94879607025088342  0.95826133595656182
  0.96722270304523716  0.97557753849300644  0.98416444624736943  1.00000000000000000
  0.00313941324545847  0.01348514103013044  0.02615919337192884  0.03923903151804867
  0.05293093387028185  0.06539416384859081  0.07760358941487069  0.08922637189647037
  0.10095717241485357  0.11153751559242317  0.12222454174429644  0.13320273686001033
  0.14432471895819146  0.15545466916783193  0.16625533379713639  0.17668033085816115
  0.18707941062191807  0.19781501236013849  0.20860549912318310  0.21849593882768542
  0.22748355157125005  0.23631284014666565  0.24539599000319540  0.25482835895598788
  0.26504039695572285  0.27565360269516381  0.28495923171675897  0.29228694808689859
  0.29905836237900146  0.30665906343422455  0.31429819529660474  0.32318803089986442
  0.33458670445971606  0.34573313690871893  0.35715716344102366  0.36847055659153738
  0.37917969051587447  0.38850113046142942  0.39769921632541561  0.40763534346316166
  0.41564719871616324  0.42410684698990436  0.43195740857081916  0.43944523009165165
  0.44965305595089983  0.45989149675042978  0.47192013924659482  0.48407479040360124
  0.49697467012136398  0.50868727213600884  0.51952250921365017  0.52955040253824837
  0.53961045488881054  0.54974089152822903  0.55953271702415619  0.56922051850607214
  0.57906778719435303  0.58930787465075485  0.59882474870420299  0.60819895222117426
  0.61825039736849718  0.62873800740920749  0.63787450900308296  0.64674344744007428
  0.65593223830804215  0.66535707837998914  0.67515861994828708  0.68573733014291549
  0.69682280896460280  0.70759467831640999  0.71807809270270406  0.72927885635721690
  0.74137873292665601  0.75302026743524419  0.76453767635185266  0.77623306020560523
  0.78801349567398826  0.79940232537169953  0.81054431972166574  0.82157350776118210
  0.83299843410388941  0.84391742108212564  0.85454361967162185  0.86448166024248452
  0.87522622703691577  0.88711726864866924  0.89883799183349011  0.91076885176796929
  0.92248666001863089  0.93429744400394477  0.94432458737913283  0.95503042483943024
  0.96419187959493169  0.97466077618896507  0.98387005993708931  1.00000000000000000
  0.00000383251633327  0.00000416802713679  0.00000448544362793  0.00000483331203728
  0.00000517532679165  0.00000552785812952  0.00000585362458512  0.00000616669450903
  0.00000654285300283  0.00000696529790329  0.00000747278007124  0.00000816101722598
  0.00000896430821128  0.00000981611874051  0.00001070929068085  0.00001167347785309
  0.00001276938546844  0.00001397847944608  0.00001534326869203  0.00001682571864910
  0.00001853940714673  0.00002025764477932  0.00002202463017945  0.00002374084002383
  0.00002569136093971  0.00002783587089394  0.00003028033506112  0.00003297427062356
  0.00003597782869521  0.00003927995039088  0.00004294865880323  0.00004619477265589
  0.00004935873523449  0.00005299311183664  0.00005647606851961  0.00006089568388069
  0.00006549595900684  0.00007009104844895  0.00007467444714770  0.00007979487881000
  0.00008547279705973  0.00009282727991994  0.00010088648052084  0.00010896190188955
  0.00011733137927285  0.00012620913691751  0.00013549134977226  0.00014594092194328
  0.00015768902943998  0.00017013007007943  0.00018359829588670  0.00019714970581031
  0.00021222051872699  0.00022738509719255  0.00024262209642483  0.00025824945954627
  0.00027444413031260  0.00029390719018225  0.00031603541864825  0.00034065749619711
  0.00036621144693605  0.00038960333047500  0.00041370736767126  0.00043909710401902
  0.00046537686466473  0.00049895324791363  0.00053609642381625  0.00057518281384962
  0.00061718383327493  0.00065945857526907  0.00070680549982426  0.00075870493261660
  0.00081994509756398  0.00089324507564118  0.00097333454412032  0.00106007319770311
  0.00115829649203572  0.00126565565801000  0.00138055697386202  0.00150657107804075
  0.00165797640103727  0.00184613319534826  0.00206429564856900  0.00229893418208876
  0.00256852495332445  0.00289507699219540  0.00327163727074388  0.00365630985520957
  0.00415453143636608  0.00478634749468242  0.00553661649159160  0.00650530495803016
  0.00820126064559097  0.01095967654130555  0.02634740754560533  1.00000000000000000
  0.00000941220429823  0.00001075632622641  0.00001181074770840  0.00001273318561331
  0.00001356278241804  0.00001408541455913  0.00001457381607297  0.00001556783930053
  0.00001660461759578  0.00001748663093686  0.00001833026109760  0.00001899155811829
  0.00001964735465930  0.00002029529567887  0.00002091482473649  0.00002156797300984
  0.00002229615620679  0.00002320033728218  0.00002419078501365  0.00002558949157458
  0.00002700396971233  0.00002844143724938  0.00003015997178119  0.00003215890417815
  0.00003434571192826  0.00003655735489022  0.00003805250724374  0.00003971051491129
  0.00004151302172282  0.00004381175792680  0.00004672982932352  0.00005024795735135
  0.00005416391450488  0.00005876001406544  0.00006480485338645  0.00007162233603339
  0.00007930799958727  0.00008792134263303  0.00009774189958279  0.00011025247341952
  0.00012383491639159  0.00013868922806797  0.00015558487468530  0.00017426681130766
  0.00019435386316628  0.00021483671420479  0.00023757809484152  0.00026158238571059
  0.00028625587581993  0.00031165317262243  0.00033939474525338  0.00037017223480941
  0.00040546598822908  0.00044101722356490  0.00047630552515596  0.00051337426834923
  0.00055544717710595  0.00060469752695693  0.00065786961968538  0.00070861286358589
  0.00076197828331705  0.00081508001007390  0.00086110008799543  0.00090905039300791
  0.00096074451356576  0.00101836523296716  0.00108575209068735  0.00115082532252050
  0.00122026979751464  0.00128328957592891  0.00135148718495819  0.00142640996613508
  0.00151080938376336  0.00160432494764226  0.00171786771758172  0.00181647332404595
  0.00189502777970703  0.00196904684747006  0.00206321166404760  0.00218123969799505
  0.00235127518298307  0.00250581926274817  0.00271869092550173  0.00299848206828477
  0.00322017395324205  0.00339106667849156  0.00354884548138599  0.00370966448718985
  0.00389938414326982  0.00417457234900683  0.00456355607547960  0.00512338493420640
  0.00578105863223546  0.00655033595013388  0.00701792918360968  1.00000000000000000
  0.00000976421029348  0.00001056939618994  0.00001144557743275  0.00001232248562665
  0.00001314112843531  0.00001426757718758  0.00001555770171293  0.00001674942791881
  0.00001774800679129  0.00001852600881880  0.00001933045520693  0.00002009632008947
  0.00002087344197042  0.00002173760628487  0.00002276265736810  0.00002398804267509
  0.00002524884200675  0.00002673405306820  0.00002857205327835  0.00003020269084230
  0.00003225585227911  0.00003472716817822  0.00003803916355932  0.00004187307592900
  0.00004591051340299  0.00005032838337668  0.00005508276986397  0.00006030425225588
  0.00006626168423980  0.00007320121803718  0.00008122337482878  0.00008962563555483
  0.00009772530550569  0.00010622830781192  0.00011498647539932  0.00012650210021563
  0.00013974683531733  0.00015360447486009  0.00016801355401841  0.00018245347121936
  0.00019834907233676  0.00021605134689278  0.00023505679148327  0.00025615429536139
  0.00027710969657110  0.00029870308908071  0.00032098831723406  0.00034610400324545
  0.00037373570372244  0.00040161361203212  0.00043041365313482  0.00046174770929797
  0.00049705715481994  0.00053628266846034  0.00057848306964798  0.00062219876540872
  0.00066759935756618  0.00071628732956811  0.00077018924219648  0.00082459501880649
  0.00087557805906395  0.00092464150341063  0.00098020204010313  0.00104583921190649
  0.00111981735660009  0.00120222434210835  0.00128769986223124  0.00137778447845277
  0.00147944742352376  0.00158504309353658  0.00170242650592407  0.00180241619473916
  0.00189444988913110  0.00198257748775531  0.00207061428080386  0.00220118375455450
  0.00237033322315848  0.00249535517822307  0.00261647537172274  0.00273472039909723
  0.00286408465996343  0.00300190180810954  0.00323818733903997  0.00345666765033852
  0.00368163673643550  0.00391779700919492  0.00415939232363329  0.00453127779439470
  0.00491881784481262  0.00526288220765041  0.00557283332311147  0.00592525799425577
  0.00638447091420329  0.00765988322388843  0.02067449549009752  1.00000000000000000
 -0.00238052813896214  0.01161883448211069  0.02388845567349464  0.03558953706827071
  0.04708432975049491  0.05831551732615240  0.06905943961654297  0.07975467804958399
  0.09041681390442323  0.10227840634143155  0.11500558861154661  0.12706311071716586
  0.13857735397617624  0.15037321508633905  0.16290295989738016  0.17442339269991991
  0.18482887081235444  0.19481290453705130  0.20459882590556569  0.21415052116245703
  0.22345129308438416  0.23276991729013016  0.24358850563517301  0.25541151886324548
  0.26739277687021162  0.27801851465278388  0.28815214520892751  0.29837381068230406
  0.30837957061285770  0.31835748559775395  0.32779247925236871  0.33718261347125106
  0.34726185852687436  0.35719568344085467  0.36753089091061725  0.37789267240467961
  0.38840223540029334  0.39945940413241993  0.41061341534964069  0.42177536126324755
  0.43321207842819193  0.44374350491192710  0.45252165178715292  0.46008775273235442
  0.46771170937992007  0.47507042798380689  0.48316259014444130  0.49405573893776628
  0.50554165511506011  0.51757658123132499  0.52912086470429198  0.53950236489598058
  0.54865991318742080  0.55830354334361332  0.56760282764074443  0.57757895435651352
  0.58909192153943934  0.60056084936788179  0.61073819414784214  0.62032223378872875
  0.63023259793060382  0.64079189172042539  0.65169918874844923  0.66142400569976878
  0.67097632875591140  0.68075575927490128  0.69124942307669413  0.70251034974875937
  0.71444743802234134  0.72671985348197177  0.73844119626009774  0.75001200900815657
  0.75969669305757082  0.76907223726925267  0.77722925899604522  0.78591154007867237
  0.79497242377614719  0.80460007255034460  0.81403127124346264  0.82395845325690453
  0.83307971266952474  0.84184906661266279  0.85087650610471910  0.86019842949480729
  0.86995620593390621  0.88022792476045209  0.89116306926770317  0.90245050653067727
  0.91428976324695399  0.92597729012460928  0.93714877809770214  0.94831044703737488
  0.96011404664203681  0.97299046089248609  0.98608089044562641  1.00000000000000000
 -0.00261919211766366  0.00661396665612082  0.01568411446193892  0.02605832372647833
  0.03860720913253370  0.04945825231302633  0.05941852981136739  0.06898465780374671
  0.07855471169196773  0.08892373368188321  0.10006552113976841  0.11142207226191045
  0.12186830837348719  0.13193084665202506  0.14212091487056466  0.15264498675120317
  0.16331149243651105  0.17355632945917396  0.18380372483732804  0.19425986233534961
  0.20517282911863513  0.21587316249714647  0.22613756577074237  0.23643259360478697
  0.24736193383547136  0.25867018367202288  0.27022728227806159  0.28193154331455711
  0.29209232224818216  0.30224244948944773  0.31270486356277366  0.32396021529592200
  0.33618902976543191  0.34854405787072790  0.36165520401916118  0.37502784550354762
  0.38739169093786013  0.39923592720488899  0.41078166197015004  0.42280079646887847
  0.43406106828516955  0.44545915031576516  0.45572448964637918  0.46546644697946488
  0.47442314470578223  0.48340285915260384  0.49269778775912376  0.50202932651831944
  0.51212516071198111  0.52270807465230240  0.53401631462828403  0.54511715452420573
  0.55622870125296386  0.56748481964886355  0.57924628953391222  0.59083356130012721
  0.60132503302736229  0.61130358363515847  0.62141990665060098  0.63235619281529587
  0.64469533956582037  0.65660069147053357  0.66903554836081847  0.68086025932830074
  0.69282867815157656  0.70345069770053692  0.71314995734066366  0.72207992207626670
  0.73187568997958075  0.74163132702346057  0.75151381656219174  0.76226387619780667
  0.77409326227245989  0.78575898945005751  0.79628846983650103  0.80655009467015037
  0.81663039578196950  0.82664534116612332  0.83641605593347901  0.84721582697759301
  0.85540405563882316  0.86388766432353015  0.87223838489134065  0.88157052632238919
  0.89286896951267336  0.90405553314612364  0.91540536474618461  0.92407294169151866
  0.93134084622174029  0.93870562498875953  0.94568154235876922  0.95298468458667362
  0.96353698907911445  0.97467849152739650  0.98611504871312261  1.00000000000000000
 -0.00208282549866825  0.01052430289429624  0.02072587159507143  0.03029293883436236
  0.03987197359028972  0.04816528830924520  0.05632206487975378  0.06467528368105388
  0.07404204586629320  0.08344726575148892  0.09254104017729853  0.10127307077990515
  0.10998691181961187  0.11883350648813719  0.12782069203801238  0.13747751143266815
  0.14784957200682258  0.15844547627608110  0.16956904064939413  0.17996416374499910
  0.18923763107606001  0.19813605193081388  0.20735905507987815  0.21639586141614758
  0.22587705988796919  0.23477651245812375  0.24307903016103100  0.25042670638258985
  0.25620551404994518  0.26187688068650494  0.26801416566513175  0.27440210097960421
  0.28247715169410892  0.29298680271772554  0.30312168679019419  0.31369388243336727
  0.32450933185808600  0.33387729910360914  0.34261850297666474  0.35178120733399193
  0.36203199380501494  0.37334606733845865  0.38398517667597004  0.39410824782656056
  0.40283896478092940  0.41115843044699185  0.41963445508019764  0.42902091932969244
  0.43948488502518968  0.44970449286828801  0.45930484391437770  0.46918139453840801
  0.47966448065674100  0.49095657459472852  0.50270659610970470  0.51396168418073740
  0.52486334444057337  0.53613339518524206  0.54683164124221684  0.55823458008541227
  0.56928855169559411  0.58079886161807537  0.59191357150239698  0.60317122976861293
  0.61504968185994402  0.62734545245531614  0.64043503212774444  0.65387973351073814
  0.66761175984774201  0.68056842065847090  0.69147200197302727  0.70121153012771942
  0.71134331123559791  0.72154446254761007  0.73385509606796595  0.74703918159156713
  0.76172236299248264  0.77662870928050420  0.79024348685779311  0.80167435736795978
  0.81237999546986317  0.82307092866439724  0.83420674480492873  0.84435778529962757
  0.85392543411939581  0.86417336722770577  0.87632653806573568  0.88971601727387484
  0.90298189282797736  0.91528941187357860  0.92855971061897824  0.94245728316729427
  0.95745773998800965  0.97306500784626193  0.98716852242677267  1.00000000000000000
 -0.00218409772905681  0.01062865051249709  0.02101428753758986  0.03093596295068389
  0.04123239013573479  0.05255042446484312  0.06475161507683419  0.07696054172783047
  0.08775227250494909  0.09635808192102469  0.10470104974291494  0.11364140171204937
  0.12358672336184555  0.13490391580081348  0.14616879670957339  0.15745340918426184
  0.16880133718142937  0.18015888638676436  0.19073918604180931  0.20099663169492937
  0.21189113014131339  0.22327249926444184  0.23547071874170319  0.24799275991467354
  0.25972881208311183  0.27080122283077435  0.28168921296388466  0.29304808262092669
  0.30426153429163616  0.31254202368686190  0.31844963958858424  0.32433894755443793
  0.33040005060604577  0.33750649638834740  0.34726436287119161  0.35760794441951638
  0.36764134105890151  0.37766624998241927  0.38820218921825184  0.39929385311071064
  0.41104448632356921  0.42287579958406651  0.43488619470417988  0.44645281530331171
  0.45685234895538357  0.46675314475582158  0.47624390412968914  0.48658120473317568
  0.49843404668678482  0.51160733054063290  0.52552722211985325  0.53854056238494419
  0.54987708820055969  0.56004583208428904  0.56992335779379422  0.58009949298341390
  0.59008042961270557  0.59929843320686038  0.60916523107309795  0.62111672563021092
  0.63311240379642053  0.64412278155372382  0.65485195388385897  0.66545374843319161
  0.67578844586566644  0.68550778548114244  0.69515924711070487  0.70513310386121753
  0.71606533301177766  0.72746028262537299  0.73858575052972053  0.74962666072939932
  0.75977883845667460  0.76938557347319603  0.77934548106971069  0.78902366105368527
  0.79863621547834962  0.80783267930725833  0.81755908928306387  0.82727543556801930
  0.83585544336513595  0.84483962174888816  0.85392103881819892  0.86440191710031089
  0.87630334318755609  0.88902468533995471  0.90196076585981311  0.91423421732205634
  0.92591258732608639  0.93673971755965912  0.94670779667477101  0.95643822114329258
  0.96588758094772709  0.97598334217255367  0.98751737100834047  1.00000000000000000
 -0.00184436361281173  0.00947621824737510  0.02009311532882403  0.03161199203142249
  0.04329097768252219  0.05437807134593194  0.06509131788327950  0.07643386993230500
  0.08764030730282163  0.09781367058769339  0.10737001888312869  0.11615546159258229
  0.12550174234171721  0.13582891838509989  0.14623649636726394  0.15653798195987725
  0.16726052749657966  0.17783831103756528  0.18817955338486009  0.19870553473627151
  0.21070241541508705  0.22376028879745880  0.23611327804503338  0.24768515964488103
  0.25886115489556333  0.26875261575477377  0.27777753624962315  0.28705496341551734
  0.29690679281623378  0.30774071375328077  0.31866974763507089  0.32852424678582870
  0.33796392830511934  0.34786871163744204  0.35878977035999493  0.37039063696191260
  0.38145025856991871  0.39212213706949089  0.40278627116406401  0.41350129611733544
  0.42428194052138796  0.43544977917496258  0.44787676302916563  0.46121514575420985
  0.47472633757242289  0.48671848571796833  0.49761581253767984  0.50774651532038884
  0.51769699766024269  0.52763580008596911  0.53752463453973676  0.54762099936818520
  0.55766862605481682  0.56750831741389396  0.57728828339306604  0.58730673953317647
  0.59744980882953014  0.60678386610161084  0.61471987948267104  0.62256592555189028
  0.63118381794138245  0.63945218167538087  0.64996750142919102  0.66011044502914074
  0.67138209377844249  0.68269873274748005  0.69501416874415400  0.70712353322480104
  0.71909824843024639  0.72856134993859833  0.73860940183825907  0.74820602857600294
  0.75907868176053206  0.76988474218412528  0.78115355892668725  0.79284240993745603
  0.80432885561424583  0.81552777524392761  0.82688653053760675  0.83873261747525585
  0.85045913496419645  0.86080331543162192  0.87015024832908372  0.87962842883686021
  0.88959496607892286  0.90005253207327818  0.91108682872678970  0.91943361510476163
  0.92692563920984328  0.93445705760318654  0.94212709915653969  0.95112788369652979
  0.96217217817367817  0.97402072088015557  0.98651331203283721  1.00000000000000000
  0.00004228549672870  0.00033794534554450  0.00065167417250349  0.00091206226259763
  0.00111033450746189  0.00130620856453567  0.00150429275103385  0.00170024990874367
  0.00189239100338755  0.00207461790241305  0.00224816659803313  0.00241669995928073
  0.00258533324699169  0.00275781557024342  0.00293419538450930  0.00311960248423587
  0.00331177934958433  0.00350458896940992  0.00369075732228484  0.00386738922750991
  0.00403092174234957  0.00415464564477508  0.00427836954720058  0.00440487198024954
  0.00453181865864640  0.00466776209240088  0.00481048448880405  0.00497955387835547
  0.00521456454905336  0.00543702971524630  0.00566152573723430  0.00589330666277742
  0.00609693168279671  0.00629755191773417  0.00649594595421006  0.00669533724815756
  0.00685215633043550  0.00700553884910267  0.00716670164734181  0.00732300781707124
  0.00747212658102064  0.00761651068841940  0.00775546447728320  0.00787995828347485
  0.00800992581030494  0.00814437574466385  0.00828075233670480  0.00843464172486201
  0.00861320087957381  0.00882188306717348  0.00904791669959111  0.00926042301620999
  0.00948509234736333  0.00972022958327873  0.00996532398701546  0.01021577399744652
  0.01049115592909110  0.01077006356038460  0.01102684762751585  0.01128124656389456
  0.01154907239807158  0.01182175801241820  0.01214977814807156  0.01253517698671065
  0.01288574947792676  0.01315633431379124  0.01339078330767159  0.01360836908518531
  0.01382070695001529  0.01405740554404609  0.01433655554258175  0.01463700671929647
  0.01489025759981263  0.01515996064956065  0.01543951383503197  0.01573237581398720
  0.01609092623511541  0.01645702577441729  0.01689286094167501  0.01744194335186423
  0.01813715457277792  0.01939716326059026  0.02085387324909231  0.02192256453681938
  0.02380519056501611  0.02578737428014406  0.02698387293985164  0.02794879729477160
  0.02935975807937505  0.03134713138860389  0.04616411554412039  0.05525350253308532
  0.05623375780219484  0.06185710869922398  0.22511035662789700  1.00000000000000000
 -0.00147934608149623  0.00937373965037242  0.01909893350317475  0.02923862783875092
  0.04025610836626399  0.04950379860837679  0.05712214203349513  0.06466022496458627
  0.07212115991034608  0.08009794056353763  0.09012421856047510  0.10105386922522545
  0.11320334065551443  0.12625874474614562  0.13911216581507443  0.15144926742909368
  0.16321479664566246  0.17441506961814168  0.18579374206039040  0.19655996100329473
  0.20778575137711666  0.21915679195053195  0.23116343948450249  0.24292973645445734
  0.25487628507353838  0.26691189767992579  0.27864386742958336  0.29023294487516982
  0.30165677433173627  0.31267009867810419  0.32309019940373723  0.33304318875695510
  0.34320226716434749  0.35419238329120228  0.36637527384158319  0.37828613674405093
  0.38964732880692216  0.40004826761938223  0.41022732573798165  0.41947400623478498
  0.42713832290804615  0.43499085986209957  0.44267989382803963  0.45089224823754787
  0.46038439226084243  0.46934152846889365  0.47725114357143317  0.48455631977810842
  0.49206795853702689  0.50071814668955561  0.51234896743742808  0.52398281147157999
  0.53485421479291417  0.54516564370695830  0.55571443911702145  0.56642500796682049
  0.57771002910652691  0.58914469944294978  0.60083776942682976  0.61150481132349654
  0.62223420420410436  0.63352719132789637  0.64579503997308796  0.65784931413127135
  0.66936819417551341  0.68070977067254324  0.69164516222242156  0.70174715922201059
  0.71192032119433657  0.72272172307745108  0.73426085376538919  0.74630012481682451
  0.75787918853618896  0.76864073717295156  0.77854430990442525  0.78754579221403598
  0.79563049108742800  0.80364997040440744  0.81253505500075696  0.82302428723325582
  0.83467268103247083  0.84576935199435677  0.85700797461620359  0.86850659937010388
  0.87954780306240077  0.88995849706779839  0.90052657505949241  0.91184173475118546
  0.92327135065627386  0.93347449912276259  0.94274211847968714  0.95176978637870235
  0.96231727385655019  0.97318942494495364  0.98646498433963492  1.00000000000000000
 -0.00005708677592867  0.00030462704668700  0.00055295844512079  0.00074410343744041
  0.00087215499455041  0.00100105246719437  0.00113060863570430  0.00126016558874575
  0.00139069859393613  0.00152167096575748  0.00165261573100777  0.00177522598533369
  0.00188916710977939  0.00198410030838556  0.00207801603038384  0.00217011456125163
  0.00226270058186591  0.00235602796971047  0.00244138963958076  0.00251741154774730
  0.00259218987882202  0.00266376883369940  0.00273460797829580  0.00280112363723937
  0.00286763929618295  0.00295197132445331  0.00303837227377532  0.00311548259924921
  0.00319364860934426  0.00328668525923310  0.00338077795862240  0.00347709808904487
  0.00359118960883549  0.00371293610791307  0.00382922108975556  0.00393413090273856
  0.00403994030939919  0.00413957536397425  0.00422328459799864  0.00430801563004418
  0.00439352660179644  0.00447844818883449  0.00456396712759115  0.00465991515607481
  0.00475661414296078  0.00485411675555330  0.00496142494270626  0.00507207649071121
  0.00517405639840207  0.00525393010228704  0.00533337019782409  0.00541252073857156
  0.00549313735789856  0.00558416982599908  0.00573547389452886  0.00590463267605041
  0.00605534256800607  0.00619338727655574  0.00636395423743340  0.00651608404993048
  0.00665506002286171  0.00678973361234176  0.00695205423398228  0.00713708966122648
  0.00738381575984428  0.00756005482728271  0.00771820052262303  0.00787801315506241
  0.00809315061628271  0.00832362363409680  0.00845333971840977  0.00858564031052705
  0.00871712515631688  0.00888693347166849  0.00911196535705649  0.00926811581531353
  0.00942404936846418  0.00958359416464312  0.00973257224842772  0.00989646255514505
  0.01007997533581189  0.01030346729891720  0.01059647706161351  0.01076930628382319
  0.01094199951351746  0.01111386923208785  0.01128078658522443  0.01149674735163061
  0.01176680282109802  0.01339580794077705  0.01550343678843518  0.01609020686869476
  0.01714436562678143  0.02618022026023934  0.05516057967592279  1.00000000000000000
 -0.00186568698134320  0.00852457007304909  0.01618516945195135  0.02360087915021005
  0.03065668640357775  0.03761489216079664  0.04550152161601972  0.05469628063678899
  0.06456816773495332  0.07495433863200422  0.08497782509290197  0.09540712760004577
  0.10571998016193743  0.11605477776430431  0.12447511236612288  0.13196418139898053
  0.13954183645652107  0.14688633553707992  0.15639095079848747  0.16746204154906524
  0.17797478209197279  0.18780290641929195  0.19697190594058822  0.20695493595021192
  0.21733614221907935  0.22862781140763705  0.23964017616372099  0.25132211995925940
  0.26277345019215348  0.27411665133751245  0.28502572144609750  0.29743401198785852
  0.31122981455815008  0.32494343603500897  0.33717889559944053  0.34836817384731261
  0.35951253155937068  0.36988623980016128  0.37991378860185798  0.38983658184221931
  0.40016105876954866  0.41178705372013846  0.42350575641815458  0.43645768378664829
  0.44924617197134986  0.46204160122331972  0.47423935343366491  0.48617594288495758
  0.49848614894733206  0.51027114443520849  0.51998885090835201  0.52969731299239131
  0.53938983855240152  0.55048469465882910  0.56174860897496337  0.57332992292412421
  0.58508487977119727  0.59730782339524580  0.61048280448779102  0.62441263739893427
  0.63841695959922173  0.65222835308597660  0.66569515633221221  0.67819092025279160
  0.68907685284313225  0.69786810369745045  0.70622238430151829  0.71460367735618491
  0.72358847437122753  0.73359104299930444  0.74321445203779202  0.75233880308140610
  0.76210622401655548  0.77264974866215030  0.78420616734959614  0.79653950953082964
  0.80842887266412877  0.82005948745094781  0.83172817230276008  0.84419914306690469
  0.85655954829593828  0.86739237086871368  0.87744251636781889  0.88754815097809980
  0.89823888811215424  0.90867844178958923  0.91820550877714791  0.92743188687266431
  0.93656346439009630  0.94557644935915974  0.95469058109072502  0.96345381561512411
  0.97272540866176849  0.98166109279924141  0.99082817286320879  1.00000000000000000
  0.58358841217912394  0.61970569254005436  0.64011554776820978  0.65664574391679942
  0.67006807824509529  0.68083713251045375  0.69177878023089978  0.70335805060597556
  0.71388783291032298  0.72265155717666196  0.73047966804265374  0.73768482043870087
  0.74492049939586369  0.75248485873391524  0.75985584858755362  0.76615524311743033
  0.77188359799101414  0.77739116772234307  0.78334367958667306  0.78923951630939670
  0.79508181925980137  0.80124557098458848  0.80708850023389411  0.81237001215431115
  0.81707420966655808  0.82151411456359380  0.82579786511887565  0.82984337963907562
  0.83376276250436099  0.83760756800189673  0.84147437902927380  0.84548146591769224
  0.84964117530541450  0.85350912412921198  0.85687510189267813  0.86004509684450037
  0.86332619346151107  0.86687569294352063  0.87044554773020333  0.87375115996067809
  0.87679484125627838  0.87982969324457272  0.88300226213432620  0.88624934935210820
  0.88935428085208945  0.89223278286510721  0.89504106529889305  0.89792360415019701
  0.90090621042448327  0.90382873507124661  0.90653077930919634  0.90903359605847422
  0.91151389135483807  0.91392133686082289  0.91641659053224134  0.91901638110908801
  0.92168127148430690  0.92436722607607036  0.92702933327300630  0.92972001328850140
  0.93215948492761147  0.93432935226829628  0.93648346847957664  0.93862446819176004
  0.94085106402413088  0.94316195929810509  0.94532357064519212  0.94715032181714609
  0.94891046887514985  0.95067232385863876  0.95249179391637651  0.95448834312370334
  0.95667372595126687  0.95885749802996578  0.96084442428631178  0.96268694544637068
  0.96444874948208537  0.96620704428243298  0.96786416752247928  0.96948366084906157
  0.97112675145433680  0.97262082576508146  0.97403266074803363  0.97553644007311602
  0.97714221672905621  0.97885057483741322  0.98060792128765284  0.98219805146094163
  0.98377975547253182  0.98531701720690046  0.98679834039747949  0.98866253904874601
  0.99077659672216889  0.99318566325033797  0.99607203408898692  1.00000000000000000
  0.02518782005302959  0.05492179701211278  0.11213264516503714  0.12575786435975414
  0.13505050839126082  0.14244710311335002  0.14897839892113982  0.15511251265375547
  0.16113995334018852  0.16591572022079254  0.17170578787015198  0.17724669310724422
  0.18312632067623419  0.18860308758637045  0.19387972665607475  0.19952332114671492
  0.20541323838427783  0.21073637016256158  0.21559061097071422  0.22045015350232341
  0.22548745734893477  0.23014341149853107  0.23423806685698806  0.23826182063594206
  0.24246643334395079  0.24722477395835576  0.25203055615902126  0.25667923538296555
  0.26104012685959904  0.26537333792168938  0.27004926785504257  0.27519017275822322
  0.28052615685028187  0.28622838109413867  0.29173449343206770  0.29798971044931249
  0.30425154138006211  0.31050414454322434  0.31659143027350900  0.32222740254631999
  0.32728977385774205  0.33238692544432380  0.33740819856002380  0.34207169595980724
  0.34696389955118634  0.35194254821567983  0.35716807942413192  0.36273223530207915
  0.36884784173121127  0.37508669569476238  0.38123744137399562  0.38707463941734960
  0.39199893696252203  0.39614795043850887  0.40054411145197621  0.40523072749417566
  0.41031476934165800  0.41704487688651704  0.42454732817057828  0.43151242276971141
  0.43813652639878775  0.44458211565720029  0.45133812858323186  0.45841218443548198
  0.46595681634935654  0.47354272252687052  0.48124264594898059  0.48871371924304013
  0.49577687209221655  0.50283346517541672  0.50987570587942443  0.51763438109259274
  0.52601014013403025  0.53454032514071703  0.54395393189329988  0.55402759947839297
  0.56419830652172609  0.57463184693413327  0.58494069715109120  0.59651311760757342
  0.60861272263745547  0.62281286441356787  0.63789653902911425  0.65283483991988700
  0.66736635683874268  0.68202627887020451  0.69897399977094765  0.71670513719064621
  0.73606674592525734  0.74930336891729032  0.76334079076145167  0.77828622248380797
  0.79451052653907039  0.83722688324762540  0.89716877210925949  1.00000000000000000
   6.3572702934374009E-009  -1.0000000000000000     
 F F F F F F F F F F F F F F F F F F F F F F F F F F F F F F F F F F F F F F F F F F F F F F F F F F F F F F F F F F F F F F F F F F F F F F F F F F F F F F F F F F F F F F F F F F F F F F F F F F F F F F F F F F F F F F F F F F F F F F F F F F F F F F F F F F F F F F F F F F F F F F F F F F F F F F F F F F F F F F F F F F F F F F F F F F F F F F F F F F F F F F F F F F F F F F F F F F F F F F F F F F F F F F F F F F F F F F F F F F F F F F F F F F F F F F F F F F F F F F F F F F F F F F F F F F F F F F F F F F F F F F F F F F F F F F F F F F F F F F F F F F F F F F F F F F F F F F F F F F F F F F F F F F F F F F F F F F F F F F F F F F F F F F F F F F F F F F F F F F F F F F F F F F F F F F F F F F F F F F F F F F F F F F F F F F F F F F F F F F F F F F F F F F F F F F F F F F F F F F F F F F F F F F F F F F F F F F F F F F F F F F F F F F F F F F F F F F F F F F F F F F F F F F F F F F F F F F F F F F F F F F F F F F F F F F F F F F F F F F F F F F F F F F F F F F F F F F F F F F F F F F F F F F F F F F F F
  <DiscreteSampler_grid>
  grouped_processes
  1 # 1 for a reference and 2 for a running grid.
  10 # Attribute 'min_bin_probing_points' of the grid.
  1 # Attribute 'grid_mode' of the grid. 1=='default',2=='initialization'
  0.0000000000000000 # Attribute 'small_contrib_threshold' of the grid.
  0.5000000000000000 # Attribute 'damping_power' of the grid.
 # binID   n_entries weight   weight_sqr   abs_weight
    19   10   9.943476273572695E-005   7.304902451334653E-008   9.943476273572695E-005
    20   10   9.943476273572679E-005   7.304902451334625E-008   9.943476273572679E-005
    22   10   9.943476273572695E-005   7.304902451334653E-008   9.943476273572695E-005
    23   10   9.943476273572679E-005   7.304902451334625E-008   9.943476273572679E-005
    25   10   3.707164271317017E-005   8.796498292366665E-009   3.707164271317017E-005
    26   10   3.707164271317013E-005   8.796498292366645E-009   3.707164271317013E-005
    28   10   3.707164271317017E-005   8.796498292366665E-009   3.707164271317017E-005
    29   10   3.707164271317013E-005   8.796498292366645E-009   3.707164271317013E-005
  </DiscreteSampler_grid>
