  0.00328135762025974  0.01488904017195400  0.02674216555352060  0.03774659744334286
  0.04845563378634444  0.05834094395255672  0.06773242571449963  0.07672750331138194
  0.08620028476277081  0.09629950818312508  0.10655892548432307  0.11614716229920845
  0.12619141647320875  0.13668278959954760  0.14749560639244452  0.15760992652575473
  0.16780053590635272  0.17800757788254945  0.18829743678683661  0.19855377929191206
  0.20919338468341461  0.22088417182904146  0.23251731467734674  0.24352313162032213
  0.25414769594267089  0.26478941162450154  0.27511663981101908  0.28410822501724303
  0.29303695819340142  0.30218442819259134  0.31170637847741922  0.32189497710484311
  0.33296093956054534  0.34489853205089910  0.35682314470039767  0.36866305082835338
  0.38066754779877882  0.39285844371653428  0.40486769371143655  0.41677764909297532
  0.42891741851191056  0.44077138431537155  0.45198506019791695  0.46262064768842082
  0.47285334065805967  0.48286967923861757  0.49277985311964823  0.50314287302766625
  0.51361277114258130  0.52372773423125862  0.53408499681843158  0.54509331226434199
  0.55618877151878765  0.56570272771571639  0.57405758724632849  0.58252434516490148
  0.59068870923550376  0.60039359840842099  0.61020296608358304  0.62053177972166507
  0.63105816314986185  0.64135148340756054  0.65205137365834476  0.66291852719221789
  0.67423622844819275  0.68642068821155688  0.69878432842661919  0.71056721395336775
  0.72182863645501150  0.73294335206472361  0.74420806435414055  0.75530769995169433
  0.76531549148349809  0.77462121111707782  0.78364131798767267  0.79334551997403768
  0.80397421991556894  0.81511863911749671  0.82614745310035353  0.83684779141663956
  0.84697462206594576  0.85657259388395912  0.86622399626105095  0.87633365091474602
  0.88646295100853922  0.89543187858899820  0.90448952390304360  0.91350080520701804
  0.92280758795264939  0.93264981174603678  0.94285011397843566  0.95302170147901644
  0.96324891699444659  0.97294495711079498  0.98258393831186142  1.00000000000000000
  0.00267970487460349  0.01344178563467892  0.02547696082674073  0.03710044020917129
  0.04874420135899205  0.06070654283713991  0.07360687171710868  0.08594887596849303
  0.09743440678715144  0.10810043140869903  0.11798162963137737  0.12758218184119366
  0.13692257292420820  0.14732387736270935  0.15829867303702058  0.16867814373897710
  0.17894375550943276  0.18946781181993871  0.20052039369332678  0.21183957588939845
  0.22299217593578285  0.23367455167102613  0.24405148058771234  0.25477844774873143
  0.26573987334676219  0.27644569885245468  0.28668696848762459  0.29657518041720876
  0.30654856834933886  0.31708447268858009  0.32770318871607229  0.33822385619734630
  0.34857740006023363  0.35934539108290459  0.37044565361178555  0.38186313127186716
  0.39269221057928799  0.40333106270688662  0.41408637436348422  0.42546536605798763
  0.43748730988612933  0.44895398923470742  0.45827633712936888  0.46653762409590521
  0.47508803601727717  0.48240335254518912  0.49186380517539469  0.50179969528923218
  0.51210914216813219  0.52276494016173647  0.53258031265209782  0.54207472962101355
  0.55140687371452979  0.56176589992901149  0.57261634752693324  0.58279816122018835
  0.59225075363262458  0.60163084877005224  0.61183552964140020  0.62286378072125903
  0.63411551167418723  0.64520359574726138  0.65580404340548593  0.66604815310956722
  0.67711210589860915  0.68886713834816482  0.70052579782060231  0.71158444611441063
  0.72184064488521227  0.73167223730501019  0.74155223974975748  0.75175620809442345
  0.76235849038637304  0.77294419301468542  0.78232683500047340  0.79269946524545021
  0.80439825419331823  0.81714291248063953  0.82956886501456173  0.83988815960726892
  0.84958513206149944  0.85924493411904435  0.87004295416409938  0.88133838129094089
  0.89206438062217575  0.90187007493011107  0.91187164191631132  0.92271676282625015
  0.93448680916090843  0.94545086374136988  0.95549444726252897  0.96574221442754526
  0.97565841241405993  0.98444140836708427  0.99258426830593327  1.00000000000000000
  0.00000354988959290  0.00000383367552758  0.00000427369640920  0.00000478485466836
  0.00000527483460484  0.00000583714800900  0.00000643290602521  0.00000709584758713
  0.00000780670010830  0.00000858299368382  0.00000944018496097  0.00001050506596805
  0.00001177665076089  0.00001326269722321  0.00001492601730732  0.00001684423652593
  0.00001915654026805  0.00002178443652294  0.00002466262790226  0.00002766890837166
  0.00003076146816715  0.00003406116778541  0.00003791863315904  0.00004210040196712
  0.00004649622339701  0.00005126697647915  0.00005666813159568  0.00006277781094712
  0.00006924725601226  0.00007567976062427  0.00008266133287137  0.00009015226753811
  0.00009841053808322  0.00010683090570370  0.00011614709923211  0.00012587816084076
  0.00013623980300141  0.00014703718277229  0.00015815176223661  0.00016958843627586
  0.00018175957182315  0.00019497299100567  0.00021031125832100  0.00022651815904700
  0.00024340835552140  0.00026085708086154  0.00027817927923613  0.00029606333189984
  0.00031472548879358  0.00033412301545741  0.00035212831234605  0.00037095873913390
  0.00039103875330158  0.00041367150059554  0.00044027527265306  0.00046510271267477
  0.00049110790838614  0.00051527791300316  0.00054108153619225  0.00057277702041335
  0.00060321609749123  0.00064045492197236  0.00068108836292416  0.00072307088638620
  0.00076666919598073  0.00081300450953950  0.00086180156428387  0.00091466379697761
  0.00096803181865320  0.00101937963825457  0.00107876368397647  0.00114287465081595
  0.00121696132095342  0.00130012083958976  0.00138986723270816  0.00148253552378255
  0.00156110626467672  0.00165515044861171  0.00175069366022556  0.00185672133345636
  0.00195918383931382  0.00204126329053357  0.00211843156965083  0.00221640967342547
  0.00234637263088346  0.00246984609854458  0.00259285645687144  0.00270273566645747
  0.00293290358832693  0.00338517765816723  0.00383316056114409  0.00463863004219449
  0.00540582679136698  0.00848997833138608  0.03837979484279328  1.00000000000000000
  0.00000326959632823  0.00000428990241601  0.00000523252759662  0.00000616939070953
  0.00000702163038239  0.00000797104325770  0.00000911538108969  0.00001041319414259
  0.00001161724978709  0.00001268886177467  0.00001382543719247  0.00001505321522224
  0.00001644389688067  0.00001788331335538  0.00001935204356025  0.00002086887456052
  0.00002248388345917  0.00002418120961136  0.00002623546059815  0.00002857385229857
  0.00003098609257196  0.00003373751230587  0.00003663199803184  0.00003988856874307
  0.00004356913530046  0.00004773823299430  0.00005251156963752  0.00005770766734282
  0.00006383349005120  0.00007054048840099  0.00007797292720520  0.00008571414098638
  0.00009383073740045  0.00010216048355957  0.00011049308183259  0.00011890452918089
  0.00012748691235882  0.00013603198690789  0.00014499786300832  0.00015456327286036
  0.00016477390937836  0.00017576781688740  0.00018732939459436  0.00019907924835661
  0.00021149079768664  0.00022358174610411  0.00023655090848148  0.00024928511331500
  0.00026175812679583  0.00027408796790124  0.00028654660585219  0.00030035022338991
  0.00031395743603137  0.00032868686475181  0.00034501583425400  0.00036304479386418
  0.00038619617794773  0.00041076085521672  0.00043534265006730  0.00046082604806938
  0.00048758868061257  0.00051800494037378  0.00054685790022638  0.00057623842934089
  0.00060430464420584  0.00063945401643785  0.00068033797703920  0.00072460364338910
  0.00076987763910913  0.00081947352309877  0.00087035498210947  0.00093254851222466
  0.00100280496029684  0.00107567224400558  0.00114556159160514  0.00122528713829464
  0.00132457731851190  0.00141279371038404  0.00148559207466322  0.00157856500317037
  0.00169370649426822  0.00178828184893922  0.00187982869570792  0.00201928839445892
  0.00216732085071615  0.00229895347202810  0.00246096224901875  0.00262649040092453
  0.00290210433233243  0.00323215383480449  0.00349397787464133  0.00375580191447818
  0.00419320179207606  0.00465928116309039  0.02185045419016315  1.00000000000000000
 -0.00290822915975035  0.01271802566153057  0.02636928472283193  0.03947017536518617
  0.05270172104017656  0.06585208327632780  0.07870730139965935  0.09175997775257967
  0.10524948861579597  0.11838376067996667  0.12927137119876470  0.13885519389947845
  0.14811611950043135  0.15641235567286293  0.16618934641093744  0.17793283213914252
  0.19087190006963112  0.20419388294150420  0.21732444771479353  0.22969426430645637
  0.24149338157157596  0.25368162852734427  0.26620515719077065  0.27770428682357778
  0.28846381696084650  0.29845260268670765  0.30899678551331311  0.31923119856866239
  0.33024487326602731  0.34125296606128724  0.35108870903273948  0.36077249599553268
  0.37099848330822438  0.38146748933386848  0.39162938277679976  0.40195592513934980
  0.41259217151973854  0.42360289196600193  0.43434927182057292  0.44521858822263966
  0.45649234253949950  0.46826574175780683  0.47961931163666544  0.48984376143555569
  0.49972173356391164  0.50981193001497038  0.52058472451463167  0.53163037733538521
  0.54255286847052064  0.55338237153796943  0.56410446276538340  0.57471638969617000
  0.58555249973629497  0.59658902564737148  0.60773358948594913  0.61933638055819096
  0.63012304116033113  0.64008808948831264  0.64947220729107269  0.65869401573701580
  0.66788218668655619  0.67707607712475926  0.68599041115052806  0.69554116406126121
  0.70550758112767709  0.71587080514529988  0.72688978280911931  0.73767640043000016
  0.74666905061338162  0.75581727204294358  0.76507916480583926  0.77497101916535660
  0.78408982601594979  0.79255920963485371  0.80123239799902668  0.81020078309659604
  0.81935836731277334  0.82856590367963423  0.83787567042316924  0.84730273731783246
  0.85629344516936601  0.86500646614474408  0.87460981387243852  0.88511926349511283
  0.89536469432898402  0.90462603897399052  0.91310255980443256  0.92192064873913004
  0.93143812379112367  0.94170402551962573  0.95155430054887047  0.96084492086396778
  0.97038054517249173  0.98012159087136563  0.99024801881157654  1.00000000000000000
 -0.00203649496173356  0.01039544954408301  0.02049343474430262  0.03100028507794166
  0.04248599693668732  0.05454172602362779  0.06590612754726728  0.07568602146583930
  0.08529517310019487  0.09485693348276140  0.10479339517494569  0.11488358140764064
  0.12450568775804324  0.13482881396660931  0.14606065697128093  0.15791342961706023
  0.16982290152766630  0.18128280405084132  0.19207443414800535  0.20206529720719557
  0.21143811648712263  0.22082631178989245  0.23088410470876566  0.24144892528919049
  0.25221700298059957  0.26168617106447739  0.27094974018646234  0.28064287153860296
  0.29110112829638624  0.30211518831809830  0.31291711387962007  0.32322185166802114
  0.33412014358252184  0.34474601199112875  0.35609824389155476  0.36767777843096189
  0.37960786259346169  0.39162132605076444  0.40354578018759435  0.41503710125058246
  0.42615845351218229  0.43782428705693621  0.44985261970307067  0.46136528810224064
  0.47165516872370977  0.48166512968702302  0.49162545256243451  0.50208816172954818
  0.51362940731489604  0.52533733309968345  0.53690362055473750  0.54785828757160893
  0.55841634722354261  0.56899717662878113  0.58010261134803731  0.59189485374345441
  0.60355869313529298  0.61509191529286855  0.62688264449938103  0.63730440959930301
  0.64642704680583674  0.65517648480883039  0.66391430307233368  0.67387496127583790
  0.68511183692179423  0.69572930689453283  0.70604834302515695  0.71685484783694886
  0.72863144413217473  0.73995600375227466  0.75024859146578038  0.76028650564063605
  0.77062463767635880  0.78159680410359222  0.79226301077140193  0.80277090657003558
  0.81270486733969949  0.82258710187926098  0.83242062036226139  0.84249927968823446
  0.85226622410550001  0.86234953045666207  0.87261197788567313  0.88308520644711530
  0.89230688346235831  0.90097230260272954  0.90960131914665354  0.91879005011475079
  0.92881812462177649  0.93876656802396019  0.94813568852023200  0.95834703906286034
  0.96830671284640746  0.97956004922500772  0.98981510481186297  1.00000000000000000
 -0.00229873370065899  0.01055185706083741  0.02098068485094072  0.03190481099869057
  0.04334477911866474  0.05486563022488059  0.06621172863401864  0.07730325230899311
  0.08890876719987559  0.10020680749377879  0.11205175420407811  0.12269090520148428
  0.13313069384655182  0.14358462024123936  0.15502062388539706  0.16716667437201171
  0.17901854961691330  0.19054388446683321  0.20085149288611898  0.21110080581933421
  0.22123693546269946  0.23184071394049863  0.24285206795318301  0.25398264297576878
  0.26471959687418389  0.27480922229156335  0.28441887640696872  0.29381869322810383
  0.30324198206390185  0.31302643836551847  0.32342159829954770  0.33418206995525329
  0.34525503194034579  0.35660016783849541  0.36815157461090026  0.37940567831517991
  0.39004722843626444  0.40029100264943990  0.41009786031479345  0.41985402653515486
  0.42964988471942478  0.44018232172939625  0.45092726282625845  0.46103739080755107
  0.47085616395262719  0.48098115522957779  0.49192997984676068  0.50274828235822533
  0.51261884809234104  0.52172214664031946  0.53120012570553676  0.54144791214425447
  0.55162488794982067  0.56168012718358729  0.57021039197141854  0.57816638156440969
  0.58615724431148120  0.59367984984675315  0.60236688279572081  0.61317308393624215
  0.62532393588364255  0.63809500537196906  0.65112792605973280  0.66397579739934520
  0.67663467840438696  0.68914864959617272  0.70048771032039747  0.71163453122179454
  0.72265867769448755  0.73304069907868652  0.74282272473578592  0.75214207237357644
  0.76264983662139707  0.77350788467744136  0.78519839379879675  0.79501963672132647
  0.80496736048511575  0.81392647208555813  0.82277948269590551  0.83159888813719030
  0.83993281907838024  0.84878314822520995  0.85845266835152645  0.86853099237460896
  0.87965978777069198  0.89100070171779511  0.90184154146297324  0.91219962007679034
  0.92233679560611836  0.93282953303041860  0.94358561446380895  0.95449051345253899
  0.96556532527851657  0.97720616227163137  0.98845997431698218  1.00000000000000000
 -0.00178260856483486  0.00737656910290904  0.01572613319716839  0.02396958910084646
  0.03345672159531340  0.04456524536309779  0.05639997327346194  0.06748633686451599
  0.07865250427171447  0.08883827031623065  0.09901745153647014  0.10927091895456983
  0.12017295077682072  0.13109629979464837  0.14183110008293881  0.15240246187198886
  0.16294448366607017  0.17322449314958074  0.18338292939390857  0.19372142469701961
  0.20438164842460782  0.21548934805647546  0.22559975498215368  0.23461039925433624
  0.24338397973957113  0.25278985195551740  0.26355347985879057  0.27494568995399199
  0.28638446534249562  0.29790669281511356  0.30889855071081862  0.32008811918986202
  0.33163232858154901  0.34337589069422964  0.35437684264156072  0.36472787413388735
  0.37457421019368631  0.38426562519513369  0.39477861915412299  0.40655849017761297
  0.41691877964924645  0.42705183603644919  0.43644261484034663  0.44718283062356412
  0.45869168499632590  0.46988550146570091  0.48188003939931939  0.49242682031462842
  0.50357365528468789  0.51454148863827098  0.52617907931099184  0.53843158088968179
  0.55053417688803785  0.56370434607695297  0.57487097092020045  0.58521488785205922
  0.59507749257163511  0.60556416385570688  0.61699969275434530  0.62818665654969952
  0.63886824086529714  0.64906553297611091  0.65913339685744865  0.66951787160804122
  0.67876656259782253  0.68654271976385306  0.69451800585244572  0.70245115576431971
  0.71205141666850502  0.72302095151916124  0.73423268556927201  0.74579554581294094
  0.75690681679007843  0.76794688451470494  0.77908849202249908  0.79028562206451092
  0.80159483352962257  0.81263793500007975  0.82311280162049671  0.83294765464168896
  0.84208969871191164  0.85111239007386608  0.86064172069855926  0.87060096027867517
  0.88064978571870622  0.89038957768898719  0.89990224927025153  0.91004683447677082
  0.92059686064922175  0.93221589108572822  0.94343450102454507  0.95515093240702875
  0.96653761508200253  0.97778118551204130  0.98914540075380897  1.00000000000000000
 -0.00183367008838074  0.00826625316468290  0.01713996583164925  0.02669885409073193
  0.03696502640407352  0.04766459625624511  0.05887205195146373  0.06962569935504287
  0.07915601898427185  0.08826240543829966  0.09734352492607155  0.10658562872315866
  0.11647672173562411  0.12707920356582958  0.13842331077598752  0.14948013108791944
  0.16019077739703341  0.17109555746545940  0.18252398042506679  0.19358743676955811
  0.20415906258460192  0.21288039067468320  0.22028496229682820  0.22786519417363585
  0.23546381915135417  0.24307059457485966  0.25433100874475872  0.26655600197860618
  0.27876384701910645  0.29027062094513850  0.30176511965092956  0.31320026691301789
  0.32469468258880307  0.33625924443698790  0.34747799904766624  0.35848849020252244
  0.36932480478172863  0.38086657290021053  0.39307029428151108  0.40454639782899582
  0.41540002920421476  0.42601638226841620  0.43691759805531755  0.44795688906247422
  0.45839528536659058  0.46875454613650508  0.47918970102076019  0.49000176679508289
  0.50093368505208391  0.51177695986628080  0.52320931701750173  0.53458420133936446
  0.54533178958900463  0.55596281164563799  0.56643800279051182  0.57709250420737579
  0.58778385974362035  0.59821461506338836  0.60868069628623711  0.61896920639795838
  0.62902156228070905  0.63883312327625785  0.64884075161808807  0.66016798048376779
  0.67144995185676193  0.68212130559898199  0.69261334026070587  0.70306769795891266
  0.71331033206048533  0.72351042950489819  0.73381767752118265  0.74496643919761996
  0.75657755887858380  0.76903328804113802  0.78145899281686404  0.79344336260400905
  0.80492224348883779  0.81572454307391007  0.82597147216254740  0.83575653564377084
  0.84594634077877839  0.85619397020374288  0.86677917565277429  0.87708868365039949
  0.88730958905692403  0.89755268836123669  0.90756783842860245  0.91766810908047181
  0.92769847139359307  0.93748941007701103  0.94790626174050518  0.95874122303468956
  0.96951739899847400  0.97983521200188861  0.99000410694177865  1.00000000000000000
  0.00004164810462298  0.00007847855496134  0.00011530900529969  0.00022291472891109
  0.00033192848347213  0.00043581155610705  0.00053912654207958  0.00059626373870953
  0.00064811425808976  0.00070515560971125  0.00076285939698210  0.00082231741985625
  0.00088064741047238  0.00093806681535365  0.00099586710461064  0.00105422821862284
  0.00111715986710047  0.00118215931165230  0.00125026958074332  0.00131523190348227
  0.00137933772925960  0.00144265818005727  0.00150523678426933  0.00156673440658776
  0.00163169393719674  0.00169857152923482  0.00176822506649360  0.00183821276108789
  0.00190865815053422  0.00197519543708146  0.00204062375957551  0.00210404055740785
  0.00216960769489917  0.00223776216505310  0.00230729681519834  0.00237750261942854
  0.00244951155686440  0.00252302173410438  0.00259789577360050  0.00268617681088067
  0.00277932571315927  0.00287610887750283  0.00297498872865360  0.00306826552335026
  0.00316294645751466  0.00326326725443106  0.00336291796390908  0.00346431807538314
  0.00356884534642174  0.00367331528570806  0.00378454883850324  0.00390058206936296
  0.00398141253074187  0.00406048380433514  0.00411058574125301  0.00416068767817089
  0.00421078961508876  0.00426352963695308  0.00431699733169508  0.00437046502643708
  0.00442867749770185  0.00449110423666429  0.00455353097562673  0.00465321815133436
  0.00477047601899876  0.00488286722490004  0.00499914112207579  0.00512129245538237
  0.00528990194938335  0.00547943912035143  0.00567401070236869  0.00586673683531373
  0.00616389680026128  0.00647372143336298  0.00673018432688209  0.00695389728999519
  0.00717786306024625  0.00746007802118968  0.00790410924806947  0.00838334466268092
  0.00871298744438092  0.00901941542191295  0.00927761227730011  0.00949765529001086
  0.00973822267463072  0.01044427477461097  0.01261818577929105  0.01328396259387573
  0.01422348927846154  0.01777126902136935  0.02082328803741812  0.02160770122492261
  0.02849431123802113  0.02962126852559703  0.03661156605309362  1.00000000000000000
 -0.00273346712038683  0.01045483887130476  0.02160066809489987  0.03147057647682862
  0.04175780503445180  0.05179562406772106  0.06092651388886330  0.06988879143554115
  0.07931936932875536  0.09002639948511909  0.10133866578863386  0.11250901692394435
  0.12365083115172695  0.13523327847455824  0.14706959306609882  0.15859657923429443
  0.16943298531261464  0.17974369712988914  0.19005407765223664  0.20080879772340177
  0.21193132866221109  0.22250440614005959  0.23265109700603831  0.24304337937950843
  0.25294628956700987  0.26198892051049244  0.27077007092304639  0.27933548531027641
  0.28935511397150199  0.30099377394579063  0.31265682305203013  0.32397358509018337
  0.33493741476499145  0.34656605918335776  0.35873795687864241  0.37061573415045496
  0.38174340381451688  0.39257549308180079  0.40378312280318446  0.41508232178096183
  0.42581502026885681  0.43605107146389449  0.44630029651138975  0.45677488330553023
  0.46746322539869378  0.47838836209285818  0.48862366141330016  0.49847795649092630
  0.50873418360381351  0.51923087014528280  0.52838706453610873  0.53698202887357382
  0.54506138965246176  0.55373625701036699  0.56315904174961018  0.57298952009695236
  0.58299717849874921  0.59382418263290337  0.60546249253176310  0.61828649666535185
  0.63088681613208619  0.64336126555255957  0.65510591954862007  0.66633322106859294
  0.67718330324948395  0.68767465284541218  0.69802464684859078  0.70877543221102990
  0.71908398097461057  0.72881858380095832  0.73841496881447310  0.74757288715173531
  0.75842702553532559  0.76958333707148419  0.78111177777720930  0.79257221288245727
  0.80405500373734329  0.81491820877469989  0.82641959651911878  0.83727334340893766
  0.84841054206486044  0.85900038224755348  0.86965821903140017  0.87960549288104461
  0.88891081769061475  0.89833960382131928  0.90742347202149121  0.91641901472474008
  0.92565732070999596  0.93471195988304245  0.94454017303141202  0.95381631475178774
  0.96429094308997665  0.97573828435347421  0.98802293047605150  1.00000000000000000
  0.50934164796375236  0.57704664465573208  0.59413845967792633  0.60802252240187726
  0.62159552835694487  0.63500235055488008  0.64738908756577451  0.65856506197798748
  0.66873408133987877  0.67750492520217354  0.68609131603115281  0.69386883580049763
  0.70130941466132202  0.70872885376023143  0.71586148585902654  0.72256672085822637
  0.72886917631782644  0.73479540370961804  0.74063249810372367  0.74637736059725979
  0.75187940887804261  0.75686743281630409  0.76151834054234679  0.76608786636243864
  0.77061240434595546  0.77519365285528108  0.77977586643953145  0.78424448460620733
  0.78863515747397939  0.79294227793030736  0.79717795850339879  0.80132321423826092
  0.80521450356031410  0.80898294525892467  0.81283914245107336  0.81681938928649034
  0.82077199252273347  0.82451159619016545  0.82807499468603984  0.83158416852622441
  0.83500315616715204  0.83827528353314651  0.84140838586447841  0.84441926969937442
  0.84734936176688846  0.85018339701517320  0.85275645801792510  0.85525134646543077
  0.85764443364623433  0.86019987321899061  0.86293665104337702  0.86585110110006347
  0.86872958659881960  0.87164950647123574  0.87443459113688493  0.87710017989405487
  0.87971847643104373  0.88235118364823584  0.88505835091887941  0.88781094029762631
  0.89048865050388792  0.89322513580026930  0.89603095499464802  0.89873710856796607
  0.90151119752341657  0.90421434030970571  0.90693719114577565  0.90985785809110487
  0.91288861153718004  0.91583544205057588  0.91861288098712268  0.92138687264669017
  0.92430102377121359  0.92720359113440709  0.93006946220154119  0.93293353614286612
  0.93569007487629863  0.93828298583854086  0.94083005787870766  0.94340199395599544
  0.94607401821302706  0.94907031931058206  0.95191924786435100  0.95475817708068356
  0.95752385442729182  0.96044175074321092  0.96369493134567341  0.96658147815187645
  0.96956658077270041  0.97255336215118693  0.97559496784521216  0.97884412730818671
  0.98239317564392392  0.98659450754973022  0.99228814261171017  1.00000000000000000
  0.07462937429581867  0.18416968940562661  0.19435987311384215  0.20172724478506804
  0.20785535324153068  0.21308535818464669  0.21816856763273376  0.22319556872694574
  0.22774352965440836  0.23216051298673096  0.23680263038895705  0.24146034502765135
  0.24539296871634489  0.24868717666922632  0.25173175968638700  0.25491781858266510
  0.25896760453704337  0.26385072157687739  0.26903903563283638  0.27424716921161324
  0.27952648852168521  0.28492723202325737  0.29045130182158785  0.29627881474638318
  0.30151443785724058  0.30643367419660544  0.31117674505828230  0.31603637628581316
  0.32088538831017499  0.32566620575743849  0.33029476255244161  0.33480202208833765
  0.33938321953788503  0.34424200823716516  0.34946366063121165  0.35495971614397054
  0.36026036505264819  0.36503533294815532  0.36936138591132922  0.37374155641397705
  0.37840695773683708  0.38297802247472151  0.38795979362416827  0.39297977141301160
  0.39825716037069137  0.40347131486018745  0.40854153916613423  0.41353961180812432
  0.41875984140554506  0.42425418805420206  0.42975802598499363  0.43538178885382528
  0.44096469593118431  0.44689621905367338  0.45276142978113626  0.45846501438560117
  0.46426695683101504  0.47016209419810745  0.47610312677798128  0.48203057362679208
  0.48818196944784287  0.49455805550471432  0.50027155879148699  0.50542305765419726
  0.51058035056942297  0.51587010871047834  0.52207224729218327  0.52906548348857785
  0.53588863854555313  0.54291811298811010  0.55014986258007426  0.55765268614529595
  0.56521941003884091  0.57288258102391343  0.58091400898765699  0.58931311516158935
  0.59794500259631855  0.60687308782908078  0.61590416858877639  0.62533744866648022
  0.63466740005533406  0.64367211558895010  0.65256801536092979  0.66183772927968509
  0.67222117790153213  0.68326129846352524  0.69471837646012302  0.70660507134750961
  0.71980860127877389  0.73436584560693552  0.75120825194624707  0.77006244517113764
  0.78994238390873306  0.81259754457333166  0.84942416718994884  1.00000000000000000
   1.0683451908592313E-007  -1.0000000000000000     
 F F F F F F F F F F F F F F F F F F F F F F F F F F F F F F F F F F F F F F F F F F F F F F F F F F F F F F F F F F F F F F F F F F F F F F F F F F F F F F F F F F F F F F F F F F F F F F F F F F F F F F F F F F F F F F F F F F F F F F F F F F F F F F F F F F F F F F F F F F F F F F F F F F F F F F F F F F F F F F F F F F F F F F F F F F F F F F F F F F F F F F F F F F F F F F F F F F F F F F F F F F F F F F F F F F F F F F F F F F F F F F F F F F F F F F F F F F F F F F F F F F F F F F F F F F F F F F F F
  <DiscreteSampler_grid>
  grouped_processes
  1 # 1 for a reference and 2 for a running grid.
  10 # Attribute 'min_bin_probing_points' of the grid.
  1 # Attribute 'grid_mode' of the grid. 1=='default',2=='initialization'
  0.0000000000000000 # Attribute 'small_contrib_threshold' of the grid.
  0.5000000000000000 # Attribute 'damping_power' of the grid.
 # binID   n_entries weight   weight_sqr   abs_weight
    19   10   7.339853795521475E-002   9.668584711793984E-003   7.339853795521475E-002
    20   10   7.339853795521470E-002   9.668584711793958E-003   7.339853795521470E-002
    22   10   7.339853795521475E-002   9.668584711793984E-003   7.339853795521475E-002
    23   10   7.339853795521470E-002   9.668584711793958E-003   7.339853795521470E-002
    25   10   4.202855030338724E-002   3.104871370935750E-003   4.202855030338724E-002
    26   10   4.202855030338721E-002   3.104871370935746E-003   4.202855030338721E-002
    28   10   4.202855030338724E-002   3.104871370935750E-003   4.202855030338724E-002
    29   10   4.202855030338721E-002   3.104871370935746E-003   4.202855030338721E-002
  </DiscreteSampler_grid>
