  0.00292640206073069  0.01416630086218173  0.02472927577629629  0.03590727898917994
  0.04679399568634761  0.05693793296375460  0.06740036012304251  0.07769287446912711
  0.08849716845586403  0.09858693467367381  0.10886161655196183  0.11902889036270542
  0.12932793653333358  0.13960571244805353  0.15043776034199768  0.16144411201821357
  0.17148072964342137  0.18083304506101483  0.19012444505371584  0.19973701020118201
  0.21057164857005223  0.22158099856952471  0.23246774444717849  0.24314772785840652
  0.25392688139885433  0.26439342320296705  0.27519540648220536  0.28587396157155015
  0.29733740829800426  0.30811011325653981  0.31842505396510734  0.32865044167296248
  0.33876764750448407  0.34914271591010260  0.36011765061827222  0.37092736868429060
  0.38104299451231949  0.39101601147696369  0.40177902524697462  0.41337417587176423
  0.42486193405790196  0.43586886423152305  0.44652348520337481  0.45702521825439352
  0.46782426896598023  0.47917586851185329  0.49107734929196484  0.50307025151714291
  0.51437663483658347  0.52505454502181370  0.53539881243671106  0.54577868459781820
  0.55587512069340106  0.56563448396006955  0.57552974062860318  0.58607270761544905
  0.59754300990177989  0.60936081085164473  0.62064852845032692  0.63123604965122193
  0.64173460586218811  0.65289110650935211  0.66439843114012898  0.67572991148867700
  0.68639442627486169  0.69676876553591560  0.70713268318851308  0.71750848291013136
  0.72815146064768044  0.73936960217510772  0.75078293407107566  0.76182931342739535
  0.77235441598160393  0.78262236759916382  0.79243517500770810  0.80249154281150448
  0.81208272301177009  0.82188838943866616  0.83143437275508958  0.84078052866109654
  0.85010203714557686  0.85944840401474532  0.86885502786186097  0.87855548556861063
  0.88863160975304889  0.89917980475932702  0.90938424309096988  0.91909521430263341
  0.92878813332523324  0.93875975034428094  0.94917279376518482  0.95937164429983779
  0.96850886913878409  0.97706546949165562  0.98525242116231415  1.00000000000000000
  0.00002665889885456  0.00003292450469309  0.00003901458010162  0.00004593288448247
  0.00005207675042367  0.00005734163027231  0.00006221349400140  0.00006689787275076
  0.00007143922050549  0.00007591162361927  0.00008048268032895  0.00008522677768699
  0.00009014263484282  0.00009529798130820  0.00010050976997622  0.00010580901006180
  0.00011121558215231  0.00011668931948888  0.00012236960720602  0.00012809993705188
  0.00013383497778358  0.00013982242294425  0.00014606748259263  0.00015247318992873
  0.00015920999373446  0.00016625079657974  0.00017296442366332  0.00018063659112238
  0.00018826129064408  0.00019634778378537  0.00020459348456185  0.00021287338256538
  0.00022120390718833  0.00023000319096290  0.00023948620916550  0.00024948880968969
  0.00025988547476941  0.00027099405508418  0.00028253397876286  0.00029381966506932
  0.00030620127834629  0.00031866770922507  0.00033133594218245  0.00034488258659972
  0.00035832932419752  0.00037201630210985  0.00038722852216250  0.00040356369313939
  0.00042147384011391  0.00043898810011365  0.00045645949924978  0.00047364715710122
  0.00049078890738516  0.00050818596769758  0.00052604837365511  0.00054659244171147
  0.00056968020716777  0.00059726692158718  0.00062579590678919  0.00065276266248979
  0.00068193399601304  0.00071335182353612  0.00074629498503698  0.00078252113853245
  0.00081683356248575  0.00085117247720819  0.00088880122242865  0.00092937422089794
  0.00097359591186943  0.00101842642547241  0.00106355257563437  0.00111459800336666
  0.00116736725765284  0.00121856340135010  0.00127265838523529  0.00133761887734327
  0.00141648759509671  0.00150324902983577  0.00162175793911615  0.00178845766932151
  0.00198322817478257  0.00218831415384060  0.00242472396056579  0.00272143342728173
  0.00309772156977357  0.00354948734426058  0.00410443699992651  0.00462335130921014
  0.00536840365812195  0.00639854703837257  0.00750119614541338  0.00907708977558145
  0.01139085016775727  0.01593391187450229  0.20719947345111658  1.00000000000000000
  0.00000212481032999  0.00000225713087200  0.00000234968461087  0.00000243244062550
  0.00000251335329788  0.00000259793865169  0.00000268197628871  0.00000276992764113
  0.00000286299867865  0.00000295907913224  0.00000305835994744  0.00000316076904781
  0.00000326286930183  0.00000336033494733  0.00000346217227035  0.00000356468581144
  0.00000367385473286  0.00000380265639599  0.00000394686043044  0.00000409751938908
  0.00000424780360312  0.00000440398579792  0.00000458407932991  0.00000476298324263
  0.00000494093602718  0.00000512033272589  0.00000531255113944  0.00000551444858024
  0.00000574439951301  0.00000598026144152  0.00000622201305598  0.00000646603712163
  0.00000671112045209  0.00000696238295810  0.00000724417305596  0.00000753643896837
  0.00000784078011374  0.00000817165591015  0.00000852845089749  0.00000889492616931
  0.00000928998489800  0.00000973507297827  0.00001022026524394  0.00001065291811639
  0.00001111276571976  0.00001159157159207  0.00001210500343520  0.00001266486946304
  0.00001330893299220  0.00001400719804309  0.00001473814569945  0.00001553043786774
  0.00001638942612609  0.00001728551376657  0.00001826662872313  0.00001929442262624
  0.00002038285534697  0.00002153175628906  0.00002271123120865  0.00002406797331748
  0.00002553206244890  0.00002713898645889  0.00002895123986349  0.00003076249580318
  0.00003276516364867  0.00003500607444776  0.00003749960631751  0.00004018933268347
  0.00004302933313177  0.00004627357585831  0.00005002244649934  0.00005443368577511
  0.00005937783868545  0.00006475023510711  0.00007045311738451  0.00007671345265403
  0.00008414194891965  0.00009329954773992  0.00010388578701882  0.00011644483189497
  0.00013049975592239  0.00014674289179558  0.00016723155850724  0.00019623929371240
  0.00023344262395734  0.00027674052477732  0.00032978111553067  0.00040572819827472
  0.00051148139924409  0.00065376849629806  0.00088438064258021  0.00122663109265419
  0.00190474369569821  0.00315703132419377  0.57327651086766085  1.00000000000000000
  0.00000152155263730  0.00000315009671790  0.00000435378555716  0.00000464075980588
  0.00000495030608485  0.00000539347039390  0.00000579428277343  0.00000623613631661
  0.00000666897423024  0.00000708957927134  0.00000750558552149  0.00000793336021849
  0.00000837781497204  0.00000882487118476  0.00000930728736580  0.00000983234872713
  0.00001038455317786  0.00001097933459502  0.00001160436749636  0.00001228321428724
  0.00001304121428161  0.00001384061792557  0.00001478325954227  0.00001579781948330
  0.00001684117488885  0.00001784302583740  0.00001887449682365  0.00002001857524904
  0.00002129147230201  0.00002269090991744  0.00002414837360280  0.00002572685993041
  0.00002740375037686  0.00002920927048038  0.00003121034022662  0.00003359012778681
  0.00003604174575544  0.00003864754207868  0.00004133318709370  0.00004413178164731
  0.00004712501190242  0.00005046779357754  0.00005398337140888  0.00005781655784197
  0.00006209885029562  0.00006664815321800  0.00007133100211828  0.00007665898577637
  0.00008186497999152  0.00008749837336965  0.00009334174087149  0.00009985502686763
  0.00010710613493433  0.00011539278664050  0.00012401766654587  0.00013332870372231
  0.00014346691653844  0.00015402466978125  0.00016538533222931  0.00017762863790375
  0.00019073661464598  0.00020483681808552  0.00022064969022335  0.00023866289311758
  0.00025746432778198  0.00027736313107761  0.00029920400142326  0.00032264666322531
  0.00034758117401340  0.00037385093662597  0.00040211097954968  0.00043409179570365
  0.00047112835952130  0.00051423802177904  0.00056301268066210  0.00061752801290930
  0.00067654958138953  0.00074503960728820  0.00083183569299624  0.00090127509841527
  0.00097720619031052  0.00106131342787904  0.00116069972688660  0.00130843660782756
  0.00147710130604326  0.00167006581069295  0.00188996400549392  0.00216808957018363
  0.00251766694537056  0.00288419100819215  0.00338931207595714  0.00440834339746612
  0.00638614717426545  0.01051405478713850  0.36602678282007672  1.00000000000000000
 -0.00240246724421153  0.01085237853188168  0.02151534510425157  0.03266858384464617
  0.04426573301445699  0.05610516148734258  0.06754026102388871  0.07842031128774045
  0.08886900269812101  0.09928789711269059  0.10892053443013146  0.11808612844550383
  0.12737595969623880  0.13729850007565975  0.14792808783015612  0.15874650303917076
  0.16928309211940834  0.17960259059530745  0.18981761132896613  0.19993118008676070
  0.20990510578156585  0.21956701080162119  0.22896819813416527  0.23798591930136412
  0.24706135447972072  0.25626805262704699  0.26567706302222621  0.27489350848131799
  0.28389910899211585  0.29337681717524700  0.30349108380569834  0.31324545211268756
  0.32350769468612850  0.33306617251050408  0.34369912340203357  0.35386763559096718
  0.36450244683541450  0.37505828850444245  0.38551569626146515  0.39571383199294458
  0.40548041357419828  0.41511842034140628  0.42427749412808058  0.43364511233925868
  0.44337925966293668  0.45332596346739168  0.46326561168370367  0.47352319389584485
  0.48349806557178576  0.49345894282107194  0.50276439426837716  0.51315442778696496
  0.52238444689229868  0.53229080184989763  0.54151713504149979  0.55157248120951741
  0.56179071225897070  0.57279388931517305  0.58346636530335316  0.59361055150163422
  0.60343811557799087  0.61383599085965657  0.62488831257573196  0.63651131896456936
  0.64757096879187048  0.65872981276423193  0.66959226383356241  0.68081776101559710
  0.69184909908687686  0.70251806259479621  0.71266122654442488  0.72288634837679788
  0.73308640714114548  0.74347494460568131  0.75362887140486756  0.76441211006698606
  0.77563627466178875  0.78662034111008394  0.79716888968007948  0.80789479801468789
  0.81963263058542879  0.83240369487395049  0.84470934630476857  0.85600448884741975
  0.86640162833946444  0.87694731221321143  0.88808103707446739  0.89995281120150195
  0.91196714075765162  0.92401066203578530  0.93678400616865709  0.94973196355542500
  0.96252815878052544  0.97535166193395273  0.98793221810999521  1.00000000000000000
 -0.00249746435383403  0.01072100988243961  0.02177774295097751  0.03226209325416842
  0.04274731802475480  0.05321818369505592  0.06369864324103150  0.07448178638366326
  0.08526802558034119  0.09620162689540318  0.10749035631337546  0.11881118310510204
  0.12955905953112257  0.13960453038645215  0.14966251340764358  0.16017719518684434
  0.17106101036309515  0.18168667058963719  0.19190026653967790  0.20176569040479880
  0.21163543342420851  0.22155316384425602  0.23153340548162163  0.24199106512911531
  0.25262346169918337  0.26394738560296688  0.27510751332939148  0.28573910886468601
  0.29573478285499860  0.30555705738017469  0.31565447316023876  0.32637666946965155
  0.33777645290977343  0.35003520243842190  0.36221538919212670  0.37304467034424332
  0.38267136484634579  0.39209823961893314  0.40225477543862437  0.41282392706195242
  0.42271911730914891  0.43285521310352326  0.44349964803577913  0.45528988831609396
  0.46657895040122077  0.47808954636091422  0.48942453789910040  0.50001523452694419
  0.50975358020827644  0.51961537808297931  0.52985084295033036  0.54033239307924164
  0.55072821648043913  0.56151613099924680  0.57363133124722332  0.58579544660165861
  0.59716980280581888  0.60758104614885566  0.61814631601521375  0.62927139566001333
  0.64144762150537371  0.65451576250266719  0.66564727254704004  0.67602156064182717
  0.68542532189570338  0.69540050719727831  0.70551058197738525  0.71577307015400971
  0.72662080447562105  0.73796395032392925  0.74906417806271186  0.76004163292928617
  0.77051731348309849  0.78058993266879650  0.79061834313305868  0.80036256446968801
  0.81014730096321685  0.82035400942151482  0.83043721082130439  0.83994716019998694
  0.84917717539074444  0.85894412727482117  0.86960839406955859  0.87913182791997668
  0.88871401269663719  0.89792595268024200  0.90896160789005287  0.91939209005443012
  0.92999915475960160  0.94031695843304175  0.95020929675693866  0.96052950573898488
  0.97068680686927244  0.98095011735326176  0.99054759456243358  1.00000000000000000
 -0.00227467709127802  0.01042455172849388  0.02143605514174220  0.03396707620733903
  0.04636118797242504  0.05877852104520375  0.07124372472606226  0.08384823853806014
  0.09635753914539258  0.10866171341209296  0.12108216951436916  0.13341439771202263
  0.14483543862089460  0.15558151429793027  0.16597779095299905  0.17662362942741036
  0.18788191834200205  0.19907399122946581  0.20998104480777086  0.22084178827564546
  0.23233732484653905  0.24369121889552295  0.25524453030958616  0.26721592293794905
  0.28028738470569337  0.29388958513508284  0.30750474193159882  0.32106624313487314
  0.33438187703712807  0.34711475626712857  0.35933272060961402  0.37165014260258666
  0.38455993049705089  0.39773313839329516  0.41119698563846180  0.42341314707055883
  0.43568766380199098  0.44811196672267689  0.46120719483770056  0.47450129986619471
  0.48849380664542369  0.50267320491573098  0.51596926445556457  0.52789103525810455
  0.53896832786873650  0.55012993345940309  0.56158866427349174  0.57290104926922081
  0.58445156523878938  0.59666361238162802  0.60845612947700556  0.61918371644377124
  0.62925141092010817  0.63943517114602222  0.64998089721424357  0.66025669296642597
  0.67011381835729067  0.67970691200247735  0.68886318476289277  0.69850877117858579
  0.70842767802300222  0.71907063668290350  0.72917103256324589  0.73917176033392773
  0.74941705173290163  0.75981137512528085  0.77075802799116777  0.78210005688331763
  0.79312998283112990  0.80332280264143352  0.81299508143427834  0.82290973032395920
  0.83329456811349378  0.84298837632850343  0.85268537820000678  0.86176144334687010
  0.87111352678742371  0.87982763991706259  0.88762879999860977  0.89516265930727579
  0.90214561760893275  0.90901312605374951  0.91656361263999631  0.92399922871817675
  0.93158578055706143  0.93853621054734604  0.94475044799982644  0.95049602764788599
  0.95619483550955475  0.96185989941679484  0.96783902476500361  0.97411679835051834
  0.98073103590186705  0.98734884832188829  0.99378418657079437  1.00000000000000000
 -0.00056325606521018  0.01065092111904738  0.02014587510743875  0.02973170825460785
  0.03982753649749101  0.04953213158923524  0.05892648849714346  0.06871911374146226
  0.07783008559523942  0.08753102744952693  0.09732350367759275  0.10758363127098580
  0.11907021865791403  0.13085221679911863  0.14275347262827193  0.15468433646893592
  0.16599009862131267  0.17622693160752825  0.18629595456687392  0.19637789245759615
  0.20709645596028547  0.21831081343154432  0.22985608740040772  0.24018445926857979
  0.24999318816767213  0.25959134141336787  0.27006063153695520  0.28102737798963467
  0.29183059137124495  0.30204811375422835  0.31178459883786180  0.32169526255822850
  0.33222501531669646  0.34361679161562808  0.35558681401565995  0.36589315746248424
  0.37493523810748519  0.38406436335769506  0.39423432249471863  0.40592996285973659
  0.41722756678004708  0.42780458403544208  0.43841943755542906  0.44926072583717858
  0.46048981508400244  0.47035300841544869  0.47974637246303892  0.48936467218765578
  0.49972257196633429  0.51110226774632506  0.52237149612684819  0.53338125724525176
  0.54404106908534366  0.55459301234841696  0.56488783277217591  0.57453602430682305
  0.58467375711640635  0.59529705458744786  0.60590359029262397  0.61539675499983315
  0.62491288638910036  0.63471198529179829  0.64531215879069614  0.65632096075604374
  0.66790720023484151  0.67994334301972315  0.69108620702351209  0.70091973069754832
  0.71066704003486236  0.72084815939769176  0.73150479578549199  0.74148699284340891
  0.75112227523095054  0.76134650879837973  0.77212580481347615  0.78291499440516321
  0.79305675393098429  0.80311882246862443  0.81313750911769944  0.82385956463857701
  0.83443771119785470  0.84446881150724451  0.85503827697281831  0.86726143924753496
  0.87928932225851320  0.89097889884714487  0.90233987188704745  0.91418948383804377
  0.92522652939905881  0.93614599257950271  0.94652838112140281  0.95734790250291202
  0.96836937315169413  0.97898170300923737  0.98955900574507016  1.00000000000000000
 -0.00185742971182914  0.00694539988950615  0.01458360921046811  0.02180642920776805
  0.02877763055311144  0.03567573098828318  0.04271906566942627  0.05007293935251464
  0.05751539530883228  0.06397200932278167  0.07024824588219139  0.07675903827740091
  0.08372441337195372  0.09144382512676114  0.09852571637188173  0.10562635250024029
  0.11342704016481381  0.12173913220000629  0.12988678373000503  0.13828950686874167
  0.14697432901442661  0.15528065482551032  0.16349667976335991  0.17158882006410925
  0.18007213200661043  0.18879072229431032  0.19731941403924291  0.20560822402760143
  0.21369398466432352  0.22200889873181967  0.23074232877696835  0.23914121908587671
  0.24739189620925359  0.25623504735225222  0.26614086169987455  0.27613770844478586
  0.28589947552610495  0.29548756382889468  0.30550584753779086  0.31607969608561493
  0.32638475581073395  0.33641882787758243  0.34616952830184999  0.35594455959828497
  0.36632670613043705  0.37659157242047842  0.38805513785679890  0.39931694259529193
  0.41113609131534046  0.42296871183846990  0.43473968980298466  0.44662300339700278
  0.45818768154003453  0.46905550296128790  0.48018019360609154  0.49169207242246898
  0.50395328023360497  0.51629185283907042  0.52815531634989432  0.54017793680138149
  0.55338878540253600  0.56708738504056955  0.58008877915983470  0.59256481333077504
  0.60463511232329192  0.61653870231691876  0.62862750932200373  0.64083500952464811
  0.65448669641371338  0.66872545059679001  0.68343382964259980  0.69755018189288476
  0.71140305490588318  0.72475132460175162  0.73766153620057406  0.75035030610027842
  0.76258858950858921  0.77529260546121526  0.78872709826794074  0.80269361840676001
  0.81631746181089637  0.82963754767423981  0.84324242976144881  0.85699981633059052
  0.87012267044057345  0.88295423958264940  0.89556628075549538  0.90853061803078805
  0.92088685429908568  0.93325866790284107  0.94499330013990168  0.95641948536454302
  0.96632305237352811  0.97671619525575060  0.98768372317169062  1.00000000000000000
 -0.00187587321444423  0.00872731737516634  0.01777368411757552  0.02732781525885604
  0.03718370490203457  0.04673645673102753  0.05645846861758201  0.06581212531108444
  0.07527947388674905  0.08425141206769875  0.09324967738081530  0.10257214286429296
  0.11184902822497003  0.12160821727254767  0.13200783683849421  0.14356071730211389
  0.15373324793600721  0.16397949511027032  0.17409353286842144  0.18468345493390084
  0.19497401393020397  0.20512120628716210  0.21514540047970970  0.22511671400463865
  0.23492708675483095  0.24461950568360266  0.25471105524687543  0.26499104116603334
  0.27547660333428059  0.28482766439455942  0.29454769773121081  0.30388856981023848
  0.31366621294682007  0.32392338969439993  0.33480536126715849  0.34527434884524910
  0.35564076578835208  0.36618735814567893  0.37672862180929884  0.38695379441717326
  0.39701192947326713  0.40751538557385875  0.41843415236539844  0.42996264549376290
  0.44202326166931288  0.45411281847619017  0.46578045854858824  0.47672707372613277
  0.48725584914531622  0.49777889321413088  0.50864017034220199  0.52003134321096534
  0.53196777636405568  0.54447876667345263  0.55738550459843117  0.56964523754662910
  0.58091165791032684  0.59172004572595116  0.60233121388379918  0.61271150071782465
  0.62268402488578267  0.63281809558172875  0.64313029960578139  0.65372250907222895
  0.66441003915568930  0.67565712637818176  0.68745776739800846  0.69873777145697002
  0.70904956372516104  0.71883041991409657  0.72827057084514712  0.73738537667020965
  0.74623425314845171  0.75517405523288283  0.76454266224915579  0.77401723577030968
  0.78372222503011102  0.79378858807017638  0.80484916445757138  0.81628991086740332
  0.82876664115317744  0.84049919471130630  0.85253208588041463  0.86343711014717950
  0.87477896049847204  0.88601956910474444  0.89717832746667647  0.90876155873731224
  0.91997296396878026  0.93122604946345755  0.94314169878832899  0.95584462523383540
  0.96817666306809691  0.97962481394562462  0.99009257937800077  1.00000000000000000
 -0.00229644545691978  0.01005113356114490  0.02020155752961381  0.03070009863958082
  0.04127220424122210  0.05142294794669766  0.06138095633854067  0.07098799855179000
  0.08008579118945795  0.08879579377039482  0.09769552239711113  0.10751809137522636
  0.11858423200834026  0.12975784748613339  0.14042268449063186  0.15124922830650803
  0.16267031651223432  0.17506839498963428  0.18820832367993942  0.20129774483826188
  0.21343183230747176  0.22510974753323684  0.23694061071096148  0.24889014875723520
  0.26082118322195241  0.27192618303101285  0.28242086484124107  0.29286884769146043
  0.30370542854134835  0.31458073233478206  0.32441845796969199  0.33440176057743931
  0.34494501143753253  0.35652751608489980  0.36800805316978324  0.37882903110443733
  0.38919148122418157  0.39863443007990279  0.40834031662863057  0.41780598208881975
  0.42799570044447949  0.43925638775087583  0.45057159159566362  0.46124561868212893
  0.47053639985758400  0.47979680971729538  0.48905195000139057  0.49910547689152768
  0.50899985504096468  0.51920919430390444  0.52891701084527620  0.53924538407742650
  0.54923947693408970  0.55985482611140636  0.56963140234988341  0.57924208249733700
  0.58893397633601852  0.59932992098550486  0.60982886084880150  0.62002973937472317
  0.62943549994633030  0.63884381442797988  0.64858441909342968  0.65942075795999766
  0.66981846833538183  0.67874085248243798  0.68729567173064743  0.69600088908652680
  0.70510534490359067  0.71468711463652268  0.72487784173802938  0.73584537536313743
  0.74712563227436890  0.75795234747958073  0.76883959701399507  0.77968323124804073
  0.79026762246128834  0.80063518595927385  0.81116859439436162  0.82218497523582657
  0.83320647234188305  0.84480839409611042  0.85679005170669764  0.86840656251818327
  0.87933048702934680  0.88986419199486655  0.90016461240926793  0.91060617466524751
  0.92121618336525901  0.93178822126033234  0.94280300846118748  0.95419918850873142
  0.96572945238277519  0.97730021405181855  0.98878022868359061  1.00000000000000000
  0.53939621650094349  0.55226241191250514  0.56229489445800762  0.57107264761818621
  0.57985662902382762  0.58974704137893152  0.59937522181208902  0.60747736349188075
  0.61548910156866599  0.62309350424145538  0.62959854532618165  0.63579361723739392
  0.64202352863504419  0.64819464438421259  0.65520809727616480  0.66262965871858459
  0.67020656698731373  0.67726396118273668  0.68384980974452481  0.68992382787913809
  0.69578845723049898  0.70196535235549795  0.70821643006090929  0.71432543706750395
  0.72007565404705220  0.72572091376504566  0.73123150735810427  0.73649273886000932
  0.74177274484037781  0.74716910126272396  0.75232117670593812  0.75705701701910832
  0.76157109961888636  0.76618987721161036  0.77083780835067162  0.77518598783865955
  0.77931528222226354  0.78346271929048750  0.78767292592380600  0.79164002445716297
  0.79557484455042293  0.79947437751376726  0.80359810291228728  0.80771876474397430
  0.81180067025628566  0.81604197551576307  0.81996599651854396  0.82390225088820868
  0.82760971502704994  0.83172469942782379  0.83580339789187896  0.83990518268519576
  0.84402477415144861  0.84797929470210220  0.85184081004594236  0.85533974385202294
  0.85887653618014015  0.86233097799551972  0.86586963630548419  0.86922266997294273
  0.87253521741983975  0.87584555018085353  0.87918723628217799  0.88261586221166810
  0.88608018411460354  0.88949480969329509  0.89280449875986756  0.89615762714248870
  0.89968597984061460  0.90325176363913495  0.90667667379460948  0.91001938061225829
  0.91335247080061266  0.91686931224136903  0.92044806584481720  0.92392068566730423
  0.92718385041228946  0.93057957708227068  0.93400106596728438  0.93743671302549625
  0.94077333892935566  0.94405870816881643  0.94739368985573469  0.95076656360194267
  0.95416049234643341  0.95737384434388051  0.96045173426684527  0.96365209210271652
  0.96688164799224552  0.97042346564653448  0.97416203270153667  0.97818155177315946
  0.98250565940787260  0.98745763034514489  0.99300405163521333  1.00000000000000000
 -0.01952685879919248  0.16061935593303958  0.17824709982820086  0.19335739921780695
  0.20713270888412405  0.21925838808941631  0.22942327688680988  0.23958501781600897
  0.24944876625467249  0.25846194423666841  0.26727277158119767  0.27606772518544520
  0.28427593905171061  0.29220689833642988  0.29977775205965346  0.30813336858730511
  0.31610956489167441  0.32371415170119178  0.33124997805249079  0.33820089973368822
  0.34501797678231066  0.35140498104767209  0.35803163666343640  0.36471480074999924
  0.37138104168630803  0.37773797273884940  0.38395095435553772  0.39014375184282424
  0.39617632195976216  0.40192594102481632  0.40749303909608942  0.41306920482985432
  0.41848575284097561  0.42353997244819741  0.42849336270433097  0.43359639917089798
  0.43918522438055047  0.44465739876670507  0.44981639053493006  0.45469855129978382
  0.45984785275441648  0.46535681627179892  0.47109076025585439  0.47682949858296114
  0.48234353392118179  0.48778355431869219  0.49309793374660571  0.49831658539858414
  0.50337495814330591  0.50843588919875393  0.51377733642188872  0.51922710069876132
  0.52459401443788145  0.52997552241379575  0.53516306931507818  0.54064541185215598
  0.54570895905177930  0.55071763728911793  0.55556609545937208  0.56048965814553964
  0.56560497469073900  0.57075221852475500  0.57602172645154537  0.58147218337270001
  0.58704869120294778  0.59310776813551169  0.59940850903878851  0.60598128546168462
  0.61202878248054060  0.61760239004930417  0.62306638296389216  0.62872912632797073
  0.63489518481729523  0.64132951061772803  0.64764413882650063  0.65388868347059315
  0.66027341565626196  0.66693861601730786  0.67373246980930745  0.68051500031845180
  0.68712031261761342  0.69410505487624963  0.70129349730767487  0.70909550857721004
  0.71755360759396336  0.72690253320730147  0.73673223683826317  0.74630925908875689
  0.75586219101368934  0.76631370947244515  0.77843481549093474  0.79194937793908171
  0.80723488629809970  0.82511586074822085  0.84817320404131724  1.00000000000000000
   7.5413728524544295E-006  -1.0000000000000000     
 F F F F F F F F F F F F F F F F F F F F F F F F F F F F F F F F F F F F F F F F F F F F F F F F F F F F F F F F F F F F F F F F F F F F F F F F F F F F F F F F F F F F F F F F F F F F F F F F F F F F F F F F F F F F F F F F F F F F F F F F F F F F F F F F F F F F F F F F F F F F F F F F F F F F F F F F F F F F F F F F F F F F F F F F F F F F F F F F F F F F F F F F F F F F F F F F F F F F F F F F F F F F F F F F F F F F F F F F F F F F F F F F F F F F F F F F F F F F F F F F F F F F F F F F F F F F F F F F
  <DiscreteSampler_grid>
  grouped_processes
  1 # 1 for a reference and 2 for a running grid.
  10 # Attribute 'min_bin_probing_points' of the grid.
  1 # Attribute 'grid_mode' of the grid. 1=='default',2=='initialization'
  0.0000000000000000 # Attribute 'small_contrib_threshold' of the grid.
  0.5000000000000000 # Attribute 'damping_power' of the grid.
 # binID   n_entries weight   weight_sqr   abs_weight
    10   10   3.108847895262284E-001   6.262246567678911E-001   3.108847895262284E-001
    16   10   1.834936580874101E-001   2.946457920424516E-001   1.834936580874101E-001
  </DiscreteSampler_grid>
