  0.00352002406301528  0.01241263832634113  0.02251459455795604  0.03260686061660301
  0.04288559088303395  0.05314699332915043  0.06393266396619593  0.07459063150970309
  0.08538670538935383  0.09690419675444817  0.10829588636793561  0.11816280262355472
  0.12792916597983595  0.13812037589953205  0.14919955441711397  0.16168537010392356
  0.17340462205199575  0.18483936468752110  0.19646666678512470  0.20834821313608040
  0.21936006183183099  0.22997571799424857  0.24090412236801323  0.25220625169181204
  0.26305793654100695  0.27411201019335851  0.28505605761027442  0.29601766317714484
  0.30663040592060936  0.31745806815791661  0.32844513221513638  0.33909477287415957
  0.34932022907008009  0.35970310415746304  0.37013631849472756  0.38181965699773623
  0.39304305829430686  0.40465031892599912  0.41579830259081474  0.42689497320815450
  0.43801638936140574  0.44883618336857800  0.45922584308735359  0.46946875163335011
  0.48001547500867559  0.49053673268016418  0.50027526824338253  0.50876544116883637
  0.51754398496263609  0.52711419191938746  0.53686826910957752  0.54673488595298170
  0.55650904928261946  0.56645610129404578  0.57848582830110540  0.58954735756279464
  0.59884280424430114  0.60809861081784122  0.61742208435730561  0.62879463978201144
  0.64031560863806780  0.65068047222039105  0.66049833353491139  0.66938979166048840
  0.67925802765332544  0.68959690765137804  0.70017974014637352  0.71135197499648184
  0.72254163950641515  0.73279440313559485  0.74172799479769169  0.74990397145018262
  0.75922095608168061  0.76944416002150573  0.78028040697400969  0.79107149890971762
  0.80165709358984116  0.81210810723609028  0.82245215331591259  0.83229923600730271
  0.84261050545545357  0.85306569560050005  0.86411487458653635  0.87470850341705420
  0.88488157515259913  0.89490769550155624  0.90505329302772219  0.91567542119205925
  0.92771048972960568  0.94001467904515634  0.95155431277853075  0.96257336580806918
  0.97307595518262091  0.98262945866150420  0.99276992017672350  1.00000000000000000
  0.00347437269701058  0.01097132481460321  0.02019291968853125  0.03042859775566765
  0.04108695946842281  0.05417884612380874  0.06648604881273629  0.07781480206852688
  0.08787251586042247  0.09787762287018666  0.10768210521056891  0.11763533758127340
  0.12696372359344654  0.13477416724361496  0.14263810566431312  0.15076721291070999
  0.16057242751445311  0.17144794547748379  0.18287576402196914  0.19406884968616103
  0.20446989468653051  0.21427752828460750  0.22395938400052917  0.23462148815572212
  0.24580644586244738  0.25819464126198016  0.26940598388291814  0.28019838493276350
  0.29044726187415065  0.30134398543063790  0.31266741053195241  0.32350630630703581
  0.33462256895109149  0.34497366070590646  0.35551216970681099  0.36573634261743077
  0.37714364058083411  0.38920518274539445  0.39899238589858332  0.40808745728335039
  0.41667937420401679  0.42609571266628937  0.43783101248628720  0.44980897949268506
  0.46115977636261346  0.47224481299458720  0.48369365832355377  0.49510178978884689
  0.50596011056864365  0.51710391635581476  0.52899230337767511  0.54161871471903500
  0.55333921967422817  0.56371979367624570  0.57330804311478634  0.58252540930304209
  0.59187920331744270  0.60192617124877668  0.61256098200379294  0.62351007036732897
  0.63274090493410373  0.64197305465811860  0.65093006539094722  0.66086619540847613
  0.67056897743736388  0.67987525083839118  0.69000744142794057  0.70151735351277378
  0.71372049961918893  0.72483449871913030  0.73551119264805542  0.74569876216495801
  0.75506378715605338  0.76405654079712970  0.77406789506841522  0.78438870581211317
  0.79389981069754822  0.80328076854770569  0.81308334324652853  0.82458780398610620
  0.83644635326609584  0.84718708303080814  0.85731613953913699  0.86747104104125894
  0.87846172652629173  0.88930210102240070  0.89990649119241950  0.91112283562975716
  0.92181612704220550  0.93261883914919808  0.94316757332333079  0.95296833598576436
  0.96236749007968214  0.97157358676450956  0.98203178064374996  1.00000000000000000
  0.00000303504554080  0.00000373346255867  0.00000397899709853  0.00000417493423471
  0.00000439615258764  0.00000463548942223  0.00000487818376345  0.00000514810898010
  0.00000544851010805  0.00000576244896689  0.00000606868342651  0.00000637644854911
  0.00000668767226618  0.00000702990485072  0.00000740714487872  0.00000780585469110
  0.00000822019756714  0.00000864835313942  0.00000905768589011  0.00000954641303709
  0.00001002332033168  0.00001050213227488  0.00001102254515101  0.00001160448827227
  0.00001224893176635  0.00001294009872237  0.00001366855959053  0.00001445576279951
  0.00001529727562035  0.00001621547224881  0.00001720548827498  0.00001826262329174
  0.00001941970340298  0.00002073009590671  0.00002213165418393  0.00002356623198961
  0.00002502515683812  0.00002652401190333  0.00002808639397085  0.00002975447026607
  0.00003156098751692  0.00003356051270372  0.00003572944727106  0.00003808042346258
  0.00004060418663488  0.00004318551277680  0.00004570667094993  0.00004836137662807
  0.00005125367698442  0.00005475730321406  0.00005863278510768  0.00006247856567244
  0.00006602144912028  0.00006986876286325  0.00007391538384573  0.00007831836571845
  0.00008325118928754  0.00008883028456740  0.00009526547989862  0.00010260926610556
  0.00011072756396116  0.00011942246729646  0.00012853880294931  0.00013758988809729
  0.00014746010111164  0.00015824626996388  0.00017040378774182  0.00018435453605262
  0.00019913421077876  0.00021227575695772  0.00022735791675258  0.00024290465191552
  0.00026262628188827  0.00028986521223098  0.00032162477926282  0.00035380001902248
  0.00038518329857288  0.00041958239995076  0.00046008964645284  0.00050653333476979
  0.00056059993505351  0.00063016331785888  0.00071632974418453  0.00083313300809713
  0.00098153493720295  0.00114109764363711  0.00130731152325060  0.00150258301802828
  0.00180044228785574  0.00226803142311390  0.00297920650511759  0.00372963068055214
  0.00436112566135494  0.00521272011488794  0.01531125244754116  1.00000000000000000
  0.00001387149626010  0.00001464827944288  0.00001565268235391  0.00001684106524580
  0.00001808002880883  0.00001930955824681  0.00002054519879335  0.00002174313066196
  0.00002295725306084  0.00002430135705561  0.00002590409548632  0.00002769835959683
  0.00002960082679138  0.00003154864252279  0.00003374909889752  0.00003604829618780
  0.00003855295804508  0.00004117059996794  0.00004410675513900  0.00004737672633221
  0.00005107980896106  0.00005531744092618  0.00006014250535169  0.00006580680781341
  0.00007245272719903  0.00008033786063922  0.00008942731949422  0.00010029572247137
  0.00011292839251568  0.00012641842227124  0.00014073186592762  0.00015625461953113
  0.00017347601759113  0.00019157740725177  0.00021159067654792  0.00023356477065081
  0.00025713547188197  0.00028041500311585  0.00030474264528254  0.00032992543624677
  0.00035511005159650  0.00038134339432877  0.00041015397663960  0.00044323469441054
  0.00047905226468306  0.00051559469745442  0.00055084500020488  0.00058538340536054
  0.00062021131373056  0.00065212157191480  0.00068284255430523  0.00071401340302695
  0.00074363498196184  0.00077341779601384  0.00080467119378784  0.00084119852728008
  0.00088186884338737  0.00092316483016060  0.00096293547805078  0.00100039489931279
  0.00103368994408661  0.00107866808292537  0.00112817813622866  0.00117297331977295
  0.00122824173062630  0.00129311284482005  0.00135615150625361  0.00141434907969330
  0.00147177717160254  0.00152622760550672  0.00158818263333592  0.00166869504130897
  0.00178827289074145  0.00190673770851305  0.00200459978077972  0.00210907497470850
  0.00222341250052570  0.00233909457949343  0.00249750683595463  0.00268950325479979
  0.00287316825344194  0.00307901681756204  0.00328665325555492  0.00352163657762338
  0.00370757066136300  0.00385221712727858  0.00427479934519862  0.00469894247901262
  0.00499584373889783  0.00529909151439132  0.00564469981324334  0.00596522371792087
  0.00634127232984840  0.00679742075050270  0.01022500411094261  1.00000000000000000
  0.00000337079661377  0.00001008658066967  0.00001247634941674  0.00001468953043480
  0.00001659959360734  0.00001838767789560  0.00001998241378316  0.00002170106955542
  0.00002370512135528  0.00002599588034935  0.00002832902692030  0.00003102143968886
  0.00003416586473315  0.00003765710656553  0.00004120270714328  0.00004521827473925
  0.00004967487742717  0.00005469300080124  0.00006002527576024  0.00006607302690738
  0.00007280463307998  0.00008061053030127  0.00008919796361745  0.00009887484269260
  0.00010897247903401  0.00011911292221056  0.00012975510368954  0.00014141736040764
  0.00015425506125024  0.00016781808619291  0.00018203795010061  0.00019708783806043
  0.00021327314613797  0.00023074423233894  0.00024961092470862  0.00027060866406210
  0.00029172964809549  0.00031411151542099  0.00033675539138313  0.00036145447165637
  0.00038802727688362  0.00041439281477964  0.00044210752332979  0.00047098506644709
  0.00050001132470749  0.00052983941303090  0.00056294847757086  0.00060123159609704
  0.00064802242237289  0.00070135613852219  0.00074744612098764  0.00078853911054155
  0.00083126004299785  0.00087624239139275  0.00092468380285203  0.00097648797353566
  0.00102412352655364  0.00107413904742629  0.00112234821385707  0.00117432533201850
  0.00123518829249996  0.00130820414412865  0.00138485311258654  0.00144859595371365
  0.00150223871107650  0.00155550429916597  0.00161525003506652  0.00168649616258999
  0.00175436146470928  0.00183080227083399  0.00193028570905554  0.00204569088969292
  0.00216893161746397  0.00228182813432477  0.00238838710185568  0.00250438835869516
  0.00260142552504334  0.00269568022735330  0.00280145756547247  0.00294336781021198
  0.00308257467342211  0.00319818157140759  0.00341996452622874  0.00370283833735788
  0.00401464489029398  0.00455937872988576  0.00508176451569140  0.00558216197888816
  0.00589516545131088  0.00618456222704866  0.00645157394966193  0.00670870442234388
  0.00692928064491357  0.00713173039990592  0.02148745076844044  1.00000000000000000
 -0.00313318044374601  0.01358222735892052  0.02618886115895686  0.03873139540051299
  0.05141800240640645  0.06413353118804858  0.07604966368568500  0.08745964258884052
  0.09905142637534872  0.11045767212335957  0.12128387804415774  0.13161093777887692
  0.14110695434129286  0.15083695600049457  0.16109817639786744  0.17249986180322346
  0.18373615960097422  0.19452555390608534  0.20572457144863993  0.21738769785015294
  0.22828366023244134  0.23879538137297482  0.24856204488456873  0.25814797774861448
  0.26765663727897038  0.27735517582868102  0.28677701598809469  0.29661499736172592
  0.30651317768919240  0.31672257431711653  0.32692816130210739  0.33723003465031121
  0.34760056319880250  0.35795442878842598  0.36807333779810647  0.37824094382019491
  0.38872177175953559  0.39976338563637664  0.41128757148701134  0.42205176654673526
  0.43153150946599050  0.44014832071332338  0.44843208443025551  0.45729948251744468
  0.46615907491248926  0.47511614678903275  0.48429499207843635  0.49296813190928596
  0.50110111512447486  0.50920986770462995  0.51774199342845750  0.52766755249443498
  0.53854722939204258  0.55028815962480238  0.56134088336097798  0.57176176950197244
  0.58199441842461963  0.59287028580004375  0.60344698097456095  0.61337226697264879
  0.62171389926966325  0.62897558768852924  0.63642651694774688  0.64428216460381338
  0.65268759982221902  0.66398709781554599  0.67444290964921139  0.68366617317778322
  0.69364723186413513  0.70356780859220758  0.71430638817978032  0.72541421577905341
  0.73687769498479350  0.74911606782778750  0.75875277104170635  0.76903122771501198
  0.77915187906861594  0.78908002060041349  0.79856799060957562  0.80823737987205835
  0.81946014349462815  0.83212411019994226  0.84560962456973943  0.85828082706989473
  0.86937110865537026  0.87945581169552156  0.88908018663507760  0.89957442731968673
  0.91026566518817176  0.92145592412957544  0.93280268559081958  0.94496103665560149
  0.95883801650581368  0.97280393773083895  0.98700360368529128  1.00000000000000000
 -0.00237069571204228  0.01046652855918364  0.02240302815679100  0.03485446859474986
  0.04683155514668354  0.05804736093815502  0.06905651551911610  0.07969501857431791
  0.08999225599288377  0.09994804305171501  0.11048609363021090  0.12089477962835131
  0.13118816113072743  0.14154900719363195  0.15162626262158319  0.16142290438253851
  0.17093579578279730  0.18012504824186495  0.18995263409903229  0.19984992728742834
  0.21048270620038717  0.22179282642579429  0.23380247800492443  0.24555142274667804
  0.25676486800826376  0.26799219517997358  0.28025761580243902  0.29278665757741684
  0.30431742445830529  0.31474023011089658  0.32487670203041635  0.33587210547209245
  0.34737825307995868  0.35866780751854005  0.36963617697360135  0.38096905301243311
  0.39260084704078774  0.40378238527918781  0.41427272546058086  0.42485092135239627
  0.43645330773220486  0.44835237065059180  0.45947810808834094  0.46951292654715054
  0.47895672569646580  0.48925899913581117  0.49996579114457346  0.51198102844242155
  0.52384038320743176  0.53561322971449454  0.54593469310741538  0.55461032060833904
  0.56371300594796137  0.57285712423199153  0.58164852204482032  0.58998861428432292
  0.59816240667767651  0.60733145676252864  0.61768754358635602  0.62761419115354633
  0.63677505134468915  0.64602766815877843  0.65539609095590234  0.66469321029898043
  0.67390556123227596  0.68357541186221027  0.69426705358532315  0.70541151534489532
  0.71702373552678056  0.72862398161498354  0.74018746605065810  0.75170909688500376
  0.76327371856300819  0.77438145989209239  0.78536573779852081  0.79656731417712057
  0.80806737775237070  0.81911156275683084  0.82998667063787912  0.84159396734561076
  0.85406721456277257  0.86653300346899076  0.87800924809444947  0.88854814320815956
  0.89866211120226547  0.90854067313176434  0.91817510840163974  0.92749432640966400
  0.93727598888253938  0.94706280737536319  0.95653311757192971  0.96557848785731248
  0.97331869672076787  0.98216957876125099  0.99136128673568047  1.00000000000000000
 -0.00058746415609757  0.01498691973136738  0.02664458151214677  0.03820357203406924
  0.04967985842909717  0.06214823865484823  0.07642316845159375  0.08997291337593609
  0.10195658996228950  0.11277842722345072  0.12276630159599684  0.13270900284895862
  0.14314529422937747  0.15462466162619121  0.16715436035082226  0.17950353527098192
  0.19112180533334447  0.20206990803416883  0.21279051016457787  0.22318938419315237
  0.23321427742419720  0.24335200312588626  0.25384033247743398  0.26484925687642941
  0.27611898606877322  0.28715218849827984  0.29737126839453581  0.30702362868046484
  0.31650125504272109  0.32584803891580222  0.33437050832541981  0.34159237194027997
  0.34887407694406114  0.35639113051243226  0.36452522423962247  0.37299732880823561
  0.38214281180958476  0.39041842585179226  0.39846619036151643  0.40804140545919132
  0.41748488179146021  0.42701338025424124  0.43766551360627121  0.44876675757818540
  0.46019436696390092  0.47074931346672227  0.48101336153515650  0.49129526422012532
  0.50188829972966631  0.51245774306420611  0.52298323452354867  0.53392342276630567
  0.54506891514959754  0.55566124882658441  0.56599158899597912  0.57607971419004744
  0.58724105386346959  0.59902891702958061  0.61062338271488115  0.62234138159020524
  0.63234992914424260  0.64233709806950812  0.65262886914387486  0.66357584413132298
  0.67331129410126500  0.68211267096502004  0.69085278480177026  0.69982285005560196
  0.70961916143824622  0.71919108541249244  0.72857262348373886  0.73852346913182465
  0.74914042839567241  0.76009457398522018  0.77213582156180471  0.78378113188507337
  0.79452997340400733  0.80433523382024052  0.81420330969366805  0.82473560209550945
  0.83473312193163485  0.84451226459169371  0.85454009901943484  0.86378262813553042
  0.87410264283406147  0.88336652485355338  0.89309807635770011  0.90369217369957167
  0.91619686033006176  0.93064576275862498  0.94385015096091285  0.95482424978076474
  0.96549007088742056  0.97598155760725736  0.98813005726237446  1.00000000000000000
 -0.00213834887005017  0.00955404924776774  0.01992409696478960  0.03021989246970244
  0.04020876146395204  0.04984393993266233  0.06026548653929201  0.07180213562311413
  0.08375854621766807  0.09529751375355774  0.10675722336697080  0.11832038755256398
  0.13024736957879102  0.14240136460491407  0.15270938313418797  0.16204229044356930
  0.17123645010447194  0.18052789281031173  0.18963114733735936  0.19865559688222501
  0.20834211311292572  0.21933413434963339  0.23037140581865467  0.24049705916654662
  0.25056842652821881  0.26068585730201599  0.27173302453056808  0.28251076146546472
  0.29322734481047708  0.30443638962724190  0.31538855636656177  0.32590046779546999
  0.33458100994050716  0.34315378451709777  0.35173122392202094  0.36049555669514932
  0.37043533776489085  0.38022585903480516  0.38872692146905724  0.39743951350333478
  0.40677849416884126  0.41785466219075695  0.42993553292002701  0.44130958792504088
  0.45185257372223653  0.46206482127150494  0.47258111246460294  0.48428563490800447
  0.49643837389239137  0.50877742588673280  0.52100025665494154  0.53282876167280047
  0.54419710571632096  0.55602344966810602  0.56816982266770955  0.58089765884696798
  0.59208911269130549  0.60222649830285246  0.61255499809057734  0.62341022954463676
  0.63472796898001327  0.64603084933277521  0.65699293282051463  0.66757332664698488
  0.67828396931612644  0.68904607726467826  0.70021279007893578  0.71191604023151300
  0.72174384314230533  0.73121595460062827  0.74000574972306310  0.74841139511791077
  0.75668626902048253  0.76554717741268929  0.77538408885078003  0.78573515970936247
  0.79695854397562815  0.80917595776071161  0.82043206347093323  0.83125158965253809
  0.84196358174394759  0.85332906682223186  0.86519291974955070  0.87695000492415442
  0.88786961297173617  0.89768158223774241  0.90719253473125283  0.91607581985876685
  0.92583674012940720  0.93548961483780568  0.94623436334476685  0.95775937702814484
  0.96900086407800845  0.97946586739859121  0.98997834595695156  1.00000000000000000
 -0.00356623497572527  0.01239080644346478  0.02485290705209105  0.03679936704888479
  0.04883303668813197  0.06116455379398608  0.07265746089717630  0.08396195497203784
  0.09590088927103145  0.10858049127108926  0.12078508449956005  0.13334903481624288
  0.14526834589869370  0.15705320187998181  0.16801571256845133  0.17897160325196879
  0.18922093138094048  0.19975885316778907  0.21048306034553232  0.21935608856517511
  0.22630596235387151  0.23247429237376807  0.23898622549110884  0.24571520745978434
  0.25162125369687988  0.25780707382768719  0.26495780343559328  0.27530812143465477
  0.28712097676815779  0.29827093685470235  0.30927803657172720  0.32004464147552625
  0.33084899005135432  0.34195575231130199  0.35349492653507264  0.36562006720746587
  0.37796275328413403  0.38974274072089821  0.40070735338112806  0.41097926357326747
  0.42116383907487803  0.43145587544648312  0.44211715573127375  0.45200839010470079
  0.46103835536262261  0.47058047694728872  0.48064853863146445  0.48944534127186745
  0.49822362913645585  0.50693593215978006  0.51573750635616755  0.52515241500700582
  0.53430867720114772  0.54280107652149923  0.55251891165246991  0.56106937478973951
  0.57043973359007683  0.58031520479920773  0.59145014142612651  0.60291311038082007
  0.61395456062194820  0.62547573461493289  0.63613149444893435  0.64752621344171779
  0.65875465787783227  0.67102917093013037  0.68265956617843038  0.69312280348534971
  0.70341050208678990  0.71383863187627450  0.72437783600336181  0.73501966887560199
  0.74579615135156163  0.75713179019152110  0.76884707709421019  0.78023986877797447
  0.79133097799868879  0.80264365591946374  0.81438878475942389  0.82604403217249545
  0.83754114558739678  0.84903660291881788  0.86091395030480944  0.87240357572162475
  0.88303153780876520  0.89310818964276650  0.90245095574320211  0.91233442263259679
  0.92281501023978729  0.93379921541434407  0.94442047661021278  0.95479357031891943
  0.96559720976576724  0.97689182664655783  0.98847994593269595  1.00000000000000000
  0.00008876031257856  0.00029337546414598  0.00060227869924809  0.00083339027349740
  0.00101022848211884  0.00118474571178564  0.00135826932877570  0.00152542277815616
  0.00168642050004570  0.00183800974440998  0.00198076418476164  0.00212111683762435
  0.00226807142629519  0.00241691446577293  0.00256593447091272  0.00271098682924317
  0.00285224107191677  0.00299158217394126  0.00312935216527615  0.00324068879920550
  0.00335200545782559  0.00346374469516160  0.00357589213734207  0.00368839729845040
  0.00382792659509670  0.00397157582686219  0.00411222970902629  0.00424171670757396
  0.00438503456594963  0.00454075237960823  0.00469789620077959  0.00486000011164735
  0.00502106383290504  0.00515023022578826  0.00528765589370337  0.00542970862087987
  0.00557430916811802  0.00574386702674900  0.00592012312160749  0.00609769707846584
  0.00626701055307896  0.00643056929869762  0.00659536067174764  0.00676147486109108
  0.00692702940626252  0.00710542180408852  0.00728386158276542  0.00748347234321099
  0.00770889668995337  0.00789951384826571  0.00801331875319013  0.00812812581249992
  0.00825483383818533  0.00838154186387074  0.00850355429517390  0.00862475808318655
  0.00881531597317391  0.00903504324534874  0.00926254216334953  0.00950028384607770
  0.00970309797813061  0.00988698912377071  0.01007051758560014  0.01025873274166119
  0.01051851560280954  0.01081800708101424  0.01106628861695823  0.01130405034751070
  0.01155426025697615  0.01179850834096871  0.01201592390411387  0.01222872726044924
  0.01247183468449160  0.01269978076936196  0.01291301714881287  0.01313007715139863
  0.01334212970983419  0.01357520738927796  0.01405513172039637  0.01472733500097421
  0.01549384406724700  0.01611406771400390  0.01660411388786502  0.01698355239502206
  0.01732656131581000  0.01769429931693576  0.01819982828650241  0.01881512144518050
  0.01938517448596538  0.02000067113666711  0.02239045361319711  0.02325713439294090
  0.02422919169595187  0.02631880985273595  0.08887601998643280  1.00000000000000000
 -0.00180060101808082  0.00998846908397294  0.02147124410198645  0.03392998665579863
  0.04663701027000287  0.05891911209435635  0.07067171366236930  0.08200484299993940
  0.09276932388525852  0.10368515243402746  0.11517424443308946  0.12684688665918528
  0.13801060523464626  0.14894649075608557  0.16034790159333392  0.17217987890050954
  0.18362439565219213  0.19376892315249880  0.20290090212287562  0.21236364502793645
  0.22254433434877308  0.23251265157210246  0.24154481312158507  0.25064165863843701
  0.26078822795789336  0.27156850747008859  0.28266682594061016  0.29371615651655325
  0.30449891856673034  0.31569145004066829  0.32643345541291946  0.33654658328340631
  0.34629689829185856  0.35571061228200473  0.36511026316002687  0.37467402477586864
  0.38427397844680250  0.39447158009147115  0.40460042603860819  0.41495014919977669
  0.42558279802629351  0.43714068679340623  0.44874687679501457  0.45958732306421435
  0.46965787049548430  0.47976571474458796  0.49050237263351631  0.50128981901698910
  0.51157031756708937  0.52152091887132157  0.53169538397250604  0.54227734731695276
  0.55255457905628469  0.56226580890101951  0.57180162512506671  0.58116259088641076
  0.59051057946618613  0.60023326660215914  0.61029528101347985  0.62060627938923230
  0.63054153187509077  0.63892276556711691  0.64650840537971166  0.65386341894856692
  0.66108477904033158  0.67079400514308829  0.68218422413422120  0.69267750962994190
  0.70255375105833884  0.71238974202333361  0.72191478791979913  0.73178223421638322
  0.74160282827259827  0.75220828893005454  0.76339158505911742  0.77480579231571933
  0.78598311584143199  0.79731599863837055  0.80879084045868899  0.82077149638499813
  0.83281115819315066  0.84420166663485763  0.85491516728449757  0.86537947588172870
  0.87667187215832820  0.88761238043670265  0.89782509321421611  0.90720805871848109
  0.91762430026514963  0.92815776312927500  0.93960255569349205  0.95147463929513865
  0.96361364245015058  0.97546525932484396  0.98761836549023296  1.00000000000000000
 -0.00003758200956543  0.00017386531478395  0.00037678512651684  0.00055778801315965
  0.00068113361500262  0.00077322322273011  0.00086886311028749  0.00096222199804862
  0.00105217734626374  0.00113952471033560  0.00122562428769168  0.00130723536585374
  0.00138971606782215  0.00147422963579473  0.00155955133174310  0.00164536948457465
  0.00172712930572030  0.00180978260682736  0.00189431236370565  0.00197895347449025
  0.00206591017957569  0.00215847972699454  0.00223983742686180  0.00232077926679894
  0.00240538820275867  0.00248804061801090  0.00256936592800625  0.00266524133380271
  0.00274386968865090  0.00280437147239983  0.00286537538496270  0.00292822702383356
  0.00299107866270442  0.00305152687012221  0.00311192666911477  0.00319281230362584
  0.00328356604841874  0.00336819931517058  0.00345621630337004  0.00355021687975623
  0.00364740083404610  0.00374811925374102  0.00386379625291076  0.00398164454180879
  0.00409909323096261  0.00421641187648009  0.00433701183542653  0.00444828566109370
  0.00456919687948545  0.00470259176815713  0.00484387413785889  0.00498583958520354
  0.00510359791770134  0.00519709631901243  0.00528865357630940  0.00538214013021952
  0.00548615924520371  0.00560990193127454  0.00573556131203022  0.00586836633980964
  0.00598937469810036  0.00611251334848358  0.00622859609195626  0.00634356721933645
  0.00645209950572130  0.00656611796647850  0.00671570149098942  0.00694733522902878
  0.00717684510200611  0.00732745549130473  0.00746159499685664  0.00759297919241121
  0.00773152129357880  0.00788332200690974  0.00804077664673063  0.00819388525039054
  0.00833727391252104  0.00850377631814702  0.00863464440084210  0.00876900237456353
  0.00890611375750486  0.00904544981800778  0.00920126387617230  0.00937388590945597
  0.00956904005783520  0.00981353328491308  0.01008392496809905  0.01097176988949102
  0.01137892077217644  0.01281754627783625  0.01308059980896548  0.01334365334009470
  0.01402969807047444  0.01438506976647650  0.07536820132713183  1.00000000000000000
 -0.00257637193537147  0.00696191998254523  0.01574755682017890  0.02373377498740291
  0.03192366967253723  0.04203261354616068  0.05178899031524203  0.06200218200966742
  0.07185960038395579  0.08199428479698327  0.09288166426057072  0.10387750620982503
  0.11502307756117722  0.12615173777929872  0.13670433106206820  0.14731132963532828
  0.15733346979522450  0.16724537549329768  0.17773845751367817  0.18871403951908583
  0.20000597401278894  0.21086303020202049  0.22226987550754018  0.23415708766164789
  0.24618864421728778  0.25721500174058892  0.26786804782035278  0.27874266912970047
  0.28938866924639867  0.29904912563002106  0.30844082540800932  0.31829609294663136
  0.32943037705526101  0.34050947375640078  0.35134597156142638  0.36172186961432762
  0.37219494085278637  0.38319715321633929  0.39490917128568265  0.40668020877006661
  0.41832356755635275  0.42992793824287046  0.44157360635627468  0.45342964455906321
  0.46572709655851841  0.47758060120251411  0.48892715714091839  0.49993880243753364
  0.51127341769758217  0.52305259623387523  0.53514861272825065  0.54779710650915647
  0.55958204587879656  0.57181786053210104  0.58343176058949198  0.59379849890422509
  0.60390136564155827  0.61503016723860848  0.62810065675967885  0.64086031737609606
  0.65174508585387725  0.66167479301043353  0.67201627619561288  0.68346590708343724
  0.69512056032249891  0.70620790047950432  0.71502795243744766  0.72337795254537418
  0.73183903427139252  0.74113540921480914  0.75079211594069395  0.75985336793274305
  0.76901981216806670  0.77950537329619407  0.78948217445791247  0.79885879432156504
  0.80813114053764179  0.81766161075463573  0.82773084121896690  0.83801407975198361
  0.84746372722701790  0.85719805859723064  0.86698935953441647  0.87733204209438576
  0.88834094166660027  0.89903520678627558  0.90956823262021291  0.92096126812854995
  0.93299562050320028  0.94475733958759023  0.95562985312996540  0.96516450396086872
  0.97426566414718585  0.98299220477270743  0.99150862574402709  1.00000000000000000
  0.51391341636506727  0.62555885504483100  0.64185823206987636  0.65420768505475646
  0.66486806605234128  0.67459795163143699  0.68436583224357339  0.69344331006686966
  0.70204413382499598  0.71015419918345879  0.71779846970656846  0.72510559022793519
  0.73219958052510747  0.73880759286925701  0.74500459584230605  0.75103532642306547
  0.75711391208760959  0.76309754920782491  0.76903988346868046  0.77475493756138025
  0.78042583244105024  0.78587620873609410  0.79066741548633035  0.79511642977885100
  0.79936201149169150  0.80348659763152519  0.80742850502336960  0.81132833521484093
  0.81528317105442527  0.81928479443952473  0.82361041648054434  0.82794754288012451
  0.83213836701765520  0.83587975034964968  0.83942187334654883  0.84296061650592968
  0.84674424105968460  0.85056845323674568  0.85434471316647143  0.85787909844933996
  0.86133348658401543  0.86487003848347743  0.86835416396324527  0.87168925272427511
  0.87502601210495379  0.87825978940074367  0.88139919775174669  0.88441271611296080
  0.88734822562258098  0.89024810561893708  0.89319328333865133  0.89611636442393072
  0.89895639413043449  0.90179248614317575  0.90445660405398676  0.90699388161858918
  0.90950826873280721  0.91208415482089444  0.91468891175947242  0.91699555741693661
  0.91910418578834396  0.92129445318225323  0.92360098613149566  0.92604852168793250
  0.92851314616854252  0.93093935815466833  0.93327299369926942  0.93551655991780336
  0.93767154601461122  0.93971139222790179  0.94171553863976409  0.94376329447509544
  0.94609442255718423  0.94840207766839546  0.95061308278626822  0.95268690161838987
  0.95466392828697622  0.95654822243600834  0.95829622202003906  0.96049213802737443
  0.96245749864295216  0.96440557616260780  0.96645635433049137  0.96859615620735984
  0.97092311828010247  0.97338692668938220  0.97587536861854940  0.97842334169758649
  0.98113009301340826  0.98333184156948572  0.98541833734777484  0.98752098291645474
  0.98976065011411640  0.99221881043705484  0.99571560929535829  1.00000000000000000
  0.04440238715255058  0.16032452629176067  0.17062641614520069  0.17898681181680318
  0.18723748935605600  0.19459982948056315  0.20052318115766402  0.20688752812963551
  0.21378600062269740  0.21983227215161960  0.22549823004516367  0.23067263769760579
  0.23601919316926120  0.24135269107939508  0.24712706269532603  0.25304966367762155
  0.25935898090756210  0.26589318935737638  0.27186262347435763  0.27688230906734851
  0.28194059709651326  0.28693090593873538  0.29188374986812210  0.29758106235367160
  0.30314079363839636  0.30838558999253329  0.31329319564437530  0.31757801127674695
  0.32168307713373273  0.32574434780842837  0.32982964193814968  0.33418159614624521
  0.33854205782563451  0.34303845914418674  0.34765075040679888  0.35228983275828596
  0.35688176998710147  0.36143765396415545  0.36608628998112380  0.37100824868713095
  0.37618502557828076  0.38133709890623069  0.38636602895178268  0.39140839951123052
  0.39634227097166064  0.40072632992685836  0.40528216927290833  0.40992431233753562
  0.41505770544010601  0.42046609643821625  0.42583528329324438  0.43125066002975360
  0.43669714010870708  0.44225455995545243  0.44797722655117089  0.45353455269270121
  0.45923502310827036  0.46535497931594311  0.47174641480397744  0.47820750130904599
  0.48455507929442410  0.49071720142520786  0.49671913952558766  0.50275180083049686
  0.50879192632649684  0.51478203072076312  0.52076274768244624  0.52679641317580073
  0.53334267656685230  0.53998412881239222  0.54716662426049911  0.55368947558286341
  0.56005675783592523  0.56634101443388052  0.57312474425344173  0.58115821017063407
  0.58972730860852640  0.59844809835301349  0.60720487995509254  0.61609551894820391
  0.62567394365998374  0.63512807812058414  0.64475373424793958  0.65423046862195644
  0.66362077904089289  0.67347776477899168  0.68434845449476267  0.69571017153503290
  0.70661957815612964  0.71778569757060084  0.73039099239439897  0.74556746170466226
  0.76276444766268992  0.78422182317065625  0.81464492598212901  1.00000000000000000
   1.7833203539907723E-009  -1.0000000000000000     
 F F F F F F F F F F F F F F F F F F F F F F F F F F F F F F F F F F F F F F F F F F F F F F F F F F F F F F F F F F F F F F F F F F F F F F F F F F F F F F F F F F F F F F F F F F F F F F F F F F F F F F F F F F F F F F F F F F F F F F F F F F F F F F F F F F F F F F F F F F F F F F F F F F F F F F F F F F F F F F F F F F F F F F F F F F F F F F F F F F F F F F F F F F F F F F F F F F F F F F F F F F F F F F F F F F F F F F F F F F F F F F F F F F F F F F F F F F F F F F F F F F F F F F F F F F F F F F F F F F F F F F F F F F F F F F F F F F F F F F F F F F F F F F F F F F F F F F F F F F F F F F F F F F F F F F F F F F F F F F F F F F F F F F F F F F F F F F F F F F F F F F F F F F F F F F F F F F F F F F F F F F F F F F F F F F F F F F F F F F F F F F F F F F F F F F F F F F F F F F F F F F F F F F F F F F F F F F F F F F F F F F F F F F F F F F F F F F F F F F F F F F F F F F F F F F F F F F F F F F F F F F F F F F F F F F F F F F F F F F F F F F F F F F F F F F F F F F F F F F F F F F F F F F F F F F F F
  <DiscreteSampler_grid>
  grouped_processes
  1 # 1 for a reference and 2 for a running grid.
  10 # Attribute 'min_bin_probing_points' of the grid.
  1 # Attribute 'grid_mode' of the grid. 1=='default',2=='initialization'
  0.0000000000000000 # Attribute 'small_contrib_threshold' of the grid.
  0.5000000000000000 # Attribute 'damping_power' of the grid.
 # binID   n_entries weight   weight_sqr   abs_weight
    31   10   1.844755360902453E-006   1.489623935782270E-011   1.844755360902453E-006
    32   10   1.844755360902457E-006   1.489623935782281E-011   1.844755360902457E-006
    34   10   3.689510721804907E-006   5.958495743129078E-011   3.689510721804907E-006
    35   10   3.689510721804915E-006   5.958495743129122E-011   3.689510721804915E-006
    37   10   3.828078053929574E-006   6.366724389632464E-011   3.828078053929574E-006
    38   10   3.828078053929583E-006   6.366724389632508E-011   3.828078053929583E-006
    40   10   7.656156107859149E-006   2.546689755852986E-010   7.656156107859149E-006
    41   10   7.656156107859166E-006   2.546689755853003E-010   7.656156107859166E-006
    43   10   2.216280531406679E-006   2.779787111036523E-011   2.216280531406679E-006
    44   10   2.216280531406690E-006   2.779787111036560E-011   2.216280531406690E-006
    46   10   4.432561062813358E-006   1.111914844414609E-010   4.432561062813358E-006
    47   10   4.432561062813380E-006   1.111914844414624E-010   4.432561062813380E-006
    49   10   4.654519535863190E-006   1.236490630982967E-010   4.654519535863190E-006
    50   10   4.654519535863214E-006   1.236490630982985E-010   4.654519535863214E-006
    52   10   9.309039071726379E-006   4.945962523931868E-010   9.309039071726379E-006
    53   10   9.309039071726428E-006   4.945962523931940E-010   9.309039071726428E-006
    58   10   1.844755360902454E-006   1.489623935782270E-011   1.844755360902454E-006
    59   10   1.844755360902457E-006   1.489623935782281E-011   1.844755360902457E-006
    61   10   3.689510721804907E-006   5.958495743129080E-011   3.689510721804907E-006
    62   10   3.689510721804915E-006   5.958495743129122E-011   3.689510721804915E-006
    64   10   3.828078053929574E-006   6.366724389632468E-011   3.828078053929574E-006
    65   10   3.828078053929583E-006   6.366724389632508E-011   3.828078053929583E-006
    67   10   7.656156107859149E-006   2.546689755852987E-010   7.656156107859149E-006
    68   10   7.656156107859166E-006   2.546689755853003E-010   7.656156107859166E-006
    70   10   2.216280531406680E-006   2.779787111036526E-011   2.216280531406680E-006
    71   10   2.216280531406690E-006   2.779787111036560E-011   2.216280531406690E-006
    73   10   4.432561062813360E-006   1.111914844414610E-010   4.432561062813360E-006
    74   10   4.432561062813380E-006   1.111914844414624E-010   4.432561062813380E-006
    76   10   4.654519535863191E-006   1.236490630982968E-010   4.654519535863191E-006
    77   10   4.654519535863215E-006   1.236490630982986E-010   4.654519535863215E-006
    79   10   9.309039071726383E-006   4.945962523931873E-010   9.309039071726383E-006
    80   10   9.309039071726430E-006   4.945962523931943E-010   9.309039071726430E-006
  </DiscreteSampler_grid>
