  0.00346378744021062  0.01060372762849099  0.01972292070498469  0.03092165061984830
  0.04236365241990368  0.05427687555921622  0.06397594572674710  0.07289243520073599
  0.08144227741302562  0.09053784098586301  0.09907646979256263  0.10741996909168716
  0.11601922272769830  0.12564453074848891  0.13605138309597267  0.14594790887896297
  0.15618576732760178  0.16624782382938563  0.17560293353106063  0.18463634369380907
  0.19474544332801841  0.20612412660189258  0.21582710519958803  0.22532895753166696
  0.23606014903209419  0.24731594535635018  0.25765805934006658  0.26788660646960066
  0.27899713627908834  0.29069012262192484  0.30268431189131095  0.31377463648140508
  0.32494052599744550  0.33452318516780882  0.34589386595911215  0.35693559305236000
  0.36824406719127589  0.37892180912086904  0.38949088796760656  0.39982077218555612
  0.40867662262350840  0.41770558561641336  0.42767785363417243  0.43927564086916759
  0.45115507020063661  0.46039888427202413  0.47022430382437097  0.47870926526097374
  0.48804491915740189  0.49869895772487766  0.50941423099333005  0.51968096028703292
  0.52954089774911317  0.53990288146738397  0.55015154554460999  0.56002754788596543
  0.56956865555108682  0.57893301955488219  0.58913114427803748  0.59959061447171469
  0.61035257688299294  0.62137396599330685  0.63310919916838604  0.64490065089577076
  0.65610802832893644  0.66668290516591311  0.67734597499877891  0.68855308270156601
  0.69875528500703754  0.70883325550442366  0.71895037665694850  0.73003772671991274
  0.74166046615194503  0.75267200617400398  0.76353164357528747  0.77397121443346339
  0.78444811897644695  0.79582578826995498  0.80749881743165097  0.81951197940968301
  0.83094528045298566  0.84315883604653907  0.85586320203349153  0.86882422939089976
  0.88174832743487408  0.89437921040050239  0.90628733776344694  0.91723058741639008
  0.92776303418017281  0.93821156402236361  0.94907776713808012  0.95884627225919272
  0.96704730784571136  0.97499337816743692  0.98376793886083269  1.00000000000000000
  0.00343945094494753  0.01416597322541328  0.02171582357412497  0.02990111715347303
  0.03834810734758405  0.04778501331798678  0.05872471010003350  0.07074280880558582
  0.08235125677870572  0.09188644111861405  0.10070268898738916  0.10947402459669300
  0.11831033803530855  0.12760280388489190  0.13738339989745360  0.14873231943984408
  0.16370139693811078  0.17658800123381152  0.18790479760620887  0.19792526289988502
  0.20764251225683630  0.21617891456215407  0.22525140274325045  0.23489212790804870
  0.24514918639077596  0.25536843728639125  0.26707776578390985  0.27931035969026213
  0.29091452017634029  0.30126081918657349  0.31109434042631356  0.32146665654563827
  0.33236882485155850  0.34373306758981748  0.35614977451053220  0.36760978894858698
  0.37859926736658006  0.38867429622082666  0.39868091804987404  0.40767484716759889
  0.41638217392156668  0.42553127598083273  0.43554225903457078  0.44605219772882537
  0.45713005723136690  0.46894507632795063  0.48004336146043680  0.49131917201028386
  0.50215317712041896  0.51224109162828935  0.52160449419620392  0.53021873488161331
  0.53976130430336378  0.54964838840021402  0.55896860713358054  0.56765152322188195
  0.57606358222579934  0.58261182170857706  0.59143541032334668  0.60018519094581801
  0.61151146634874798  0.62305354383034328  0.63531566806411399  0.64588157422364334
  0.65698542991684761  0.66848375968407425  0.68184811027637338  0.69468445236798271
  0.70639608837428858  0.71636697260537763  0.72596461289135816  0.73572671586628946
  0.74618106567299480  0.75753379197514259  0.76983219056137742  0.78277330245048526
  0.79332442691308702  0.80304881310466225  0.81270124241868924  0.82350569486568637
  0.83297511087860465  0.84284982776927997  0.85272664273698007  0.86217128859268277
  0.87334877260902899  0.88420570351098526  0.89400429370477419  0.90305387886458977
  0.91284575989826189  0.92287438814519474  0.93413428285709421  0.94516142137470527
  0.95729369597494085  0.97047471773159744  0.98568936701181953  1.00000000000000000
  0.00011793848883524  0.00015685507449399  0.00016509908838098  0.00017354291611977
  0.00018463767946026  0.00019401780280501  0.00020211672706900  0.00020967719492680
  0.00021681103481563  0.00022359344550840  0.00022983841263770  0.00023629302665156
  0.00024272198854075  0.00024846088735079  0.00025411493172331  0.00025966951886012
  0.00026510784385585  0.00027087627347675  0.00027685499868930  0.00028267166804009
  0.00028859640930726  0.00029493102583930  0.00030163647794101  0.00030849934343669
  0.00031482518654925  0.00032054130326233  0.00032648304121653  0.00033269472589936
  0.00033918777627421  0.00034580467854067  0.00035257180696116  0.00035921307977667
  0.00036567926587074  0.00037222386032502  0.00037893399005630  0.00038547369508074
  0.00039198821523102  0.00039955223448267  0.00040694010461713  0.00041452714042230
  0.00042299628678743  0.00043080677221987  0.00044211986661955  0.00045395532354006
  0.00046500333004975  0.00047545373152823  0.00048606030029020  0.00049728706050037
  0.00050881142906376  0.00051994286443742  0.00053118702732460  0.00054388124796886
  0.00055872102360502  0.00057476708497103  0.00059036100879431  0.00060564302599675
  0.00062168933503811  0.00064079021454156  0.00066251676119091  0.00068309586258739
  0.00070926610293734  0.00073399744530613  0.00075457957284919  0.00077500699032015
  0.00079581820668490  0.00081767826732609  0.00084185224579297  0.00087356736445830
  0.00090922547144307  0.00094123958384104  0.00097727355160181  0.00102033794321557
  0.00107594543725892  0.00114547003234318  0.00121245236162607  0.00127988995371743
  0.00135465247076676  0.00143704112405837  0.00152802749412511  0.00163621877232582
  0.00176601178639358  0.00192154868046832  0.00209141143365183  0.00227464124033538
  0.00245717751596350  0.00265975939777347  0.00290095797036237  0.00324539175556885
  0.00375367151170819  0.00463585656021565  0.00641855978928618  0.00723267003815879
  0.00835167482713532  0.00998914096730867  0.05013535891267494  1.00000000000000000
  0.00017238632342339  0.00029919664849932  0.00035930759276876  0.00040366807481727
  0.00044309715857524  0.00048182252077051  0.00051945031043715  0.00055625996751220
  0.00059137015599229  0.00062785176915257  0.00066462312177297  0.00070007428508430
  0.00073352273102828  0.00076638574676587  0.00080250326208757  0.00083872309790246
  0.00087456314813096  0.00090804258092191  0.00094077762538403  0.00097505488747467
  0.00100933948473828  0.00104596364927145  0.00108382753283396  0.00112353023129360
  0.00116472035059665  0.00120571751080925  0.00124840013962669  0.00128855297379158
  0.00132925015288431  0.00137392442710543  0.00141888238207425  0.00146285451160701
  0.00150656115894275  0.00155332929915342  0.00159784900674180  0.00164201625657546
  0.00169238503419396  0.00175680800363500  0.00181632494210603  0.00187330638332592
  0.00192972961713748  0.00198834685067177  0.00204841058675811  0.00209971738811790
  0.00214710413183977  0.00219443728209835  0.00223988583171180  0.00228913543613822
  0.00234465785919905  0.00240596336870298  0.00247640546372863  0.00255450206728284
  0.00263657445497917  0.00271373113728685  0.00278443919916227  0.00285594514338529
  0.00293780956938405  0.00303775403681055  0.00314496147153266  0.00325588742530615
  0.00335850508544623  0.00344959996409535  0.00354966098454117  0.00365260931327220
  0.00376432892013457  0.00390576534063133  0.00407104790720529  0.00426070220909385
  0.00443439207610931  0.00460315713471778  0.00476398377248904  0.00490878258496962
  0.00505917610807109  0.00521682921013081  0.00539208842105385  0.00557797335996650
  0.00583112610197650  0.00600645781905717  0.00618203818851030  0.00640222365535837
  0.00669370127858955  0.00705233608996332  0.00752884821523536  0.00816778502225021
  0.00913639535827612  0.01009174099230096  0.01103102585398665  0.01189016286481561
  0.01264729130833726  0.01352462426313916  0.01488391593409970  0.01907686746815842
  0.02507345865854035  0.04087255789378288  0.06959332032747233  1.00000000000000000
  0.00000333338803243  0.00000348245381822  0.00000363142916079  0.00000385967984834
  0.00000426024702814  0.00000465188865785  0.00000498166272774  0.00000530562519674
  0.00000560268310702  0.00000587385700934  0.00000617268362805  0.00000652665318630
  0.00000696487485819  0.00000747882592918  0.00000797447563304  0.00000843230062168
  0.00000887190917248  0.00000928288321034  0.00000986532541051  0.00001043279276837
  0.00001093186511831  0.00001147739794416  0.00001207703038686  0.00001278010582463
  0.00001361556666402  0.00001455730662611  0.00001553776688481  0.00001653086222230
  0.00001776579295943  0.00001903903922988  0.00002051058388834  0.00002217739113667
  0.00002388260705832  0.00002583690075106  0.00002787617848443  0.00003003753702198
  0.00003226632417603  0.00003454849852519  0.00003703377007105  0.00003984993793211
  0.00004282940593161  0.00004617755614622  0.00004972003724983  0.00005394043657901
  0.00005858238672500  0.00006351490470180  0.00006881057428604  0.00007453342310288
  0.00008059508516228  0.00008660601811392  0.00009238604439097  0.00009779734810729
  0.00010360355237073  0.00011146371352157  0.00012020480755709  0.00012998309085574
  0.00014100281669575  0.00015290276874402  0.00016526474558075  0.00017748254242092
  0.00019020386507793  0.00020319911071544  0.00021751107220545  0.00023399439677235
  0.00025159478745083  0.00027015136594630  0.00028980899665060  0.00031405494758834
  0.00034089040063308  0.00036750995734468  0.00039559191651891  0.00042844181131982
  0.00047179814613059  0.00052384669705749  0.00057821714910207  0.00063575499629682
  0.00070317672874555  0.00077303734313310  0.00083575418525861  0.00089124997271741
  0.00094570660718491  0.00101462373893671  0.00110531392540637  0.00122949151035356
  0.00140128642104098  0.00162594137214538  0.00192014505615097  0.00223081820143233
  0.00258763929602276  0.00304183561345829  0.00363159180492514  0.00450455936768201
  0.00584457625456135  0.00931195264484531  0.04441192762473065  1.00000000000000000
 -0.00214325279973340  0.00891065628206902  0.02009797329400820  0.03243413983868858
  0.04486576218764914  0.05532070400511577  0.06471304226553599  0.07484584498476310
  0.08514708563803572  0.09577444048883087  0.10645068834498451  0.11826639693439103
  0.12922297293559987  0.13997128401615416  0.15141301692672621  0.16290953525121885
  0.17274549025397065  0.18165929502086520  0.19116963811878676  0.20172521511187599
  0.21083187454000837  0.21905971655958398  0.22690101395854861  0.23735576899035876
  0.24938464453268064  0.25985294787962920  0.27000888960740749  0.27986148160478524
  0.29054486424110082  0.30147450014548449  0.31275859305906684  0.32361756556471238
  0.33445346675523691  0.34360821961008658  0.35140858704905054  0.35981740813507018
  0.36851149549334489  0.37865662883860901  0.38905900570936164  0.40018873006567063
  0.40901444814750310  0.41634870006326741  0.42316311943798213  0.42980665882724112
  0.43745261407360247  0.44560056631877037  0.45504437203965831  0.46547176335560914
  0.47613952890139960  0.48602292481231785  0.49580785610024120  0.50604878070391401
  0.51719233500048600  0.52789230517700736  0.53726554653824599  0.54619402966359776
  0.55324863381749134  0.56167134379739703  0.57117532858212872  0.58060476473184042
  0.59025316040897191  0.59986248844134415  0.61068597239936229  0.62285250901714850
  0.63515027431824000  0.64733629094689038  0.65871957728613095  0.66997841616463627
  0.68133721839520389  0.69230090263983446  0.70279342676734124  0.71357321918449912
  0.72529639103744448  0.73801674781537452  0.75183427282134385  0.76638775950108262
  0.77938876279101965  0.79102614069200394  0.80281903180142467  0.81508935113929581
  0.82702931382692668  0.83848153500089606  0.84990039643957260  0.86111702513602839
  0.87213938353083353  0.88276906755884210  0.89322350515190030  0.90454709120407506
  0.91725417426184341  0.93093237770780402  0.94331424671393116  0.95439348716944772
  0.96572685876403519  0.97729876246189795  0.98881353353042956  1.00000000000000000
 -0.00254663929969225  0.01117079422840939  0.02082999863160209  0.03048215361609896
  0.04029637458901150  0.05169541828251183  0.06467055989437323  0.07756383993584416
  0.08970196081368607  0.10072887272043454  0.11122498780480861  0.12189727550395661
  0.13281417427493170  0.14385244642124345  0.15485570115187505  0.16538255966152196
  0.17529934269311992  0.18607001744455068  0.19718301213060968  0.20648883203539514
  0.21450435383651942  0.22229813085479655  0.23149438183337928  0.24244195746147965
  0.25483822574548365  0.26755729348287055  0.27997493072967150  0.29176865915977745
  0.30451076202326199  0.31521975793568247  0.32562195946360700  0.33612482637821106
  0.34731740562424951  0.35974295646312532  0.37151781818666435  0.38310103074779539
  0.39446910436069438  0.40606300442437893  0.41784436588182600  0.42903595350258117
  0.44005698753512562  0.45148198302540155  0.46399787584848046  0.47552299193918590
  0.48690526846500504  0.49785203211339302  0.50833013556441786  0.51981116874612499
  0.53132421767115479  0.54421484159212319  0.55574010387375583  0.56588418769357640
  0.57582690821316107  0.58588750543203783  0.59684389143067640  0.60811097986974927
  0.61849304782560632  0.62942170458521662  0.64052247016861730  0.65354009560144899
  0.66546812593821836  0.67673354483213111  0.68711487071134680  0.69666879727002262
  0.70505928411626551  0.71340985475525409  0.72185770257898829  0.73174431835676512
  0.74364295252251655  0.75487129055095981  0.76506517907631288  0.77461475695214921
  0.78431428834054140  0.79378043157682099  0.80310710533562701  0.81358695835401618
  0.82523872469326376  0.83389114526652941  0.84078348999504349  0.84744887054468165
  0.85545022794738768  0.86540592435941466  0.87555834280092637  0.88461771577576309
  0.89319999475701906  0.90224666771340667  0.91183725938897697  0.92300176255778199
  0.93389598370790650  0.94354391168101914  0.95299689504126062  0.96140361900962112
  0.97048299468610799  0.98018972897314771  0.98964742136946382  1.00000000000000000
 -0.00302129792073605  0.01106138807500864  0.02336450512373459  0.03562535994102514
  0.04764425915046620  0.05948874223307072  0.07148793871761183  0.08395159819192216
  0.09650620120534190  0.10915701536143389  0.12082145342852701  0.13142240927918569
  0.14156576320266973  0.15172209618386162  0.16099879183083082  0.17019276048069226
  0.17910842044138781  0.18801867329859639  0.19811421431310183  0.20920205584172313
  0.22030628279620451  0.23157877098348856  0.24333532289699719  0.25558109461727374
  0.26779375898653268  0.27960128614413243  0.29146361240377866  0.30186829803070059
  0.31280327188619911  0.32388580986975629  0.33621302247293117  0.34795744593157962
  0.35976104105979273  0.37119795206870637  0.38230306061414715  0.39202966862564942
  0.40132204135812327  0.41032786862550208  0.41997170073068130  0.42951882497839727
  0.43967691008347737  0.44987684502232256  0.46051137678272691  0.47021172206122408
  0.47913725766609372  0.48846364922088437  0.49851379791098321  0.50925826497965909
  0.51929847072325830  0.52757372197712660  0.53579914225778391  0.54420373359634033
  0.55469933596484255  0.56637572903717781  0.57809582488577138  0.59060339440251663
  0.60374180119114884  0.61599703553204899  0.62625268156600156  0.63510094415780849
  0.64504592190172871  0.65722855905552124  0.66943008175304908  0.68168550797975480
  0.69361704786434664  0.70524352856133132  0.71605277351162533  0.72709969583726219
  0.73869175073621018  0.75008126891016302  0.76214611120276909  0.77380523615958074
  0.78408596763352734  0.79329956689365377  0.80200591486203265  0.81033570737231053
  0.81892172393420737  0.82729107032472438  0.83764288495756034  0.84842539324532551
  0.85762081080812747  0.86543568241465574  0.87254055779471162  0.87997379288306510
  0.88823519992599165  0.89760259865744307  0.90669110134478836  0.91566998604632144
  0.92592520632714903  0.93620865762171024  0.94643274670120514  0.95649455926956439
  0.96646718372075191  0.97687038511108504  0.98807236193091219  1.00000000000000000
 -0.00196783635233978  0.00679624495563109  0.01483141291026877  0.02230996307978203
  0.02969883526310870  0.03747027678677316  0.04714120169730131  0.05887792186028715
  0.07041699216117801  0.08288425696930031  0.09708900325146697  0.11237993093925437
  0.12638338591194259  0.13817588670912037  0.14867536028174000  0.15907931049558074
  0.16912336298256542  0.17898681072160694  0.18888897258044796  0.19906569507292349
  0.20899406875687182  0.21836125038497747  0.22852418573554670  0.23975994795266564
  0.25114818323253429  0.26146740752219261  0.27020989194949202  0.27857485795350806
  0.28716614300330107  0.29654406755021895  0.30749608460264710  0.31739276489995488
  0.32733894227098154  0.33727326956439596  0.34798199352541193  0.35986699259029437
  0.37230217687904399  0.38305769598320993  0.39217067689279400  0.40151223892093796
  0.41152466813287697  0.42150276557249378  0.43387744328917688  0.44613877586853462
  0.45888085385949184  0.47135763053655977  0.48418075786282871  0.49651472374417016
  0.50849434913175051  0.51997216093474441  0.53208433183293025  0.54400011190232667
  0.55558100225731455  0.56660718048724890  0.57754773410137150  0.58703413132505589
  0.59556886557790523  0.60416887919370732  0.61346619598586882  0.62313047319231019
  0.63360890315202267  0.64333597449099955  0.65415789658381951  0.66495713313256355
  0.67727890763589238  0.69053409772248020  0.70247606472028556  0.71235287481811294
  0.72078812032534034  0.73048363391281612  0.74168235318280962  0.75308333108773740
  0.76395872644522966  0.77368683034624197  0.78281130293155943  0.79269859703721535
  0.80273769532428652  0.81661428903144018  0.82963078958767700  0.84158010872262612
  0.85255815126625900  0.86324168882388119  0.87371099934179686  0.88444964147262128
  0.89478517140624136  0.90510983657103428  0.91594921439355881  0.92642925480551575
  0.93594145927702665  0.94442000486501132  0.95240690331951428  0.96018912603235651
  0.96830413985987407  0.97691628950361642  0.98768767887900799  1.00000000000000000
 -0.00176164512209225  0.00392903735597377  0.00955733496606439  0.01553531135536570
  0.02266272613990873  0.02980393131122174  0.03720920211101317  0.04583017931278761
  0.05522306489515133  0.06503637438397700  0.07557981600234331  0.08638036313503135
  0.09731466270071304  0.10771270136689076  0.11783531107093341  0.12834720144566258
  0.13870465810640198  0.14848291554596041  0.15786008740570007  0.16731425794944199
  0.17741824457008790  0.18817681127900746  0.19980276149737466  0.21168031269434862
  0.22355483910585222  0.23646474997245484  0.25083208390091266  0.26327566618476644
  0.27490328401817610  0.28619699361599699  0.29853977993934155  0.31147497864138074
  0.32475557182540937  0.33702177636305852  0.34960559405318514  0.36174391784412918
  0.37291120653428356  0.38363074985661255  0.39556432941706487  0.41016434802602375
  0.42480430927472579  0.43879433993033179  0.45368208096654694  0.46905630404188309
  0.48528734182941002  0.50134904840491568  0.51796103906331226  0.53335979960220747
  0.54897471832095257  0.56483883860034978  0.57955875428369330  0.59366928917566053
  0.60706319959288269  0.62046506223924658  0.63217554013505517  0.64396454816342397
  0.65553874424149072  0.66778549714282520  0.67946255773826780  0.69162481735216719
  0.70476617963992783  0.71890010538395566  0.73230903488301424  0.74369516727996843
  0.75421014545481868  0.76477158300022852  0.77458048017638559  0.78401235448900830
  0.79249991799136055  0.80103547514368556  0.81017290868835989  0.81927661643286021
  0.82925322446023475  0.83855657718444976  0.84715307511818772  0.85501569217805806
  0.86165343859742416  0.86838009794155224  0.87554373535912067  0.88276591514301161
  0.88917411257489409  0.89567878601589657  0.90481271143687914  0.91378106028127881
  0.92167299881925668  0.92883499604415842  0.93611742528027186  0.94377345816477298
  0.95145333922604769  0.95919756486817498  0.96655489232321345  0.97352638462396879
  0.98041165028861299  0.98700576082186020  0.99355415459896301  1.00000000000000000
 -0.00164446873819666  0.00611669515118570  0.01261585254961481  0.02021599090512504
  0.02875906624941784  0.03775287388094019  0.04648515332987103  0.05506207899151046
  0.06406958931097877  0.07544027518977772  0.08817537741898628  0.10058617233274143
  0.11115369276105305  0.12107815107352156  0.13121346278839546  0.14181441595058286
  0.15263473751013434  0.16353769484338587  0.17341524322391358  0.18317555560973980
  0.19409333039435880  0.20823040802767781  0.22212752651261358  0.23625323589805750
  0.24779094895148066  0.25843420125150057  0.26832282139475666  0.27901786393402161
  0.28981698607581691  0.30047129123212590  0.31087026926155237  0.32036900579075422
  0.32998221945375389  0.33991240159111791  0.35000680466726397  0.36157679372915014
  0.37303783451911410  0.38507950098714755  0.39727659403254451  0.40895671610402184
  0.42083105477763666  0.43329914137650932  0.44449132488723692  0.45564951729895348
  0.46657598437061532  0.47734959526922593  0.48797387531909031  0.49793319427016969
  0.50781933074159114  0.51805496507760573  0.52767698035263844  0.53693091114302038
  0.54631456647936893  0.55573771755800161  0.56674718874132501  0.57830582053540502
  0.59022320443375986  0.60209657852353304  0.61393599279863353  0.62549456783425961
  0.63677374171837720  0.64715426164774570  0.65563138662426346  0.66341988363916893
  0.67143569948914095  0.68084562412063676  0.69124799433878870  0.70140130983665328
  0.71040115275788784  0.72057101554363179  0.73109126804211877  0.74299730027114419
  0.75387350339684878  0.76368733134466160  0.77265708566665292  0.78148348223761332
  0.79081966971670103  0.80175351118237437  0.81299132270041907  0.82423779294062771
  0.83537857400527848  0.84622603948491859  0.85714874787240691  0.86857542399518162
  0.88005638260906960  0.89188016971590145  0.90267998183607612  0.91334709487467103
  0.92462557491357367  0.93786115269209980  0.95218035712862481  0.96437676545450879
  0.97425580157213953  0.98329521423020738  0.99182096053631830  1.00000000000000000
 -0.00287211046891408  0.00551949922676401  0.01348384256443347  0.02055064424343029
  0.02665585012279844  0.03214818895946669  0.04095827663556596  0.04893467203318312
  0.05567562368294889  0.06304524868588950  0.06979459536064532  0.07711825646412976
  0.08507050162321329  0.09612084398242653  0.10864538095155296  0.12045123406928682
  0.13204238039753219  0.14422585389135256  0.15445692635397013  0.16475186897979602
  0.17474287523984067  0.18473795979724411  0.19473641841052450  0.20540918960867241
  0.21711979838846562  0.22934470685441505  0.24011590494950641  0.25128687694151364
  0.26165897567048824  0.27154904861955526  0.28081119920060649  0.28877222279180698
  0.29870711253999471  0.30972596607085501  0.32261832446509475  0.33628572844217369
  0.34847792972190939  0.35979925354246345  0.37104544412441226  0.38036497832679245
  0.38879956635754837  0.39745291031854285  0.40714643237076054  0.41745958649016551
  0.42920490996991928  0.44057527562359694  0.45267906237126587  0.46606347431198475
  0.47830465387978366  0.49123620926191464  0.50281574243059390  0.51316178180921401
  0.52293324375929418  0.53229046217216802  0.54270672250860563  0.55394804502066830
  0.56628220335048729  0.57858762794775331  0.59167340833087012  0.60499485568626099
  0.61746383958124096  0.62930979031162071  0.64174189306696683  0.65432508815807766
  0.66681179924894607  0.67965556040485242  0.69132747208594769  0.70313930658756096
  0.71533201330609497  0.72761261801985189  0.73990080396843638  0.75252575634734342
  0.76564736347538020  0.77879942370676025  0.79205952736240359  0.80501659073317333
  0.81776851990142363  0.82989382415947366  0.84026297849923770  0.84936839597638258
  0.85765313810320909  0.86513876292132541  0.87245853564211251  0.88021066076252252
  0.88836972525145941  0.89782089005376542  0.90907951388956476  0.92160708856569751
  0.93385570820024832  0.94415475853223285  0.95413653335552362  0.96375852432231535
  0.97357905125375988  0.98255647757648634  0.99124461666455366  1.00000000000000000
 -0.00236496423769101  0.00909844167696250  0.01915737203397197  0.02861164135339050
  0.03816063490727562  0.04763061507454673  0.05708572713958390  0.06555082650371215
  0.07417525320908529  0.08375695958883521  0.09461530896303220  0.10484883015568108
  0.11476959139904455  0.12520208205934052  0.13599075330358462  0.14667392125124734
  0.15639614594163004  0.16591604135739105  0.17608054269846898  0.18685604813400958
  0.19796156203270737  0.20908740815624688  0.22070020817306843  0.23135586666387808
  0.24140252932284770  0.25111269864965313  0.26126503663294670  0.27246024459743384
  0.28437089186259923  0.29572491264005540  0.30595446086073630  0.31578677630374380
  0.32630554163071884  0.33778252994089070  0.34800528917345552  0.35708834507756670
  0.36632324155408291  0.37617548543151574  0.38769315749115896  0.39945206731767757
  0.41092690180727987  0.42181665958577580  0.43196411269138418  0.44206451852316564
  0.45277591739826184  0.46399157412835224  0.47443869924035681  0.48434631847971549
  0.49352597243770696  0.50259511810879354  0.51255342106534918  0.52315207151690835
  0.53577296521925377  0.54753384335280486  0.55874175608252252  0.56879557931466918
  0.57724830418269568  0.58614745393614853  0.59471200792088852  0.60466091887485185
  0.61492754300759400  0.62518997783820318  0.63421655953282940  0.64185679850546351
  0.65006047085731578  0.65941164076973924  0.67012938515781240  0.68088774486417236
  0.69230061268820453  0.70457294351458888  0.71620995426652734  0.72771158899317334
  0.73919524729879871  0.75134582946446415  0.76060779520555555  0.77082523169098283
  0.78164916347348401  0.79381710085664392  0.80541486377304528  0.81715943663700363
  0.82833308306988684  0.83999862206679432  0.85122637433203141  0.86240252374365844
  0.87487046833154802  0.88822934546594223  0.90248744124199420  0.91646925430407555
  0.92873314621587544  0.94062938271739183  0.95072756591268659  0.96195995735187501
  0.97051324450523446  0.97945405840385147  0.98861762707387668  1.00000000000000000
 -0.00155892606594306  0.00790977637790110  0.01605513786603810  0.02496069779235324
  0.03364086550062548  0.04267917522682647  0.05303663402234769  0.06441146052882790
  0.07649943760177534  0.08796767166930480  0.09882847601271226  0.10910785719213235
  0.11985345277739248  0.12911437950115556  0.13703274875725632  0.14442934134468466
  0.15198032925709412  0.16120942992461984  0.17121191507830086  0.18312456974330288
  0.19497306638122122  0.20664473900780450  0.21767622286579152  0.22921754939637207
  0.24177440565213429  0.25458417038883224  0.26637404446905183  0.27710006877541210
  0.28726865643864308  0.29674377661032020  0.30590994377378117  0.31558297828062631
  0.32624923571806375  0.33833774881837930  0.34988535304111240  0.36080015065058896
  0.37096195929587267  0.38155560086584239  0.39300368722072004  0.40464420232587905
  0.41588551363381437  0.42736493148983862  0.43878330382396130  0.44802481464972882
  0.45810425278739925  0.46758200860739324  0.47790947025924030  0.48849715639624436
  0.49931420827572520  0.51051111480793210  0.52093788737888280  0.53056765136851058
  0.53953893731732128  0.54852604395890758  0.55847828284768186  0.56979945524577102
  0.58210096812176515  0.59363059310643262  0.60361210892199324  0.61235552465383669
  0.62143097796854774  0.63224013409296953  0.64414360273023941  0.65656067436512378
  0.66835972913434216  0.68002253473075225  0.69106867082362722  0.70161317973656856
  0.71229561663845153  0.72329688235300726  0.73447641243609574  0.74597142586023968
  0.75807051064884545  0.77005478013978990  0.78077286553590619  0.79144650713889231
  0.80283555717990140  0.81387959474607618  0.82247049521346083  0.83015041518356358
  0.83764328597473137  0.84538768430309230  0.85308578231400389  0.86175698178295768
  0.87208161841807419  0.88430548247742080  0.89751832341455340  0.91194598235273339
  0.92510975929115857  0.93554892690001923  0.94546709972471787  0.95533955298377193
  0.96527762217724800  0.97597288878093169  0.98724920011087958  1.00000000000000000
  0.57020639950831364  0.64732167488298009  0.67766702652464361  0.69950727270069257
  0.71634045951179703  0.72850627790385136  0.73713287991106347  0.74564046527102146
  0.75481150636824568  0.76421945639774658  0.77276764085065963  0.77995972505726141
  0.78681071762935684  0.79335889239331803  0.79912737631651187  0.80453466816478036
  0.81008524895958789  0.81574205802284228  0.82037574571672101  0.82464706354379824
  0.82889030397651386  0.83378610239324047  0.83834026543300788  0.84293895385012640
  0.84749417190742415  0.85155070869989535  0.85500498637776534  0.85819020150378666
  0.86129871331579277  0.86424616403523591  0.86709386641929964  0.87002527243558014
  0.87327422624466944  0.87660568197993627  0.87899981680608763  0.88103966317363580
  0.88299295768276032  0.88501541879045098  0.88740825206158813  0.88986435471274272
  0.89211321947870326  0.89431941322775321  0.89635781360488731  0.89845612392575103
  0.90063855306901963  0.90283470094162455  0.90497121245434065  0.90710159681736324
  0.90909915897796623  0.91087595375398667  0.91261014522607298  0.91441861963162996
  0.91639522842436016  0.91847532358178396  0.92046677847191072  0.92242368606578751
  0.92428329633770812  0.92609805168930692  0.92796297068009892  0.92968720477294842
  0.93159040342021082  0.93345281897286059  0.93535702456874625  0.93714869096823039
  0.93883277034000678  0.94050372955501949  0.94216836357767053  0.94384442126521095
  0.94559567473256334  0.94717129731587046  0.94862851208749877  0.95009846615987226
  0.95164759721927827  0.95318962233040772  0.95478578182567253  0.95636723135384660
  0.95806285674674208  0.95991691051588224  0.96180060604683082  0.96354461818316595
  0.96518819793838651  0.96684530645894895  0.96860031240649092  0.97049254408638419
  0.97255697048373368  0.97459680321642894  0.97658456031995033  0.97846657120803060
  0.98030933910370144  0.98219501548319499  0.98423834254224862  0.98638476119735474
  0.98886441786817214  0.99176206590786808  0.99542533080107565  1.00000000000000000
  0.04969955164387582  0.14832622751346547  0.17736355227726841  0.19352119564022380
  0.20736036700108967  0.22096961572236612  0.23316404749451664  0.24350595382151080
  0.25242637906085852  0.26016272773270371  0.26772716002349695  0.27536124911816290
  0.28313444979027602  0.29136208189127577  0.29943515129619536  0.30715822073917676
  0.31459232416118454  0.32159919540020654  0.32876306205610506  0.33575098581844026
  0.34266233735153134  0.34883395531726402  0.35465758334343900  0.36075389390906459
  0.36722462065171163  0.37389924208422448  0.38071949688245493  0.38774480503871517
  0.39486328393035630  0.40158849959171167  0.40791609321367883  0.41381884097374660
  0.41940432832716890  0.42445005627520282  0.42988106501665124  0.43559129675301439
  0.44159644704888917  0.44720708813700749  0.45191528734471442  0.45665692054018486
  0.46130960922442760  0.46628477074692437  0.47221572473595919  0.47842969493133730
  0.48364001189568978  0.48840358390876909  0.49302476442207160  0.49760206479675329
  0.50241529158061904  0.50767170835283171  0.51288086425526103  0.51789754345568828
  0.52275900370561035  0.52730658991330948  0.53162913187892658  0.53598939052682115
  0.54024992949074369  0.54471986329639477  0.54957924886787102  0.55498248916877213
  0.56083568700176656  0.56701545027665523  0.57278565584348851  0.57792068111729522
  0.58274208749088852  0.58745973983063926  0.59215829554324662  0.59750608461581567
  0.60321026011974865  0.60993374868102446  0.61778385943566760  0.62563589862122970
  0.63409658290127102  0.64258434650817498  0.65006210428565625  0.65715866466627981
  0.66444380910422629  0.67217079831099857  0.67975103420319427  0.68705496468623617
  0.69362030849238410  0.69992386066194234  0.70660777218014303  0.71458320533664410
  0.72324898653767211  0.73184045556532984  0.74006728442028080  0.74884805835219237
  0.76070269531041079  0.77535071169888070  0.78879042358475748  0.80332543774608534
  0.82120342472970664  0.85089938685110966  0.88456479255058673  1.00000000000000000
   2.6359297526198447E-009  -1.0000000000000000     
 F F F F F F F F F F F F F F F F F F F F F F F F F F F F F F F F F F F F F F F F F F F F F F F F F F F F F F F F F F F F F F F F F F F F F F F F F F F F F F F F F F F F F F F F F F F F F F F F F F F F F F F F F F F F F F F F F F F F F F F F F F F F F F F F F F F F F F F F F F F F F F F F F F F F F F F F F F F F F F F F F F F F F F F F F F F F F F F F F F F F F F F F F F F F F F F F F F F F F F F F F F F F F F F F F F F F F F F F F F F F F F F F F F F F F F F F F F F F F F F F F F F F F F F F F F F F F F F F F F F F F F F F F F F F F F F F F F F F F F F F F F F F F F F F F F F F F F F F F F F F F F F F F F F F F F F F F F F F F F F F F F F F F F F F F F F F F F F F F F F F F F F F F F F F F F F F F F F F F F F F F F F F F F F F F F F F F F F F F F F F F F F F F F F F F F F F F F F F F F F F F F F F F F F F F F F F F F F F F F F F F F F F F F F F F F F F F F F F F F F F F F F F F F F F F F F F F F F F F F F F F F F F F F F F F F F F F F F F F F F F F F F F F F F F F F F F F F F F F F F F F F F F F F F F F F F F
  <DiscreteSampler_grid>
  grouped_processes
  1 # 1 for a reference and 2 for a running grid.
  10 # Attribute 'min_bin_probing_points' of the grid.
  1 # Attribute 'grid_mode' of the grid. 1=='default',2=='initialization'
  0.0000000000000000 # Attribute 'small_contrib_threshold' of the grid.
  0.5000000000000000 # Attribute 'damping_power' of the grid.
 # binID   n_entries weight   weight_sqr   abs_weight
    13   10   3.733438253731968E-006   9.735208587150850E-011   3.733438253731968E-006
    16   10   3.733438253731968E-006   9.735208587150850E-011   3.733438253731968E-006
    22   10   8.661105344184141E-007   1.904231856881198E-012   8.661105344184141E-007
    25   10   8.661105344184141E-007   1.904231856881198E-012   8.661105344184141E-007
  </DiscreteSampler_grid>
