  0.00300231504620002  0.01436737620077824  0.02492762975726116  0.03540173489133438
  0.04574632391834433  0.05627531672476087  0.06640625962482645  0.07616165094170885
  0.08609651992737791  0.09706642379079899  0.10574278092207598  0.11409782647950638
  0.12269986851277226  0.13205674131965725  0.14325933409941349  0.15420968465576748
  0.16509828799823395  0.17588239400884226  0.18668248404635396  0.19681091070951021
  0.20713294665322490  0.21730556056441888  0.22715562957194718  0.23738719456285731
  0.24791812933750224  0.25843964221459353  0.26783408251979257  0.27650058219091544
  0.28535718548414979  0.29493551344184998  0.30489589464065286  0.31442205507052234
  0.32364616238117710  0.33320139032949814  0.34346370195301479  0.35437054046670380
  0.36496102795055047  0.37492987020112256  0.38502126706220818  0.39584330075621632
  0.40774261436328513  0.42008711473059207  0.43156914328991480  0.44258883236507063
  0.45296001379773287  0.46289123443440877  0.47239052927399000  0.48270384320789866
  0.49465399378043329  0.50713515127844255  0.51945488798674888  0.52924391008294336
  0.53937749461216034  0.54997629498854950  0.56145671222739257  0.57255707320569083
  0.58298199350373703  0.59328349673726544  0.60350096454347968  0.61409652262468228
  0.62535064313060040  0.63665805958216570  0.64773121912128495  0.65816949328492191
  0.66868771079675193  0.67967905578868504  0.69123090785587726  0.70375954426987475
  0.71582997353922317  0.72759728180987282  0.73811199083974854  0.74926241696049234
  0.75969945974334852  0.77025547597007538  0.78055484540054576  0.79083426456875827
  0.80103937343521914  0.81105299017268795  0.82106002827216917  0.83121580270366180
  0.84205681714186276  0.85324318759957596  0.86427110757790793  0.87572224528413822
  0.88668392330397716  0.89606936477291443  0.90431459297186079  0.91263596600049024
  0.92238272902581386  0.93276374801967976  0.94328641674407177  0.95310544406264597
  0.96379856533487063  0.97481143387738522  0.98703046186383292  1.00000000000000000
  0.00003228708390193  0.00003555093286535  0.00003994995238027  0.00004492838912782
  0.00004895919036125  0.00005215711414152  0.00005506724651941  0.00005781333168503
  0.00006035111467833  0.00006281267070157  0.00006530635690809  0.00006781412324722
  0.00007033610944045  0.00007286458017945  0.00007538800872317  0.00007785047466186
  0.00008055979133454  0.00008330168059472  0.00008604572204050  0.00008876812308599
  0.00009169874495602  0.00009480147578643  0.00009789852746617  0.00010091679900311
  0.00010393974746117  0.00010708203619704  0.00011030738084884  0.00011354732980452
  0.00011698688179922  0.00012101590537936  0.00012499077055006  0.00012890785879127
  0.00013263166224502  0.00013630799470378  0.00014014710321047  0.00014423191518656
  0.00014863803435918  0.00015345858435611  0.00015871476219664  0.00016396690325371
  0.00016837765378218  0.00017290433794800  0.00017784899534905  0.00018296100642011
  0.00018822870178216  0.00019399994991269  0.00019988429179637  0.00020612936947050
  0.00021305016824581  0.00022024673896176  0.00022757978186212  0.00023543420082187
  0.00024356746283734  0.00025161480626819  0.00025944771833481  0.00026771481178052
  0.00027657415793623  0.00028568220092531  0.00029664494676732  0.00030816753333993
  0.00031955250297006  0.00033070472609460  0.00034295072684728  0.00035647040381151
  0.00037065552901140  0.00038542734242564  0.00040188711676447  0.00041901075637714
  0.00043900209062957  0.00046267485648359  0.00048766938015716  0.00051851408210923
  0.00055389215145077  0.00059250562484631  0.00063012105179850  0.00066960377264245
  0.00070855297885053  0.00075375416361309  0.00080472628203642  0.00086138215611191
  0.00091932247992595  0.00099237700038238  0.00108091568299841  0.00116644056961186
  0.00123802893488894  0.00132941166302118  0.00145555842761408  0.00162902400505452
  0.00192358643224700  0.00226484697145369  0.00257675269770761  0.00295891992904800
  0.00353320639404891  0.00449407047329380  0.04969309172891372  1.00000000000000000
  0.00006278709797204  0.00007501971592321  0.00008341063334302  0.00008984106764378
  0.00009583314825098  0.00010179283202047  0.00010803088741524  0.00011452991224777
  0.00012102559753996  0.00012758966076684  0.00013389049411101  0.00014026033134042
  0.00014669135020143  0.00015329694736809  0.00016033333283439  0.00016750918882485
  0.00017492339691648  0.00018250929456409  0.00019018572878764  0.00019813636033856
  0.00020658082161071  0.00021542076781138  0.00022468739814480  0.00023436056757530
  0.00024410586112835  0.00025354486998706  0.00026279585671068  0.00027226422574181
  0.00028198875845592  0.00029227086810931  0.00030370069312244  0.00031581072579976
  0.00032786513768461  0.00034120529092157  0.00035647561800309  0.00037162927278386
  0.00038821776753570  0.00040444565874532  0.00042057962460200  0.00043746644571811
  0.00045529068231431  0.00047540404349066  0.00049553743334978  0.00051791228796594
  0.00054095968002226  0.00056465444512500  0.00058894591276574  0.00061412038637627
  0.00064066525849895  0.00067184446643159  0.00070574959816932  0.00073991403214360
  0.00077390904816160  0.00080844075092046  0.00084562325466677  0.00088618877135435
  0.00092705177547731  0.00096721610579372  0.00100787414701547  0.00105497921792457
  0.00110870919529215  0.00115873424918974  0.00120531564755767  0.00125080656377772
  0.00129870451438629  0.00134848154539017  0.00139132568645438  0.00145116012389230
  0.00152113397904323  0.00161472049103528  0.00171236677518863  0.00182006505117307
  0.00191340161849716  0.00200737861892983  0.00209034503790355  0.00217359002002879
  0.00226028915393226  0.00235628656238076  0.00244647817787691  0.00254533637781988
  0.00263900840663401  0.00275509346360590  0.00288594764283578  0.00303354185653920
  0.00320934408697577  0.00344212278508252  0.00374897852530761  0.00411471416522703
  0.00449946041800941  0.00491374501423416  0.00531437241338337  0.00570003437181607
  0.00622928400968875  0.00729655876215529  0.07272388732732329  1.00000000000000000
  0.00000243576968619  0.00000261324550605  0.00000269052611847  0.00000276903328881
  0.00000284590872781  0.00000292009842083  0.00000298796723532  0.00000304944318712
  0.00000312033621315  0.00000319117206081  0.00000325895292029  0.00000334614011514
  0.00000343617917369  0.00000353229652645  0.00000364040319543  0.00000375196755481
  0.00000386835220909  0.00000398615934822  0.00000410467624230  0.00000423291492178
  0.00000437925023483  0.00000455386161426  0.00000474609593912  0.00000492635309950
  0.00000507994298370  0.00000523557431023  0.00000539310395770  0.00000555184693652
  0.00000571852144093  0.00000590920325282  0.00000614911447022  0.00000642640863916
  0.00000667974066053  0.00000694531398220  0.00000720324793868  0.00000746746886654
  0.00000774560273073  0.00000805085629634  0.00000838158775328  0.00000871797787478
  0.00000905423317289  0.00000940776620943  0.00000981657977848  0.00001027184864593
  0.00001075362418234  0.00001129544954985  0.00001188881968840  0.00001250416819658
  0.00001315062676591  0.00001383587153247  0.00001452820764666  0.00001532402267467
  0.00001621918826424  0.00001717980800290  0.00001821152503931  0.00001925557045912
  0.00002037490235206  0.00002159795689942  0.00002291294520871  0.00002433257252145
  0.00002595884816921  0.00002770806575474  0.00002990664294104  0.00003209424638717
  0.00003444471770520  0.00003692423002362  0.00003976453339077  0.00004315884249468
  0.00004723798120743  0.00005191739122885  0.00005725182661541  0.00006263477941383
  0.00006820017862053  0.00007454940401005  0.00008218599416204  0.00009182381000856
  0.00010345436378998  0.00011714892996189  0.00013382410133115  0.00015269048990462
  0.00017336503666328  0.00019748061343817  0.00022709499538900  0.00026637922086890
  0.00032109964151283  0.00040115131910197  0.00050061965713755  0.00063245614080228
  0.00083200171200667  0.00110512323126921  0.00154878557940057  0.00231170210859347
  0.00353677234650645  0.00623505778318451  0.06748655325682447  1.00000000000000000
 -0.00219960744856744  0.01237678862414980  0.02484321967606680  0.03692760478707338
  0.04820487663293387  0.05883762392131556  0.06925919203120089  0.07923921386921114
  0.08905932351542203  0.09884571059424112  0.10981017596120271  0.12138027390033916
  0.13239134662466154  0.14182349718804535  0.15126867490033724  0.16150591214858914
  0.17263851254510232  0.18423236132889936  0.19574846205798332  0.20697499146826315
  0.21786290055456006  0.22870409054438914  0.23884565927417004  0.24842254860031723
  0.25817555525371694  0.26813390825885641  0.27784246570384119  0.28701703375000737
  0.29608454240679655  0.30578942219029459  0.31645032481465624  0.32771115430276687
  0.33939469616700785  0.35085651622799557  0.36186624804030471  0.37220850427576813
  0.38210513447853295  0.39196341350755159  0.40251691106880227  0.41395158288312767
  0.42513117404672879  0.43503368504814194  0.44522491203454423  0.45500430849024387
  0.46453977619762138  0.47373197157739894  0.48333888427639787  0.49218918029034081
  0.50110348040914565  0.50978977588303032  0.51875659806862739  0.52879745835164860
  0.53848020748163050  0.54769500693788031  0.55740069544113335  0.56781021929957598
  0.57916808788393348  0.59037208847365796  0.60128750076626103  0.61102632024317016
  0.62034410749640667  0.63022845610972589  0.64040239914922681  0.65081501875630665
  0.66062640394259642  0.67100809006920481  0.68248288727705486  0.69391736503631596
  0.70485253384407487  0.71579253520539199  0.72714500637529500  0.73891180864388439
  0.74999905598604466  0.76094693952280912  0.77222525818873022  0.78447719721255860
  0.79582872812889982  0.80574209343434366  0.81533166993451434  0.82448353965390875
  0.83522599472723980  0.84553853740238194  0.85692035059480187  0.86857258639598933
  0.87948670128387929  0.89023432492326626  0.90077872787360314  0.91095942923193407
  0.92105258645689503  0.93112157784997551  0.94090986044500136  0.95071209343306995
  0.96115695532694945  0.97296654379134939  0.98571546063353799  1.00000000000000000
 -0.00163706950781214  0.00718943280872629  0.01574376756561276  0.02517929882764131
  0.03486552035938184  0.04455204616438414  0.05429822947122021  0.06483339447170826
  0.07546372452362889  0.08561865886411854  0.09554991302134651  0.10579495598859576
  0.11618082224694272  0.12621950286263045  0.13624539904487137  0.14688123672318998
  0.15773082980504488  0.16792671751375221  0.17824024743092282  0.18839690608712040
  0.19922089657229702  0.20992526463065170  0.22002991202236480  0.22986862414818027
  0.23956451101013193  0.24935081851750887  0.26068566397612730  0.27144445424346991
  0.28183931857667066  0.29179708360443901  0.30167079833648852  0.31133481051096584
  0.32013184453643245  0.32881621278972933  0.33793710734348753  0.34796673618551927
  0.35828988906009485  0.36865345765424440  0.37888877812455535  0.39004438021260052
  0.40169498187463337  0.41301561067405690  0.42390768029408604  0.43568790577098204
  0.44738277109272584  0.45967746829424605  0.47089158826059629  0.48073153054085949
  0.49026157429814426  0.49990086179425636  0.51132698467870408  0.52282181930438099
  0.53423524613382989  0.54473125561423963  0.55442321680112261  0.56432099952463033
  0.57493336538295614  0.58555398579455664  0.59578104617108829  0.60546103801794793
  0.61591417050392738  0.62666210454564364  0.63811526328626300  0.64939949835223809
  0.66085834941520449  0.67149503843581215  0.68087261325587223  0.69038918461763721
  0.69950676660114564  0.70973557113272545  0.71972978484600714  0.72967162531830454
  0.74183118998029296  0.75290544518368729  0.76395785390105864  0.77451342041669113
  0.78566771129898205  0.79770218409879090  0.80889382688191691  0.81905696176120457
  0.82921859212112348  0.84082096667899797  0.85219935668689628  0.86331864073135400
  0.87425429878790495  0.88562227655851444  0.89660999585900125  0.90783626041513688
  0.91950803015578875  0.93096420295858606  0.94347683378738223  0.95576213537776999
  0.96757489820346965  0.97850881455267791  0.98941709676328093  1.00000000000000000
 -0.00183416163626223  0.00798794548928216  0.01676211845029552  0.02679955077582344
  0.03763243083779418  0.04865205463076485  0.05973055096295393  0.07105039850667831
  0.08238093731850753  0.09374462314619704  0.10490447605026350  0.11604598143034425
  0.12699413067364557  0.13844901250883127  0.15009876493336649  0.16190219241758130
  0.17422465490482938  0.18712563666329202  0.20031537911224731  0.21375964061489378
  0.22721013994813516  0.24017203270016610  0.25257924582805902  0.26494492694956062
  0.27774501385348060  0.29011191358174393  0.30170490097893743  0.31326322215091756
  0.32429904591001563  0.33471341800115706  0.34463550306574398  0.35577522145343543
  0.36822373608187514  0.38050004062157361  0.39237861207309110  0.40576953590331039
  0.42154114486198418  0.43672080502983912  0.45027865645097637  0.46337762544638061
  0.47656323348827251  0.48992124553490723  0.50189508576013442  0.51292219640669190
  0.52364412028624074  0.53477580148502946  0.54626883396659298  0.55832076085927707
  0.57147719579403200  0.58526687253798881  0.59899726980702339  0.61160196504441855
  0.62294425865416025  0.63378722062628068  0.64507602511688278  0.65667045088895237
  0.66811863443136543  0.67972357096640013  0.69086178036108170  0.70165394979403806
  0.71260231460832535  0.72408129563632118  0.73577444843197537  0.74741067376749859
  0.75751029799261649  0.76712760831070170  0.77681626787438540  0.78731830636342015
  0.79761846897832644  0.80739580482040929  0.81688157476161016  0.82615692051014566
  0.83546682073412515  0.84362206381779781  0.85211794550626752  0.86042891145630529
  0.86849540894221522  0.87650340824458917  0.88429288715677612  0.89211814543549051
  0.89990661649822590  0.90681191268754879  0.91321947665829439  0.91965837258671557
  0.92671499640175714  0.93438312470618601  0.94183843674827228  0.94903293044057535
  0.95627652767522997  0.96382874782564443  0.97183603350119629  0.97883572664136453
  0.98444760245567631  0.99025097206095847  0.99526013429538096  1.00000000000000000
 -0.00231857965072319  0.00934159483696524  0.01980632331692220  0.03099193422763010
  0.04242766981990739  0.05364761963366046  0.06505961232139516  0.07591102947870625
  0.08667288527835078  0.09742509065626882  0.10923417437583617  0.12235581651256305
  0.13299286443210553  0.14302728176681095  0.15272577812017371  0.16352919393638410
  0.17331127280072636  0.18256745419807746  0.19167473846463895  0.20057919162983692
  0.20956706077823486  0.21889833295005204  0.22902991291628286  0.24103979155388555
  0.25259334876772344  0.26353347975422359  0.27419978805543871  0.28456670525620942
  0.29474953146012289  0.30468738167254528  0.31557321054347315  0.32580932497338905
  0.33588676069295109  0.34601076209435161  0.35668432849816661  0.36784059118720852
  0.37911477540149807  0.39042975310357303  0.40119606339061675  0.41170680071231325
  0.42240542336964287  0.43390095025995840  0.44354105006750549  0.45360947259612622
  0.46401593172833716  0.47549985590049765  0.48627591619348887  0.49637890359381931
  0.50694559625883506  0.51764904580023319  0.52871417560477829  0.53984129370938383
  0.55087383685972457  0.56150051449724825  0.57186780922640190  0.58259595644793882
  0.59383554929119120  0.60490753073884396  0.61459002558427167  0.62388366214173918
  0.63353319503511651  0.64252692517804566  0.65188760540482515  0.66102517436918684
  0.67111770889848787  0.68222246817680166  0.69311122996557162  0.70439373793852900
  0.71599664814880726  0.72769416718662328  0.73883774605990682  0.74954575264062351
  0.75940986504883057  0.76908139258258967  0.77901960288653049  0.78934954131047408
  0.80020832645109385  0.81138920944080006  0.82146587862096010  0.83127481953667215
  0.84173985482424096  0.85200550198280478  0.85984672932344008  0.86727751615236415
  0.87539811050420735  0.88526882159244114  0.89725751976827517  0.90915945127926345
  0.92091565610000703  0.93225328093107451  0.94336560731287578  0.95413378066419929
  0.96517717523167945  0.97693172197623113  0.98825393070984591  1.00000000000000000
 -0.00084745085475468  0.00537590459838566  0.01060130574084164  0.01571347440866749
  0.02118653140996454  0.02718745457216534  0.03389264488951179  0.04068863294031900
  0.04777219528423342  0.05468465993052637  0.06184479218978242  0.06963798415303796
  0.07765629858672285  0.08614377706078213  0.09547171002618682  0.10534026915492595
  0.11480445966246496  0.12397478308864707  0.13308127117305671  0.14223216853169052
  0.15211110390459048  0.16265572461438571  0.17358385712914062  0.18525746444509933
  0.19760211646078540  0.20996044649095899  0.22189621918287072  0.23355213782070194
  0.24543029293310828  0.25792478058832535  0.27126894804916951  0.28546161997270875
  0.30004091362049257  0.31470056117072193  0.32968630537271115  0.34525707950492951
  0.36125075796081058  0.37619059531181021  0.39117511782176478  0.40671140974281506
  0.42281905093775640  0.43884439576468204  0.45488407502571149  0.47126979333725699
  0.48838261662002075  0.50451908737142304  0.51951254609427544  0.53383223193672880
  0.54860693885963752  0.56378383073667582  0.57900963215135737  0.59476993281699209
  0.61008028848151652  0.62495578208028502  0.63980875113247626  0.65470406586580199
  0.66931944783561514  0.68219142629042351  0.69431785172334959  0.70649087292460233
  0.71960489155383589  0.73329305710744508  0.74707441021958976  0.76019001647635553
  0.77276461083989356  0.78568094498266894  0.79792578103132084  0.80966412025418133
  0.82020147815323352  0.82988598238092959  0.83848291329812819  0.84646798515137323
  0.85469940313614701  0.86327823835450901  0.87268850262716979  0.88133645717482556
  0.88984501475637034  0.89807120467891211  0.90608487026427320  0.91346155329879097
  0.92039874713236325  0.92691836351566992  0.93326094587294317  0.93922619039670652
  0.94466891735473846  0.95012273004727232  0.95571084051901278  0.96106413693137127
  0.96573089411612068  0.96980822442948855  0.97400131673849155  0.97814554257724873
  0.98239973044147055  0.98732358129016973  0.99317650123503531  1.00000000000000000
 -0.00234035006434041  0.01010204247072261  0.02150659118976959  0.03334089870054520
  0.04599852963908854  0.05844529750370676  0.06994296925215897  0.08140118194899403
  0.09279134367860717  0.10411409828855339  0.11565220144573331  0.12639128766471741
  0.13710404488754643  0.14729941823306530  0.15816806907388151  0.16891413564802910
  0.17901398472741969  0.19017460188003590  0.19975919401601666  0.20940650977064026
  0.21899320165731367  0.22949242203114606  0.24065151106804580  0.25070697133903508
  0.25949380662904131  0.26780559133476117  0.27645712699583264  0.28633060450953252
  0.29737119998549322  0.30841276625388098  0.31936607557883956  0.32957240414904604
  0.33945722906737097  0.34869159832219593  0.35758804578289133  0.36611714555331176
  0.37495823310803489  0.38453320188879170  0.39469332566077669  0.40518839502926057
  0.41585795228001421  0.42677442905929680  0.43810759059424720  0.44999505568921833
  0.46129313721745879  0.47241008012756186  0.48317328811936144  0.49429518667441696
  0.50561528736480787  0.51761872433259593  0.52945930415688947  0.54075360667364447
  0.55212269364064281  0.56366472025241343  0.57558155107727249  0.58762649891896523
  0.59934201924857000  0.61075757638803330  0.62202314560529781  0.63262427498332485
  0.64321566259738383  0.65283859008610579  0.66318354045849814  0.67360707875257553
  0.68444366888963226  0.69512626264903510  0.70596303092068968  0.71656758802617537
  0.72639946844801084  0.73612089223535826  0.74555706592329729  0.75473700659979248
  0.76396336213396654  0.77355292792070873  0.78363990004653938  0.79325635525402050
  0.80243133385145082  0.81166170332325116  0.82203106733155495  0.83306767171488505
  0.84495412617589993  0.85627853023333689  0.86737817069748457  0.87823894348581488
  0.88794827415365096  0.89744161200326067  0.90610479979869629  0.91555096098532252
  0.92581765966657958  0.93599079767274451  0.94572595797105430  0.95577874387244555
  0.96607442181265069  0.97706327627810041  0.98842821550544635  1.00000000000000000
 -0.00213612269491619  0.00762848096366599  0.01670574785031838  0.02684319103487504
  0.03745628272766740  0.04721749204868392  0.05677123483231897  0.06631456955250474
  0.07661247085638240  0.08792942921527569  0.09971731987029564  0.11059532866203896
  0.12034576845519332  0.12904065603995751  0.13802603923015336  0.14751021410958842
  0.15720455041111286  0.16664801587089856  0.17610145500295249  0.18613795862581442
  0.19641365084461790  0.20712915513175131  0.21634905115454625  0.22606782461821534
  0.23556192346703270  0.24661751580074059  0.25796167756438704  0.26824409429439910
  0.27830443674447330  0.28826968923235191  0.29821144881254896  0.30766444110120150
  0.31673121351006689  0.32601200512375478  0.33506532204339740  0.34527850400070259
  0.35465237307941189  0.36467750663072590  0.37522362580792140  0.38645820560128930
  0.39823902498866237  0.40955658344959184  0.42044487487663690  0.43111847212790921
  0.44218458277342948  0.45381736963874819  0.46506035593666162  0.47609455069941209
  0.48694407150397018  0.49833204784381374  0.50976967913192561  0.52144707284950120
  0.53337953224087176  0.54477425436337168  0.55528417380880035  0.56501323937484915
  0.57514463474980293  0.58666829031909606  0.59938044655004907  0.61182574869417206
  0.62324411307204153  0.63420205892484838  0.64519032704451051  0.65619813235193902
  0.66692470488740840  0.67741251147478609  0.68777909266925508  0.69800280644371793
  0.70885120690725478  0.72117995656228229  0.73332850212726008  0.74412527958329300
  0.75382376996904554  0.76325693154444929  0.77345659760066310  0.78349498733258605
  0.79349419113812414  0.80293503284209011  0.81169937967021788  0.82066232511015536
  0.83023649884383244  0.84111907360272042  0.85228324283620216  0.86353765938485838
  0.87441711082511409  0.88529274442556583  0.89667188997418212  0.90852165060421097
  0.92179832346008395  0.93436536263651515  0.94599624825116702  0.95574022335566555
  0.96569690744780856  0.97620010307250027  0.98771705197192294  1.00000000000000000
  0.52561984393405370  0.61369229310673890  0.62393157094461560  0.63286893510826203
  0.64017542810350470  0.64668948594252840  0.65347118840685503  0.66042696638719811
  0.66729046541003090  0.67380496495796005  0.68021579908906649  0.68663943160761731
  0.69282020546633460  0.69902022949149722  0.70535955340897627  0.71098977767000271
  0.71662609093149643  0.72216884178047458  0.72757640610046370  0.73292696965749737
  0.73874171258301036  0.74505314484382001  0.75097933463661337  0.75624055271359392
  0.76105684989286360  0.76597326526697074  0.77099040654986428  0.77573539380268175
  0.78054184257082326  0.78541201899745305  0.79032547188172653  0.79449119704275806
  0.79831017398165083  0.80214351509210302  0.80615213320522161  0.81022837380377621
  0.81422798571055588  0.81790622435911986  0.82134788637099798  0.82480922967451598
  0.82821919441739456  0.83184267289218505  0.83576202158121216  0.83979379119387620
  0.84377083002361997  0.84764861872751318  0.85149019477135979  0.85534085173476393
  0.85912958471180212  0.86282870071553774  0.86644044743366233  0.86998426029549569
  0.87358126629180743  0.87712379739313251  0.88058413780803380  0.88391333641743419
  0.88706561274278206  0.89004983785847025  0.89304518502573793  0.89621694328554091
  0.89925053963244117  0.90239335937028287  0.90561849126404104  0.90890224812428322
  0.91212751081750532  0.91529494466856132  0.91836693524508428  0.92146333397427493
  0.92460325343565186  0.92763913297659606  0.93055655460451059  0.93331119776290727
  0.93599629638065251  0.93847632684693805  0.94095963076138378  0.94347536615455141
  0.94606528994029215  0.94872368819680353  0.95131830409000062  0.95377195812499460
  0.95616327664124812  0.95854185618367282  0.96091666125963382  0.96325648640142580
  0.96566361796416100  0.96818382118188673  0.97084431912183977  0.97359548663480389
  0.97631193072929068  0.97898516980117267  0.98171136944394388  0.98451260219468339
  0.98750838823692555  0.99093476453914708  0.99511982570146273  1.00000000000000000
 -0.01298735299085826  0.17500865489578862  0.19880741959041554  0.21487018066319161
  0.22783024742745323  0.24001775300367392  0.25154491056875256  0.26214029448192655
  0.27191426829061560  0.28116872709552243  0.28998725341358550  0.29796104864986944
  0.30516505724286797  0.31267287823575057  0.31937690160955051  0.32606116648586297
  0.33256492016577860  0.33880219828861402  0.34514401433728820  0.35138961931247176
  0.35774358523637700  0.36347128592927386  0.36918806946726657  0.37441340818325092
  0.37958967005291838  0.38476697599427834  0.39000136887065401  0.39523865719103879
  0.40046900742366126  0.40578912127029909  0.41116212148061093  0.41651596573872629
  0.42179251442973770  0.42680428291767336  0.43171644275505250  0.43638001133761134
  0.44091097160018844  0.44536582779325479  0.44965657125794839  0.45379911697191705
  0.45776617310594558  0.46195322958741342  0.46648277445804481  0.47106581869066527
  0.47546263117111243  0.47967263586953879  0.48376927367557254  0.48768208598791063
  0.49156124651934691  0.49524623547156682  0.49912888148052037  0.50356226530755865
  0.50860477105902580  0.51371315473881518  0.51876197818910164  0.52402582588617952
  0.52935884140643186  0.53441961080542477  0.53931725997338820  0.54419005087328742
  0.54908603783964249  0.55427302255567346  0.55992925367079205  0.56561664149389879
  0.57079355348832284  0.57604821711664311  0.58123636319561423  0.58629308057085971
  0.59121712924980729  0.59615170120178984  0.60143578280998566  0.60740012817306155
  0.61366900357195053  0.61972216215813747  0.62557990266256513  0.63158112007097988
  0.63790659611927403  0.64460667559899087  0.65149454951202035  0.65812296104735934
  0.66430628945808634  0.67046246620706795  0.67721859391197337  0.68426369115755181
  0.69259304422455104  0.70266516519614175  0.71381932131635528  0.72535488087525979
  0.73711268502563909  0.74951159906567866  0.76282362110683866  0.77811997944926625
  0.79853429083424365  0.82635647639095189  0.91417025309629873  1.00000000000000000
   1.4335205947190697E-005  -1.0000000000000000     
 F F F F F F F F F F F F F F F F F F F F F F F F F F F F F F F F F F F F F F F F F F F F F F F F F F F F F F F F F F F F F F F F F F F F F F F F F F F F F F F F F F F F F F F F F F F F F F F F F F F F F F F F F F F F F F F F F F F F F F F F F F F F F F F F F F F F F F F F F F F F F F F F F F F F F F F F F F F F F F F F F F F F F F F F F F F F F F F F F F F F F F F F F F F F F F F F F F F F F F F F F F F F F F F F F F F F F F F F F F F F F F F F F F F F F F F F F F F F F F F F F F F F F F F F F F F F F F F F
  <DiscreteSampler_grid>
  grouped_processes
  1 # 1 for a reference and 2 for a running grid.
  10 # Attribute 'min_bin_probing_points' of the grid.
  1 # Attribute 'grid_mode' of the grid. 1=='default',2=='initialization'
  0.0000000000000000 # Attribute 'small_contrib_threshold' of the grid.
  0.5000000000000000 # Attribute 'damping_power' of the grid.
 # binID   n_entries weight   weight_sqr   abs_weight
    10   10   1.081369929687030E-001   2.645734261059067E-002   1.081369929687030E-001
    16   10   1.033743967239853E-001   2.705550912733513E-002   1.033743967239853E-001
  </DiscreteSampler_grid>
