  0.00226081004208998  0.01432342700601343  0.02807689494963810  0.04094671126070173
  0.05272485664302405  0.06317828322004926  0.07230878997381165  0.08083092890055318
  0.08929898482861594  0.09792050882446537  0.10942434049026374  0.12478132302720511
  0.13808383460216700  0.14879552911094182  0.15865432325580986  0.16808204730383192
  0.17810529944756284  0.18977599911655724  0.20263246070228152  0.21556125940607221
  0.22665181151282809  0.23644449763657727  0.24622231339898107  0.25614196881365286
  0.26597990873619731  0.27696634713007928  0.28800387703875485  0.29934521473458309
  0.30905625963048217  0.31968858094284736  0.33052901027504988  0.34243450467852660
  0.35438862893425321  0.36613721701900132  0.37777857471944853  0.38908879777969296
  0.39960230202213637  0.40977719919343675  0.41707026938972308  0.42438291415203949
  0.43140336059556833  0.43909938354431916  0.44957895951598920  0.46065296096265129
  0.47257127475051436  0.48468797394005053  0.49802611148418058  0.51110339489572998
  0.52427827926137327  0.53657965445024647  0.54916359846985929  0.56154007940005390
  0.57427389588577704  0.58766370699795045  0.60074950734076105  0.61186542486060036
  0.62221238213448848  0.63175934915544951  0.64185004122751810  0.65104171667165289
  0.65919273079961338  0.66647672430264460  0.67414392984383154  0.68308960848861777
  0.69519550962260623  0.70758614772303641  0.71869690595083624  0.73031139810248236
  0.74202151594378019  0.75565184117211426  0.76621128789818804  0.77547277625110700
  0.78533627980619547  0.79226201181900913  0.80052835492742946  0.80979717230951420
  0.81866639573149391  0.82613022569641947  0.83345462382813229  0.84125247315058038
  0.85076128449309540  0.86333424121736668  0.87891522468728200  0.89146382374047406
  0.90179368198249377  0.91164674762485243  0.92228768401353201  0.93363508031816622
  0.94061282734049345  0.94740452812649878  0.95392590724146042  0.96057235131416030
  0.96777614207447415  0.97964296945755813  0.99007573647831304  1.00000000000000000
  0.00409312778360761  0.01112773272802252  0.01789386233699986  0.02418833153238936
  0.03134809008779309  0.03844823338823158  0.04612061155757310  0.05327273019424895
  0.06228025290584573  0.07551813872016333  0.09018959447669693  0.10292948220492873
  0.11480161203879174  0.12557861217430688  0.13501725387079827  0.14400748812177203
  0.15425616274105436  0.16614978405507316  0.17781606918063764  0.18912336009993297
  0.20073883709505178  0.21213553010483704  0.22341689609950519  0.23539507620233033
  0.24713491622264913  0.25709771968926898  0.26681341316084028  0.27674146086882340
  0.28768466792015812  0.30145757476939994  0.31687351982848649  0.33174288308057720
  0.34514812356290436  0.35739081722277832  0.36964365353047768  0.38261673610449409
  0.39563501808132084  0.40713832578690723  0.41695293962246471  0.42686569691640186
  0.43701121502494628  0.44670325935817468  0.45667988253218766  0.46866750794824419
  0.48111250152100793  0.49207465568844749  0.50164616095289627  0.51176831209132134
  0.52243267726891740  0.53358704134689861  0.54473613347860061  0.55581310267897877
  0.56689522783999591  0.57835349644487299  0.58959331084864908  0.60069032683035650
  0.61025716735197244  0.62048392744252789  0.63190945343023708  0.64295147472003955
  0.65322616428151303  0.66402988817165975  0.67358525166720551  0.68391489461674071
  0.69365600481253975  0.70437375966819826  0.71613025262383190  0.72745027372545412
  0.73979408452939766  0.75267560345986695  0.76484629759750256  0.77496896025865147
  0.78368697442674951  0.79255495413101229  0.80045254430165202  0.80723163472442461
  0.81465776546781277  0.82256263930014173  0.82990484474929094  0.84043116783993843
  0.84982496351658654  0.85980460936981362  0.87044674242606945  0.88206411262912743
  0.88911842981433642  0.89614565878092600  0.90314620486167707  0.90961726716824609
  0.91667622444283836  0.92691101974974099  0.93741371699016507  0.94783042300194131
  0.95786523735611062  0.96793946808525799  0.98080295566102382  1.00000000000000000
  0.00000828563435127  0.00001126686085500  0.00001285018742269  0.00001339860819010
  0.00001406954614051  0.00001467500655425  0.00001550799200242  0.00001668273795320
  0.00001838351109541  0.00002039583410508  0.00002216497507274  0.00002316190232585
  0.00002416447366325  0.00002519267332717  0.00002636075934044  0.00002789842072436
  0.00002980411698326  0.00003181443829266  0.00003385204639785  0.00003624215823539
  0.00003880673413407  0.00004169727990322  0.00004487254460861  0.00004870117087279
  0.00005301569072280  0.00005684037795042  0.00006057239950895  0.00006438719211144
  0.00006850301956485  0.00007326378390746  0.00007891237631426  0.00008581525503241
  0.00009333573860231  0.00010030894374858  0.00010772477852361  0.00011564332746508
  0.00012541834858771  0.00013663301527880  0.00014907782980177  0.00016224861957447
  0.00017593378484412  0.00019025277309984  0.00020500999277964  0.00022008256091162
  0.00023522092548194  0.00025079738180813  0.00026937139289903  0.00028761729703533
  0.00030710194793400  0.00032838235885227  0.00035323564231613  0.00037969170857252
  0.00040636333522297  0.00043249129704563  0.00045780706247526  0.00048633236686477
  0.00051744104911912  0.00055035199496329  0.00058053736758078  0.00061089802231924
  0.00064947561956870  0.00069945993430061  0.00074581318834515  0.00078750304288332
  0.00082935973114703  0.00086161873273792  0.00089552116768499  0.00093137159615234
  0.00097087748111368  0.00102329293268925  0.00109446802019391  0.00116725525684773
  0.00125469086541899  0.00134253807308199  0.00143171720119612  0.00154438407752435
  0.00166703844020782  0.00180197149769559  0.00194166168692145  0.00209523841148393
  0.00228962923016173  0.00250725580793343  0.00275573629384085  0.00303376132136894
  0.00337837224426238  0.00386325395101932  0.00447934925360974  0.00514550477555950
  0.00595863657714854  0.00667442165343520  0.00740813503455625  0.00854913717083573
  0.01006433730018044  0.01552150867505227  0.08765745348986416  1.00000000000000000
  0.00001540197048772  0.00001608936866606  0.00001670956388546  0.00001741464092853
  0.00001832625139311  0.00001939639983754  0.00002065307374763  0.00002232112889666
  0.00002409255530706  0.00002590586575568  0.00002742228732569  0.00002878002156841
  0.00003020537465011  0.00003179215021500  0.00003355862666804  0.00003561227499662
  0.00003820031611544  0.00004129117503754  0.00004494661061695  0.00004928273732393
  0.00005398809098488  0.00005877572310436  0.00006406486084899  0.00007061700835184
  0.00007839224345424  0.00008714532880072  0.00009615551926209  0.00010462464348861
  0.00011452980185630  0.00012681390518929  0.00014311227671824  0.00016336644515222
  0.00018513993026533  0.00020702846157061  0.00022886653000436  0.00025306736293155
  0.00028028967147135  0.00030577212317063  0.00033172185278003  0.00036619846735222
  0.00040649356625355  0.00044745546699819  0.00049220273298393  0.00053955708179339
  0.00059005341434423  0.00064877926564880  0.00071542428835003  0.00078545264189711
  0.00085593352158151  0.00092386818033638  0.00099170759474049  0.00106902420428571
  0.00116394010288920  0.00126712455924626  0.00136632170513481  0.00145997687364310
  0.00155968012416162  0.00167261021977206  0.00180015395309183  0.00195171212618472
  0.00206259594982966  0.00216273504162577  0.00224415200897396  0.00232742101291804
  0.00241172589483251  0.00251900429518666  0.00263443162840587  0.00276428875607897
  0.00289152182870819  0.00294702986440307  0.00300253790009795  0.00304884644846951
  0.00309439969179212  0.00313899388911959  0.00318311820822767  0.00324568231666079
  0.00335080698828884  0.00348545343340120  0.00363214803338433  0.00379079491209741
  0.00394294039959209  0.00412422221459746  0.00427978472854236  0.00447788031066508
  0.00473633853811531  0.00503158115094987  0.00521401782064102  0.00534092135641287
  0.00546089485138657  0.00563102211911503  0.00583842325195071  0.00646598659744789
  0.00878371467174345  0.01079966202536964  0.01464057740336589  1.00000000000000000
  0.00000732413849875  0.00000928059492791  0.00001135110849953  0.00001321239837110
  0.00001404736074776  0.00001449691870484  0.00001498505680980  0.00001546582476569
  0.00001601873218622  0.00001654782799957  0.00001755686026896  0.00001899817308405
  0.00002077878686113  0.00002293227535362  0.00002544800285168  0.00002824358807763
  0.00003132552847561  0.00003448351475664  0.00003772689179156  0.00004126713947813
  0.00004539866656598  0.00005045030572018  0.00005644490415005  0.00006319542850422
  0.00007027125611864  0.00007803369978854  0.00008719853612124  0.00009778931292398
  0.00010971564197486  0.00012192644733238  0.00013489770972878  0.00014980272518980
  0.00016677494262862  0.00018554910126494  0.00020468103122771  0.00022208606205414
  0.00023826222753657  0.00025443954846163  0.00027264724320405  0.00029291308938592
  0.00031401462976478  0.00033695408422791  0.00036230324907953  0.00039328365732492
  0.00042248775129418  0.00044972112607404  0.00047537497616026  0.00050467038158443
  0.00053390243581616  0.00056791538681305  0.00060103929126087  0.00063819058827138
  0.00068008288581832  0.00072493962292757  0.00077097813640024  0.00080972854524559
  0.00084899494058001  0.00088765487938199  0.00092277470618108  0.00096665191088176
  0.00102099730869657  0.00108381396695704  0.00115291398927958  0.00122519820144927
  0.00130304194244281  0.00138511796123275  0.00148841445247957  0.00160430358941273
  0.00171832814811150  0.00185371995873106  0.00198629827124941  0.00213106176491045
  0.00234022636604518  0.00253355169333335  0.00269086547622623  0.00286716180315614
  0.00305306503146003  0.00328197968121961  0.00351902782201373  0.00369715680984778
  0.00388653215235808  0.00407884022350268  0.00427199961352602  0.00458241244328397
  0.00490983101361298  0.00528654941098516  0.00570517415604979  0.00611651482450559
  0.00664715262254951  0.00734642397643866  0.00862433594142986  0.00985132211357157
  0.01117411067823938  0.01266454033433510  0.06990201361176213  1.00000000000000000
 -0.00086024673604805  0.00379327101162214  0.00890523770204824  0.01412401755959307
  0.02036209952811281  0.02715692815314215  0.03438177523148737  0.04168973444160907
  0.04951278777688270  0.05744888170891910  0.06626157394469459  0.07700586813452227
  0.08772619086426937  0.09704914102230236  0.10650332826436941  0.11586607343165792
  0.12499667063130403  0.13344867589079082  0.14146684273659260  0.14793944126619221
  0.15390981607060561  0.16099100163891991  0.16798588748693535  0.17487888689934783
  0.18520903496220875  0.19662825409321563  0.20694135417737947  0.21581102923050863
  0.22445989372373901  0.23228570777190061  0.23934474405010225  0.24684316221210645
  0.25469061007104543  0.26313432659134856  0.27120898414933303  0.27979119841865091
  0.28909277394384708  0.29873664990059040  0.30815367186825277  0.31779368546205183
  0.32778496271413982  0.33787695602514833  0.34916333465280186  0.35977443470680393
  0.37106807342030090  0.38338516947904788  0.39610912133390253  0.40704623293175862
  0.41741028819257059  0.42751508285480366  0.43811480533855557  0.44730734741901695
  0.45575554085254649  0.46455235398572620  0.47335233916456387  0.48247386613362542
  0.49239651464589290  0.50215266852893292  0.51448607621163445  0.52714599054682698
  0.54024090890272403  0.55279735856760903  0.56639867481954487  0.58190829220044527
  0.59733526172093021  0.61129397009968667  0.62419343828313700  0.63730685315977265
  0.65178672464240084  0.66706543585388622  0.68099306341479726  0.69096709540168921
  0.69798488556739036  0.70576394353352034  0.71371901818302197  0.72305416896283847
  0.73221441701642054  0.74290435646439634  0.75173713267627540  0.76381181759410022
  0.77713721727624019  0.79187827596424343  0.80664480976093544  0.82061381113530885
  0.83614766050934786  0.84763547841780063  0.85970489193887156  0.87206501989582175
  0.88643057996126684  0.90354250911381739  0.91966301145701257  0.93444679253862117
  0.94916858003217064  0.96516378044158313  0.98257286929113474  1.00000000000000000
 -0.00229685971548302  0.01115729365525745  0.02217925005477190  0.03284518416057961
  0.03961517359266388  0.04797652189919867  0.05701404900564452  0.06505423520148514
  0.07375918260273878  0.08420186176005723  0.09508047812059586  0.10754738812533772
  0.11987192711638824  0.13251659827565071  0.14491956546012974  0.15681909993488649
  0.16879340681913391  0.18151203866995966  0.19280978835156831  0.20115478654458335
  0.20896134536385799  0.21644610351057639  0.22386167905839105  0.23182985904051875
  0.24182023367837843  0.25237936241708037  0.26580737885318401  0.27813106202977211
  0.28924978936828011  0.29897992825544834  0.30831670258419308  0.31717588804382990
  0.32649037394191754  0.33757598271895467  0.34967603300797712  0.36325867647535609
  0.37492409662532594  0.38406717446260702  0.39249479204444521  0.40066292897112554
  0.41005141603816664  0.42109311103955333  0.43381021004405940  0.44872699416111322
  0.46324990553447670  0.47556648550619751  0.48660073926710279  0.49628063776895509
  0.50634205495604334  0.51596464239783069  0.52622956193903914  0.53788008065792314
  0.55030380749972008  0.56028988714560013  0.56930253122242969  0.57868109827533065
  0.59099982089031522  0.60273972282502053  0.61187599898470935  0.62150682868240248
  0.63203703799175837  0.64555476389569943  0.65831894350820597  0.66954421485326288
  0.68020448553173807  0.68991426953902912  0.69943418349718023  0.71067584623871705
  0.72309030526154272  0.73511710032867195  0.74652465915822075  0.75867327579279498
  0.76995083268458786  0.78050213741944752  0.79073072146363688  0.80034459644832334
  0.80972369339272365  0.81880663414627608  0.82724605197880874  0.83518750220741089
  0.84372037454574589  0.85312265800192100  0.86381557236644957  0.87508105377399359
  0.88679950240697092  0.89900565590309167  0.91005872837755830  0.92118787850533734
  0.93325424615089614  0.94603280786884247  0.95715959650157612  0.96579499855010764
  0.97427465370267619  0.98305191226067279  0.99178087136367343  1.00000000000000000
 -0.00189912433226088  0.00686172916475999  0.01534183153735100  0.02762287935390697
  0.03964510634237100  0.04973638815278564  0.06007817932730818  0.07183724346841193
  0.08348222401095950  0.09421267218413103  0.10255386099784120  0.11171087235533987
  0.12056972329252424  0.12916508191397227  0.13799805302606788  0.14692368234939124
  0.15500325805731144  0.16376605765192470  0.17345749847747516  0.18406149730358598
  0.19590651109830373  0.20774660661622102  0.21978704293524887  0.23216806598491097
  0.24507415339126629  0.25731232516559183  0.26792142041372563  0.27861107975726085
  0.28984953833125038  0.30176350613031366  0.31545918847768378  0.32903523989686267
  0.33953244542018002  0.34928308426993732  0.35955832027136220  0.37186954277745465
  0.38368752242715282  0.39365283761253411  0.40178713080027617  0.41128898696701655
  0.42200629189081090  0.43398932349534564  0.44658514667666932  0.45739263922276902
  0.46745578101923363  0.47784701767799381  0.48890452502981940  0.50107229387669494
  0.51425684646464287  0.52717894508598695  0.54067298320922630  0.55609035896002434
  0.56963435500459025  0.58195319638550924  0.59411679029130082  0.60733117498569045
  0.62121896792922227  0.63480983291846593  0.64748457253936720  0.65936956423778115
  0.67139360240897350  0.68291352520137982  0.69018408418090937  0.69631761823235294
  0.70172943123398701  0.70719881838282239  0.71273682302777996  0.72056655767418920
  0.73066666675919689  0.74268978992730461  0.75542294777761243  0.76794331345904543
  0.78079763463438845  0.79242092680185494  0.80339677744129157  0.81594537233963282
  0.83006446951066926  0.84025955973245492  0.84738377131068943  0.85374344910676192
  0.86032375126254645  0.86787221970425410  0.87590467069842648  0.88299414506548179
  0.88987189896528374  0.89883194664395860  0.91091999541396873  0.92218846537168075
  0.93328212636560637  0.94436603819508469  0.95458868793278873  0.96382685454422357
  0.97303616174644936  0.98324562171044849  0.99172537064311994  1.00000000000000000
 -0.00304083655622951  0.01466908425543502  0.02804400866618280  0.04082857463952241
  0.05352120656094640  0.06508321849079057  0.07385174177559320  0.08036443719354597
  0.08716264880690322  0.09407879676437048  0.10073235850942179  0.10940059434651433
  0.11866507693226498  0.12668818918529776  0.13591821414984706  0.14529624712583439
  0.15592141946614194  0.16759055268831546  0.17742103694629827  0.18679907800551479
  0.19632440350150854  0.20643629178059222  0.21823096108797557  0.23096174487090484
  0.24381686755081405  0.25659221660637677  0.26864190015782280  0.28082825627899044
  0.29347977499583278  0.30535036298963791  0.31614748647613156  0.32536933359153214
  0.33553375008141662  0.34835095481167294  0.36192222118261913  0.37330401417048514
  0.38376765933224760  0.39425627567781324  0.40303824955481515  0.41259175738149045
  0.42243242060690073  0.43293329807116415  0.44327028489684195  0.45341384559658227
  0.46279505952038635  0.47140026636445653  0.47972576475193196  0.48868606528774083
  0.49753673602723769  0.50799051179744603  0.51914393936595526  0.53004072571455707
  0.54107484972080855  0.55233399382994031  0.56265538163869055  0.57206447228951540
  0.58088569301001369  0.58989934746711392  0.59851231464782939  0.60765569746736037
  0.61732400580636604  0.62645913475771786  0.63465206189460754  0.64307594762832532
  0.65304911451607073  0.66409528406741103  0.67475087652569821  0.68535246412583695
  0.69764985146931657  0.70919949769449453  0.71941929641264057  0.73035452328906769
  0.74208498421567726  0.75442592708691447  0.76703313804958606  0.77955366247962732
  0.79242792314931532  0.80499313594170796  0.81775585995467248  0.83009221620779727
  0.83985109537840541  0.84811426514731914  0.85611697424580946  0.86334427413582970
  0.87137181051432211  0.88170518565168010  0.89175997945718166  0.90285905884651807
  0.91426413328612788  0.92519148310837385  0.93620328331740688  0.94880679888953301
  0.96294472612911541  0.97511781833219846  0.98715693001200000  1.00000000000000000
 -0.00271891734396625  0.00985043801802400  0.02148106057975946  0.03527130461595136
  0.04814089012564436  0.05767408139185606  0.06704110533773303  0.07597267582959906
  0.08644879802618834  0.09636157335432717  0.10748208649313881  0.11861226400076427
  0.12903278112766925  0.13940546643732238  0.15008968474467599  0.16017115406571081
  0.16784996524846271  0.17605840257772970  0.18446287553176394  0.19439151684837924
  0.20407366290346840  0.21525819277362851  0.22770419220208318  0.24014932086787871
  0.25221834329547094  0.26492631304553910  0.27850523473253119  0.29128937803171057
  0.30334603483001982  0.31522731463837811  0.32725263412623523  0.33772736501131456
  0.34659314522284923  0.35545917521864229  0.36383274371034729  0.37229638900794249
  0.38134474191647849  0.38966768521584566  0.39786705449978971  0.40776568650246392
  0.41907614337289245  0.42985359094805814  0.43898538774995327  0.44736139998104280
  0.45784814942170493  0.46987977401402642  0.48050754107418220  0.48985237560993461
  0.49809514081525785  0.50591121226870894  0.51400249454614277  0.52214705693846053
  0.53130471437906068  0.54260472039895802  0.55545375597779800  0.57103247338303809
  0.58688513586320878  0.60023478076196612  0.61165870675558653  0.62252327574764288
  0.63265033143046978  0.64267551845338899  0.65170839529644753  0.66063546759376912
  0.67072143645764237  0.68263110109942560  0.69576959503543845  0.70514352632635457
  0.71274792628227590  0.72082699309109699  0.72892035997303961  0.73702276255935006
  0.74762129874803129  0.76000787566458650  0.77055458119456732  0.78043980760019427
  0.79043273985968365  0.80258302531648329  0.81734267965358365  0.83290805059815309
  0.84626315673661601  0.85738782435584948  0.86726032787988061  0.87672674007265328
  0.88621374347616511  0.89472563754497192  0.90276272677809699  0.91141339771806118
  0.92193511542079287  0.93202199729166546  0.94211085134931094  0.95191762143539216
  0.96214576973422128  0.97442469673024801  0.98675969627589910  1.00000000000000000
 -0.00017875987652563  0.00042174086389467  0.00124080277484698  0.00173713203569798
  0.00216820180875207  0.00259320440212870  0.00299635797604314  0.00340048971882431
  0.00376851015282853  0.00411172398317916  0.00445385448608928  0.00480107409568094
  0.00514469518303145  0.00548133962137700  0.00572739274506800  0.00595744087557075
  0.00620003787550001  0.00644337960082337  0.00670221087132483  0.00696223841775914
  0.00723399383405437  0.00751973063771789  0.00780817863044636  0.00807105169726565
  0.00832468417259091  0.00858014029687320  0.00884140684075177  0.00910091798439153
  0.00943980541188703  0.00961700322319450  0.00979626829118621  0.00998384138000714
  0.01017154074625576  0.01035939968479618  0.01060420571664517  0.01087288322702061
  0.01110229858796794  0.01129141129064160  0.01150921863086504  0.01172585129900521
  0.01193912851612113  0.01221683502679432  0.01248578147430440  0.01276186862987074
  0.01307825948832619  0.01345265911712858  0.01379067041246957  0.01407423352999582
  0.01433739315623353  0.01460527617872153  0.01491362088258545  0.01524430219537707
  0.01558166745840078  0.01592961153827300  0.01622335196769184  0.01648318018937158
  0.01669646806842586  0.01684218755064351  0.01703296964798463  0.01724073345108807
  0.01742487733096197  0.01760929378622256  0.01779683359330330  0.01803116223327391
  0.01830113871317995  0.01856799496678072  0.01882376449380868  0.01906571247544459
  0.01930878495163283  0.01959465240477236  0.01989502611679950  0.02020263553397413
  0.02043871184056831  0.02066120283166662  0.02088701000158393  0.02124059274823524
  0.02152021880091680  0.02177021716441670  0.02224967821573684  0.02263970628255119
  0.02297112608145169  0.02326296975354346  0.02355569397975491  0.02385397817116161
  0.02423465629111946  0.02569064379837609  0.02897161293890773  0.03013395887455511
  0.03124303013237112  0.03228107336235510  0.03386214705024137  0.03809361878782731
  0.03913217566102696  0.03966366801317328  0.17708382392968292  1.00000000000000000
 -0.00105343832309147  0.00460496612639219  0.01098851510958879  0.01680968704776027
  0.02406169773082484  0.03211467107723247  0.04069334702299664  0.04960337364413516
  0.06062124696773516  0.07134817606572143  0.08003783584234603  0.08781990369631711
  0.09561605534922205  0.10531573143145380  0.11878701084208243  0.13358620933071100
  0.14691481312279522  0.15951460127700884  0.17030428943214751  0.18002598899652794
  0.19154419546757986  0.20204054851766046  0.21083722545490452  0.21927715258442815
  0.22887810500254652  0.24183736896025879  0.25378313076167591  0.26529943152342567
  0.27780019111579124  0.29180675920538462  0.30574374622589146  0.31780779609706450
  0.32875985598201074  0.33957714651870985  0.35084035914822437  0.36262743402398978
  0.37544426808311177  0.38925827037242988  0.40168817704300591  0.41142237145901017
  0.42075147438996785  0.43061371284266253  0.44253208675985445  0.45412638235761010
  0.46414068234189571  0.47348970318457817  0.48193502556462608  0.49103316329537450
  0.49958546622426764  0.50669338709019607  0.51374924962579460  0.52077930106533443
  0.52685840705763898  0.53406100616564889  0.54399658057350719  0.55391264518015615
  0.56329309714665421  0.57246307865919011  0.58209144712146277  0.59315276218444590
  0.60444103650491299  0.61448889974549270  0.62597075814747583  0.63816921217624378
  0.64963530521578661  0.65901011529746434  0.66884630564445702  0.67889388875163270
  0.68917863990331951  0.70021504959106595  0.71172576100122498  0.72345823961270384
  0.73492605366525476  0.74710603800792141  0.76105054642428227  0.77582106765804215
  0.78972188223110185  0.80135261707331329  0.81018383848340225  0.81956831112912709
  0.82861623019642872  0.83965905082113057  0.85184093309841891  0.86725223624266057
  0.88309690800488749  0.89688181015590041  0.90899151835420866  0.91962741682603455
  0.92913059546320820  0.93745311174314194  0.94520939085751232  0.95329945749203715
  0.96408125380065957  0.97505617680486589  0.98791261320022050  1.00000000000000000
 -0.00017608246018842  0.00068399656067026  0.00101755733395550  0.00131370630814152
  0.00159527469250099  0.00184173243085732  0.00205364291023444  0.00222639835215813
  0.00235450459028698  0.00248293197832138  0.00261157755931183  0.00274094027943983
  0.00287791266594753  0.00304850235621744  0.00321082510683937  0.00336839269884476
  0.00352839750464163  0.00370337543085625  0.00386212069450886  0.00402990313958007
  0.00419341580710934  0.00432983917412794  0.00445067523787541  0.00457225634593790
  0.00468770069549951  0.00479852200509464  0.00492587601859626  0.00504807261328180
  0.00518147729804140  0.00533114584894764  0.00545564163363032  0.00558699586302055
  0.00572856724791845  0.00589908850235043  0.00607152047333285  0.00623096525400602
  0.00638759091138823  0.00655254205996356  0.00666910297833007  0.00673733755978673
  0.00680587037137981  0.00688100897022632  0.00695614756907283  0.00703117369834717
  0.00710609962680167  0.00718174344080653  0.00735426544473479  0.00752865872118984
  0.00771789078616159  0.00792617261638982  0.00823530576876900  0.00844246183413419
  0.00866887092960735  0.00891541252546176  0.00910014095920756  0.00926559171385458
  0.00937969830982533  0.00948723791916088  0.00960247371749877  0.00974555379659984
  0.00987226071764051  0.01002006321312941  0.01014489640175271  0.01026067783518192
  0.01038150075405252  0.01049713597842153  0.01063121281738768  0.01078240024046460
  0.01093582122727677  0.01112977515806449  0.01148079582444857  0.01182653105291156
  0.01207832940043485  0.01229742681506685  0.01247945724558684  0.01266416117886600
  0.01286639013765488  0.01319094435900170  0.01352986810714539  0.01374391535632505
  0.01396234151983790  0.01420555903075665  0.01448494758903774  0.01508482496651004
  0.01568975816774128  0.01613909387640986  0.01645775526767117  0.01676966672050870
  0.01708356133366756  0.01738189732688698  0.01769732777425672  0.01880030946492053
  0.02618053638671133  0.02715921175983334  0.10566246541123295  1.00000000000000000
 -0.00242639877353673  0.00783983058659870  0.01796280280343188  0.02833565226559832
  0.03910783274130394  0.05074118270975621  0.06319869124565709  0.07788521226076497
  0.09377198349181892  0.10873856421545462  0.12378268341377305  0.13869320100048899
  0.15409277164262850  0.17011151910483840  0.18601844498385542  0.19964404266100436
  0.21299385821137037  0.22557033806695317  0.23848510428151767  0.25042220102555879
  0.26199027970432504  0.27380801384004910  0.28661605739379098  0.29940439294062293
  0.31096616028485974  0.31987996347415415  0.32809113808470730  0.33687336262999390
  0.34518206876999041  0.35512666099153573  0.36374054165862146  0.37264824292476928
  0.38272236279698257  0.39353280233525478  0.40441991902540686  0.41441390798355282
  0.42297338163449216  0.43071276070208658  0.43876670364595877  0.44708988070833133
  0.45653286579955199  0.46456908911482997  0.47122497084710735  0.47738470368614933
  0.48353107400943579  0.49020778524272024  0.49743656119415308  0.50424759143576203
  0.51083141943609733  0.51766838077350796  0.52424494336482119  0.53126246535854194
  0.53951613618736782  0.54920820682762750  0.55738642690155371  0.56103159249351098
  0.56464755640155906  0.56824758530639119  0.57179945872525362  0.57678861557654770
  0.58477371523356070  0.59343846912995890  0.60230479367394218  0.61206629095959331
  0.62220567459882870  0.63322502321855911  0.64346031527554670  0.65126340092304624
  0.65861334842487251  0.66631478577679581  0.67468339587725978  0.68423150345175332
  0.69356763544670375  0.70339011465643309  0.71465603044011083  0.72612004212255454
  0.73747589590194973  0.74894654747560740  0.76054171025364259  0.77179851279547318
  0.78309840631077310  0.79545546282556412  0.80844487861776904  0.82092623675006038
  0.83299265377729903  0.84529601334765914  0.85757347535168693  0.87034576101360916
  0.88554429096286880  0.90348726820272685  0.92070823299336391  0.93656258523564506
  0.95230809711449826  0.96872697504568883  0.98309806411882328  1.00000000000000000
  0.55806729792554099  0.66601048163216514  0.70682562365261259  0.73204379734921865
  0.75361750273087269  0.77158165193100892  0.78656629197560290  0.79759401310390410
  0.80608503822425703  0.81396213655638006  0.82191414289439257  0.82957631645508989
  0.83681955702349065  0.84506731077640562  0.85333286756182292  0.85949056820474012
  0.86534420328273109  0.87134472614931624  0.87682561588428054  0.88187662394507171
  0.88637801666171356  0.89077323311109735  0.89484113936540233  0.89855520834397296
  0.90221036567582036  0.90577489656411936  0.90901248718091765  0.91198907308359811
  0.91479766084208125  0.91720559467133844  0.91945651504957471  0.92172298915253359
  0.92430894864768831  0.92698070893940709  0.92947701296811502  0.93179812541916363
  0.93383420954034613  0.93573101203374198  0.93761366228917231  0.93946788313891549
  0.94158167562816486  0.94377759870954236  0.94595229334571218  0.94786884267945049
  0.94957014237300019  0.95118001153657683  0.95275310208081165  0.95427742846753838
  0.95567131540063877  0.95698184084973181  0.95829350044855566  0.95957691650530108
  0.96083340631881609  0.96213301536135909  0.96346798815615142  0.96477585477619021
  0.96579851250148940  0.96684436193657375  0.96793180234298248  0.96903703108661665
  0.97014570801431654  0.97141259217003983  0.97235241328229838  0.97331147879165680
  0.97421516071731573  0.97512613387587610  0.97606012931677355  0.97706236981970651
  0.97814676270749301  0.97925392273044276  0.98036172675317435  0.98142195474267091
  0.98244536673113370  0.98333428040795101  0.98412412051498699  0.98487992199359853
  0.98562917519209059  0.98636526476623565  0.98719549882839530  0.98801595371568862
  0.98877365596343725  0.98946672748102782  0.98998062146599297  0.99049482625060337
  0.99101177642860416  0.99152416150140943  0.99201728708148718  0.99258805112009463
  0.99327663845413838  0.99393216095417758  0.99462871000091058  0.99531321806974482
  0.99605311141744834  0.99690795947154875  0.99814494475059667  1.00000000000000000
  0.02369801446604409  0.09111943799236769  0.14831110756319940  0.17564869963456553
  0.19335815629131159  0.20674848513595492  0.22025788903865887  0.23336033835525063
  0.24591713755879394  0.25794864478721280  0.27041421705075935  0.28516457900080688
  0.29745538549208350  0.30735030842981936  0.31718588947265902  0.32719511422339403
  0.33607403783328255  0.34383942082567315  0.35105617081056034  0.35848405106090614
  0.36550897895201140  0.37223181518081322  0.37873794601650324  0.38556457826313090
  0.39235308779976596  0.39993238229582734  0.40795181497492922  0.41533982314729534
  0.42238694232058482  0.42840764229227063  0.43468781451121175  0.44149101993918427
  0.44887266368381434  0.45686084396588200  0.46485237698816351  0.47215917187756051
  0.47812389602598199  0.48453180882224267  0.49045193898823641  0.49627450459339834
  0.50250583525329318  0.50891349093669280  0.51516853672357477  0.52118557052472092
  0.52651079468720507  0.53169094866626887  0.53669192319324721  0.54228830911891257
  0.54825570597879025  0.55440073942948098  0.56078546018164110  0.56655788433579857
  0.57174371589718986  0.57682394787068381  0.58172427379084268  0.58707396152152069
  0.59233451875308396  0.59692620212711811  0.60175643988332284  0.60622740012957266
  0.61027609579649233  0.61483865649323721  0.61962139084688639  0.62457282896272226
  0.63026449295362230  0.63625616105160776  0.64195822863543195  0.64750882319920522
  0.65321355764584543  0.65878113391093784  0.66461871164551645  0.67121679598120254
  0.67673263618432644  0.68191406291159729  0.68700884889964520  0.69196976053856363
  0.69681020485467537  0.70345341953098206  0.71009047525773128  0.71653175889781728
  0.72286687409163608  0.72947228281347176  0.73696410774997012  0.74623423887516427
  0.75626744853138772  0.76616630234115801  0.77612275455605950  0.78590711996643259
  0.79485235275456234  0.80264504579577844  0.81044631157400882  0.81899962430587825
  0.82862978155754996  0.84193162702926383  0.86361029676864953  1.00000000000000000
   7.0418782911564629E-010  -1.0000000000000000     
 F F F F F F F F F F F F F F F F F F F F F F F F F F F F F F F F F F F F F F F F F F F F F F F F F F F F F F F F F F F F F F F F F F F F F F F F F F F F F F F F F F F F F F F F F F F F F F F F F F F F F F F F F F F F F F F F F F F F F F F F F F F F F F F F F F F F F F F F F F F F F F F F F F F F F F F F F F F F F F F F F F F F F F F F F F F F F F F F F F F F F F F F F F F F F F F F F F F F F F F F F F F F F F F F F F F F F F F F F F F F F F F F F F F F F F F F F F F F F F F F F F F F F F F F F F F F F F F F F F F F F F F F F F F F F F F F F F F F F F F F F F F F F F F F F F F F F F F F F F F F F F F F F F F F F F F F F F F F F F F F F F F F F F F F F F F F F F F F F F F F F F F F F F F F F F F F F F F F F F F F F F F F F F F F F F F F F F F F F F F F F F F F F F F F F F F F F F F F F F F F F F F F F F F F F F F F F F F F F F F F F F F F F F F F F F F F F F F F F F F F F F F F F F F F F F F F F F F F F F F F F F F F F F F F F F F F F F F F F F F F F F F F F F F F F F F F F F F F F F F F F F F F F F F F F F F F
  <DiscreteSampler_grid>
  grouped_processes
  1 # 1 for a reference and 2 for a running grid.
  10 # Attribute 'min_bin_probing_points' of the grid.
  1 # Attribute 'grid_mode' of the grid. 1=='default',2=='initialization'
  0.0000000000000000 # Attribute 'small_contrib_threshold' of the grid.
  0.5000000000000000 # Attribute 'damping_power' of the grid.
 # binID   n_entries weight   weight_sqr   abs_weight
    169   10   1.144048796308306E-006   4.931509630371499E-012   1.144048796308306E-006
    172   10   1.144048796308306E-006   4.931509630371499E-012   1.144048796308306E-006
    175   10   1.656614727430231E-006   9.424251373008995E-012   1.656614727430231E-006
    176   10   1.656614727430230E-006   9.424251373008987E-012   1.656614727430230E-006
    178   10   1.656614727430231E-006   9.424251373008995E-012   1.656614727430231E-006
    179   10   1.656614727430230E-006   9.424251373008987E-012   1.656614727430230E-006
    187   10   6.119488819126209E-007   2.298311384747105E-012   6.119488819126209E-007
    188   10   6.119488819126198E-007   2.298311384747095E-012   6.119488819126198E-007
    190   10   6.119488819126209E-007   2.298311384747105E-012   6.119488819126209E-007
    191   10   6.119488819126198E-007   2.298311384747095E-012   6.119488819126198E-007
    211   10   8.276592936713673E-007   3.671745002385529E-012   8.276592936713673E-007
    212   10   8.276592936713706E-007   3.671745002385570E-012   8.276592936713706E-007
    214   10   8.276592936713673E-007   3.671745002385529E-012   8.276592936713673E-007
    215   10   8.276592936713706E-007   3.671745002385570E-012   8.276592936713706E-007
    223   10   2.543494418262923E-006   4.237387303886529E-011   2.543494418262923E-006
    224   10   2.543494418262927E-006   4.237387303886543E-011   2.543494418262927E-006
    226   10   2.543494418262923E-006   4.237387303886529E-011   2.543494418262923E-006
    227   10   2.543494418262927E-006   4.237387303886543E-011   2.543494418262927E-006
    235   10   2.493221537755839E-006   4.204127307815868E-011   2.493221537755839E-006
    236   10   2.493221537755843E-006   4.204127307815881E-011   2.493221537755843E-006
    238   10   2.493221537755839E-006   4.204127307815868E-011   2.493221537755839E-006
    239   10   2.493221537755843E-006   4.204127307815881E-011   2.493221537755843E-006
    259   10   4.571871993783339E-006   1.982731195284176E-010   4.571871993783339E-006
    260   10   4.571871993783402E-006   1.982731195284232E-010   4.571871993783402E-006
    262   10   4.571871993783339E-006   1.982731195284176E-010   4.571871993783339E-006
    263   10   4.571871993783402E-006   1.982731195284232E-010   4.571871993783402E-006
    265   10   8.675234081133912E-006   6.082293525307130E-010   8.675234081133912E-006
    266   10   8.675234081134011E-006   6.082293525307284E-010   8.675234081134011E-006
    268   10   8.675234081133912E-006   6.082293525307130E-010   8.675234081133912E-006
    269   10   8.675234081134011E-006   6.082293525307284E-010   8.675234081134011E-006
  </DiscreteSampler_grid>
