  0.00000218859358186  0.00000231214261991  0.00000241091466583  0.00000249762163270
  0.00000258003565837  0.00000267338896937  0.00000276795895015  0.00000287027012696
  0.00000297438904917  0.00000307346016889  0.00000317149110983  0.00000328092607327
  0.00000340227273538  0.00000353404078124  0.00000366509050798  0.00000380043923468
  0.00000394494498836  0.00000410048405447  0.00000426646272791  0.00000444334922290
  0.00000464055441293  0.00000484310805459  0.00000507013870843  0.00000531916917297
  0.00000557633721252  0.00000583218027495  0.00000610179784267  0.00000641471747334
  0.00000674178439618  0.00000706653955471  0.00000739274348783  0.00000772906166254
  0.00000807872537280  0.00000845800596231  0.00000885116990215  0.00000921242856961
  0.00000961104696525  0.00001003353103053  0.00001045553630900  0.00001093262980751
  0.00001146153482066  0.00001201405749048  0.00001256808612065  0.00001319040550968
  0.00001389366339912  0.00001465511698144  0.00001551100707360  0.00001645285458997
  0.00001745632814679  0.00001859485114820  0.00001980523135649  0.00002099748833329
  0.00002218502471880  0.00002340123481675  0.00002471937301123  0.00002626106446844
  0.00002791136129520  0.00002978340246450  0.00003181271585561  0.00003426712714194
  0.00003693685391969  0.00004000702692727  0.00004316715895810  0.00004682468064361
  0.00005100039740381  0.00005603012347200  0.00006147622215837  0.00006736855719331
  0.00007410778522037  0.00008185850616013  0.00009076297285940  0.00010004816245166
  0.00010967204220259  0.00012035552260349  0.00013320985505133  0.00014834925208352
  0.00016817297769741  0.00019318575293288  0.00022288534015296  0.00025787275245780
  0.00029931695546952  0.00034781863998464  0.00040003075757549  0.00045975821894968
  0.00054006595553145  0.00065277468179723  0.00075214373830247  0.00088474463355553
  0.00103736535427087  0.00127643617836578  0.00156925730498682  0.00210511631546695
  0.00327420791719217  0.00524974686037787  0.02157788003595719  1.00000000000000000
  0.00371719740184989  0.01251746222346387  0.02180222086691442  0.03189397806451701
  0.04284561634210028  0.05432217426520587  0.06585960905807890  0.07783068365099366
  0.09060043402766832  0.10374756560335319  0.11644349056206324  0.12827708444479041
  0.13801255427175554  0.14702461175967044  0.15642019501341442  0.16652959344628632
  0.17767538938990179  0.18776104577146530  0.19777880858543723  0.20711228851688612
  0.21621542272444291  0.22584427670695759  0.23700365720196018  0.24992159268229205
  0.26187346004264822  0.27383933496478863  0.28594537153045974  0.29846965775981266
  0.31111632356459706  0.32322110988370056  0.33457702733140793  0.34521648998792454
  0.35596151848385660  0.36698979393569026  0.37870254306203704  0.38887025527586017
  0.39849237286035299  0.40776271810610742  0.41774401323234400  0.42868868536231930
  0.43993079387375061  0.45055974726765180  0.46142386109493982  0.47239622245532531
  0.48329155465419371  0.49391719582990345  0.50398098524874357  0.51434475274831282
  0.52463701897819082  0.53533483583714592  0.54630906368915855  0.55764628504061398
  0.56895112626771183  0.58048221616217432  0.59238624537956275  0.60418468250158863
  0.61501652795638784  0.62511573641354079  0.63445625830507546  0.64408608358519714
  0.65402520065232594  0.66324263234741498  0.67236117581750499  0.68096017894274141
  0.68935888128707434  0.69829890612402423  0.70726082359297404  0.71713678821574534
  0.72779107318986325  0.73807154331797842  0.74804734417761476  0.75790458382720050
  0.76777580929190559  0.77790100386498739  0.78770894802607072  0.79755746154083551
  0.80771387732653022  0.81830846770127674  0.82900295299155480  0.84006177420584327
  0.85154081689928829  0.86300694317591287  0.87413308421261926  0.88480842817397209
  0.89539244801366757  0.90592538062257066  0.91582285971104826  0.92506181266728849
  0.93371922226354032  0.94230038715105635  0.95109942481871779  0.95943407483054366
  0.96801838335456003  0.97684267657758628  0.98792828348227357  1.00000000000000000
  0.00000305912695017  0.00000333547938486  0.00000352612458725  0.00000369828459308
  0.00000391151616035  0.00000414137025953  0.00000439259806372  0.00000469749777493
  0.00000502727887211  0.00000536117995797  0.00000569387276840  0.00000606951228397
  0.00000647303363437  0.00000692518714040  0.00000743467859100  0.00000799409861488
  0.00000862503778813  0.00000926289551085  0.00000995175999745  0.00001070637371676
  0.00001169514174033  0.00001279455982758  0.00001398711186612  0.00001528548859170
  0.00001663895452579  0.00001816052312279  0.00001988178241365  0.00002190587445506
  0.00002409374470730  0.00002640012721222  0.00002891964674952  0.00003174883307335
  0.00003482524144899  0.00003811189121755  0.00004157115916737  0.00004545285460751
  0.00004977878650167  0.00005450205933127  0.00005957510189256  0.00006515044669474
  0.00007131504132738  0.00007781967413249  0.00008557600522764  0.00009396958239939
  0.00010329012368479  0.00011306709561919  0.00012308756367812  0.00013377137704673
  0.00014500089806426  0.00015778855181953  0.00017102681655982  0.00018520843091351
  0.00020128373534462  0.00022073642079701  0.00024125630079620  0.00026072935529066
  0.00027950161136135  0.00029912950081021  0.00031827159429000  0.00033782857355888
  0.00035859647712059  0.00037971213602543  0.00040175649769346  0.00042412609395222
  0.00044794718923185  0.00047721498502945  0.00051836956377889  0.00056986546946007
  0.00062315771124065  0.00067930869776745  0.00073595829839979  0.00080440629395877
  0.00088595823579312  0.00100020821875031  0.00110364554405555  0.00119796433062080
  0.00129864854636755  0.00141705306441143  0.00154791419470032  0.00166805017643765
  0.00177655346284196  0.00190345740128695  0.00202996511250585  0.00217829503530784
  0.00234889639560195  0.00253534664995288  0.00276052533811397  0.00308450136070928
  0.00345945184599598  0.00392143839674175  0.00436365314930035  0.00530460178488911
  0.00686001756935150  0.00913166504566181  0.06058014752662214  1.00000000000000000
  0.00000374927549174  0.00000558742196561  0.00000638493075244  0.00000717807795866
  0.00000809756450280  0.00000887825056119  0.00000976546016742  0.00001074345394788
  0.00001176859270044  0.00001272440379868  0.00001370315473802  0.00001471309177961
  0.00001584136593208  0.00001703274908554  0.00001835271575001  0.00001978820875953
  0.00002131746956963  0.00002284907258421  0.00002448238820039  0.00002627112195030
  0.00002824685086358  0.00003048709757304  0.00003306291692817  0.00003584435014733
  0.00003864389815679  0.00004160356285150  0.00004487161377081  0.00004839479367546
  0.00005218445638238  0.00005640061132385  0.00006135152589786  0.00006692071260891
  0.00007260845714472  0.00007841010967621  0.00008460501748996  0.00009102182752855
  0.00009753032222276  0.00010427841658475  0.00011135093367368  0.00011898899277322
  0.00012691715981649  0.00013508817608750  0.00014381233048884  0.00015332960750553
  0.00016407358950618  0.00017585666871309  0.00018648576473664  0.00019827471249261
  0.00020988157524104  0.00022214924261339  0.00023527112043729  0.00024939263868777
  0.00026505110721195  0.00028140782427967  0.00029927518914593  0.00031715234493376
  0.00033681536320150  0.00035684762770413  0.00037788306554227  0.00039958656908229
  0.00042318823594964  0.00044911358385587  0.00047668316603684  0.00050476022191048
  0.00053229181546272  0.00056301885624286  0.00059717560882451  0.00063074458831884
  0.00066896562582216  0.00070827608249713  0.00075726039048651  0.00080753706219288
  0.00085040558361813  0.00089518181634330  0.00094271128224910  0.00099985636167075
  0.00105884409040182  0.00113492703528312  0.00123246250609547  0.00134557913328305
  0.00148932158007196  0.00168030364750684  0.00195765182971051  0.00219601868325817
  0.00239214972061892  0.00258041523892825  0.00284537782453648  0.00323065837962516
  0.00366004791934779  0.00415990349079157  0.00478098390939535  0.00518642286068831
  0.00565411284452565  0.00612246526331478  0.01611915309291746  1.00000000000000000
 -0.00229051764669305  0.01161553503756041  0.02293101930918751  0.03473204626475039
  0.04625226869760737  0.05750661439155645  0.06849030848201028  0.07945257055638932
  0.09030342148343740  0.10093314792447897  0.11068074978957429  0.12002741609564987
  0.12847716890588945  0.13634911938637970  0.14434943168311640  0.15286263629166591
  0.16273384107753788  0.17239808542672111  0.18205514738263401  0.19158705517246027
  0.20169001536462289  0.21116259736904808  0.22016923002437613  0.22962120603050598
  0.23921277897277304  0.24897796467545613  0.25848990863084681  0.26798270819965209
  0.27808810747472074  0.28842156345651915  0.29900340916592200  0.31013839806457699
  0.32134441140855768  0.33262240633938384  0.34345560681870674  0.35485026999850844
  0.36669903108787050  0.37851789466747371  0.38981358009185557  0.40096115827879664
  0.41146331201929681  0.42166899339410152  0.43169404958838326  0.44183640763157062
  0.45300484351750153  0.46427989028686462  0.47529093019686508  0.48661579094518959
  0.49735047044306235  0.50741875667353065  0.51712002332422069  0.52732440210166454
  0.53819500352070138  0.54860189429669604  0.55902341553404322  0.56968763537154921
  0.58076254973560593  0.59222282817097627  0.60234634181786162  0.61146417926975594
  0.62041385943117267  0.63045589837985783  0.64187123123656109  0.65355395926242366
  0.66514023067566541  0.67688933110872029  0.68840415526011633  0.70071977313571698
  0.71278575706209524  0.72522082641146424  0.73571624339012709  0.74631137460598995
  0.75689957056515866  0.76770226162771671  0.77797628467702662  0.78801898634216527
  0.79740213584046871  0.80766530097698064  0.81795317821930746  0.82877967541930053
  0.83896792117871921  0.84853009059105899  0.85830107041758252  0.86831557720232477
  0.87896379291110716  0.88905819575298783  0.90043438060963132  0.91122907426978761
  0.92211835791219410  0.93242732636695835  0.94232918653215703  0.95257636002862422
  0.96360096569822795  0.97591839357809218  0.98838173426253628  1.00000000000000000
 -0.00134183210200047  0.01005346937968706  0.02005889514391686  0.03009067031596440
  0.04041465773899205  0.05109575676642309  0.06212766060032093  0.07286285563446394
  0.08411284471970878  0.09621563867160238  0.10823838588105537  0.11928128116946767
  0.12999584924516333  0.14063604681058919  0.15129125650612893  0.16210453479476825
  0.17324653973791554  0.18489018366988710  0.19630944165447448  0.20813092133738520
  0.22005926834421041  0.23248440054673117  0.24464656253284819  0.25624776084797152
  0.26783978156591670  0.27836322938896152  0.28902943953432542  0.29927100838425186
  0.31006242578547527  0.32117152922997655  0.33258265267311204  0.34390197613530948
  0.35490012010459765  0.36627323308557336  0.37713344186020398  0.38821236303714668
  0.39874886750878930  0.41065148806847718  0.42145061491333963  0.43191492204338666
  0.44162760263061596  0.45170571131463350  0.46140933499548981  0.47111749007069248
  0.48023228251322320  0.48983419481745499  0.49937096921984192  0.50897432037956736
  0.51885059345729501  0.52860372427737679  0.53885496172698411  0.54929988279376774
  0.55969071276491422  0.57006219199266439  0.58058768050995913  0.59153806941024412
  0.60308336644519644  0.61466805256602475  0.62452056179912241  0.63377298200171339
  0.64318234124549734  0.65456450915255660  0.66637696437738747  0.67747670582687303
  0.68884844868288309  0.70173976058250387  0.71326073584692984  0.72346883658297001
  0.73366498648008460  0.74464755307063335  0.75537782412535115  0.76568492912152664
  0.77591235651621826  0.78630365682520154  0.79583259501951042  0.80474982070408974
  0.81422141900779710  0.82495487944209400  0.83631860336411024  0.84863728288633011
  0.86037841103016022  0.87092283675332227  0.88049744353817605  0.89000812021403153
  0.90065343538680664  0.91131449126284902  0.92151082425607156  0.93116109462219976
  0.93955341195841025  0.94837544568461496  0.95587119621299843  0.96284140391829842
  0.97039840820177681  0.97778656009030740  0.98802152278511091  1.00000000000000000
 -0.00126389457594444  0.00545282836928059  0.01170057827128754  0.01844534704830469
  0.02532370870077995  0.03263318680115564  0.03995709588231781  0.04768156421087576
  0.05592933639909424  0.06395929014292846  0.07191737734310216  0.07981177944279046
  0.08797095857329018  0.09516632237536785  0.10193547497926705  0.10903445833326658
  0.11658224861736555  0.12509745869659999  0.13462173636279204  0.14422757921370175
  0.15396265246959726  0.16301599173409786  0.17168629565284124  0.18063948325527068
  0.18976057134650781  0.19900126688761915  0.20827261158590021  0.21782018712640211
  0.22747695917656752  0.23746991087389038  0.24769310259053534  0.25760749752556644
  0.26692227721345985  0.27591696585973080  0.28525567990015732  0.29520869045941217
  0.30561745996902162  0.31625870183060223  0.32692775600127527  0.33777606008398636
  0.34880872554864134  0.35960645537625341  0.37004107875070719  0.38030016055781452
  0.39068047793702615  0.40144215422401186  0.41253986465070608  0.42389405251792522
  0.43499397286907010  0.44622818608820825  0.45685208510563857  0.46677525264403918
  0.47630009762346726  0.48665663037934154  0.49780977063710108  0.50936128820567717
  0.52085221694673767  0.53378846993102558  0.54674727568163051  0.55971447137791142
  0.57057677725466172  0.58128594898273822  0.59090064422064659  0.60066328810397929
  0.61114236504374542  0.62152094453992268  0.63188128820621015  0.64252620983078690
  0.65364793929087517  0.66489977614624962  0.67605054136215359  0.68683973834070466
  0.69859956829555769  0.71114133290188397  0.72461487844516326  0.73556020886042539
  0.74556724077368952  0.75552526195721459  0.76584129134077572  0.77519392319268310
  0.78436564050593083  0.79365972513036198  0.80391854190490286  0.81678084931051831
  0.83245827737327671  0.84879984466866587  0.86551693066829782  0.88357222580346007
  0.90149978554176968  0.91711322864954170  0.92948611082819443  0.94237265713632490
  0.95722768898739519  0.97257356695653374  0.98645590869861144  1.00000000000000000
 -0.00276602065947637  0.00861991591349410  0.01910864528139299  0.03099656420438452
  0.04316955571751358  0.05338028908108215  0.06327925047838885  0.07287482801812756
  0.08316678909615051  0.09349280284115284  0.10394210677156070  0.11527301897888492
  0.12702008747568208  0.13858870014564093  0.15018106507610574  0.16188645507587698
  0.17442257476484790  0.18744445196198442  0.19980960467476394  0.21075792942012667
  0.22114510311816438  0.23155884891263476  0.24204522099703341  0.25309433237957485
  0.26395530079940022  0.27416227589898495  0.28464481821806237  0.29603030059610269
  0.30895429191214668  0.32075677406654524  0.33184591092484139  0.34274193054385405
  0.35360676303210031  0.36385476960429874  0.37441614495048087  0.38522368051419781
  0.39649781902947018  0.40750730231748489  0.41917280069033713  0.43096503515191426
  0.44260044839063944  0.45328362111257281  0.46363286970002887  0.47483896176186202
  0.48568670998191937  0.49719925826999600  0.50867330211091422  0.52001757901101053
  0.53046712479375091  0.54037062760764276  0.55057838178314555  0.56082323546950674
  0.57080704217625411  0.58001718137686176  0.58905446995256550  0.59832744043431441
  0.60694504273770622  0.61535807781669449  0.62427184359804322  0.63282446405066750
  0.64246219535078986  0.65190041732211312  0.66245014889999232  0.67353734636982554
  0.68423601919317911  0.69399941935068055  0.70312549293720361  0.71144526874125125
  0.72005723133618627  0.72946620520828831  0.73965894994884751  0.74938385115981065
  0.75875327187296548  0.76854025383063351  0.77886055742697990  0.78879782414783894
  0.79850093301459268  0.80818133071573173  0.81795289677167327  0.82735575962569119
  0.83695857426641684  0.84729940594322428  0.85868072490658964  0.87024780990077422
  0.88141717932422736  0.89211188993145596  0.90241728257558307  0.91273381181311375
  0.92343318728503843  0.93482131060318951  0.94678904292599497  0.95827134894357435
  0.96852371876531795  0.97858238595008940  0.98875153684532080  1.00000000000000000
 -0.00197190360016055  0.00829689389189436  0.01707798730083474  0.02624112701442089
  0.03565443376234605  0.04610511873791951  0.05666786034340256  0.06760723908653152
  0.07742983560530180  0.08772053049671442  0.09845861785038036  0.11099217909760488
  0.12371340069917117  0.13585438136385233  0.14701207818640724  0.15776798348229099
  0.16888873805046942  0.18010073283416558  0.19093715772078398  0.20132018616332042
  0.21139589551677129  0.22208751820999104  0.23248439681394600  0.24392730111217889
  0.25554248320609230  0.26757351268163715  0.27976207955304189  0.29243566337030802
  0.30573297032818320  0.31779246399349581  0.32884561333638651  0.33963270515856692
  0.35056794039143013  0.36139769200731392  0.37198266398859026  0.38226966535657741
  0.39235191471241909  0.40231944633771916  0.41274828886643511  0.42306932288657262
  0.43326135945140398  0.44325543985539617  0.45312431407390374  0.46301458989788785
  0.47328459751990531  0.48492104673235942  0.49607120688000000  0.50690707392064838
  0.51740624974724458  0.52909065040431380  0.54133420859527448  0.55288436019549148
  0.56450362448513991  0.57415767631744496  0.58415318875074884  0.59402217296836424
  0.60304070645539587  0.61231272150830474  0.62221277735391467  0.63326169659565357
  0.64462166934452803  0.65571250436614825  0.66671880456743449  0.67773071222707071
  0.68863532009499706  0.70140279549995532  0.71309000850130178  0.72287674033007776
  0.73265005005858663  0.74214784916066123  0.75205865110830517  0.76120469844851524
  0.77104169616012652  0.78058250060672463  0.78948860575715762  0.79756605021370075
  0.80515039329871396  0.81247577295363205  0.82004512534248086  0.82869205754329744
  0.83757996413576630  0.84709972670661948  0.85716712585900134  0.86782908339179576
  0.87872125464768447  0.89058476131151920  0.90186646726450181  0.91232253342584368
  0.92216761042202389  0.93216282415098695  0.94283978373995703  0.95434051257850716
  0.96615193456561455  0.97772873192125043  0.98909850687851109  1.00000000000000000
 -0.00004919151195177  0.00009401529775582  0.00025450151072701  0.00049776341644258
  0.00069110641814147  0.00081198462969671  0.00093396333467811  0.00105662560740938
  0.00116837898912319  0.00127823523465430  0.00139172314237364  0.00150556145430384
  0.00161950113207340  0.00173743331798480  0.00187181563627732  0.00200716689841201
  0.00214328305979556  0.00229400388926647  0.00245049639099526  0.00261240443376245
  0.00276975119915634  0.00293893890663145  0.00311664969674880  0.00329780884598625
  0.00348104553945113  0.00366695063727687  0.00385830766074279  0.00400570413551462
  0.00413017180860447  0.00423567095115110  0.00434014302996710  0.00444617275416698
  0.00455599913586909  0.00468713143675781  0.00483074722534024  0.00496344161223329
  0.00507728466906632  0.00516215597621401  0.00524464980969166  0.00531865189367495
  0.00539217964047815  0.00546401114677252  0.00553665368794349  0.00561338947923666
  0.00570102174832997  0.00582251887956359  0.00594859751106634  0.00607844512552100
  0.00622131511640813  0.00634525618469685  0.00645974600294120  0.00657116073456560
  0.00668116426107185  0.00679541824871047  0.00691945231892574  0.00708721126988378
  0.00727073886422703  0.00746320378909876  0.00767798796904929  0.00791563147888731
  0.00817402308042322  0.00844391249646871  0.00872809254875523  0.00906397533895419
  0.00956367883525780  0.01008035862471018  0.01066863698883875  0.01117220215285228
  0.01179005091405258  0.01204176215901135  0.01227395089502148  0.01246773927101876
  0.01266600120261942  0.01286017955538783  0.01297164744926860  0.01304946136144870
  0.01326923984200273  0.01348893682477755  0.01365853086746030  0.01386380445245522
  0.01413673926592732  0.01462185610404243  0.01505692979400216  0.01533021441015294
  0.01578962635535156  0.01637245201660686  0.01714419653888292  0.01812920173155195
  0.01955422346325094  0.02205784025793851  0.02456888635434141  0.02706987213580013
  0.02928166286182937  0.03237375900534135  0.14342613702282225  1.00000000000000000
 -0.00179225292619173  0.00694246806286209  0.01488372781574614  0.02323212122397932
  0.03205437204489155  0.04141860137595929  0.05075480432967883  0.06017086970846032
  0.06938843843981861  0.07789503128308962  0.08620867735159743  0.09461529431749471
  0.10321853041267151  0.11281545384322868  0.12255755236243829  0.13344493739130889
  0.14434193327909237  0.15483556284319289  0.16491902736154815  0.17580615416581322
  0.18727422812828359  0.19684257731280397  0.20559327559005072  0.21432048371659951
  0.22391627264569541  0.23426601547946074  0.24482109955668005  0.25590757625549765
  0.26807018596568161  0.28105437494751589  0.29416655958785887  0.30728501684653292
  0.32009716883530287  0.33269186835136721  0.34498306493294401  0.35742998836559220
  0.36960841565410835  0.38094659697331168  0.39185036538545615  0.40322518744841723
  0.41554075419315267  0.42805030283581158  0.44087825375697687  0.45462511823483986
  0.46935048911538280  0.48383357955465861  0.49757150658226135  0.51060897326274901
  0.52420255210551314  0.53758682828134341  0.55046060321547285  0.56354646862873015
  0.57777939252296673  0.59075462894299335  0.60370564866288423  0.61633465340252802
  0.62790257724265308  0.63902241379503011  0.65043768356542819  0.66183170828914961
  0.67365145616154898  0.68608136238041029  0.69871084338842671  0.71072949510410688
  0.72173782683900400  0.73241774846555163  0.74253816867176514  0.75237563647893690
  0.76209477439046447  0.77165628311077572  0.78136884228107495  0.79014095782845517
  0.79911673720066445  0.80842089271118345  0.81968551318969163  0.83119441941827987
  0.84141188633756636  0.85080020512149157  0.86006504992644006  0.86936623383373901
  0.87849444006461008  0.88708668291207937  0.89478610452223928  0.90238839423460082
  0.91030933370673572  0.91860089970865033  0.92816035074009995  0.93732390581716440
  0.94556719142443102  0.95373409461656378  0.96153066630895090  0.96921755660886100
  0.97632329505985971  0.98377111516801008  0.99128309824351424  1.00000000000000000
  0.52877591324177642  0.54032300745317707  0.56223158504875170  0.57940249668362109
  0.58858629882331492  0.59713099452924745  0.60535621247945659  0.61315412941760061
  0.62066124213095508  0.62826926688323281  0.63575003549837117  0.64286567365273928
  0.64917518931586171  0.65522223163336002  0.66110252342107523  0.66715859262246469
  0.67292287539854645  0.67830878890594670  0.68395496282663415  0.68943617065876095
  0.69550503994268498  0.70142629543224544  0.70723886992677409  0.71266574507949176
  0.71745809360268609  0.72195063620273692  0.72636908436012537  0.73118734155863219
  0.73590138372878855  0.74096571901726604  0.74627851980020143  0.75168583412296908
  0.75666345077762831  0.76117689969291669  0.76556863758321592  0.77006939442881928
  0.77463042637776136  0.77949297616240465  0.78445394461149642  0.78934027598978873
  0.79401897360846863  0.79863713900680799  0.80332906125877801  0.80797068651847082
  0.81230336026168071  0.81665654268552901  0.82106045659469040  0.82546163868709665
  0.82988308276508438  0.83411278412263867  0.83811161042458027  0.84209986564603001
  0.84599394500735881  0.84996329413515659  0.85390316760620133  0.85794001581641888
  0.86203799097515577  0.86617267056318781  0.87019404475668172  0.87404048663542655
  0.87795254637180209  0.88164468562916987  0.88542231654522952  0.88903402311586543
  0.89271260280428888  0.89629131989256672  0.89960151503054309  0.90277027900722784
  0.90597640425744819  0.90897157395734973  0.91209068496073042  0.91545904861838778
  0.91853604469965067  0.92164734728643183  0.92458630317934265  0.92731685755076931
  0.93049062765716628  0.93384936104672134  0.93737480249809613  0.94096434309806498
  0.94426451781713605  0.94736946287991974  0.95045742590124882  0.95364933519812078
  0.95702831467714811  0.96069602797727094  0.96424557681038148  0.96784656487853982
  0.97136459429301703  0.97508108623510492  0.97903088102645486  0.98309201093060872
  0.98704174201944295  0.99087580717800627  0.99502563434554692  1.00000000000000000
  0.05273176497116581  0.07777006717146281  0.10057446177825351  0.11821583314850380
  0.13003501773843307  0.13845496537931232  0.14681375994693907  0.15546536509900283
  0.16360953285405958  0.17028066104841391  0.17568643035241155  0.18060240649587028
  0.18593464766472961  0.19077985751911564  0.19555030855473915  0.20014592035023251
  0.20457360350102261  0.20967939938833627  0.21515296426359296  0.22064286379561687
  0.22595236145563741  0.23108118983043846  0.23622186955991789  0.24139135430705405
  0.24588783832174343  0.25046941098555697  0.25472730148634903  0.25893695140744227
  0.26369941857133461  0.26841220596239401  0.27297203159470951  0.27772325797061881
  0.28216021088292315  0.28679073124212850  0.29152939241415093  0.29665067501463321
  0.30203134542130217  0.30734024821260608  0.31250969584593380  0.31799601246612902
  0.32353678930153951  0.32901084951469778  0.33462990896170280  0.34040158183679042
  0.34627409260855724  0.35205380988391050  0.35764984705192476  0.36327556015650536
  0.36904479338786933  0.37479604619795154  0.38066688298753032  0.38668525595242820
  0.39244856521179677  0.39832856042443110  0.40465731383298842  0.41129413499400019
  0.41756509234846362  0.42350671050937677  0.42914607414036882  0.43509113543006134
  0.44152767042574809  0.44822586189214642  0.45514610429301239  0.46214560229442825
  0.46929988885469009  0.47676137242526340  0.48478249064435974  0.49286678793888228
  0.50142483084922962  0.50987689751811693  0.51884681266918087  0.52812582867455571
  0.53723414127556823  0.54571504183660480  0.55444038344569080  0.56398376102535119
  0.57412159654688055  0.58418453833949102  0.59445137784044555  0.60466143182053911
  0.61639222003847771  0.62854274089253503  0.64150040546264708  0.65542768072896795
  0.67006835606237236  0.68501205170582513  0.70002881279535567  0.71487581396762512
  0.72964256602171484  0.74592878546055008  0.76579938938492564  0.78903767164849603
  0.81971446146237548  0.88356343914564228  0.93215082988144060  1.00000000000000000
   1.6296177394345169E-005  -1.0000000000000000     
 F F F F F F F F F F F F F F F F F F F F F F F F F F F F F F F F F F F F F F F F F F F F F F F F F F F F F F F F F F F F F F F F F F F F F F F F F F F F F F F F F F F F F F F F F F F F F F F F F F F F F F F F F F F F F F F F F F F F F F F F F F F F F F F F F F F F F F F F F F F F F F F F F F F F F F F F F F F F F F F F F F F F F F F F F F F F F F F F F F F F F F F F F F F F F F F F F F F F F F F F F F F F F F F F F F F F F F F F F F F F F F F F F F F F F F F F F F F F F F F F F F F F F F F F F F F F F F F F
  <DiscreteSampler_grid>
  grouped_processes
  1 # 1 for a reference and 2 for a running grid.
  10 # Attribute 'min_bin_probing_points' of the grid.
  1 # Attribute 'grid_mode' of the grid. 1=='default',2=='initialization'
  0.0000000000000000 # Attribute 'small_contrib_threshold' of the grid.
  0.5000000000000000 # Attribute 'damping_power' of the grid.
 # binID   n_entries weight   weight_sqr   abs_weight
    37   10   1.021079360077495E+001   9.700800818731632E+002   1.021079360077495E+001
    38   10   1.021079360077487E+001   9.700800818731470E+002   1.021079360077487E+001
    43   10   1.024644789441225E+001   9.693683389240559E+002   1.024644789441225E+001
    44   10   1.024644789441217E+001   9.693683389240401E+002   1.024644789441217E+001
    46   11   4.411931020403494E+000   2.064144672140048E+002   4.411931020403494E+000
    47   11   4.411931020403461E+000   2.064144672140018E+002   4.411931020403461E+000
    58   11   1.317268052091197E+000   1.332952562065384E+001   1.317268052091197E+000
    59   11   1.317268052091178E+000   1.332952562065338E+001   1.317268052091178E+000
    61   11   2.743938275923190E+000   5.006709083879009E+001   2.743938275923190E+000
    62   11   2.743938275923154E+000   5.006709083878829E+001   2.743938275923154E+000
    64   11   2.731373112950674E+000   4.999875593750230E+001   2.731373112950674E+000
    65   11   2.731373112950638E+000   4.999875593750050E+001   2.731373112950638E+000
    79   11   4.411931020403494E+000   2.064144672140049E+002   4.411931020403494E+000
    80   11   4.411931020403462E+000   2.064144672140018E+002   4.411931020403462E+000
    124   11   1.317268052091197E+000   1.332952562065384E+001   1.317268052091197E+000
    125   11   1.317268052091178E+000   1.332952562065338E+001   1.317268052091178E+000
  </DiscreteSampler_grid>
