  0.00293047264910928  0.01258568743124296  0.02479619220528906  0.03741706148015515
  0.05100701850437197  0.06441805499667974  0.07685365583252056  0.08785789843234144
  0.09701081875768638  0.10583078750778427  0.11442461453910555  0.12329243881702473
  0.13216380024360563  0.14100680775516075  0.15157332514102076  0.16308445881661277
  0.17380628521547045  0.18436000826208221  0.19589533728269934  0.20717940083325306
  0.21838990595919275  0.22905188807459151  0.24154848097414333  0.25425533358558683
  0.26674195668844963  0.27829838854748662  0.28921281103493907  0.29823630388099392
  0.30708456979139209  0.31653912740733547  0.32895433145222147  0.34181874982164978
  0.35324105765131325  0.36375628855441094  0.37376322515200316  0.38372440600241081
  0.39349444857697835  0.40300328148099557  0.41294016150054280  0.42286864108588534
  0.43267074123830146  0.44235523618682332  0.45149957701556376  0.46079924776837622
  0.47050755834217955  0.48080411966665493  0.49133934402655322  0.50152201778250594
  0.51111019219240406  0.52146317136243225  0.53304763948681222  0.54447524370370404
  0.55596715272477404  0.56733582890102863  0.57829231657732538  0.58930192603404741
  0.60002912679926201  0.61081744062034116  0.62138985319888973  0.63206048473488630
  0.64308270462937389  0.65405686385505202  0.66520067431592633  0.67459622180871603
  0.68372826517206897  0.69295374068725313  0.70374250244124448  0.71399479576484359
  0.72410791524349061  0.73322838718115080  0.74416021325226900  0.75531893212080237
  0.76744543378641839  0.77834219997707654  0.78914375717840402  0.80007174003452097
  0.81170910892228532  0.82283745620039828  0.83451011962984567  0.84631267700684887
  0.85751734341266772  0.86813867647215948  0.87880556657931219  0.88982638857931706
  0.90086497780696695  0.91172256302288579  0.92132305226836653  0.93070076224137155
  0.93985024076156132  0.94952070862647731  0.96041793761268557  0.97093250783869678
  0.97995065196803743  0.98713255044375736  0.99206853201416223  1.00000000000000000
  0.00231778674478152  0.01677585817253700  0.03175021683514218  0.04591950269238194
  0.05959633671282318  0.07152509652199815  0.08222034006251711  0.09275844908302457
  0.10389964553385882  0.11575877255538816  0.12822000023311181  0.14071988007697869
  0.15239059023649668  0.16335299046228591  0.17426811284912413  0.18570214231995452
  0.19784343143397948  0.21054943041991295  0.22460070167362592  0.23840197525752047
  0.25096545855745062  0.26255805780148006  0.27307844847027973  0.28352068284877174
  0.29390955898026438  0.30440499907503626  0.31426809788249760  0.32403849741744445
  0.33312369040905987  0.34260673908373251  0.35264243871228607  0.36296703799784125
  0.37397309619836611  0.38483879326592813  0.39543841276685920  0.40665459095609841
  0.41734519754679389  0.42783823597388076  0.43909475800481529  0.45087660301523325
  0.46192859016221810  0.47254413145460206  0.48357111968906413  0.49547002388506961
  0.50737136203694966  0.51957395723585786  0.53233765331875960  0.54519213146121948
  0.55729521747757715  0.56888678572963869  0.58059706753949425  0.59186716594298350
  0.60259880436745672  0.61351441077805702  0.62503512961468155  0.63650371453292620
  0.64731652591822841  0.65827843197708025  0.66955279150155045  0.68103100146487805
  0.69178090305584927  0.70163398021760259  0.71142488814868332  0.72074713819318836
  0.72989039807376332  0.73908207142705007  0.74844808388659267  0.75832506191322813
  0.76839705321732055  0.77839210240080270  0.78676503447260593  0.79408925127969343
  0.80136628136310895  0.80835766760489369  0.81734685262191442  0.82686809554165008
  0.83530263191636966  0.84284565876530859  0.85028615060949975  0.85854303847421720
  0.86767870819335546  0.87674239042233282  0.88592310079136694  0.89487092203037510
  0.90417164616007106  0.91402801299653669  0.92377261099381069  0.93391746250727792
  0.94436551606432795  0.95294141011941391  0.96071710334530247  0.96834914109935255
  0.97559712851056646  0.98363512593982283  0.99257898965374458  1.00000000000000000
  0.00001347618140688  0.00001392057797635  0.00001435582987009  0.00001545384092702
  0.00001648295488916  0.00001725400646192  0.00001789801175916  0.00001847662453909
  0.00001902893178742  0.00001964359944897  0.00002038055868367  0.00002140860099054
  0.00002287372788240  0.00002448937708883  0.00002597528269686  0.00002751949779164
  0.00002920253368483  0.00003091048973038  0.00003278630836243  0.00003461050156429
  0.00003648876096734  0.00003857089998745  0.00004075916579648  0.00004326484595482
  0.00004591986549082  0.00004870758830899  0.00005194136308529  0.00005587880596284
  0.00006033117605718  0.00006529415818144  0.00007004171754393  0.00007474440448515
  0.00007988402279978  0.00008504551598099  0.00009227444780381  0.00010056692210732
  0.00011049375043823  0.00012139232821579  0.00013401667073949  0.00014752414099210
  0.00016151438158853  0.00017616987948444  0.00019134049616287  0.00020793315209661
  0.00022563896412122  0.00024607149039284  0.00026794465709142  0.00029183939012972
  0.00031605384067633  0.00034059741758627  0.00036470047484131  0.00038988195055557
  0.00041656375246176  0.00044646991180369  0.00047949681263511  0.00051383557665047
  0.00054864854134242  0.00058215561354437  0.00061727410939546  0.00065481925668968
  0.00069848642704275  0.00075036342805789  0.00080958497006036  0.00086041899041020
  0.00089904901395512  0.00093604256972893  0.00097247908961655  0.00101522386617555
  0.00106445241153439  0.00111541485201075  0.00118173621924779  0.00125000082123599
  0.00131324153481885  0.00137934161452769  0.00146118068602552  0.00154178200783966
  0.00164074507339565  0.00175211772147857  0.00187678427448263  0.00202291300056335
  0.00219578929244134  0.00241240610607193  0.00255842891591027  0.00271954365729521
  0.00285421976643995  0.00297656199973572  0.00308657506498655  0.00319674550659419
  0.00331528157029667  0.00345731599738257  0.00365590821600548  0.00381961404330647
  0.00409204533453530  0.00455940450412914  0.02463296422840417  1.00000000000000000
  0.00000470540138522  0.00000482039027316  0.00000499276176355  0.00000520438263760
  0.00000541680740533  0.00000559033224074  0.00000574249121508  0.00000596181036243
  0.00000623377273898  0.00000651330168691  0.00000680090974067  0.00000710472298222
  0.00000742165371762  0.00000779820695402  0.00000814781419409  0.00000851016993335
  0.00000887550964466  0.00000923167671757  0.00000960785139274  0.00001001229846750
  0.00001044379312995  0.00001088625246868  0.00001131198451849  0.00001171023040048
  0.00001211553985470  0.00001256840844362  0.00001301837052052  0.00001350156969831
  0.00001401733968874  0.00001456504884559  0.00001511673703161  0.00001565213263822
  0.00001618170078169  0.00001670722694151  0.00001725335966233  0.00001787389941081
  0.00001857411770329  0.00001924490057422  0.00001992282740565  0.00002064329656711
  0.00002141373180377  0.00002222746383775  0.00002308604701401  0.00002402021179519
  0.00002501232336556  0.00002606964110047  0.00002721757413796  0.00002845833382595
  0.00002979098398420  0.00003127386464128  0.00003288439966338  0.00003443211271911
  0.00003618600086551  0.00003786114990945  0.00003967951797607  0.00004155369878530
  0.00004351449100221  0.00004559169212158  0.00004779684906680  0.00005014916288663
  0.00005248632111383  0.00005485307486282  0.00005762317930746  0.00006105068578376
  0.00006503979055078  0.00006931542357307  0.00007387685938065  0.00007908148205594
  0.00008531291833816  0.00009236713205476  0.00010019286028905  0.00010896317856937
  0.00011898028514745  0.00013017532665818  0.00014262826672508  0.00015575919679493
  0.00017057694899625  0.00018756709274001  0.00020937173194296  0.00023744885128247
  0.00026911184228802  0.00030601480739420  0.00035268140462169  0.00040906658207657
  0.00048309379216989  0.00057718755948556  0.00070505777149961  0.00088941553587976
  0.00113530620082844  0.00139515020921146  0.00175335250719834  0.00242855087097688
  0.00322420320434298  0.00447750557096422  0.03395596056173635  1.00000000000000000
  0.00000523641382118  0.00000743039754294  0.00000848358510190  0.00000915320948629
  0.00000984950825981  0.00001049236430776  0.00001118915735481  0.00001194589764650
  0.00001268330046153  0.00001339062547953  0.00001409788376952  0.00001485675340744
  0.00001575605231663  0.00001681368636381  0.00001801765816717  0.00001925771696169
  0.00002052297653749  0.00002184610270199  0.00002324170561261  0.00002469339947996
  0.00002618652216328  0.00002774507417751  0.00002934220064217  0.00003102207969362
  0.00003281919396163  0.00003476306948057  0.00003687308097537  0.00003903541262208
  0.00004123833599402  0.00004353093781761  0.00004586834121018  0.00004803892005157
  0.00005035437397824  0.00005269480969969  0.00005518354873162  0.00005789926937647
  0.00006092769735299  0.00006436739372027  0.00006811727747194  0.00007231759886662
  0.00007684397546308  0.00008173895499910  0.00008699306834959  0.00009254650798753
  0.00009830949586334  0.00010428194463538  0.00011049991309664  0.00011648227849316
  0.00012333603708638  0.00013088196121574  0.00013832480344095  0.00014646652287601
  0.00015579275922962  0.00016618455418651  0.00017791444325153  0.00019127843407478
  0.00020554372145585  0.00022094244280539  0.00023709515809739  0.00025580526142671
  0.00027861846763549  0.00030464671205565  0.00033102356186721  0.00035813307774739
  0.00038598176510808  0.00041446672143070  0.00044989310605171  0.00049025235663095
  0.00053435000476025  0.00058259667291638  0.00063532711928478  0.00069368837299810
  0.00075775276587106  0.00082691610857331  0.00090351511947650  0.00098943373685663
  0.00108617288100328  0.00119093573716646  0.00130357214119526  0.00142419752965307
  0.00154619355834539  0.00168297790515847  0.00182102148742254  0.00195281680527587
  0.00211016788073639  0.00229370473029898  0.00251394882817477  0.00281091867256559
  0.00313775017680390  0.00350026391275600  0.00380527908534928  0.00425437695008877
  0.00514461875809852  0.00618896653354591  0.02161974275835024  1.00000000000000000
 -0.00261681105214664  0.01151250952402158  0.02155017115137220  0.03079258315821003
  0.03973819637242216  0.04881823585853788  0.05920824436582962  0.07219355186226253
  0.08533605369101407  0.09955133037100913  0.11430945388060737  0.12832244960457034
  0.13951897177857461  0.14944233634727139  0.15918656729437355  0.16986244032097536
  0.18106390948149406  0.19264938774586418  0.20453718407515520  0.21570925056908719
  0.22778852829649712  0.23905551012148751  0.25084933504057655  0.26091667433020999
  0.27113963526625973  0.28153674147283558  0.29253157252670553  0.30342787311557762
  0.31454205950013170  0.32674944163299280  0.33836881070738045  0.34866043376704542
  0.35980459409196808  0.37128528246772174  0.38119656279284769  0.39061038845670593
  0.40077059473779003  0.41205111610549044  0.42325311373614494  0.43414854607473763
  0.44508019299124124  0.45590343001460726  0.46621779528321822  0.47645434622567157
  0.48672820045354603  0.49697378964814315  0.50697638976783688  0.51692988790169270
  0.52682967645703971  0.53656522672706874  0.54728856166061612  0.55833964235403966
  0.56953813420141342  0.58030800746240918  0.59139978884385513  0.60228043582097202
  0.61279202616662554  0.62337133713795978  0.63382337005651190  0.64398479283860022
  0.65395955352888657  0.66367106074571314  0.67387484455997648  0.68478159464872901
  0.69510385572400468  0.70520263161269559  0.71511672035926210  0.72493472193319586
  0.73449975749779128  0.74412084350775720  0.75351006541970800  0.76288990903313514
  0.77112456332476198  0.77998141442837865  0.79002079059559260  0.80079681633750177
  0.81072352952323490  0.82170215790016843  0.83226741299072282  0.84272784349349261
  0.85293111596233118  0.86342575549111522  0.87443070080665186  0.88469289209700908
  0.89289229646286250  0.90017164981036746  0.90808697895750445  0.91626614684237362
  0.92434769740530032  0.93352648551298922  0.94350075740014294  0.95355694112929557
  0.96499241548000014  0.97748630973974726  0.98903296765713111  1.00000000000000000
 -0.00197970619449247  0.00869467818195706  0.01796698108305274  0.02802112295862317
  0.03985855369785526  0.05231888826289428  0.06297409139939909  0.07328390102083021
  0.08271590334744235  0.09250752526798185  0.10213022852174283  0.11236633091444576
  0.12110717893613165  0.12982010442342945  0.13848635454053354  0.14741245732009498
  0.15784553808074903  0.16840507049167869  0.18003429258418183  0.19109763773367155
  0.20187758760641403  0.21225771544267988  0.22247696480184398  0.23295910108662266
  0.24425670507316921  0.25606903495604438  0.26709871356848858  0.27735520174773370
  0.28757335812111817  0.29921186340591616  0.31200927428093655  0.32420884142686451
  0.33613324861657395  0.34844250865329929  0.36012979683895630  0.36954694953728834
  0.37858168296305245  0.38749998102296779  0.39694692278122345  0.40636680273520043
  0.41652358343916507  0.42718979130447993  0.43758284014313242  0.44789691237141827
  0.45851832499899237  0.46826883783906953  0.47681851975256156  0.48504839567386254
  0.49324164425688394  0.50161069169414607  0.51058912844769078  0.51972003715533710
  0.53042907954442498  0.54116006571032038  0.55182992369169070  0.56200336252474392
  0.57337066756822996  0.58476503882537356  0.59605193573499371  0.60710640913046288
  0.61816077207892528  0.62785473962291116  0.63735952319192712  0.64659658222277994
  0.65680093535457662  0.66834933592187762  0.68002003437109060  0.69213114324621827
  0.70451563208640144  0.71733921205142193  0.72991305526768779  0.74145637659179242
  0.75203270404213940  0.76184482824755861  0.77175288244328166  0.78452940537213178
  0.79601788331762569  0.80686905652082763  0.81814621850924873  0.82960505184131250
  0.84098186942768183  0.85213322151915660  0.86271628027210590  0.87367707081841750
  0.88449856067117671  0.89500254968923298  0.90524164826789622  0.91458477493805590
  0.92450002517102525  0.93461273741254369  0.94625123809664713  0.95874240446075309
  0.97002464195556737  0.98005562544930802  0.98980914771981754  1.00000000000000000
 -0.00267050211151939  0.01415018751569872  0.02630063287201539  0.03802449704143385
  0.04941043231174810  0.06002963460338905  0.06862879165161427  0.07718624145055944
  0.08654097521478707  0.09805838510169690  0.10890159623168408  0.11977549629736989
  0.13114730448052475  0.14406835429912179  0.15716116698245278  0.16829376058067455
  0.17831972680945363  0.18802545322751518  0.19788420062749659  0.20889730590052222
  0.21918491378093780  0.23011641270251584  0.24052516226394480  0.25110488085095711
  0.26087704421725166  0.27110948146754044  0.28241778971526421  0.29429900406877563
  0.30651075841640080  0.31805736976290144  0.32899912909428242  0.34040078216472269
  0.35195405808522917  0.36170001212227948  0.37053975017731278  0.37895721808846400
  0.38766051380372651  0.39839666844227106  0.40847789944659579  0.41779616596279606
  0.42672457702147704  0.43570426524779521  0.44636395894054220  0.45723524065863025
  0.46717624186274503  0.47714421976964683  0.48679043441254860  0.49745075181151482
  0.50863334726546194  0.51909080806065511  0.52932991557449494  0.53989494556216855
  0.55084800386010258  0.56217233231061414  0.57368957945313492  0.58575780610487238
  0.59744532210201440  0.60953457679860656  0.62163319052200927  0.63273610622233156
  0.64286930415557364  0.65320510353818340  0.66400215375960314  0.67499272340979577
  0.68579121454744241  0.69703104252605552  0.70674916012665145  0.71658777285123576
  0.72632630876750315  0.73699652578284647  0.74730863796744429  0.75725491458353811
  0.76698285741463235  0.77658297790956576  0.78610859840094982  0.79569070555227495
  0.80576344969228475  0.81674703010957461  0.82750660291367484  0.83786177941811535
  0.84833167746543758  0.85881173860219784  0.86996988631368521  0.88142768279674799
  0.89334224801709006  0.90462069270853573  0.91551073825742479  0.92779966465010855
  0.94004471213219865  0.95168466511086924  0.96078590297025246  0.96783369190054902
  0.97443006555870737  0.98205462828269585  0.99028213675879684  1.00000000000000000
 -0.00286478743315465  0.01279313759088754  0.02344862843731737  0.03356638652654902
  0.04345117196777207  0.05401007667471408  0.06534515686351103  0.07717166395400130
  0.08903462928103015  0.10062797679205057  0.11188673737349700  0.12286205653640139
  0.13306262704173302  0.14160212344829412  0.14942974041994780  0.15719976279792752
  0.16591629158997370  0.17570571296887796  0.18569535287221009  0.19653648086243936
  0.20759549818351344  0.22040511203072707  0.23162225217888510  0.24049058086545200
  0.24920345404410663  0.25839718380844129  0.26888245854953458  0.27890243543168941
  0.28846820341715634  0.29825684468689945  0.30835665205744534  0.31955890400050591
  0.33090552343076735  0.34167668112752342  0.35204175782742841  0.36305966526228273
  0.37368029714123724  0.38439734430347283  0.39395283290824717  0.40343072582693834
  0.41346698121639031  0.42462207252437023  0.43662606466624371  0.44887228832256665
  0.46038818670524539  0.47124166471719220  0.48227021632163358  0.49441027925014136
  0.50755920779884811  0.52000685258877588  0.53118112146601904  0.54166364341103501
  0.55136413149417696  0.56086993489747938  0.57066879118490410  0.58073187090415990
  0.59180496882074474  0.60342067584881642  0.61578500845829653  0.62758560707451061
  0.63869499899746440  0.65018244772324973  0.66236134816770109  0.67417201280783123
  0.68519170540555951  0.69552377034822643  0.70520791192535648  0.71507056469296570
  0.72506732273175756  0.73551620690705166  0.74547955930516685  0.75665398697388664
  0.76804422451518817  0.78120588494390530  0.79273676308749008  0.80428060960530012
  0.81550116981498944  0.82601321894372726  0.83639664687478998  0.84714490312619939
  0.85850871080952251  0.87005960801413162  0.88077644642145492  0.89115933815691717
  0.90200722013418122  0.91232875246218537  0.92122435839279249  0.92914097922961747
  0.93696521179158243  0.94483025634425721  0.95312436041224502  0.96245201388866952
  0.97094923194634442  0.97924483099685011  0.98883882596940520  1.00000000000000000
 -0.00251071450690896  0.00963857027752417  0.01983863221296872  0.03007124608429610
  0.04002994570289146  0.05073615244395254  0.06225067920149883  0.07380845816951970
  0.08495448315963029  0.09636977243753525  0.10738129307407646  0.11753447070970501
  0.12726071038677644  0.13651954590754733  0.14572937746504386  0.15404827069996810
  0.16196393295205688  0.17022905469309968  0.17819366461183589  0.18619890527446520
  0.19386306707856338  0.20140652333623071  0.20964938460326726  0.22022356693523099
  0.23182490440624581  0.24379908850269108  0.25449994080813448  0.26414625870691483
  0.27347102475928453  0.28230494198311351  0.29134549001440352  0.30091113708609285
  0.31059839847102044  0.32058849386912713  0.33157086543465386  0.34185017779526444
  0.35123427032102095  0.36080093911202687  0.37140087046267689  0.38274687431287169
  0.39386525142748330  0.40490274041110097  0.41609995658890409  0.42626514391127868
  0.43687412753569282  0.44740113751325394  0.45928976708990088  0.47170235030063817
  0.48497141834100638  0.49795495458531219  0.50916765909979156  0.51982523483783294
  0.52949160886477165  0.53866903860373649  0.54820067380852078  0.55825803443303690
  0.56900099273939631  0.57935741945846853  0.58937983785867376  0.59952786969702954
  0.61017505025611152  0.62129879294062784  0.63230133106674369  0.64345188431717326
  0.65446325253612037  0.66606232952817435  0.67770729153272946  0.68863385851883163
  0.69939409209939762  0.70925768247526566  0.71865936774227202  0.72833574592593786
  0.73889040574767106  0.74938163464805685  0.75821508794726000  0.76672903898937617
  0.77599344204478249  0.78810716968466055  0.80192821365985079  0.81490430031039485
  0.82675558579796160  0.83825515953511698  0.85031869465648557  0.86336007793809466
  0.87699973441523893  0.88918106598240376  0.89970904623592729  0.91022739047679591
  0.92074980153481389  0.93227185393795675  0.94435356101174917  0.95645255128160900
  0.96825059098535093  0.97869505823030101  0.98922720361946770  1.00000000000000000
 -0.00003435341836032  0.00028359494952794  0.00051121452446224  0.00064335885528404
  0.00076958436187485  0.00088750047296827  0.00100136882081594  0.00111682616682187
  0.00124756828293723  0.00137668929096054  0.00150392180151282  0.00163146797217589
  0.00175915064151179  0.00188324762622186  0.00200703306366296  0.00213340684267680
  0.00225945584321727  0.00238380478703042  0.00251100892599405  0.00264461547902156
  0.00277646685996589  0.00290707926338840  0.00302723907769459  0.00314732363019016
  0.00326788599880197  0.00339071986527152  0.00351706524760073  0.00365812262125399
  0.00380079608472918  0.00394940535892697  0.00410737343457475  0.00425495940242372
  0.00441018037384937  0.00458001296444470  0.00477345956833874  0.00497287711081920
  0.00514346629294718  0.00528489845308329  0.00541370193465206  0.00553916679556784
  0.00567719169267745  0.00581727104555753  0.00598507291804479  0.00616552749401589
  0.00636349611124649  0.00654779064402055  0.00670205586225415  0.00683963888098785
  0.00697983661144279  0.00712157485647178  0.00724162458343784  0.00734552029884537
  0.00744941751742327  0.00755964627994504  0.00766987504246682  0.00778243620897913
  0.00789576921949514  0.00804519965015576  0.00823049211443478  0.00846108473037031
  0.00875028018546003  0.00901041707007756  0.00936101087944999  0.00972707013066358
  0.01001847338278335  0.01016306543157690  0.01026569594182146  0.01035893098839801
  0.01047769771833585  0.01060462019525621  0.01077550289330951  0.01092859370114076
  0.01105083376082193  0.01115152104478725  0.01125193662326294  0.01135950555694208
  0.01150459548806163  0.01165242541567836  0.01177020972369039  0.01199904809640391
  0.01230510678487056  0.01266515912850930  0.01308105194925392  0.01355259412186900
  0.01389349708178904  0.01434512949164487  0.01483867058368993  0.01778482051644543
  0.01892947878637843  0.02151636015496461  0.02208027868320562  0.02251992442164805
  0.02324472831715158  0.02744284772584920  0.05681407286598974  1.00000000000000000
 -0.00224128101011904  0.01108550943047650  0.02272975341684256  0.03393308063250296
  0.04601385997660262  0.05864025591545373  0.06985794349526282  0.07922509671723166
  0.08737076072227250  0.09514748241801795  0.10447675126693101  0.11536481696948477
  0.12643991644322994  0.13610111707855632  0.14590649614438994  0.15584021457669869
  0.16462890019886411  0.17350596751965555  0.18287567226993365  0.19471233396670642
  0.20780406634276580  0.22030973158006212  0.23141457461984363  0.24279790454339895
  0.25452836020805758  0.26578402209706681  0.27639282188192704  0.28591193774125728
  0.29530722074779003  0.30546451194266289  0.31625063449846319  0.32784162655468413
  0.33927239221904565  0.35023606324395645  0.36085773553970696  0.37049351291658988
  0.38002331005892886  0.39016752199736077  0.40096005304644511  0.41093816246633164
  0.42039199000006255  0.42974619879055037  0.44012616900520873  0.45093533533203956
  0.46222267225163155  0.47407608435733034  0.48591569595889861  0.49686119447071692
  0.50680368866719205  0.51692554599694962  0.52654004831318213  0.53604778023110489
  0.54535036879022480  0.55397678924434279  0.56365710649317835  0.57229474945114112
  0.58175590219019502  0.59132076649849996  0.60143136636743122  0.61228423289644729
  0.62273667446019632  0.63293953283802062  0.64339016103120950  0.65399794588538207
  0.66512092966655711  0.67676122583851139  0.68841768734135411  0.70061105417632175
  0.71166044027127251  0.72149024229420122  0.73103590371167415  0.74023961958280338
  0.74951228856978158  0.75904757110183974  0.76884437015896623  0.77984012122688884
  0.79171796220279211  0.80331544955998191  0.81481140687035669  0.82636867444656148
  0.83735907976243218  0.84895114469486865  0.86084380052733589  0.87207511740498378
  0.88279244789854705  0.89285613203341485  0.90360091712068180  0.91481157892423892
  0.92638866347599957  0.93742428754753215  0.94815738158034890  0.95918639881628387
  0.97036964297291051  0.98108208677440345  0.99073522922955104  1.00000000000000000
 -0.00004986845140560  0.00016522347626822  0.00036496045846748  0.00050048004580095
  0.00062492386729238  0.00071738817301985  0.00080214603091067  0.00088480342905399
  0.00096691634950751  0.00105073706458297  0.00113522960702829  0.00122201648905097
  0.00131084057868110  0.00139966426828038  0.00148848707235309  0.00157640739856526
  0.00165548766308660  0.00173456792760795  0.00181247540168200  0.00189005165964618
  0.00196927660684883  0.00205044159426685  0.00213254086897882  0.00221757240758142
  0.00230433565646529  0.00240152278831098  0.00249770379239976  0.00259162763779967
  0.00268826366569071  0.00278879538306870  0.00288764438644493  0.00298463184446404
  0.00308365522076194  0.00318524611173634  0.00329168011786222  0.00340353739514862
  0.00350768244694520  0.00360510329898135  0.00370654275070966  0.00381694439573492
  0.00392758732061042  0.00403923329328639  0.00415074380115247  0.00425845345065335
  0.00436616310015423  0.00445214826254868  0.00453795531889605  0.00461460100365709
  0.00468730116140856  0.00476000131916004  0.00483721032085755  0.00491445248411610
  0.00499508007498249  0.00508111408287260  0.00516746550992688  0.00526533958096464
  0.00536321365200240  0.00546817837987399  0.00557349666687919  0.00563805363640439
  0.00570261060592960  0.00576716757545480  0.00585014466104627  0.00593720860287494
  0.00602427254470361  0.00612543760298545  0.00622661726000548  0.00637262659614748
  0.00666924204288586  0.00692772931366550  0.00723147747395001  0.00753519560858768
  0.00814090815189732  0.00842296808676675  0.00861283652545324  0.00880138932957566
  0.00887493108801366  0.00894614190584943  0.00901663500225850  0.00908715782233354
  0.00919439084211872  0.00949848775502586  0.00959587727469623  0.00966430333443145
  0.00971076649234170  0.00975232742974661  0.00979388836715151  0.00983497823780352
  0.00990210081926604  0.00997186649615754  0.01004547008987880  0.01054418925113357
  0.01110315788348794  0.01855262411186732  0.02281952030810242  1.00000000000000000
 -0.00234173818354289  0.01015798470282402  0.02132802344010805  0.03288570972621833
  0.04447845354297154  0.05585964818191216  0.06878978103782336  0.08192041463037378
  0.09547819721534925  0.10779747725876809  0.11941982140148537  0.13117706315084346
  0.14274157802064530  0.15241008619370899  0.16039817810515131  0.16883546999236951
  0.17843316179941665  0.18909990908284730  0.20044283984688288  0.21156784221172001
  0.22310717986325757  0.23442012416562552  0.24506288834107176  0.25527619569418564
  0.26516650731099811  0.27521057173238139  0.28484458215127506  0.29452784822215722
  0.30441845950339674  0.31533002078848987  0.32697296028981071  0.33911924470495503
  0.35137752823068641  0.36373907255855015  0.37574273996485913  0.38734327219300696
  0.39870940253795001  0.40994176618260147  0.42082320542899809  0.43168945170958112
  0.44182404181080054  0.45282305615478236  0.46424794925684232  0.47519656396166304
  0.48510234060600843  0.49396463658784923  0.50263500631973390  0.51168880017202889
  0.52076049392487289  0.52941345641908433  0.53803468580116964  0.54672611892590284
  0.55514351163283771  0.56368175661069042  0.57248041217010825  0.57984324210024540
  0.58702217895557818  0.59503907068812489  0.60284917614873734  0.61242796480926653
  0.62313269567892160  0.63412548798036128  0.64478769067852826  0.65533079400511640
  0.66563605639588741  0.67616349872325543  0.68753229731818943  0.69981125170997349
  0.71176891670058817  0.72244782296674270  0.73256847972149652  0.74263934850285751
  0.75294527239598019  0.76355442327227208  0.77446524547937945  0.78622206345098977
  0.79665394575903681  0.80669449990407516  0.81699321807697778  0.82876644553458001
  0.84055362801445743  0.85155629599849292  0.86154206546180723  0.87125663365439088
  0.88194830501327082  0.89301271168916430  0.90392390460643091  0.91493709015798208
  0.92583178871909999  0.93691605837661074  0.94791826081597375  0.95895150468897117
  0.96922555509808850  0.97925101179889540  0.98909571004656982  1.00000000000000000
  0.60354270871057214  0.61331854477010794  0.62242284067159059  0.63216376980648159
  0.64138009979058952  0.64901198386105430  0.65615518318929278  0.66313851467032681
  0.66956822946365369  0.67542803354709158  0.68140756173525430  0.68751170157538311
  0.69341453053870605  0.69915227305840477  0.70467315439459399  0.71036486883694960
  0.71597716535962308  0.72144316444042156  0.72594066951749858  0.73041713094558491
  0.73493168120253838  0.73974602099921027  0.74430484562534138  0.74885471886656652
  0.75344273270692486  0.75784308826678837  0.76210340988350034  0.76626074982557080
  0.77048752047930125  0.77490929040531031  0.77963457706735850  0.78444347665724823
  0.78905505451560276  0.79345221079599693  0.79770062444118228  0.80202454797480993
  0.80652693709569545  0.81113193078425927  0.81567410649194894  0.82006957996653385
  0.82434693404483439  0.82850567664793884  0.83273594229164294  0.83680856010150351
  0.84065333201394665  0.84429491016707880  0.84792830190875379  0.85172418578248865
  0.85535794745926641  0.85871738976033252  0.86201196889093423  0.86532631604466836
  0.86859908742680780  0.87185594589070103  0.87517783304049901  0.87864163646908855
  0.88218282996108088  0.88553410979033376  0.88840114745545462  0.89092069264105922
  0.89338139556039853  0.89586652486215157  0.89827446509588937  0.90119400502416569
  0.90407530816227910  0.90687283410932151  0.90955168441284273  0.91209889187657867
  0.91509809940730125  0.91810413523390744  0.92082243625900806  0.92334889623708283
  0.92589113196438344  0.92847182042614462  0.93131984917574140  0.93436445352677078
  0.93732920498072647  0.94014967010304462  0.94289530584530823  0.94571330685922694
  0.94871524667366280  0.95176587146991376  0.95459722337917996  0.95753508123645781
  0.96029356991069748  0.96335800341948519  0.96627191528283296  0.96909130056478754
  0.97198645272776640  0.97493479562994667  0.97810031856947621  0.98154063485978116
  0.98517875449083669  0.98915131076838114  0.99378055318905245  1.00000000000000000
  0.05566449249369029  0.16646832623780461  0.21722679517749163  0.25326608937867573
  0.27847129037335433  0.29819262874658259  0.31515854586589037  0.32920315068558414
  0.34122016755161289  0.35311197210068723  0.36531958010828292  0.37692724541502276
  0.38814220359360541  0.39864429371251203  0.40849623310141714  0.41747736476522013
  0.42593501668655287  0.43427084648500880  0.44238735366416737  0.44980384234321313
  0.45677598271314512  0.46357459730688461  0.47041176112586863  0.47679781442183672
  0.48279456580803981  0.48866398843899922  0.49462935651978818  0.50103571802909097
  0.50709336830916685  0.51304509446708457  0.51877261247810091  0.52466064704976467
  0.53089998871596233  0.53619277027790091  0.54098314067756603  0.54559993155244779
  0.54992505008111547  0.55489069644636280  0.56001035810841371  0.56539329640039448
  0.57055872009827269  0.57540807104521818  0.58027967427130411  0.58503388258579458
  0.59019918056305987  0.59536560585922982  0.60048803990847011  0.60579227215326092
  0.61131809267638959  0.61723842609094082  0.62313520855214244  0.62913601425527899
  0.63469668522464784  0.64018198598290643  0.64553713600577201  0.65064114639440129
  0.65574914642979210  0.66103227890118310  0.66602994875740851  0.67084884189688732
  0.67563776442996915  0.68035973857118548  0.68486030689580268  0.68913708875647517
  0.69326407463011774  0.69727447037566070  0.70160160182816245  0.70542088718445783
  0.70912769368961759  0.71338820415794224  0.71731875883980645  0.72119837118582408
  0.72566311346032353  0.73111033956967519  0.73718597021401466  0.74329736145160952
  0.74946358178631645  0.75567130247759684  0.76110645379846686  0.76487182523817054
  0.76875449809536334  0.77247226395681556  0.77578528650699752  0.77974043635854395
  0.78519931169581125  0.79091671965538590  0.79740559222364393  0.80521686960363781
  0.81375528321560553  0.82144920814621591  0.82803273013186673  0.83653697280580486
  0.85082024501997833  0.86114797728493531  0.86904426997194362  1.00000000000000000
   2.1270617502173575E-009  -1.0000000000000000     
 F F F F F F F F F F F F F F F F F F F F F F F F F F F F F F F F F F F F F F F F F F F F F F F F F F F F F F F F F F F F F F F F F F F F F F F F F F F F F F F F F F F F F F F F F F F F F F F F F F F F F F F F F F F F F F F F F F F F F F F F F F F F F F F F F F F F F F F F F F F F F F F F F F F F F F F F F F F F F F F F F F F F F F F F F F F F F F F F F F F F F F F F F F F F F F F F F F F F F F F F F F F F F F F F F F F F F F F F F F F F F F F F F F F F F F F F F F F F F F F F F F F F F F F F F F F F F F F F F F F F F F F F F F F F F F F F F F F F F F F F F F F F F F F F F F F F F F F F F F F F F F F F F F F F F F F F F F F F F F F F F F F F F F F F F F F F F F F F F F F F F F F F F F F F F F F F F F F F F F F F F F F F F F F F F F F F F F F F F F F F F F F F F F F F F F F F F F F F F F F F F F F F F F F F F F F F F F F F F F F F F F F F F F F F F F F F F F F F F F F F F F F F F F F F F F F F F F F F F F F F F F F F F F F F F F F F F F F F F F F F F F F F F F F F F F F F F F F F F F F F F F F F F F F F F F F F
  <DiscreteSampler_grid>
  grouped_processes
  1 # 1 for a reference and 2 for a running grid.
  10 # Attribute 'min_bin_probing_points' of the grid.
  1 # Attribute 'grid_mode' of the grid. 1=='default',2=='initialization'
  0.0000000000000000 # Attribute 'small_contrib_threshold' of the grid.
  0.5000000000000000 # Attribute 'damping_power' of the grid.
 # binID   n_entries weight   weight_sqr   abs_weight
    19   10   1.286839933176629E-005   1.103980061787524E-009   1.286839933176629E-005
    20   10   1.286839933176631E-005   1.103980061787530E-009   1.286839933176631E-005
    22   10   2.573679866353257E-005   4.415920247150097E-009   2.573679866353257E-005
    23   10   2.573679866353263E-005   4.415920247150119E-009   2.573679866353263E-005
    25   10   2.691546637277455E-005   4.833307744141347E-009   2.691546637277455E-005
    26   10   2.691546637277461E-005   4.833307744141374E-009   2.691546637277461E-005
    28   10   5.383093274554910E-005   1.933323097656539E-008   5.383093274554910E-005
    29   10   5.383093274554923E-005   1.933323097656550E-008   5.383093274554923E-005
    34   10   1.286839933176629E-005   1.103980061787524E-009   1.286839933176629E-005
    35   10   1.286839933176631E-005   1.103980061787530E-009   1.286839933176631E-005
    37   10   2.573679866353257E-005   4.415920247150096E-009   2.573679866353257E-005
    38   10   2.573679866353263E-005   4.415920247150119E-009   2.573679866353263E-005
    40   10   2.691546637277456E-005   4.833307744141350E-009   2.691546637277456E-005
    41   10   2.691546637277460E-005   4.833307744141371E-009   2.691546637277460E-005
    43   10   5.383093274554912E-005   1.933323097656540E-008   5.383093274554912E-005
    44   10   5.383093274554921E-005   1.933323097656548E-008   5.383093274554921E-005
    49   10   1.286839933176628E-005   1.103980061787523E-009   1.286839933176628E-005
    50   10   1.286839933176631E-005   1.103980061787530E-009   1.286839933176631E-005
    52   10   2.573679866353257E-005   4.415920247150094E-009   2.573679866353257E-005
    53   10   2.573679866353263E-005   4.415920247150119E-009   2.573679866353263E-005
    55   10   2.691546637277455E-005   4.833307744141347E-009   2.691546637277455E-005
    56   10   2.691546637277461E-005   4.833307744141374E-009   2.691546637277461E-005
    58   10   5.383093274554910E-005   1.933323097656539E-008   5.383093274554910E-005
    59   10   5.383093274554923E-005   1.933323097656550E-008   5.383093274554923E-005
    64   10   1.286839933176628E-005   1.103980061787523E-009   1.286839933176628E-005
    65   10   1.286839933176632E-005   1.103980061787530E-009   1.286839933176632E-005
    67   10   2.573679866353257E-005   4.415920247150093E-009   2.573679866353257E-005
    68   10   2.573679866353263E-005   4.415920247150121E-009   2.573679866353263E-005
    70   10   2.691546637277455E-005   4.833307744141348E-009   2.691546637277455E-005
    71   10   2.691546637277460E-005   4.833307744141371E-009   2.691546637277460E-005
    73   10   5.383093274554910E-005   1.933323097656539E-008   5.383093274554910E-005
    74   10   5.383093274554921E-005   1.933323097656548E-008   5.383093274554921E-005
  </DiscreteSampler_grid>
