  0.00214119885801369  0.01824536050085593  0.03293294740677784  0.04642506345842545
  0.05854304860601488  0.07027527789317423  0.08206254735870477  0.09393087010492540
  0.10435322711711957  0.11482431542883473  0.12502059321829212  0.13472913961011246
  0.14461592473268375  0.15404338070611331  0.16304513727484254  0.17203634325349468
  0.18148647904701790  0.19155196905783317  0.20301507676006411  0.21480014630250582
  0.22634367116090709  0.23823137192582114  0.25075739895669158  0.26403796211569208
  0.27706810522823377  0.28979175151160846  0.30196228647625090  0.31378357045994354
  0.32619548328483972  0.33858990395385730  0.35130014047265562  0.36344123035343823
  0.37517478613023780  0.38688100122810293  0.39900337123316371  0.41313366829153680
  0.42744370435753393  0.44119004434599940  0.45351404254194971  0.46478523494123125
  0.47552591132345656  0.48644403412126974  0.49767509440929458  0.50778113798561841
  0.51610619524806456  0.52364726097445180  0.53149543906441044  0.54021674761630423
  0.55029055027688178  0.56031062094575890  0.57037689076874409  0.58033579127431278
  0.58887768006906194  0.59703622896273123  0.60582374404172379  0.61460931925768469
  0.62328287643656888  0.63220079674649521  0.64132431897712527  0.65019129412277266
  0.65849182696970820  0.66631252435491539  0.67374926758824250  0.68147909376981364
  0.68969815581486338  0.69835580268823194  0.70805528216944180  0.71832388760102361
  0.72875135335849461  0.73793372203839158  0.74778900548234151  0.75808416109420185
  0.77058844182962205  0.77876113204821784  0.78603154683868792  0.79378854976380964
  0.80171971198458214  0.80945568545508495  0.81712312712529878  0.82468002828424380
  0.83254941831902907  0.84397499955456290  0.85612146203121819  0.86751049123059221
  0.87879516563309368  0.89004582664930953  0.90085822375603575  0.91126307084542357
  0.92280944577911395  0.93612440185138446  0.94877668577511753  0.96014236544600107
  0.97000680955900853  0.97972366393858401  0.98990816096679268  1.00000000000000000
  0.00003938725345387  0.00004321085680483  0.00004680264102070  0.00004975501011306
  0.00005239239834835  0.00005488575565561  0.00005780093316233  0.00006075454324106
  0.00006381163826963  0.00006697402275440  0.00007019943422500  0.00007338154148465
  0.00007647363954316  0.00007960319117616  0.00008306454606377  0.00008638357757331
  0.00008955137468899  0.00009280321946586  0.00009610925208068  0.00009938812180373
  0.00010277426695351  0.00010681191829149  0.00011137340984904  0.00011598935654846
  0.00012086004874997  0.00012553431767671  0.00012999426235031  0.00013446532558212
  0.00013934960113241  0.00014492129346630  0.00015060103588334  0.00015606488175081
  0.00016059771953535  0.00016525510968684  0.00016980726747557  0.00017476299640633
  0.00018035638659678  0.00018637466780656  0.00019234403753435  0.00019845098329396
  0.00020526227570638  0.00021284606924427  0.00022038286973215  0.00022875292427404
  0.00023816377778594  0.00024812610365211  0.00025866579782624  0.00027030932460897
  0.00028276396217638  0.00029619959731835  0.00030999175323262  0.00032373459233356
  0.00033886878719280  0.00035575450343631  0.00037431669833497  0.00039294219567348
  0.00041298128386525  0.00043574843030409  0.00046114422260094  0.00048745350115938
  0.00051572300811699  0.00054572155427584  0.00058036535021285  0.00062099820107428
  0.00066907783408297  0.00072400152078490  0.00078076630044108  0.00084037000920168
  0.00090727097654728  0.00098153604411129  0.00106183284126486  0.00114015912532854
  0.00123021198671978  0.00134964626152304  0.00148345063706951  0.00163197044171059
  0.00181440724986041  0.00202494652139554  0.00222476133129728  0.00244142869690969
  0.00264849012865485  0.00289691868703375  0.00320399108234759  0.00352435418350679
  0.00370942909089351  0.00397626339811523  0.00429560743321557  0.00469818680489041
  0.00550286957093692  0.00642992799515642  0.00747515802990903  0.00861851341047679
  0.01071950362486207  0.01390510928876826  0.23662472322983494  1.00000000000000000
  0.00000399984491833  0.00000413454519460  0.00000422889594720  0.00000432856439061
  0.00000444290123059  0.00000458373480567  0.00000473188606472  0.00000490106597668
  0.00000508519015994  0.00000527301774658  0.00000546352665895  0.00000564813858444
  0.00000581906481834  0.00000602047954919  0.00000621289779079  0.00000640191720176
  0.00000658576944513  0.00000677771004859  0.00000702240927885  0.00000729224371859
  0.00000757927819370  0.00000784417738577  0.00000812723762374  0.00000849240244959
  0.00000882385902246  0.00000917703888911  0.00000953968048341  0.00000990145788267
  0.00001026441191298  0.00001059238779326  0.00001093581677395  0.00001130457118570
  0.00001169760284786  0.00001210277196248  0.00001253619622872  0.00001305487879858
  0.00001364254506229  0.00001421518595572  0.00001483585161406  0.00001546638163581
  0.00001611771278065  0.00001679462464597  0.00001748702590462  0.00001826381867989
  0.00001909153370503  0.00001997419978068  0.00002089697911782  0.00002182280402223
  0.00002273575971164  0.00002366881976169  0.00002470886360873  0.00002583829119459
  0.00002710913698563  0.00002853869044437  0.00003004996943081  0.00003155644979533
  0.00003312382180815  0.00003480593411758  0.00003659488789030  0.00003849626959302
  0.00004051382754623  0.00004269575051505  0.00004511084026726  0.00004782232187742
  0.00005074360319009  0.00005357385244727  0.00005642346198007  0.00005939313562983
  0.00006293228169120  0.00006697559118228  0.00007151790409897  0.00007680154710208
  0.00008281222444725  0.00008968787142665  0.00009780796898570  0.00010632648016723
  0.00011785731194615  0.00013242407404502  0.00014885642255080  0.00016665636353078
  0.00018716120181678  0.00021851053767894  0.00025137588271559  0.00029009385963619
  0.00033317064388142  0.00039563289327158  0.00048739479086233  0.00058362482486989
  0.00068287582960680  0.00084433253534232  0.00127530613248508  0.00187808932614074
  0.00305870633746914  0.00813518122548580  0.39702297049826718  1.00000000000000000
  0.00000559227625182  0.00000578522805215  0.00000599762792498  0.00000628233932201
  0.00000653973678734  0.00000670680239722  0.00000686087433999  0.00000705126015617
  0.00000725226066226  0.00000737475535393  0.00000748682511936  0.00000759766711634
  0.00000771054346492  0.00000791681873135  0.00000819189771119  0.00000848723568075
  0.00000879702572064  0.00000910110364057  0.00000940054289812  0.00000972201399982
  0.00001002873777071  0.00001033379262957  0.00001063654565545  0.00001097357371235
  0.00001137253822602  0.00001189491459853  0.00001236308698675  0.00001279614827425
  0.00001320160518764  0.00001362628950073  0.00001407406421587  0.00001459325834883
  0.00001515093953860  0.00001577492236431  0.00001640075495165  0.00001701790849052
  0.00001767867697903  0.00001843540068777  0.00001919767544976  0.00001990457607475
  0.00002066145495842  0.00002145793862128  0.00002235996224905  0.00002323967449313
  0.00002452969553349  0.00002576909057386  0.00002703211432269  0.00002838023239519
  0.00002980056819924  0.00003130979627634  0.00003293775940665  0.00003469888158283
  0.00003662604465402  0.00003889461970385  0.00004145098854206  0.00004438878988106
  0.00004750225190924  0.00005067021478053  0.00005377858656641  0.00005735316755112
  0.00006154885408137  0.00006599409203292  0.00007071093276653  0.00007597842575604
  0.00008140631894768  0.00008692706805944  0.00009261510932551  0.00009888744999805
  0.00010603448563549  0.00011444886866381  0.00012465066468137  0.00013835708954542
  0.00015373801393441  0.00017128783448031  0.00019335917973573  0.00022158940509390
  0.00025171899897820  0.00028395665520477  0.00031794965161776  0.00035524484192314
  0.00040546665657716  0.00045840034416195  0.00052176086108487  0.00061085284866640
  0.00071942980817045  0.00083465853958372  0.00097815090884582  0.00122073689998296
  0.00158630388445942  0.00186122524852494  0.00217625950542330  0.00251670284817585
  0.00323492387749021  0.00518487427252847  0.06062687605557889  1.00000000000000000
 -0.00208562832765556  0.00948747067838115  0.02020553338535145  0.02919037399701330
  0.03792786860220190  0.04650861167858495  0.05420552930237015  0.06092187255855627
  0.06726840561799990  0.07378253458195085  0.08029693204277771  0.08655816770726463
  0.09232415800417522  0.09808262008499929  0.10438459314723315  0.11130421111215473
  0.11958429808263599  0.12734770197816542  0.13448061662492156  0.14073781758717452
  0.14791716559369864  0.15471419870848938  0.16155363098540956  0.16866732316944558
  0.17624197937634700  0.18513547814050035  0.19415508014077945  0.20307546919479275
  0.21151121957511188  0.21921346718106766  0.22701654641429764  0.23518249000616501
  0.24275717799184607  0.24986640972500451  0.25690745029539480  0.26422035219259565
  0.27028569218994464  0.27548501103896755  0.28139496303341599  0.28761488616319092
  0.29515923197756683  0.30480989788651675  0.31463830674517557  0.32457487676444852
  0.33314274655074561  0.34134098197829810  0.35002053628357893  0.35915254052870804
  0.36769264614680935  0.37542853374399032  0.38281671329352918  0.39055145832000221
  0.40037750128283689  0.41137254931282707  0.42159669152868012  0.43160105170763230
  0.44224563708215003  0.45441274632915729  0.46657823311982544  0.47915251151028487
  0.49243120815235608  0.50675131051359446  0.52056522466786515  0.53276131099867385
  0.54391261456001794  0.55512243834031860  0.56669519728216844  0.57827600973992765
  0.58994710574676124  0.60270269196423121  0.61553761287911668  0.62894688567031720
  0.64241301806604556  0.65555213985262450  0.67068497025484131  0.68936319176000238
  0.70834932391102334  0.72515227375795077  0.73950556890150132  0.75294054906884911
  0.76682108916988589  0.78134681630879921  0.79704164933918697  0.81326751052425472
  0.82857241838305151  0.84271824935979278  0.85731726177444256  0.87407269187921743
  0.89308227522155792  0.91104262535733993  0.92680944345657390  0.94160712938467594
  0.95664388190124516  0.97131663675221691  0.98559729792629303  1.00000000000000000
 -0.00167086229463951  0.00764514221742885  0.01632131232267006  0.02702280280764226
  0.03786888148821067  0.04888474351201687  0.06052897212874626  0.07217655053035074
  0.08377329570928412  0.09576153935690095  0.10697257959911650  0.11750457121691085
  0.12719748874584047  0.13580546753446829  0.14400765411961114  0.15255122118186490
  0.16326619491485089  0.17533645430034314  0.18658075666355317  0.19834041300208211
  0.21032653629560849  0.22275558127331696  0.23629903800686303  0.24909497371481956
  0.26089497742439577  0.27137250657733497  0.28124441009423001  0.29146041449951887
  0.30157104653175304  0.31274994767099851  0.32445938676929265  0.33656060950903688
  0.34874054009759542  0.36165831807823173  0.37389453634180436  0.38427082715000027
  0.39414886605748628  0.40369468593597485  0.41314384623878131  0.42271986567425335
  0.43268759848987737  0.44446166241153956  0.45611390518081596  0.46744400620982890
  0.47736347185702971  0.48789708004034799  0.49841421206063169  0.51025420462183624
  0.52040743476032236  0.53022130296934733  0.53970343572076185  0.54881149448085675
  0.55738686386323122  0.56542899891971299  0.57346503535797033  0.58196687177669360
  0.59140775505855903  0.60221375737036087  0.61498239876192284  0.62697209372190155
  0.63944048258263009  0.65170451345245106  0.66320848380447583  0.67245656854618141
  0.68049454238319673  0.68881029270233907  0.69794824315219373  0.70941079276094432
  0.72103261609746705  0.73112141068149261  0.74116836414083220  0.75154600950540318
  0.76359264118311010  0.77638457461071497  0.78859880747499678  0.79913530480017525
  0.80822492617455699  0.81707474248566780  0.82563414340801822  0.83498166086857617
  0.84576290321389191  0.85600202482762833  0.86643720197040974  0.87613598507585944
  0.88574474986186513  0.89555907707069327  0.90490578292898127  0.91440452040683728
  0.92378202185266556  0.93291190537824231  0.94197837119959105  0.95161745610113380
  0.96213003750822557  0.97307079529603235  0.98604222165958166  1.00000000000000000
 -0.00381641116242296  0.01600258481641969  0.03231784393881755  0.04688773694983249
  0.06105034190603715  0.07300621577278585  0.08518893829932392  0.09803369010326750
  0.11034470513167700  0.12199259592024297  0.13639475785707578  0.15183403702778162
  0.16700484013731032  0.18099807686655131  0.19226614344793869  0.20330828942379872
  0.21357035721244250  0.22402613024931672  0.23583534212082810  0.24791814992810543
  0.26046673642651708  0.27234716679170018  0.28396866910994545  0.29642814756664254
  0.31027999105092408  0.32490907501361393  0.33850419443431840  0.35118091919107486
  0.36343474984624513  0.37503492448584846  0.38585443743472475  0.39688860471607335
  0.40923125089371809  0.42249657521059730  0.43506115516558896  0.44780386495227475
  0.46124403173020884  0.47400443855715996  0.48580730041623704  0.49548534245090087
  0.50557701365759933  0.51426265086533018  0.52325865198458599  0.53229534339623186
  0.54164919299869374  0.55200300013527459  0.56222464643531389  0.57217712597489889
  0.58222563832963981  0.59289135567039530  0.60459735396332626  0.61557792174900217
  0.62481222332860265  0.63354349219573136  0.64266833628284581  0.65198793438460945
  0.66114186753432103  0.66988529029296651  0.67935065452882482  0.68824544017865763
  0.69753445476834797  0.70697170460712144  0.71786175930144591  0.72908277266554344
  0.73948159589752904  0.74899095060438392  0.75738101219478504  0.76564273674966410
  0.77387896733853867  0.78191546627032071  0.78901136083682333  0.79593672640102453
  0.80306047775714040  0.81121734529473766  0.82090254793405171  0.83096106273236026
  0.83829246598496532  0.84584186805023287  0.85405309830367748  0.86381349887366843
  0.87231812798530728  0.87925940790099333  0.88603763166712068  0.89345697114815714
  0.90328279659096711  0.91160040214049409  0.91922994181644513  0.92584582722552511
  0.93276673927434883  0.94191311335816552  0.95220784495909661  0.96377030455176493
  0.97479982956183475  0.98310161159133891  0.99179705412882235  1.00000000000000000
 -0.00250732522572736  0.00948081603889943  0.02103757150312650  0.03189492489850970
  0.04363912298386857  0.05573710458059621  0.06665440894926743  0.07607095191203189
  0.08391310674068579  0.09064123012508193  0.09829014261888733  0.10733104936729390
  0.11620129006936103  0.12518593382163135  0.13319708569344610  0.14068162828199632
  0.14943590215284988  0.16040848366240942  0.17111126138837618  0.18045815963759176
  0.18915231419153081  0.19772499815507261  0.20651581390125717  0.21551651247625159
  0.22403135692042378  0.23243520567381043  0.24102866292361105  0.25078362774220303
  0.26243624118675468  0.27441561073136161  0.28608431683058028  0.29776298935167039
  0.31020134096695601  0.32349443664697008  0.33520079616139220  0.34692637405097304
  0.35876487262197293  0.37155044054854186  0.38394284403645440  0.39537769554945884
  0.40653744099533073  0.41785870177816631  0.42986059234513385  0.44322421110637322
  0.45642057547503395  0.46830994773572171  0.48029226790703644  0.49113428147165600
  0.50120956133501082  0.51133016845513979  0.51989358418952947  0.52744883424521150
  0.53555026605659128  0.54452759444205356  0.55383490359506959  0.56286223127594137
  0.57268722320189314  0.58332378167255561  0.59575489254169078  0.60877440684563300
  0.62146975543402805  0.63375045492337956  0.64544004390878684  0.65676877084388341
  0.66820414908538450  0.68039807530822849  0.69252027379467307  0.70434760057523271
  0.71614036578223372  0.72779246753067328  0.73889728112003317  0.75015323164713255
  0.76169725465581961  0.77349846928350430  0.78563158195521776  0.79830650587202057
  0.81087077302218535  0.82199120672055825  0.83228515541663328  0.84235705188844490
  0.85274291545025949  0.86320592599451773  0.87338203624475996  0.88341278146656055
  0.89271608358173238  0.90046741592299584  0.90816735677556826  0.91546181625743772
  0.92303573396060845  0.93245602914959913  0.94268639343317562  0.95578675239321176
  0.96727855012278774  0.97831689398401167  0.98890874606842694  1.00000000000000000
 -0.00261574366106619  0.01076039937422109  0.02200841680832726  0.03341193545269942
  0.04541762111132595  0.05765488762013494  0.06944720715525715  0.08047019369870453
  0.09053569650808843  0.09956538350327264  0.10859715374695859  0.11800386057869588
  0.12738109641037507  0.13707124514631497  0.14639216920904707  0.15528272277240057
  0.16472872476238715  0.17429966498033247  0.18320086918995690  0.19186095191385358
  0.20056993240671259  0.20973508335587110  0.21995050244771874  0.23217987953014707
  0.24514868763080655  0.25666090868592700  0.26694884716492984  0.27724931935895775
  0.28684082829521357  0.29572679198462493  0.30535802967592118  0.31548151242639727
  0.32647910774611277  0.33783400574024913  0.34898566251492008  0.35967905761415764
  0.37024155543233961  0.38141909972940941  0.39298282251103717  0.40408979661701783
  0.41472742512439609  0.42491148151378672  0.43479205243785973  0.44484154256408615
  0.45597027925451078  0.46958051906437653  0.48284068244537481  0.49389933371467676
  0.50407476562451792  0.51366362043250102  0.52235311421645036  0.53103280418315368
  0.53934821508096009  0.54904157786518459  0.55918058009529570  0.57020614073720188
  0.58204031611850315  0.59342941680457206  0.60516282733790272  0.61715536108409907
  0.62911635854074865  0.64152938250241442  0.65359563096132312  0.66520877468408735
  0.67453324663762937  0.68382270036276827  0.69316510860139691  0.70331273214861278
  0.71327375350112110  0.72229809529877398  0.73030456905639662  0.74032671677324791
  0.75157876322942030  0.76285355797370358  0.77392520387991259  0.78405008240388163
  0.79264259910749024  0.80169619230407518  0.81070980338413901  0.82075359292535888
  0.83158628981299165  0.84289118085256920  0.85417829390858280  0.86501770118178656
  0.87661867744996336  0.88810390484301616  0.89877331964838902  0.90862657064663466
  0.91980829781663997  0.93200762857668817  0.94353355635156166  0.95498665353573309
  0.96679771769686351  0.97878266317519247  0.98934733986237988  1.00000000000000000
 -0.00005863155905785  0.00032537116191723  0.00070917979054199  0.00093839693662878
  0.00113966458743364  0.00133003875265996  0.00151331213383168  0.00169835412520052
  0.00188215952831910  0.00204056758805693  0.00218895967430035  0.00233236538691147
  0.00247323376860540  0.00261626218119643  0.00276273110078127  0.00292078149348115
  0.00307918922872358  0.00325155205311126  0.00343259129427995  0.00359362121360096
  0.00374896348397153  0.00390928453920578  0.00407541904941967  0.00425777158850778
  0.00443807978853508  0.00461982272127989  0.00480156803002043  0.00495163575848596
  0.00507384273386801  0.00516131609663452  0.00524878945940103  0.00533495795033317
  0.00542082102252838  0.00550722518764815  0.00559737742534552  0.00568752966304289
  0.00581973126710503  0.00599008122389710  0.00616535621190706  0.00629700879009474
  0.00641250360605532  0.00652417455865968  0.00663518811399156  0.00675045889076824
  0.00688463492948140  0.00711256671289419  0.00735399540558115  0.00752202514017260
  0.00767670667320504  0.00782455548999401  0.00796815232996168  0.00813420237203280
  0.00835525625455288  0.00867477066656535  0.00891934359636401  0.00915512313435660
  0.00937493810528504  0.00957083298993098  0.00979918533552567  0.01002931116993848
  0.01028560589458170  0.01060788015381166  0.01082363198794224  0.01095613178432685
  0.01108951825103246  0.01122640091088263  0.01143059658618093  0.01176694337884213
  0.01207052978451283  0.01222801748935730  0.01233330012582134  0.01243899430517523
  0.01255669631930786  0.01272553082899164  0.01299683088426194  0.01325423876232096
  0.01344913702487808  0.01362376922353378  0.01383913476249607  0.01465597935660479
  0.01500251391320974  0.01524452013486837  0.01547657811486440  0.01571820702050648
  0.01617722200230931  0.01687003043534299  0.01771421243404189  0.01840807406915572
  0.01971741781892448  0.02075637899681991  0.02204776073104052  0.02361331008660022
  0.03041024600780701  0.03326252267682877  0.32373848320778353  1.00000000000000000
 -0.00349152713610612  0.01460685199583530  0.02926880691222270  0.04190359239881413
  0.05145573057863323  0.06119852559866665  0.07191562404224111  0.08332243188891754
  0.09491391972322066  0.10648310854524674  0.11920727304420556  0.13454014287447291
  0.14993586451372706  0.16283126270210183  0.17475160444698448  0.18681082034437363
  0.19820085380497396  0.20910725537621894  0.21952479899794697  0.22994512724771199
  0.24040024430719545  0.25120474030700318  0.26270900444155232  0.27416876264764611
  0.28566403274039531  0.29670060800309828  0.30737577072584038  0.31841752966214398
  0.32955886823761810  0.33905597869793014  0.34727556022140788  0.35530450651501638
  0.36231609170546519  0.36849693932515115  0.37566205198935232  0.38240993178400678
  0.38886830451997101  0.39538466409415990  0.40252081102721216  0.40976642095679194
  0.41774293832506149  0.42645002488919020  0.43552961585042216  0.44447232273789072
  0.45339949300228066  0.46336360139586685  0.47416420865631470  0.48543698879892888
  0.49556737250289978  0.50537878616673593  0.51553506614298072  0.52534869562312470
  0.53429277583505697  0.54311129219870835  0.55259085869795255  0.56202827757380414
  0.57018747230632127  0.57719682007049533  0.58405738504448634  0.59091982541942933
  0.59790957882571061  0.60501770819444778  0.61145501117431300  0.61795391059897220
  0.62503559370524453  0.63368937253612423  0.64413020245901909  0.65520246415681493
  0.66686488066391336  0.67776763209552382  0.68739842166790754  0.69652640452084524
  0.70426176936367813  0.71210120094518026  0.72025039936553692  0.73048019883892479
  0.74127129978672535  0.75245832292124037  0.76302774211494206  0.77357756941897393
  0.78441732260027963  0.79649827196308731  0.81053630939395904  0.82489558641190830
  0.83969863217073748  0.85436031243941513  0.86986292534060738  0.88505142583533247
  0.89879162969569870  0.91114627689874050  0.92393379415589150  0.93867819099012850
  0.95420036655666929  0.96886518502616026  0.98328164269559215  1.00000000000000000
  0.47991599964748616  0.56412900056211002  0.58740147075321480  0.60230695977374438
  0.61696748702894888  0.62984554906621848  0.64017228748683397  0.64914067404864029
  0.65760184183044290  0.66710010521012408  0.67726965736695455  0.68642589540442256
  0.69523211218778258  0.70251600030983175  0.70818703915595338  0.71388528129361817
  0.72041077288580890  0.72771730698237991  0.73527253231329781  0.74325690077426054
  0.75078988749830577  0.75736914392116683  0.76369178937955706  0.76984856809390390
  0.77576213645266512  0.78141199514268855  0.78723253751618472  0.79316093215602579
  0.79912948265354844  0.80461016207238778  0.81018138079550583  0.81574653552652854
  0.82178284891654607  0.82819663006462985  0.83486350277862209  0.84096228634380676
  0.84631286711967535  0.85124158494994773  0.85603466364918845  0.86104039499669172
  0.86599267560612625  0.87062581379990733  0.87502408623104722  0.87895263133052615
  0.88262114902264310  0.88610732687742499  0.88935028210954137  0.89238834049722371
  0.89536524672753615  0.89836505154155477  0.90131655109268771  0.90427134120196673
  0.90723353908565207  0.91022254646014256  0.91330980906928105  0.91631907943170099
  0.91889389977642166  0.92134457517290846  0.92374460093487565  0.92602795154538808
  0.92836449294255219  0.93097587339288390  0.93371807506849980  0.93649120847935707
  0.93928772150851425  0.94203291011833656  0.94461685086478897  0.94699940771505320
  0.94915638986063988  0.95119338816901899  0.95321744718859724  0.95530515007193950
  0.95743486302572267  0.95960963704617896  0.96176555558443610  0.96372018780241697
  0.96591031646609227  0.96797227974301225  0.97000984696336368  0.97198794119071774
  0.97383155131386012  0.97550663583027519  0.97727534972820107  0.97889986032372955
  0.98047523843022633  0.98214516314066080  0.98373065264273574  0.98528930391971981
  0.98687355761224449  0.98847386845484686  0.99007776091566468  0.99167998534597002
  0.99333850114189370  0.99514694095732170  0.99750491860379575  1.00000000000000000
 -0.01263062348726338  0.12675697704649391  0.14165824921578621  0.15166627549974787
  0.16111418177675615  0.16972227192596712  0.17793483474524652  0.18540259459026096
  0.19286647264399237  0.20015882211413541  0.20739267770006264  0.21409383053918010
  0.22033627901939307  0.22567778464518656  0.23102856389910059  0.23624050275894634
  0.24094075086020864  0.24614089403416473  0.25090183651426728  0.25606696037559906
  0.26141029693112777  0.26641165311683235  0.27097635393510222  0.27529616331786771
  0.27929261570390140  0.28387043358640157  0.28857167708685277  0.29356853509499992
  0.29823266860682796  0.30226125248482183  0.30633495074522060  0.31039401458649812
  0.31481883956904111  0.31939432617826052  0.32379534447946784  0.32837924972393789
  0.33261599603802766  0.33773218973126168  0.34302892831609200  0.34815318032039749
  0.35298828907980850  0.35740579222248653  0.36156386169683341  0.36567203965500811
  0.36967870502135808  0.37347606202004863  0.37737920233186723  0.38149493940012152
  0.38613250421964807  0.39118901854994698  0.39611645889544550  0.40098044755225309
  0.40599450996978548  0.41097634360299551  0.41595312713130261  0.42090540994290282
  0.42596636374873503  0.43144294511834469  0.43699401794076920  0.44216951019762102
  0.44713767263778209  0.45257259013460427  0.45819231037487895  0.46431119180465169
  0.47006876710432444  0.47528526281334460  0.48043203916189264  0.48568846369765334
  0.49094511207134972  0.49635783457087090  0.50174763793980048  0.50770179784807024
  0.51373317877534619  0.52034721816820351  0.52763388511575260  0.53553217417639254
  0.54313002695536594  0.55046494133259261  0.55823701410504190  0.56698181948440907
  0.57549029263450990  0.58331825092415335  0.59084630332429233  0.59911475529757663
  0.60821303454951003  0.61880347519469314  0.62999038448524669  0.64142830855342370
  0.65420886018963920  0.66908367915041700  0.68694740850125457  0.70508711744275354
  0.72433273105753804  0.75326530827902682  0.79685485166947423  1.00000000000000000
   3.3084833911591120E-004  -1.0000000000000000     
 F F F F F F F F F F F F F F F F F F F F F F F F F F F F F F F F F F F F F F F F F F F F F F F F F F F F F F F F F F F F F F F F F F F F F F F F F F F F F F F F F F F F F F F F F F F F F F F F F F F F F F F F F F F F F F F F F F F F F F F F F F F F F F F F F F F F F F F F F F F F F F F F F F F F F F F F F F F F F F F F F F F F F F F F F F F F F F F F F F F F F F F F F F F F F F F F F F F F F F F F F F F F F F F F F F F F F F F F F F F F F F F F F F F F F F F F F F F F F F F F F F F F F F F F F F F F F F F F
  <DiscreteSampler_grid>
  grouped_processes
  1 # 1 for a reference and 2 for a running grid.
  10 # Attribute 'min_bin_probing_points' of the grid.
  1 # Attribute 'grid_mode' of the grid. 1=='default',2=='initialization'
  0.0000000000000000 # Attribute 'small_contrib_threshold' of the grid.
  0.5000000000000000 # Attribute 'damping_power' of the grid.
 # binID   n_entries weight   weight_sqr   abs_weight
    13   10   4.477519021737048E+001   1.245314889161598E+004   4.477519021737048E+001
    14   10   4.477519021737072E+001   1.245314889161614E+004   4.477519021737072E+001
    16   10   3.697228628345612E+001   8.827091018768910E+003   3.697228628345612E+001
    17   10   3.697228628345620E+001   8.827091018768962E+003   3.697228628345620E+001
    22   10   4.477519021737048E+001   1.245314889161598E+004   4.477519021737048E+001
    23   10   4.477519021737072E+001   1.245314889161614E+004   4.477519021737072E+001
    25   10   3.697228628345612E+001   8.827091018768910E+003   3.697228628345612E+001
    26   10   3.697228628345620E+001   8.827091018768955E+003   3.697228628345620E+001
  </DiscreteSampler_grid>
