  0.00287415655860824  0.01481273513882615  0.02790502680613090  0.03883887986896051
  0.04940706568660538  0.05923978115154131  0.06869630620825296  0.07850086258098710
  0.08923351530259675  0.09983526587403969  0.11096257481469605  0.12237389989918396
  0.13491425356397610  0.14680991108396332  0.15919436909963158  0.17210023204056438
  0.18531866914890249  0.19768197097709236  0.20951949773179815  0.22008493003123505
  0.23036588646383277  0.24207427554399882  0.25365248467490303  0.26656222797639872
  0.27864565556984622  0.29029187994313532  0.30049064193599750  0.31123719309913189
  0.32220366069715922  0.33190858755101221  0.33915748829307002  0.34633139430259008
  0.35334277289062466  0.35996826334252346  0.36683096083542127  0.37523760868560924
  0.38407435724324951  0.39448887320718162  0.40660076973043685  0.41879454820168971
  0.43098299344065011  0.44275875618456295  0.45395680588386539  0.46497310977764861
  0.47570933001225929  0.48624842540347357  0.49715406254531086  0.50782478913568041
  0.51788968869807128  0.52714676836284013  0.53604581136562035  0.54531143761532308
  0.55566662239209830  0.56705350954556866  0.57867085414859110  0.59028041563819855
  0.60138888267285651  0.61108667942043704  0.61986027073313599  0.62910982054739051
  0.63904742797847203  0.64929781085606741  0.65805334828379713  0.66665746939758941
  0.67581125685107413  0.68613507208198410  0.69782205806938402  0.70951131416745816
  0.72005258134782368  0.73053188338416486  0.74013603461176580  0.75027129850415286
  0.75942376261950972  0.76833760245996818  0.77664100123115809  0.78549171699251752
  0.79544773793654866  0.80530286840829901  0.81492696471679604  0.82515105960904500
  0.83621070116947971  0.84786148427631125  0.85805107596129082  0.86811516240710052
  0.87849245426639222  0.88962933127053945  0.90005068827586177  0.90986358941442613
  0.91944318647854584  0.92997003128671030  0.94056885892322495  0.95240984502173043
  0.96264194689523974  0.97247059517295187  0.98210504480619176  1.00000000000000000
  0.00003338220137215  0.00004423479028687  0.00005556541945288  0.00006484170186767
  0.00007333682080077  0.00008150857409423  0.00008970446064019  0.00009804752457817
  0.00010715441558648  0.00011651892336263  0.00012586627418535  0.00013500717480413
  0.00014537901174940  0.00015570354684628  0.00016630590280669  0.00017714466611766
  0.00018845270561903  0.00019967204577916  0.00021092977500969  0.00022184464035149
  0.00023399049460509  0.00024706184197673  0.00026109416206244  0.00027574120343956
  0.00029202411483422  0.00030981179487171  0.00032679471976715  0.00034276324750828
  0.00035811055407206  0.00037443662816506  0.00039153285945405  0.00041074724645810
  0.00043023828107800  0.00045016000515797  0.00047070730824029  0.00049303857661554
  0.00051828103323923  0.00054493801717914  0.00057093394848978  0.00059912260274505
  0.00062827020708587  0.00066012288587006  0.00069256127637747  0.00072749456538012
  0.00076359502643659  0.00080139798068321  0.00083935016189080  0.00088030996269554
  0.00092112670325298  0.00096345104316279  0.00101051479359933  0.00106271824306268
  0.00112440611143216  0.00118790603304319  0.00125393333882760  0.00133419365452095
  0.00141227027787093  0.00147989765066112  0.00154284129425341  0.00160381817695602
  0.00166534577232394  0.00172699902571584  0.00181134054879026  0.00191333524517197
  0.00203110176384555  0.00216564524943905  0.00230821815507724  0.00244045055630234
  0.00258922342401601  0.00278188348407880  0.00298189036914683  0.00314041652072659
  0.00325191342351396  0.00335186858279643  0.00344717877469146  0.00356170976533830
  0.00369638265624153  0.00385945460042389  0.00401787338281155  0.00418924202992283
  0.00439755760054656  0.00451865367719775  0.00473175428720701  0.00500347159001029
  0.00539879129024721  0.00600902938512937  0.00636489525010238  0.00675874076834178
  0.00705715409788307  0.00735545410006174  0.00768918695270111  0.00812076880677125
  0.00901490956980117  0.01127299102064699  0.13248044329684988  1.00000000000000000
  0.00000314764022393  0.00000330420951329  0.00000342854519375  0.00000357988648673
  0.00000373794339694  0.00000389016010063  0.00000403553912080  0.00000418700038042
  0.00000435905026547  0.00000455884524987  0.00000476283279725  0.00000497678452344
  0.00000518961168584  0.00000542116873332  0.00000566477313809  0.00000592530892081
  0.00000618101069150  0.00000646024919424  0.00000674552835736  0.00000704733528192
  0.00000736607878986  0.00000768994103994  0.00000801841909809  0.00000834777714711
  0.00000866529165819  0.00000896250368151  0.00000925653548808  0.00000956227574982
  0.00000989079584851  0.00001024299748661  0.00001060767472357  0.00001099786942070
  0.00001145759183946  0.00001190447188743  0.00001233703425998  0.00001281553887201
  0.00001334968167572  0.00001383609595470  0.00001430222432794  0.00001476247158885
  0.00001527828973991  0.00001585959706496  0.00001647608371672  0.00001711159225260
  0.00001777968206994  0.00001851857435226  0.00001933682884431  0.00002022141180573
  0.00002107722653470  0.00002195639024112  0.00002286480342221  0.00002378200776428
  0.00002489064511122  0.00002601568739089  0.00002717332551350  0.00002834941519085
  0.00002958046524459  0.00003085235672756  0.00003215978965833  0.00003363627478203
  0.00003536253167945  0.00003717008626132  0.00003898196653100  0.00004075491568193
  0.00004263233714424  0.00004473021567363  0.00004710901241854  0.00004964139296383
  0.00005271486234264  0.00005607387761449  0.00005987796820902  0.00006396873633674
  0.00006829964976503  0.00007319851005208  0.00007890121242522  0.00008565937631370
  0.00009324308182805  0.00010160900198568  0.00011109652326487  0.00012192071062579
  0.00013427060471699  0.00014937665949683  0.00016924032709278  0.00019314718366721
  0.00021640123410520  0.00024356113307423  0.00027924925614897  0.00033366051921546
  0.00042470032793674  0.00055706880951324  0.00073952702326095  0.00106748768698187
  0.00155308847858873  0.00293927656167734  0.19296591948103500  1.00000000000000000
  0.00000483408673575  0.00000688647336150  0.00000767470575691  0.00000854117038833
  0.00000932309241047  0.00001005568668004  0.00001069384998614  0.00001144852907788
  0.00001223493483598  0.00001303088531579  0.00001395248944304  0.00001491784036731
  0.00001585262558368  0.00001670983073176  0.00001749182383991  0.00001828890336666
  0.00001911844002308  0.00002010137191909  0.00002125249410977  0.00002242884117246
  0.00002364552455301  0.00002490534876871  0.00002619542530014  0.00002759329120555
  0.00002914482110302  0.00003069021931397  0.00003221011141482  0.00003377955612884
  0.00003543366460766  0.00003738578094007  0.00003963503142857  0.00004197204028985
  0.00004443305490890  0.00004715320215297  0.00005003110293545  0.00005314375429374
  0.00005648648716767  0.00005995952152354  0.00006373121668112  0.00006748114300017
  0.00007137592176179  0.00007560629677253  0.00008017597046833  0.00008552918717835
  0.00009165744164557  0.00009781053986761  0.00010446359088620  0.00011138680336561
  0.00011927283883562  0.00012810402343173  0.00013707821036845  0.00014630011716015
  0.00015629986179266  0.00016648039530473  0.00017823185998526  0.00019155594553678
  0.00020614493226430  0.00022355357613294  0.00024242941286441  0.00026356231679874
  0.00028355589312628  0.00030090432919404  0.00031982051583283  0.00033929540385995
  0.00035989830189524  0.00038884497383333  0.00042219360510145  0.00046489919940204
  0.00050638404176322  0.00054563502585167  0.00058786904995168  0.00063854528326176
  0.00069946396099340  0.00076460842225041  0.00083772543667568  0.00092819997523389
  0.00102917495650468  0.00115776995598013  0.00130083051753290  0.00147491409547894
  0.00167459366051706  0.00186543478269621  0.00205650436608476  0.00229553228367383
  0.00252921992113075  0.00287605343654685  0.00333816995269647  0.00378024119029858
  0.00418593271261915  0.00445728937727067  0.00520945165233671  0.00626099687929457
  0.00714551767689501  0.00797043972017265  0.16179172821584903  1.00000000000000000
 -0.00181086102216830  0.00936404119582602  0.01868534305187328  0.02734909860499982
  0.03542810883055887  0.04335512256802498  0.05236438419965610  0.06164545087039356
  0.07043764732676207  0.07910904950387745  0.08737116658141035  0.09540721480823217
  0.10382372615076312  0.11255668892450925  0.12195166897097909  0.13109239250301172
  0.13947710974357808  0.14810792431868083  0.15619496548553513  0.16360540332443943
  0.17079720764048056  0.17796558287399239  0.18492170042276718  0.19353782899020788
  0.20273607428401980  0.21222300146502487  0.22217187909268668  0.23191322546239310
  0.24074672492260465  0.24923288681701847  0.25811488704856966  0.26714579029244573
  0.27723471358872503  0.28733702397232752  0.29736526934915070  0.30683836917190743
  0.31660576930758688  0.32594026380544616  0.33569853340776434  0.34497028862078960
  0.35374827193661379  0.36284984127288078  0.37226790583085839  0.38231560105471890
  0.39337709591941716  0.40458371035301854  0.41520112568464834  0.42523512927978685
  0.43538917754492018  0.44566503887778197  0.45568316470379450  0.46537245229685703
  0.47616263115897656  0.48863733047151575  0.50171745688681235  0.51229249892599205
  0.52220531373187529  0.53229567639378450  0.54250130294407584  0.55286438287955253
  0.56321612866981485  0.57395971670552093  0.58395299191459060  0.59354312468161408
  0.60293340235848147  0.61200985300764787  0.62141782484141617  0.63175692864772115
  0.64315902013325876  0.65499413959436081  0.66516735914813030  0.67458948803143215
  0.68389264697363050  0.69366427502928163  0.70466622157503200  0.71728605459522043
  0.73054905294387051  0.74445139932630910  0.75895707981173310  0.77256329898252973
  0.78668303627226344  0.80099740374726847  0.81569695184681190  0.83037042142260409
  0.84350973888682201  0.85618010000316491  0.87138260822743807  0.88776733915830774
  0.90361340108205901  0.91794741216408027  0.93128124634564091  0.94544687339420197
  0.95969843354416551  0.97296929417570532  0.98643775049204951  1.00000000000000000
 -0.00241488981010218  0.00672231769466114  0.01556380830881646  0.02512402171525711
  0.03708028235188292  0.04828404406151761  0.05795199812323230  0.06775292594828286
  0.07632276806844655  0.08362543848835086  0.09095851143316697  0.09889973439563146
  0.10905155212144936  0.12132876841698023  0.13416697128049912  0.14682129040359229
  0.15791855117580633  0.16818641585376382  0.17806331706187162  0.18787225002196475
  0.19774311258353972  0.20729358144206256  0.21688330156241661  0.22750377500798816
  0.23989241732411321  0.25271339528017794  0.26550812956755093  0.27717231264077397
  0.28955219961290296  0.30128222506283048  0.31196630980483725  0.32242370232135631
  0.33314299113642215  0.34435648146196696  0.35562269088186199  0.36605716225205392
  0.37701170456158684  0.38839080386816976  0.39998259385097268  0.41141995525381536
  0.42266912273014762  0.43421543739442930  0.44407445928337647  0.45194933632619899
  0.45947645870651277  0.46787410765419191  0.47680589608771384  0.48614160830152670
  0.49517726030070591  0.50626547537073940  0.51823250337705906  0.52978264901712713
  0.54118997910733135  0.55274459412607035  0.56470708282378057  0.57700263933407925
  0.58958663463692274  0.60223857875968478  0.61377496404564214  0.62413688076085017
  0.63417484025008597  0.64448962622119332  0.65516146957511900  0.66646788254597611
  0.67681245298810522  0.68707607702911500  0.69634978671741721  0.70555025467654064
  0.71506868505576393  0.72516399758831684  0.73611128022847683  0.74739332628614663
  0.75863336284759253  0.76977597607847337  0.78085144710152998  0.79133821241828217
  0.80167529221071387  0.81126652419619483  0.82128402646311338  0.83165579073979812
  0.84176265953737472  0.85172798059288279  0.86174754415197274  0.87216987500415444
  0.88341715888794092  0.89572720182961707  0.90882066094890757  0.92151387873477164
  0.93306510653099817  0.94422461391765955  0.95522196676421345  0.96520417627507882
  0.97411103396428633  0.98258410541100405  0.99088019994740784  1.00000000000000000
 -0.00231055879295590  0.01461727935195000  0.02901032371411627  0.04323703839695850
  0.05562095626500939  0.06818415299133661  0.08046539376331738  0.09327676948264157
  0.10591395858455110  0.11906407133348292  0.13238869389701541  0.14582598105307151
  0.15818580572687443  0.16951833222695714  0.17986248039787089  0.18991888317718034
  0.20078848972121269  0.21257909686815754  0.22602785966588887  0.23981142306809541
  0.25379952345515572  0.26828950637221954  0.28362802980687152  0.29749555636720082
  0.31066157956166807  0.32340126000287089  0.33526992392579252  0.34608903384323086
  0.35754917441288631  0.36910333779995580  0.37972151910732627  0.38998342578300799
  0.40140419833346480  0.41305293857534098  0.42499967563582292  0.43800340871991539
  0.45061417271204857  0.46293771612359064  0.47660886862997920  0.49026444884473613
  0.50285193164124864  0.51510073936377099  0.52754558612327540  0.54018830212987878
  0.55305629490403174  0.56529624202470519  0.57753923072696289  0.59089398881384281
  0.60507158218743884  0.61845180434680636  0.63140306852650985  0.64362144679112254
  0.65593178326956014  0.66848226574893044  0.68107639161597089  0.69308398913219926
  0.70457381479704884  0.71529350909914990  0.72521477725783112  0.73519528528662115
  0.74545224213539119  0.75598409204676975  0.76631927139075706  0.77619917019234230
  0.78574964392251223  0.79417526429674723  0.80148686097096911  0.80915624681752185
  0.81733604321944120  0.82645065160095610  0.83609192966471846  0.84524972536199783
  0.85414583904877461  0.86285270252653057  0.87087347346867672  0.87801360579776899
  0.88467522502665452  0.89060382670938742  0.89596671844003040  0.90145250285783707
  0.90741451731568090  0.91329168797014926  0.91931208113618212  0.92545531137426318
  0.93246389976737765  0.93966085311966274  0.94606854426208820  0.95195067773011444
  0.95745402684527825  0.96270050862676737  0.96822563897539471  0.97400033547605058
  0.98076698799067552  0.98760728515754825  0.99401133642937689  1.00000000000000000
 -0.00266106827841984  0.01112097751050285  0.02204262492490446  0.03269501226885261
  0.04358630467958839  0.05500778783414086  0.06682919547244459  0.07825886153661495
  0.08893498708728098  0.09925058982536233  0.10928020111993879  0.11871936041130685
  0.12769709122621323  0.13653508756889299  0.14611081307633383  0.15603854738997239
  0.16542250807015837  0.17526700522919555  0.18484284868269832  0.19337962280221394
  0.20145282155829941  0.21042817394599847  0.22107108411396389  0.23293275747542905
  0.24481449467481411  0.25733145763681914  0.27026066457253739  0.28203340224185669
  0.29315633963496468  0.30367230299160097  0.31510411486383899  0.32714277063631347
  0.33830257385661999  0.34839374670566658  0.35818737398677358  0.36775998241275232
  0.37713718368203231  0.38668530079632096  0.39733119855269045  0.40969984474212806
  0.42207190242306375  0.43328161501281398  0.44333094068931900  0.45332027490568522
  0.46347022483262745  0.47373176215785306  0.48455015832628445  0.49550684936614420
  0.50796002795090744  0.52108852057553856  0.53304882377542595  0.54453187016725357
  0.55452183426932755  0.56436329022763376  0.57442249023911862  0.58616792798866968
  0.59827572305287458  0.60981724679159133  0.62127984202790332  0.63255619769969140
  0.64518638202386225  0.65750177457757308  0.67009298286932328  0.68192367475543414
  0.69373974545952299  0.70505051408332076  0.71711066291732906  0.72644645408682607
  0.73340873242140903  0.73958318693264924  0.74574155771147177  0.75235723777373720
  0.76116935598147928  0.77269938200847055  0.78472760251081053  0.79688226687070862
  0.80869884562835703  0.81960657059614361  0.83029434730542861  0.84071764279846584
  0.85161510414897879  0.86208404624939483  0.87181863883358890  0.88065201869514564
  0.88941531717391031  0.89831699368653639  0.90695532648025690  0.91525013353028817
  0.92419345500940842  0.93296327615087915  0.94215712198894286  0.95327930447523834
  0.96485484873108751  0.97727562611944052  0.98887798002037208  1.00000000000000000
 -0.00137287250163045  0.00680182692497019  0.01527785161867599  0.02540820220200460
  0.03582500381677767  0.04458907986792463  0.05337043449579021  0.06230296152715491
  0.07181895202379246  0.08260918181824205  0.09348404440457220  0.10485133413728348
  0.11595562108318065  0.12654028110398963  0.13642612788084166  0.14678476161320725
  0.15704396493598799  0.16710447563030062  0.17696242998890874  0.18614359647731998
  0.19578017021074204  0.20565364355441146  0.21540365856441543  0.22516625779895288
  0.23491251483769765  0.24595889618493919  0.25715083790342896  0.26922067477099443
  0.28132975028129031  0.29323564416336489  0.30534173393034525  0.31706027100226819
  0.32852653633725382  0.33989680571781472  0.35103451839041305  0.36267844027470481
  0.37543713639194287  0.38845971225944009  0.40035809316841009  0.41101562001644526
  0.42150528465871723  0.43154050775338781  0.44206536342481251  0.44990683631466144
  0.45693022190844379  0.46409689726840536  0.47191310908185674  0.48175203945196704
  0.49278515307010617  0.50388294346678264  0.51528550282163732  0.52606267939915630
  0.53594295666938152  0.54575175692502753  0.55598265985498707  0.56629453423081622
  0.57627770844909820  0.58647947851938298  0.59830665725596988  0.60955593504799299
  0.62038685898638390  0.62972532501307865  0.63945551284398516  0.64940656811909325
  0.66024889873397974  0.67215832634282480  0.68438552647884010  0.69598223240528656
  0.70672828688510492  0.71714870065086977  0.72745970296663698  0.73736198445380596
  0.74663422870644802  0.75604883581884741  0.76595266020951480  0.77662295509146251
  0.78767984603911767  0.79895785322342427  0.80946524190297686  0.82000552109304092
  0.82963299430863213  0.83952517163147355  0.84983634801018915  0.86168325028942871
  0.87510999498085995  0.88795221404978364  0.90083077011417856  0.91303676630171426
  0.92402509038442138  0.93417420685561192  0.94481421145240119  0.95615453356378155
  0.96737877880542933  0.97859664425273984  0.98956020744148332  1.00000000000000000
 -0.00005951667483019  0.00030836970522436  0.00059924517923974  0.00083171506653107
  0.00102075342449889  0.00120097685329364  0.00137901958488932  0.00155542492489070
  0.00173187040141752  0.00191381275751813  0.00209371168892759  0.00224963229740326
  0.00240015320469118  0.00254531309074922  0.00268810687117823  0.00283007134219716
  0.00298060414340795  0.00312606551836307  0.00324814011019225  0.00337036749396464
  0.00349668667426706  0.00362300585456948  0.00376100042022897  0.00390233971136347
  0.00413105603912661  0.00434507075290308  0.00455066745159429  0.00474921569205949
  0.00494463059045108  0.00514328819470786  0.00535217048855464  0.00557497083100872
  0.00580371414017959  0.00602854605886508  0.00629749431549793  0.00656172215662996
  0.00680925004138054  0.00705513731315945  0.00729182404969444  0.00744266609385994
  0.00754929405907207  0.00765446569745324  0.00774501200880722  0.00778826171491947
  0.00782912871943910  0.00786998480590188  0.00791092972282447  0.00795204336586299
  0.00802026552318456  0.00811089356346017  0.00823896921895237  0.00835548174233515
  0.00844475497096050  0.00853567391820186  0.00864703353537775  0.00872007543117902
  0.00878571100974935  0.00883205101809234  0.00887997218078509  0.00892943937831936
  0.00898072955967922  0.00907349727368293  0.00926110162095723  0.00946144489041978
  0.00964097901713073  0.00982403679240568  0.01001845018811858  0.01025103358249004
  0.01056182978786698  0.01092933557913183  0.01131142758204492  0.01156241256698650
  0.01181543018788475  0.01207057877881599  0.01224714748844972  0.01239833044331286
  0.01254951339817599  0.01271508125652173  0.01288354820749428  0.01306797197788800
  0.01330833688112153  0.01354870178435506  0.01382647543836441  0.01408590801011539
  0.01432649774133732  0.01457310582640381  0.01484959817260443  0.01564004435172452
  0.01688434487878432  0.01778271137578627  0.01921231801556400  0.02247476515351144
  0.02549894742828831  0.03295509246284962  0.24064029796946576  1.00000000000000000
 -0.00191488199296571  0.00865906261226287  0.01752353536869836  0.02784485647357680
  0.03794770190559459  0.04726005333772619  0.05597675160982571  0.06437444229031605
  0.07287286882966011  0.08122686155059423  0.08981046451411745  0.09759329294122739
  0.10599409766775260  0.11479286421565758  0.12447777580828968  0.13479777054118353
  0.14416289291308929  0.15258272531370506  0.16055383277143914  0.16831136530389523
  0.17743120625322134  0.18732230042859299  0.19736340676765607  0.20752333967736614
  0.21825431710029355  0.22975597017978583  0.24071023335252717  0.25184635306765824
  0.26353344832254627  0.27454451529517837  0.28428517411332438  0.29428155813368617
  0.30533579404873895  0.31674556402088810  0.32819287792433938  0.34219705837817610
  0.35634244981171914  0.36972736750210600  0.38233523016689408  0.39527618975621748
  0.40723996876137231  0.41932698390691575  0.43125491474218963  0.44420286864704889
  0.45695105123363805  0.46869085865875437  0.47981402777078808  0.49138100423645131
  0.50429744813612520  0.51751601324289254  0.52934765451897581  0.54141001405942557
  0.55390822998273137  0.56998884494164037  0.58345794571510778  0.59520917685431574
  0.60639910843103528  0.61849284792193648  0.63235949844343331  0.64646240406905331
  0.65963879135723757  0.67243970337700365  0.68530149250906947  0.69804879968801148
  0.70940826343274221  0.71863675915467340  0.72744374962852876  0.73641741223106905
  0.74557861773444389  0.75780856573412070  0.76799692854827573  0.77810987911465113
  0.78830716322625727  0.79953089487586781  0.81022058949609210  0.82043819363229087
  0.83149477235300040  0.84190501638275139  0.85207480430626048  0.86152709865737220
  0.87088696768895280  0.87869740512757177  0.88629006371939634  0.89387661404645435
  0.90205990409352044  0.91135163763223825  0.92068616109605250  0.93045211101860492
  0.94022653964249447  0.94968516592305863  0.95899076503164549  0.96788215554943491
  0.97661773266603080  0.98476508352532688  0.99258551299458331  1.00000000000000000
  0.49483193147228982  0.58315834460332994  0.59080398117362665  0.60135970813450335
  0.61128339428651890  0.61875679524529104  0.62566539487494122  0.63257899771861181
  0.64035508957021747  0.64883440483544708  0.65664218531208929  0.66258742745998411
  0.66809482576482782  0.67347601723567485  0.67887527284088944  0.68427016757226744
  0.69010905441602477  0.69681386477739593  0.70318572956747549  0.70860397593512592
  0.71336939984115755  0.71818355647662135  0.72314858634567569  0.72831610208656794
  0.73365512974067393  0.73875508374830035  0.74370481528165155  0.74858911249391780
  0.75308296548511111  0.75739990914663635  0.76166848239216445  0.76639739237564986
  0.77179245703199606  0.77757719222007848  0.78304447949285949  0.78798408851384039
  0.79266210750803767  0.79723800982951998  0.80199474658438619  0.80636543769191360
  0.81074256654993493  0.81497762126205153  0.81947849803591877  0.82401849753472234
  0.82852824080158449  0.83281219314815880  0.83690911836227833  0.84090190869573556
  0.84495660067740808  0.84920076404984557  0.85355394966535236  0.85757290476059278
  0.86112821688928642  0.86452874548097747  0.86800214568249889  0.87166465444023244
  0.87542087644594813  0.87917421605921875  0.88287499534619163  0.88659935451044125
  0.89054339911721769  0.89405730773901004  0.89752546698100166  0.90058491777653327
  0.90349518181991362  0.90624548909826630  0.90908489494006151  0.91204291929432435
  0.91507898187108772  0.91816771289629207  0.92113361837875118  0.92409109553451618
  0.92707574518735736  0.93004940049747276  0.93298570080173782  0.93582725885083384
  0.93858352178330429  0.94137502031672837  0.94420279105318206  0.94719452863363651
  0.95030652362321189  0.95347868523950519  0.95669259956588004  0.95995570941196995
  0.96326269710001167  0.96653841953044350  0.96981658119620284  0.97309216597442949
  0.97637747694400412  0.97957407696116550  0.98282221093398114  0.98609428986778569
  0.98925145695176286  0.99251118493410406  0.99624086810130619  1.00000000000000000
 -0.00965507285493894  0.14329607118999199  0.16771369601012798  0.18066440942149903
  0.19113572467483744  0.20007455615396491  0.20857592276341472  0.21644722250744655
  0.22396563745880335  0.23135976576913644  0.23786200039518565  0.24401234360784710
  0.25011792824657220  0.25638253485521040  0.26349895775734311  0.27184086501227067
  0.27939327714132489  0.28636817132172587  0.29255636714755051  0.29796453554104957
  0.30312611319850757  0.30815890530478535  0.31281058355228902  0.31713169253584017
  0.32186143551529528  0.32674156672155741  0.33210649340619330  0.33770202096877289
  0.34285134043475091  0.34799328986454514  0.35377765600604993  0.36007848747803872
  0.36657394358251399  0.37282169003240190  0.37865003469016051  0.38470252125679055
  0.39065859288115062  0.39648884398075546  0.40232735788382423  0.40849841808963205
  0.41484129671975090  0.42113076626948853  0.42710577354853269  0.43294770387988174
  0.43868298189035732  0.44426978805048817  0.44968985489444563  0.45504286059928273
  0.46059740775146346  0.46635519515601992  0.47219459503036082  0.47834880467903307
  0.48415876947978975  0.49009732449121013  0.49599359065911353  0.50201856455079663
  0.50864043562757510  0.51503287106613371  0.52219433475879784  0.52907868175418304
  0.53554959689007930  0.54138658938447659  0.54661787459449251  0.55164169837368138
  0.55691848133778288  0.56214873776042606  0.56775717826617933  0.57408640171884806
  0.58030468634790389  0.58624652851377601  0.59247644616069850  0.59783133836400137
  0.60292702269528586  0.60893439737705912  0.61560576925954391  0.62301462591642598
  0.63076851709334814  0.63847412596790565  0.64628041215390719  0.65396743799279633
  0.66197859780273416  0.67065154130111504  0.67935207842515999  0.68880722625936386
  0.69889879031636082  0.71036030173073372  0.72297825274678740  0.73700557017691271
  0.75163785195181276  0.76575852978317216  0.77977890301018027  0.79494399398348770
  0.81269756006329608  0.83245093440927953  0.97874889457624004  1.00000000000000000
   1.2365046808949660E-005  -1.0000000000000000     
 F F F F F F F F F F F F F F F F F F F F F F F F F F F F F F F F F F F F F F F F F F F F F F F F F F F F F F F F F F F F F F F F F F F F F F F F F F F F F F F F F F F F F F F F F F F F F F F F F F F F F F F F F F F F F F F F F F F F F F F F F F F F F F F F F F F F F F F F F F F F F F F F F F F F F F F F F F F F F F F F F F F F F F F F F F F F F F F F F F F F F F F F F F F F F F F F F F F F F F F F F F F F F F F F F F F F F F F F F F F F F F F F F F F F F F F F F F F F F F F F F F F F F F F F F F F F F F F F
  <DiscreteSampler_grid>
  grouped_processes
  1 # 1 for a reference and 2 for a running grid.
  10 # Attribute 'min_bin_probing_points' of the grid.
  1 # Attribute 'grid_mode' of the grid. 1=='default',2=='initialization'
  0.0000000000000000 # Attribute 'small_contrib_threshold' of the grid.
  0.5000000000000000 # Attribute 'damping_power' of the grid.
 # binID   n_entries weight   weight_sqr   abs_weight
    13   10   3.929964734026831E+000   1.060280771805947E+002   3.929964734026831E+000
    14   10   3.929964734026828E+000   1.060280771805944E+002   3.929964734026828E+000
    16   10   9.356744921665354E-001   7.755501979334167E+000   9.356744921665354E-001
    17   10   9.356744921665345E-001   7.755501979334151E+000   9.356744921665345E-001
    22   10   3.929964734026831E+000   1.060280771805947E+002   3.929964734026831E+000
    23   10   3.929964734026829E+000   1.060280771805946E+002   3.929964734026829E+000
    25   10   9.356744921665351E-001   7.755501979334161E+000   9.356744921665351E-001
    26   10   9.356744921665350E-001   7.755501979334158E+000   9.356744921665350E-001
  </DiscreteSampler_grid>
