  0.00191755868050469  0.01781959692942546  0.03148262352102507  0.04358504583548142
  0.05496005282006780  0.06639116874593805  0.07700794238321045  0.08756480818566914
  0.09754677229332037  0.10794392393575004  0.11741803353658505  0.12826179894467885
  0.13683518631502156  0.14461159250251604  0.15240775374369947  0.16018160321150604
  0.16759282280841614  0.17577222925077771  0.18699952116839258  0.19781497690524835
  0.20772650037869894  0.21711425143620153  0.22657664646770620  0.23691129262012020
  0.24852824512114072  0.26095719225703790  0.27336871338842894  0.28573950753602373
  0.29831645616193375  0.31051930268464095  0.32164770820881150  0.33204716063566786
  0.34180840469768309  0.35120709658830407  0.36018828522285584  0.36943095188172637
  0.37990389118839374  0.39163941936594582  0.40308431246068782  0.41436129196526217
  0.42473017007478903  0.43495939732829281  0.44469536853019248  0.45408302180968341
  0.46510739597129735  0.47532099393494898  0.48634976875549352  0.49769481427752293
  0.50994374322873892  0.52256575792303983  0.53414609477145092  0.54533504213569839
  0.55667267108670848  0.56847597525489024  0.58027266330265204  0.59068358478079164
  0.60039427449770788  0.61007410839138920  0.62021274676057436  0.63122547567332232
  0.64227953355320588  0.65367988991734893  0.66502878195354620  0.67604792552527893
  0.68695446911977220  0.69773372909168485  0.70831716479158302  0.71800679335915918
  0.72748250816721771  0.73800079967388921  0.74837912969655518  0.75737837372284678
  0.76642540425084660  0.77596075594640157  0.78780526562076147  0.79840590921059862
  0.80875684295380834  0.81944394480333460  0.82962761445237387  0.83888938594668827
  0.84749207061502463  0.85711132401188506  0.86729175082697640  0.87744641040186866
  0.88748537741941158  0.89825940224590162  0.90748977471038661  0.91719427965659095
  0.92730496215053682  0.93874388759383787  0.95039312477659821  0.96070570827441981
  0.97023055550356929  0.97977842856056907  0.98934462719411287  1.00000000000000000
  0.00257421556242159  0.01530811848640663  0.02779561038195785  0.04037593013755188
  0.05268712952868074  0.06550077689169950  0.07859325614958468  0.09152456446723298
  0.10316073790258685  0.11209857280155709  0.12030951692390994  0.12854589638478492
  0.13619880826316516  0.14416105164715526  0.15274267788917434  0.16145736576770711
  0.17183465692370933  0.18394590115303355  0.19518054872254853  0.20543184699905462
  0.21539342654594357  0.22627262381103330  0.23737830227638293  0.24976989036727998
  0.26281466650378277  0.27453583850144453  0.28503560480137585  0.29510799558136930
  0.30578823496118474  0.31727610982580090  0.32803605221410903  0.33820463157459002
  0.34823400422336792  0.35863114298303267  0.36970966575361930  0.38107670819722200
  0.39256615473012341  0.40378568252596359  0.41428263514010943  0.42509575707044867
  0.43629219929616930  0.44733332423765843  0.45813059894291663  0.46880098684753135
  0.47929103844659254  0.48935051805179391  0.49924361192292999  0.50994436983436986
  0.52049177082368470  0.53039866083932419  0.54006128949234677  0.55036702396516091
  0.56161994407117655  0.57423223770095666  0.58675524908126997  0.59809173375780933
  0.60857557680207952  0.61867122240666073  0.62764028622779822  0.63551181616699393
  0.64295122997062393  0.65088493505208778  0.66107817498369492  0.67278829417472386
  0.68475041363232525  0.69697165657512994  0.70775378432669434  0.71866819522931269
  0.72946306296186003  0.74004873423061468  0.75024203657106170  0.76081305646218211
  0.77029001379072193  0.77941268086578264  0.78445301879384988  0.79008420950925429
  0.79584093352504370  0.80200253371469410  0.80843939781259577  0.81741894995085451
  0.82826370860775023  0.83841700566006838  0.84873545646022941  0.85951167162427278
  0.87034527974467157  0.88067039011566328  0.89104870063227359  0.90325481533099139
  0.91629171634802731  0.92884156887984903  0.94105539679539119  0.95322906716417566
  0.96542972826629969  0.97679617677208974  0.98807636471886107  1.00000000000000000
  0.00010427046553354  0.00016329245106766  0.00021177069450812  0.00024479387460195
  0.00027047879049230  0.00029454396729794  0.00031770083101359  0.00033960055505062
  0.00036248527653170  0.00038584068887287  0.00040904260390012  0.00043298834041387
  0.00045761732649681  0.00048245382468613  0.00050762728168730  0.00053348958796811
  0.00056011087522392  0.00058732971821896  0.00061559754916887  0.00064655749325515
  0.00068045858441158  0.00071567002598950  0.00075065031701996  0.00078905640931420
  0.00083051346820083  0.00086677172953364  0.00089644092701287  0.00092651274474718
  0.00095764830138175  0.00098780046367298  0.00101767837524001  0.00104589923121022
  0.00107518762099842  0.00110778126017848  0.00113959415446640  0.00117409227831288
  0.00121576416835836  0.00126535499632383  0.00131603050169299  0.00136326394359619
  0.00140998776166341  0.00145705127017266  0.00151021922485986  0.00156436509470917
  0.00161898296878855  0.00167374110021920  0.00172698602371150  0.00178033214548477
  0.00183937219538454  0.00190427090400612  0.00197592391911444  0.00205586683045246
  0.00214205278569618  0.00222924382979573  0.00232820323301377  0.00244620517770336
  0.00257674042919445  0.00271341780575201  0.00284742326244131  0.00294279110035861
  0.00305150269895574  0.00316134289223743  0.00326882803319219  0.00340530714338722
  0.00354087087071921  0.00365019937268452  0.00378917660389560  0.00393812894303989
  0.00410309072251872  0.00431139726904222  0.00461473042556604  0.00500839121420977
  0.00538529008413691  0.00565503554880872  0.00588219488908146  0.00611876107983847
  0.00637694206616555  0.00667691075748472  0.00697455231177931  0.00723343867788250
  0.00750780016634420  0.00778784770346026  0.00813747498241826  0.00841698821446181
  0.00867105934053852  0.00892751527903726  0.00914476809227274  0.00931468748493338
  0.00947480148025568  0.00963359289425607  0.00986091442358624  0.01063011091941988
  0.01133454170603669  0.01185488654115364  0.01476528247631035  1.00000000000000000
  0.00000281950042702  0.00000371615894655  0.00000423921404816  0.00000476853039976
  0.00000534498272771  0.00000596980885972  0.00000660358989145  0.00000722595707196
  0.00000788166914832  0.00000863439120082  0.00000945917563825  0.00001040496650512
  0.00001130232304953  0.00001218392097408  0.00001309899002992  0.00001408217185878
  0.00001517196125573  0.00001637230918764  0.00001762721346413  0.00001884932154484
  0.00001999284215568  0.00002107194791270  0.00002214748384039  0.00002330694820754
  0.00002459042770269  0.00002596292374971  0.00002745389965927  0.00002896642173040
  0.00003049918778593  0.00003205654444141  0.00003357554918973  0.00003502589755453
  0.00003653938537255  0.00003821323451885  0.00004015948110720  0.00004230325838334
  0.00004452191399386  0.00004672753711515  0.00004895713488618  0.00005131719576366
  0.00005367491808347  0.00005642615801723  0.00005902892743556  0.00006175396165805
  0.00006458770161775  0.00006821280473890  0.00007286548086041  0.00007781444361212
  0.00008347101825134  0.00008980284131929  0.00009621434550716  0.00010284721011713
  0.00010972970708877  0.00011598310205811  0.00012102680869534  0.00012650128660119
  0.00013196298860884  0.00013814037995357  0.00014513116630351  0.00015653116107053
  0.00017011734248941  0.00018404524622188  0.00019853548487330  0.00021514771720955
  0.00023909473227604  0.00026624592277697  0.00029273429053749  0.00032385067434572
  0.00036039160229887  0.00040407533710685  0.00045540431808492  0.00051309518349316
  0.00057566280357809  0.00064585316623447  0.00072254725830080  0.00080714893744139
  0.00090633253863028  0.00102263775895693  0.00115260026993985  0.00129115896116748
  0.00144625586057277  0.00163791507276459  0.00188429311720042  0.00215188449860161
  0.00239572239857780  0.00263043394730193  0.00287569052518805  0.00315554144754924
  0.00355124328618042  0.00402964814844773  0.00454242270173423  0.00534936735174681
  0.00672406372322425  0.00838738899832102  0.04470980079930557  1.00000000000000000
 -0.00175881312151880  0.01153676127361528  0.02389028286061017  0.03642056475811047
  0.04842900720487359  0.05995527636512259  0.07145434530787739  0.08270959268378432
  0.09224343755754820  0.10167133364942575  0.11105664342812890  0.12113028141917519
  0.13229092734471856  0.14458034115003995  0.15749964441229089  0.16639218379586737
  0.17352941538740610  0.18053387148059660  0.18807873989596050  0.19627002986507064
  0.20986095123080775  0.22471781566632865  0.23629862841277272  0.24653397047226838
  0.25599663918920612  0.26599212268983230  0.27696620092120322  0.28887746165994477
  0.30171090439627196  0.31540922303209307  0.32926152385819207  0.34408677482179384
  0.35847881624725086  0.37199995359996835  0.38500431772472793  0.39732777452132295
  0.40948821155931214  0.42068082438260324  0.43196904308752687  0.44312836218119483
  0.45471413446074394  0.46655751751716135  0.47831818540355509  0.48930192731471495
  0.50088036792641877  0.51250665167514797  0.52353002079446509  0.53386664518133364
  0.54383582194485180  0.55376459107898690  0.56358877885625913  0.57402481021326179
  0.58475451924974109  0.59586058845712353  0.60727742759376813  0.61949974046636469
  0.63052496879807240  0.64058411821927419  0.65047940806014803  0.65928092393388127
  0.66731029059435820  0.67533957891916696  0.68321805792712176  0.69271729139093874
  0.70297696498718998  0.71362915918838710  0.72496146032852671  0.73601220149658186
  0.74687999195591559  0.75708206326899918  0.76726230458722744  0.77735471347014928
  0.78788648888503943  0.79804407007679767  0.80814369783746254  0.81869892077218254
  0.82990717701150685  0.84107501995146128  0.85156026359027570  0.86162453152781848
  0.87157362420272666  0.88163745810362770  0.89161605439721392  0.90064178195950439
  0.90845512299996456  0.91619522806790543  0.92411672278607537  0.93284824266705568
  0.94201199921873213  0.95093825581034153  0.95884528957303383  0.96649972794482053
  0.97340105542778099  0.98132861740123201  0.99017276244416852  1.00000000000000000
 -0.00230834398083208  0.00718510930816425  0.01547275028110200  0.02393024423221852
  0.03347391295321023  0.04359352738705992  0.05402897611061963  0.06520352344349215
  0.07686777432168528  0.08830384179712024  0.09942584870012280  0.11001800823543445
  0.12019793512039259  0.12908085252708287  0.13732321494074753  0.14612104025516751
  0.15576918345190491  0.16421026636693342  0.17223777012058364  0.18013201018537722
  0.18921172696318014  0.20185904495756501  0.21367598636562918  0.22508957166989016
  0.23487253169137196  0.24285759867123199  0.25167812241101173  0.26133585104243645
  0.27109667454051684  0.28073155067822281  0.29024342256671115  0.30223693013401826
  0.31447734003524486  0.32677000111844245  0.33885758228387769  0.34726502226592892
  0.35586627001937998  0.36452093482850262  0.37272061274954621  0.38207984826364433
  0.39326345852131911  0.40433311979260977  0.41533650508929765  0.42682618160695518
  0.43958351404192453  0.45210393089897044  0.46325091979947630  0.47331399909334865
  0.48294428786129878  0.49233465540048049  0.50256309307329106  0.51348921961902938
  0.52369759794503157  0.53277132978467423  0.54131605754267076  0.55017034406892107
  0.55889686363126201  0.56742580695924139  0.57633890596842574  0.58629749107282902
  0.59830538043479309  0.61055857315334305  0.62297926036287476  0.63430859474476142
  0.64394244776132770  0.65395946385343284  0.66342649942649123  0.67347204708359554
  0.68442212100080113  0.69558516730233921  0.70695839113680481  0.71846396962697834
  0.73025539440608433  0.74228904907077209  0.75421330622019733  0.76568648028875730
  0.77728278408658213  0.78889263851786950  0.80163758887605818  0.81505444299983310
  0.82859814081726169  0.84140674574865659  0.85362345627088509  0.86516820736982092
  0.87622076460979370  0.88563814491126525  0.89479519285108133  0.90412595512852145
  0.91381053133137247  0.92535798492290333  0.93722746574164206  0.94880273846408403
  0.96091274706513941  0.97433386693864044  0.98702033753074525  1.00000000000000000
 -0.00587645531177636  0.03086452138036285  0.06105965947284844  0.08995977583713494
  0.11667543479117726  0.14105793035732575  0.16311571967284402  0.18310265486247890
  0.20300730052903573  0.22376230868727345  0.24217252636206071  0.25964824197775238
  0.27659865158412245  0.29305450547480316  0.30838428196821022  0.32196820645881330
  0.33526279174824969  0.35022560303481337  0.36327951581482260  0.37535235501151337
  0.38767590392234907  0.40088294271114444  0.41370682000514042  0.42629346865289391
  0.43809498798770230  0.45035598431911378  0.46349872174361229  0.47677111148529627
  0.48883313288818592  0.50005263715029424  0.50982751207027888  0.51950006425623863
  0.52848602979945336  0.53804634174773835  0.54754659993049914  0.55681969515428353
  0.56568947868900510  0.57391519916361189  0.58144005436609569  0.59045392871479396
  0.59900554017909791  0.60758341489661605  0.61560279699086506  0.62371003129188973
  0.63248379646277908  0.64160413592126364  0.65126696122418271  0.66035192205165993
  0.66924949069975492  0.67815473437755414  0.68705304115848009  0.69575801279549321
  0.70309939906725172  0.70802021055077202  0.71334743202743744  0.71905241544224374
  0.72479844733008936  0.73114288157756913  0.73911395981906469  0.74701873792002571
  0.75495430855023749  0.76327314689133308  0.77176432782334015  0.78000336820391369
  0.78775224404549538  0.79553321544448352  0.80293693448707237  0.81012152154296868
  0.81751355933548608  0.82532705450642307  0.83335001981632162  0.84153017756325177
  0.84968712431944726  0.85734299116998924  0.86453235742216594  0.87181941029491494
  0.87904706099589214  0.88596927290509664  0.89332869214980082  0.90047641288728864
  0.90869052018072527  0.91629108514907842  0.92400660801385226  0.93203091380915959
  0.93956278678952099  0.94662771167142457  0.95322415174293762  0.95882953546664107
  0.96375103133959850  0.96845788090134544  0.97297161588640713  0.97854178706528361
  0.98367359213156813  0.98930299076001327  0.99483382440805745  1.00000000000000000
 -0.00247705883073166  0.01041677210322628  0.02104642678945043  0.03068341367266005
  0.03942160159515547  0.04756382842988643  0.05516682336318004  0.06302399276812583
  0.07213022063824942  0.08211041228676004  0.09344763242428966  0.10472860215595756
  0.11638313390889540  0.12804396496316550  0.14012213493796727  0.15225461289770800
  0.16478468932459733  0.17585302037139325  0.18692765333654887  0.19789483896977866
  0.20798740394050455  0.21716014128415756  0.22595333379865193  0.23541406421286551
  0.24624092773082393  0.25797531389720607  0.26783644996876244  0.27510626548477363
  0.28241463617988860  0.28974074862444765  0.29726825896627618  0.30649631290859175
  0.31837068824482867  0.32983791468228879  0.34109148315492233  0.35240909037272816
  0.36238917222167338  0.37251724036518602  0.38297577669801480  0.39279084652808177
  0.40263771501174450  0.41310402994134382  0.42416287850121526  0.43459645656132873
  0.44448527655022801  0.45450823830660164  0.46513360078607840  0.47580211004375855
  0.48626550996502771  0.49689972520839787  0.50738779770429909  0.51858718055476349
  0.52993261998642138  0.54107781546220979  0.55243822678461652  0.56336600740875664
  0.57388760913739612  0.58416163108053976  0.59420737178819161  0.60509637043823927
  0.61608232820965736  0.62666202026263651  0.63714212351115851  0.64790194216201535
  0.65897185844246109  0.67026885737595499  0.68207091999882774  0.69387326659717685
  0.70572884732326069  0.71806054697380284  0.72970428074332228  0.74054799748185451
  0.75100557350818697  0.76138009678106466  0.77202524996486832  0.78229038824141839
  0.79270571479853225  0.80376589285104150  0.81496826620579266  0.82573874993961682
  0.83688015793444459  0.84814204519095160  0.85853505811392350  0.86831475364805988
  0.87848700445642414  0.88950152965440754  0.90102998107820187  0.91133193898861986
  0.92161594685829695  0.93248703353203699  0.94493741654031893  0.95741685371492424
  0.96771354756192540  0.97802722372391648  0.98884246218455918  1.00000000000000000
 -0.00041998013850179  0.00065822899558823  0.00197341556672695  0.00346873928514600
  0.00505301329739324  0.00671099113010508  0.00861711988656133  0.01084820918842886
  0.01291016046648339  0.01490446803332461  0.01688691024060825  0.02027411170394090
  0.02396076776961205  0.02773702796073051  0.03126614341795633  0.03458607333698312
  0.03779141359710420  0.04100972011501073  0.04453346345023705  0.04828561705806498
  0.05189799148641901  0.05513551605146404  0.05837648738967229  0.06160563747548457
  0.06585761211978534  0.07064051855510009  0.07566695614891422  0.08099889353578060
  0.08701537935364898  0.09392182196659223  0.10155206407887615  0.10933244106062276
  0.11697741079400979  0.12468712209615671  0.13264222842471304  0.14180257384386111
  0.15138115674995467  0.16153640025714897  0.17204455600463522  0.18430935829552075
  0.19746729757452375  0.21138953642171443  0.22463390643536280  0.23823001979242814
  0.25315453494682799  0.26952617635135218  0.28619942711217555  0.30425372365550662
  0.32355114890378950  0.34238621205169917  0.36077012793377161  0.37973297479535034
  0.39978550711950644  0.42039533535038487  0.44156840583541807  0.46540594758324233
  0.49080072584996076  0.51796624700922089  0.54590106961323537  0.57351848155354956
  0.60155633281042575  0.62816459024394378  0.65291380844696656  0.67661491409795649
  0.69939060588677526  0.72093971827218695  0.74166118258867930  0.75998022910254459
  0.77616280310053554  0.79154536479236126  0.80625864308441642  0.82120778903795522
  0.83592084813695133  0.84934396662497835  0.86192358759037402  0.87339300877714310
  0.88274420458095815  0.89118703153243584  0.89961271336411808  0.90834799429959912
  0.91724940348523254  0.92510007426080709  0.93259994722438433  0.93954615866189017
  0.94590031355631699  0.95250703424930516  0.95864849407817032  0.96391576615620789
  0.96813608435672882  0.97220059171645745  0.97629938186573639  0.98060858963909248
  0.98515631650096591  0.98989977536257001  0.99498035158877596  1.00000000000000000
 -0.00282188212529625  0.01163857637314700  0.02392038687548900  0.03597129394973280
  0.04767298598195874  0.05912009347657227  0.07077797690515765  0.08218610191386251
  0.09323008962649666  0.10417522384400303  0.11555889004672129  0.12630371578258856
  0.13830124317948930  0.15043655379255283  0.16372832974112730  0.17578633825428283
  0.18766919106070454  0.19950089872031385  0.21139323934580176  0.22334810393210325
  0.23525605201496766  0.24520996469308240  0.25530542347210489  0.26572424188664967
  0.27696972864739272  0.28937283093585875  0.30076731967683723  0.31125787005451866
  0.32026999173644455  0.32918730497682192  0.33794227557209028  0.34651204909769329
  0.35506190576057944  0.36448130190650163  0.37474870295191864  0.38669637185131628
  0.39844538141926483  0.40936440456381390  0.41977753034990539  0.43038611841900060
  0.44148220945121297  0.45321006037633205  0.46553963976988477  0.47595537613828304
  0.48440178626487385  0.49216895752143236  0.50053977974713793  0.51368601887236942
  0.52789889296234604  0.54149253124145713  0.55383293946460932  0.56512676624221791
  0.57564773037847872  0.58572463243516670  0.59550739634890670  0.60501153423310527
  0.61471194448201472  0.62465534290613600  0.63507229605543913  0.64435842731052806
  0.65126256671969229  0.65756648821054453  0.66440667683671240  0.67147479976761737
  0.67985597073671944  0.69043279095967269  0.70144572280274398  0.71204323526426561
  0.72222202227463783  0.73223374188211032  0.74101471067140956  0.75000403939272631
  0.75946798589949926  0.76987563425307903  0.78034680902955755  0.79117126643127356
  0.80160506252379271  0.81226278271815811  0.82103185503472542  0.83011564216385880
  0.83933642537129982  0.84838861383940500  0.85672588627251323  0.86535847063645244
  0.87406250000905583  0.88423420705877098  0.89550640974282525  0.90700824553588111
  0.91870580759459586  0.93038579829785351  0.94260280156775877  0.95510705342502322
  0.96723062893047784  0.97862468930004620  0.98937794551722069  1.00000000000000000
 -0.00254622772354913  0.01053508296413223  0.02012934534506392  0.02961576771872573
  0.03629562882390783  0.04313112486967759  0.05099987684086883  0.05885464363625248
  0.06636413968006032  0.07485823321124621  0.08543641851813452  0.09609288053810285
  0.10640739836376836  0.11767560166157244  0.12888599695649608  0.14061070223096997
  0.15185341692915211  0.16306611636149146  0.17329720157494982  0.18316053430662149
  0.19304035538746789  0.20328875649609426  0.21436997816275061  0.22653732775945662
  0.23980088217849968  0.25242130669882351  0.26312801931285779  0.27294074515739269
  0.28277936984512259  0.29226907491342818  0.30134762494264705  0.31091751821900870
  0.32145796971971757  0.33155350900432357  0.34091910156064165  0.35021522893317081
  0.35985625864779375  0.37019074000791807  0.38128635844431652  0.39279546885991423
  0.40439088163160886  0.41579360101734386  0.42670113852770902  0.43712934620356414
  0.44862474078644976  0.46222379711485101  0.47611849202230222  0.48910930848421708
  0.50163036582814280  0.51335098556155967  0.52482945567215911  0.53520062899127230
  0.54490383185403057  0.55463224265416222  0.56450165606834646  0.57659346801749489
  0.58896656202393460  0.60078145048009335  0.61217533621810516  0.62365920372863737
  0.63528695167725768  0.64722582413709084  0.65925468371751517  0.67187161297645848
  0.68429200900882681  0.69537110567662686  0.70428446410689161  0.71328616988759508
  0.72256003500276667  0.73248381070010582  0.74359145173984631  0.75469293182753394
  0.76591629680765461  0.77689963582890875  0.78705020398384229  0.79716789912751873
  0.80671899578886785  0.81626370860249642  0.82612038303150293  0.83596854650272223
  0.84536267046298996  0.85389800717429742  0.86156579884201523  0.86889044133779880
  0.87716447809207021  0.88554517025322044  0.89362985059037858  0.90391923266432694
  0.91647133904887046  0.92856426452867091  0.93998590645972713  0.95103824517155644
  0.96215823923199750  0.97421788639327300  0.98712100950575732  1.00000000000000000
  0.52941767607826240  0.60442843718316241  0.63695440154362160  0.65595660762111219
  0.66946013745945998  0.68109229787206926  0.69102530588934319  0.69976134912788679
  0.70832686480659268  0.71631498804106619  0.72388391057114332  0.73071978474543897
  0.73674094577740823  0.74234197270538893  0.74788599570269754  0.75336626758093206
  0.75869296846392154  0.76378434649412175  0.76865804464300802  0.77338431275102115
  0.77804753278436833  0.78282366870429076  0.78789626431161464  0.79269930536323940
  0.79711282202955192  0.80122542535421915  0.80544686409900401  0.80963816276518685
  0.81372889017260086  0.81771442968253316  0.82195075991960487  0.82643001125683913
  0.83074771381320589  0.83471169077325436  0.83835164419062513  0.84184550883397469
  0.84528275930345120  0.84846630675262502  0.85168196803943597  0.85478900954054116
  0.85783082340487582  0.86085776816570303  0.86380925220146199  0.86671668174297001
  0.86961489981771156  0.87249136173490194  0.87530748955327231  0.87821542363727478
  0.88085244853092903  0.88370604491678306  0.88657106708710154  0.88958634130369696
  0.89275412078622474  0.89574657010443415  0.89850734755761141  0.90114136441620185
  0.90376025559732753  0.90644664383910545  0.90915884387910351  0.91178423231502692
  0.91430544899219246  0.91677269159792185  0.91907928743577405  0.92132706212371951
  0.92343249717492337  0.92546704340751273  0.92763826032791530  0.92990832159647274
  0.93220489414421837  0.93461062687731933  0.93711556692743825  0.93970324718244325
  0.94217137066770185  0.94453066061397073  0.94683968826886045  0.94901836390550920
  0.95133257149799277  0.95352422270227433  0.95565926143280655  0.95787619656127942
  0.96023970471568476  0.96275497541173438  0.96531025765011724  0.96789441146823452
  0.97051517449213376  0.97302457538613030  0.97542597491534944  0.97793048695226259
  0.98066287525222029  0.98360300516672572  0.98593185406895401  0.98801392050105930
  0.99013053217106450  0.99237185073845535  0.99494761156165634  1.00000000000000000
  0.08402510302397125  0.23782816655721178  0.26265317188572262  0.28396353505350364
  0.30111029371845310  0.31646832382328932  0.33003149778515845  0.34313337621134865
  0.35543327307202188  0.36667769728002342  0.37738325305162052  0.38824263930776176
  0.39912243448081708  0.40936800076798874  0.41903603377246140  0.42809260617899808
  0.43734458464836051  0.44671041641186165  0.45644376683929699  0.46431421059833455
  0.47125565798805902  0.47767150607935560  0.48413563852547337  0.49035440447383316
  0.49558759629183230  0.50041861314241176  0.50509190480968635  0.50954653572398600
  0.51387781620695794  0.51934509801887840  0.52520577444913663  0.53070712613766935
  0.53632944067049371  0.54213652835336434  0.54822455685914884  0.55414023029461201
  0.55984748286144448  0.56535956028820822  0.57080656793074636  0.57643168325776750
  0.58217602951529956  0.58815637763102180  0.59361308701103854  0.59901323030501974
  0.60436613751081836  0.60991253469691387  0.61558711896326457  0.62146437788708908
  0.62755746963774683  0.63360139619594047  0.63959405119781154  0.64552367310484227
  0.65124979034083663  0.65677154429483908  0.66222346627278394  0.66732668666158390
  0.67191236248829955  0.67637165198370208  0.68088105450535641  0.68544719506018104
  0.69026143311576049  0.69543036943158254  0.70086029692184426  0.70610707636983394
  0.71075646956706007  0.71521802466895279  0.71971431067716529  0.72439165423518415
  0.72970526385532175  0.73574321046119129  0.74175750087864767  0.74715405422042469
  0.75219026555186064  0.75717664441227550  0.76194309830956042  0.76651547416208454
  0.77163064188091901  0.77701833689775979  0.78174143862272161  0.78674618726847434
  0.79215005560194574  0.79768419140440372  0.80327881928530409  0.80909583257133832
  0.81634230606162950  0.82480212377605366  0.83435917166403284  0.84108336514469373
  0.84767717043046542  0.85549861502617297  0.86551730627170798  0.87403779306231044
  0.88308039228090429  0.89813112269096729  0.95805335476933728  1.00000000000000000
   1.8744300384301468E-007  -1.0000000000000000     
 F F F F F F F F F F F F F F F F F F F F F F F F F F F F F F F F F F F F F F F F F F F F F F F F F F F F F F F F F F F F F F F F F F F F F F F F F F F F F F F F F F F F F F F F F F F F F F F F F F F F F F F F F F F F F F F F F F F F F F F F F F F F F F F F F F F F F F F F F F F F F F F F F F F F F F F F F F F F F F F F F F F F F F F F F F F F F F F F F F F F F F F F F F F F F F F F F F F F F F F F F F F F F F F F F F F F F F F F F F F F F F F F F F F F F F F F F F F F F F F F F F F F F F F F F F F F F F F F
  <DiscreteSampler_grid>
  grouped_processes
  1 # 1 for a reference and 2 for a running grid.
  10 # Attribute 'min_bin_probing_points' of the grid.
  1 # Attribute 'grid_mode' of the grid. 1=='default',2=='initialization'
  0.0000000000000000 # Attribute 'small_contrib_threshold' of the grid.
  0.5000000000000000 # Attribute 'damping_power' of the grid.
 # binID   n_entries weight   weight_sqr   abs_weight
    13   10   3.057086700546062E-001   2.889947927001385E-001   3.057086700546062E-001
    14   10   3.057086700546064E-001   2.889947927001394E-001   3.057086700546064E-001
    16   10   3.057086700546062E-001   2.889947927001385E-001   3.057086700546062E-001
    17   10   3.057086700546064E-001   2.889947927001394E-001   3.057086700546064E-001
  </DiscreteSampler_grid>
