  0.00000208379616137  0.00000222063056321  0.00000230203142750  0.00000238690746820
  0.00000246663059142  0.00000255552020229  0.00000264321273830  0.00000274046650075
  0.00000283126729783  0.00000292467048306  0.00000301581922364  0.00000310419603500
  0.00000319313210813  0.00000329084898172  0.00000340662457886  0.00000352552717004
  0.00000364855523218  0.00000377620387128  0.00000390980714580  0.00000404171370870
  0.00000417031985431  0.00000430007509293  0.00000444709513591  0.00000460208815954
  0.00000476630072382  0.00000493297096120  0.00000510282053331  0.00000527592468647
  0.00000545024235962  0.00000562265203926  0.00000580502851401  0.00000598854839977
  0.00000618312937921  0.00000637221893320  0.00000656790434541  0.00000677665182990
  0.00000700473804570  0.00000725868699924  0.00000751880969371  0.00000778510971168
  0.00000805871776134  0.00000836360778502  0.00000868792460650  0.00000901955112340
  0.00000935340539460  0.00000971339539250  0.00001009673840049  0.00001049680185216
  0.00001091949636075  0.00001136401368898  0.00001181146178084  0.00001227695910539
  0.00001278156032569  0.00001335065574206  0.00001392496418603  0.00001450324719268
  0.00001513620111172  0.00001582469649194  0.00001655007356868  0.00001732852600218
  0.00001820731250099  0.00001917257808775  0.00002021957050011  0.00002137164786264
  0.00002254917783118  0.00002396519649842  0.00002561836997222  0.00002747579831561
  0.00002933390247436  0.00003101049653717  0.00003304423373536  0.00003522129392043
  0.00003800402151293  0.00004142208504508  0.00004490789806377  0.00004865166585933
  0.00005291621603121  0.00005854085882186  0.00006537276665044  0.00007417894349263
  0.00008411362288348  0.00009628655537586  0.00011140364548171  0.00013071417369353
  0.00015642413343842  0.00018552989530586  0.00022387872606142  0.00027178044517241
  0.00034385919013774  0.00045513088349120  0.00065096963998052  0.00106907214092427
  0.00201660709124550  0.00481046215408656  0.10287309227231807  1.00000000000000000
  0.00276483959876820  0.01485675796620125  0.02639414288807167  0.03437080750608509
  0.04187025259400184  0.04972614315330308  0.05810150057785841  0.06798570327348873
  0.07917831681366130  0.09122589974407204  0.10306727116809528  0.11404643097430159
  0.12421812065111286  0.13437818628492065  0.14491728285701197  0.15600596097742037
  0.16668281387160816  0.17681025540065909  0.18742450681234141  0.19823030071724523
  0.20798080597112101  0.21802898361680992  0.22826461734754347  0.23916498815171347
  0.25036887047830825  0.26217330366983638  0.27408501747193575  0.28555293866617776
  0.29728127122453168  0.31013401978304794  0.32344461466201369  0.33571346488441572
  0.34745253540720827  0.35857664426792990  0.36935315587804735  0.37986344682911216
  0.39027222166181952  0.40112359427732863  0.41191043552516765  0.42291405784015512
  0.43423095025627118  0.44564842423331646  0.45666413737221900  0.46697036386381863
  0.47671533265932065  0.48628611789890308  0.49552129617173929  0.50421837306450812
  0.51282273314504179  0.52239999843196017  0.53247487830463658  0.54113869300077755
  0.54959936123591746  0.55830740127223799  0.56745602331269984  0.57815625538736637
  0.58962091995363108  0.60152257931833497  0.61214425979429599  0.62146597902762901
  0.63021201462761178  0.63866614747795303  0.64782545941625225  0.65761814676774510
  0.66769254087451602  0.67787698583756750  0.68822205316870722  0.69850671961963340
  0.70868146526827824  0.71845004685394664  0.72828502590726363  0.73845831462659184
  0.74925337197335007  0.76098953129801317  0.77375284665134259  0.78672914763952417
  0.79914914321527630  0.81099217567016457  0.82205882982805856  0.83274909667365904
  0.84344202206697794  0.85380271568755450  0.86438982793939179  0.87505388335475731
  0.88600605873597149  0.89711017178236807  0.90913619907082310  0.92178702905873622
  0.93381425185427847  0.94428247915871211  0.95451444222785264  0.96408835319695452
  0.97461533937836553  0.98390043957986439  0.99267702573030137  1.00000000000000000
  0.00002997063388778  0.00004085914430092  0.00005000469285433  0.00005736885429255
  0.00006409925138662  0.00007072559667912  0.00007744597780158  0.00008391796898862
  0.00009010373646151  0.00009597020861187  0.00010160262200625  0.00010735716212531
  0.00011329914483747  0.00011935710250414  0.00012548423503452  0.00013176556979217
  0.00013831759984741  0.00014503731708201  0.00015191758075831  0.00015926590274612
  0.00016692522656106  0.00017493384445135  0.00018346193050409  0.00019223290981321
  0.00020113340630707  0.00021029897166686  0.00021965647404108  0.00022889502901577
  0.00023797473306145  0.00024694543635798  0.00025635547049098  0.00026642172854834
  0.00027719578452836  0.00028852823854284  0.00030108719288321  0.00031411416692600
  0.00032610800900526  0.00033865512126169  0.00035340640372190  0.00036946230933005
  0.00038543602041478  0.00040024254481237  0.00041464496037266  0.00042967588894356
  0.00044683876006527  0.00046464174165738  0.00048363480993764  0.00049940174519402
  0.00051764601389183  0.00053562223445403  0.00055608107200748  0.00057941605230698
  0.00060175406013863  0.00062284984165072  0.00064500882616771  0.00066859436781677
  0.00069108181294215  0.00071822158628916  0.00074492547529378  0.00076943067180313
  0.00079207709546420  0.00081331483969956  0.00084450742631072  0.00087839108935200
  0.00091622413673354  0.00095624515635365  0.00099716714083318  0.00102700068626424
  0.00105698715502509  0.00108586421513530  0.00111636654227457  0.00115021537549553
  0.00119558738800685  0.00124868910568850  0.00129680750631709  0.00134503743470312
  0.00138612183337020  0.00142910374698964  0.00148491288678662  0.00154258591298919
  0.00161669124960498  0.00173667164636948  0.00185717311918007  0.00202671596040241
  0.00224321783270257  0.00256905522151780  0.00293020274894589  0.00328124956303610
  0.00361467340245695  0.00394648067541220  0.00462989092500565  0.00644483435269734
  0.00789348241953401  0.00994375051370480  0.24943763920310610  1.00000000000000000
  0.00000334732115129  0.00000457700083955  0.00000504239014320  0.00000539429794229
  0.00000589843540590  0.00000643027843655  0.00000689571534657  0.00000733648528119
  0.00000777341030096  0.00000823186942452  0.00000882310004624  0.00000948332710343
  0.00001015455647364  0.00001088697058655  0.00001167006241283  0.00001246006147757
  0.00001324849573226  0.00001406124891359  0.00001493005263436  0.00001585350305373
  0.00001680815154764  0.00001781277786414  0.00001882751913016  0.00001979501444188
  0.00002070730806341  0.00002165545274657  0.00002274111704937  0.00002397687944823
  0.00002532467800784  0.00002673588103414  0.00002816784099138  0.00002977624558210
  0.00003148462040108  0.00003334230608647  0.00003535170473643  0.00003748285032679
  0.00004002645346413  0.00004285786970631  0.00004608391027199  0.00004946976825085
  0.00005300937573883  0.00005659983128894  0.00006032751162035  0.00006420344167802
  0.00006845432290292  0.00007307697213102  0.00007798593039014  0.00008295950068709
  0.00008814564958363  0.00009380070680761  0.00009991464548296  0.00010623443678856
  0.00011289566048844  0.00012037570566092  0.00012939905539319  0.00013961936558104
  0.00014980380137172  0.00016016880250792  0.00017112135057388  0.00018334640991927
  0.00019773112074516  0.00021453528686870  0.00023265180935541  0.00025214208532527
  0.00027305363389938  0.00029608165230567  0.00032112978838710  0.00035006536873187
  0.00037996108951519  0.00040965972099381  0.00044154943891100  0.00047807903633448
  0.00051907967944931  0.00054948263850482  0.00058494307037947  0.00062530583042964
  0.00066519497467843  0.00071587978350659  0.00079219905609081  0.00088743972263696
  0.00101365128297127  0.00117393683295322  0.00132918153523528  0.00148194458008996
  0.00164193061499128  0.00182475282276364  0.00204076815113922  0.00230703335283725
  0.00267653857492373  0.00305321239999482  0.00341401349282934  0.00389591036709205
  0.00532342342521620  0.01137840503010672  0.07199222973930607  1.00000000000000000
 -0.00304052595551812  0.01423253108136488  0.02769800879377045  0.04032300452422299
  0.05216956249326929  0.06430367344115628  0.07707346121132067  0.09047196563572603
  0.10340794801983522  0.11625214244086170  0.12977309902839856  0.14426455657047180
  0.16032098847342713  0.17593836486482939  0.19046281905649728  0.20546778321153245
  0.22004287030715386  0.23399037839198630  0.24746485463784393  0.26154231655874854
  0.27681220659182171  0.28976203326788741  0.30208676413997626  0.31475196866637484
  0.32854458197328867  0.34230446045469282  0.35546587805021346  0.36750533226390897
  0.37879563388350235  0.38949854345021384  0.39983557457581936  0.41125446792488218
  0.42479055246777908  0.43908964688279628  0.45207166442041830  0.46490359897642891
  0.47854686185260331  0.49071421289785910  0.50306722865883524  0.51487591568687963
  0.52652560286924144  0.53737569009523245  0.54879216634144967  0.56076485498992745
  0.57225494532945997  0.58324758039361713  0.59482487516730342  0.60737000146930498
  0.61942227892628943  0.62993583609677706  0.63991289612522806  0.64950953766307595
  0.65942283576622895  0.67029228214416070  0.68097363803017397  0.69085118507461318
  0.69937498749068627  0.70771477019190276  0.71631685144012280  0.72520932567018703
  0.73434644214815659  0.74280361133016370  0.75099293918250565  0.75961387998520602
  0.76858442880479527  0.77869785603757347  0.78865922201159810  0.79908596158218115
  0.80973301148411225  0.81878783801594535  0.82711062181304207  0.83479051234826407
  0.84209630653614309  0.84887195621053346  0.85578789503195463  0.86223032116748410
  0.86864096540331592  0.87493070514531857  0.88171373389014018  0.88923192588819144
  0.89847199923541921  0.90794197948772093  0.91704643667296726  0.92496790293773024
  0.93295565503565681  0.93961025476312054  0.94577035327788683  0.95201855143074654
  0.95790780219323002  0.96352192845542095  0.96896154960855851  0.97400154167863495
  0.97900793913216966  0.98497432199867729  0.99234129985561892  1.00000000000000000
 -0.00279047150256641  0.01096977900015422  0.02270032720173975  0.03325493937753309
  0.04389694250320948  0.05432579950218090  0.06370428209929102  0.07230419243292815
  0.08068801286621113  0.08933985718896340  0.09831492354770954  0.10787771331005759
  0.11588988507943526  0.12360143245047467  0.13144989031261964  0.13996550550540249
  0.15084023740684593  0.16226977078732208  0.17325606254515888  0.18424225379504122
  0.19542732853156064  0.20610637866682924  0.21663980495563787  0.22767577965271488
  0.23834892773074884  0.24865876664574535  0.25864473185806536  0.26853254849404057
  0.27899172663985883  0.29041610549295743  0.30273014564645057  0.31528990585081196
  0.32764317836025114  0.33960694078940068  0.35151246325580232  0.36353947672473863
  0.37508538990214835  0.38641856403703795  0.39676315161016751  0.40679368660795884
  0.41687549026984316  0.42762155151914322  0.43886539386154577  0.45071712479660286
  0.46268523857701455  0.47372189695628997  0.48345914886449959  0.49435670105905771
  0.50469818918325426  0.51533385094112882  0.52591072175917231  0.53652608829437909
  0.54742548468134533  0.55906402034610070  0.57179072179918045  0.58438014566441443
  0.59565453192189100  0.60617367426271074  0.61600370042795105  0.62596475340127300
  0.63602350389410856  0.64633933432614465  0.65676600742950508  0.66671066115492894
  0.67641802753751423  0.68589792490830981  0.69566895462942302  0.70635608044448350
  0.71576447630297668  0.72519714477807695  0.73447453581857725  0.74469214438000031
  0.75510560640017055  0.76510898241432113  0.77528478143048785  0.78559306620768743
  0.79651157902400271  0.80765162874195362  0.81954032921744602  0.83066957646323858
  0.84238445249345006  0.85429599144601065  0.86677501943852686  0.87882854597820126
  0.89084943135588202  0.90096853182715442  0.91029608147326424  0.91963111565834577
  0.92949030597007121  0.93940450355875615  0.94934615284705004  0.95994316544219771
  0.96987315860311751  0.97916810804813270  0.98855317639065154  1.00000000000000000
 -0.00250590705669158  0.01129872168962853  0.02360103387636271  0.03610684021170184
  0.04856225650511707  0.06030601698716652  0.07050799952496369  0.08020076680425182
  0.09116684495179468  0.10379753087104746  0.11617808222406800  0.12828684187380920
  0.14078223763859296  0.15323336107069185  0.16573973047573909  0.17815854117095206
  0.18933271714138242  0.19967507830529130  0.21038505960718251  0.22153994248507525
  0.23329276144927408  0.24509140071353208  0.25721365951907366  0.27007463593504621
  0.28306679858869122  0.29635616138905685  0.30841034834802661  0.31945079651324204
  0.33033624292464187  0.34065553302037954  0.35098753322252191  0.36158876629372494
  0.37187816357201231  0.38216925724152534  0.39176885258424471  0.39922683183294155
  0.40653293939954249  0.41423201091330314  0.42270013028973441  0.43310468532468893
  0.44411549568561737  0.45491029945551092  0.46632333208675564  0.47814851605149250
  0.48981046097113479  0.50051976388897046  0.50994966902107697  0.51916169480839691
  0.52856736102249147  0.53849502512069636  0.54899506835058787  0.55991524721576214
  0.57063296630526550  0.58116242096140880  0.59074906497697055  0.60034567791524385
  0.60943424116111611  0.61843645764620225  0.62763978952514410  0.63680794294326115
  0.64656747027608930  0.65714690612850346  0.66800448431430104  0.67827302885683505
  0.68763830394430581  0.69699485431442720  0.70665488746385785  0.71678141703272868
  0.72627396830605973  0.73585919801726418  0.74496785306265434  0.75379569306900229
  0.76290957371882773  0.77186924354944564  0.78164815808220178  0.79236824208719825
  0.80356368129493205  0.81387719821908344  0.82345215743549927  0.83364086807348992
  0.84481433362585323  0.85571179746505910  0.86556006342892433  0.87490208753147536
  0.88427684852785016  0.89415894729009382  0.90475364730506569  0.91583352731061607
  0.92579843378642257  0.93573267311433084  0.94581823651691899  0.95693224131324828
  0.96762263019334060  0.97824848144784804  0.98882443721986646  1.00000000000000000
 -0.00189548347019127  0.01143207908727332  0.02021431724810224  0.02880286585562357
  0.03744218350577971  0.04724576416858191  0.05700892096188812  0.06742895441267543
  0.07764000246745772  0.08556689550296007  0.09274151970272650  0.09998837922492326
  0.10695614624697287  0.11854291453961960  0.12954062769780844  0.14116834788820948
  0.15217085056946167  0.16346913256650764  0.17333562923336454  0.18313152237822908
  0.19240776394339659  0.20228641986466650  0.21207507714281626  0.22281598678570624
  0.23368097172787544  0.24495283214980065  0.25631087345571846  0.26786801094868218
  0.27853232092062519  0.28840153846706496  0.29810455709635986  0.30845676923337589
  0.31953475833116496  0.33131110765099364  0.34283375943125943  0.35391569937946193
  0.36465569977979578  0.37487947532455040  0.38614495150770706  0.39803304525729999
  0.40994487845935196  0.42040060841326704  0.42936690346773970  0.43854227326684714
  0.44698699462576880  0.45533174176139829  0.46354088351137956  0.47235022112569819
  0.48192682214960186  0.49221386057436312  0.50442469690348490  0.51685898130892216
  0.52892820467053980  0.54007179851015752  0.55047831107078171  0.56043169880230093
  0.57004688792287117  0.57975303720225058  0.58904542173715391  0.59782102415370098
  0.60719190547497015  0.61652610468733016  0.62619438059265253  0.63624347499720968
  0.64663682976215020  0.66082261281910537  0.67241755531951308  0.68321627295263887
  0.69456715103752753  0.70735779005044941  0.71970076874962974  0.73108039383497281
  0.74264627025441465  0.75431092544900424  0.76729169893483862  0.78090788311054482
  0.79396408123307272  0.80643301603536977  0.81787864021754930  0.82756749584106803
  0.83686765740692393  0.84621477299697379  0.85689760823687355  0.86835249440090090
  0.87953937837217910  0.89007764175746162  0.90022329553706482  0.91054602103767002
  0.92161080976302334  0.93319760477869684  0.94452227236630260  0.95550541881274464
  0.96720299871685655  0.97822330057054430  0.98924566105615930  1.00000000000000000
 -0.00107371333551909  0.00317561847548897  0.00738211884787912  0.01157163465110951
  0.01586213061447586  0.02036820463641787  0.02506253647623736  0.03118798513811710
  0.03740045699631023  0.04277250952887520  0.04789418363084309  0.05337949780556940
  0.05885384371575274  0.06457793766582812  0.07219501930633956  0.08052480709964435
  0.08823762506126262  0.09570985320488483  0.10310459297593465  0.11057192191251114
  0.11855211430825198  0.12653558785619676  0.13419136382174529  0.14198130866341888
  0.14974539739478063  0.15726557613461642  0.16365155486355457  0.17067289486700962
  0.17781710020132663  0.18624916745468348  0.19697546132869617  0.20732069456548596
  0.21729063417324060  0.22706080461604250  0.23675594734809807  0.24677560948882687
  0.25661519259417820  0.26607180362973737  0.27579457801180751  0.28637980136270413
  0.29789294575639441  0.30954797057326661  0.32139628457973796  0.33313189263171156
  0.34435873754375917  0.35555194955266778  0.36742256647690119  0.37963848139596579
  0.39145120200228251  0.40208194202158365  0.41255300765975533  0.42393429716772107
  0.43588469894408544  0.44741953045649296  0.45903864229505242  0.47221380628929932
  0.48613714952344761  0.49963244421478809  0.51244204879515010  0.52499514350285614
  0.53774610731668049  0.55063277774202934  0.56310687132853654  0.57532602224223039
  0.58753396188385820  0.60068277696244299  0.61465893821571271  0.62807988102542567
  0.64034871357498491  0.65282313666257108  0.66543607369359248  0.68063542327853044
  0.69553583036808242  0.71056767411186672  0.72558227656710528  0.74001370165655900
  0.75376179047181069  0.76784655555579062  0.78132437095569374  0.79383060966947938
  0.80624732520740350  0.81881121190364325  0.83157781163918154  0.84420153398178455
  0.85732586268396294  0.87193416194041229  0.88740856688281511  0.90248738671337780
  0.91624863152356784  0.92892980841027717  0.94135347584244145  0.95402732086052855
  0.96712694769644414  0.97947253350972729  0.98992905882999804  1.00000000000000000
 -0.00298048758988581  0.01049202346517293  0.02246778832766449  0.03432181813709595
  0.04585710697200822  0.05652382690724609  0.06784056482027315  0.07922238557150726
  0.08982834088182978  0.09900513688804520  0.10782139574898783  0.11689698914917158
  0.12697774950768567  0.13703917254105577  0.14684418139466204  0.15771647878856571
  0.16794583129113655  0.17781139247530464  0.18700791829070254  0.19743694714152882
  0.20652020384654399  0.21573679372689297  0.22472528757593135  0.23487548962783208
  0.24624653889444825  0.25638870849298795  0.26614885941153510  0.27605142512921982
  0.28632689388064675  0.29682861050083592  0.30779388366410210  0.31913183124677363
  0.33132105310954485  0.34281866462140109  0.35408438085826255  0.36508255145151614
  0.37622051296017772  0.38740477967432990  0.39850545186039166  0.40925608533005026
  0.41966813176895845  0.43007669636487061  0.44107376903632378  0.45240058180332554
  0.46325264450934439  0.47255905909493245  0.48080647106206598  0.49000820516131682
  0.49920107452367490  0.50883348757781166  0.52042284528027816  0.53221207451538455
  0.54474506128076183  0.55618800791348166  0.56597195717708371  0.57577681913372114
  0.58545477380824273  0.59576364633871670  0.60602242109590654  0.61604276155643867
  0.62590624918452742  0.63532274063853211  0.64492465762311468  0.65545286743444353
  0.66573990084271117  0.67616694469522898  0.68708549967335109  0.69822777735617303
  0.70881864529904448  0.71948898867326305  0.73068748364406721  0.74273264173241449
  0.75512667521710464  0.76735825009367986  0.77891525287928598  0.78957776120573031
  0.80044576516157717  0.81185773164306019  0.82259019045686876  0.83324407376483278
  0.84279568910345670  0.85257213072457361  0.86163175792515123  0.87153685789032220
  0.88183894537989771  0.89299537786954319  0.90401913992786020  0.91533080151018731
  0.92618671958796772  0.93744472957367742  0.94952080955712581  0.96104087569055374
  0.97074361780156126  0.97997472439098210  0.98954144496066854  1.00000000000000000
 -0.00253644641597553  0.01047103389260694  0.02081960291768412  0.03212954921580290
  0.04328827580538414  0.05518228010783865  0.06612145926076236  0.07583898926149263
  0.08531125520849771  0.09472881666725499  0.10450166640101750  0.11546388893413627
  0.12662433676016249  0.13748909473637438  0.14791313589779978  0.15736556107207067
  0.16713451298135340  0.17756848375686812  0.18807911013301928  0.19820881880322228
  0.20854386315252524  0.21932880754519560  0.22922455584680229  0.23908765411057759
  0.24895509607803576  0.25918742056098520  0.26944775003732713  0.27968641204962685
  0.29016707927431157  0.30043302644478365  0.31074347039584721  0.32154993869202864
  0.33312185394986443  0.34443978888960752  0.35515369832719401  0.36552287773511477
  0.37598121558469405  0.38692022988060226  0.39755659496204215  0.40749825670937528
  0.41725930552369001  0.42697524556305921  0.43720768543432881  0.44732606409346504
  0.45751529567804650  0.46725324349364455  0.47630344988991519  0.48601537322579752
  0.49645565486482141  0.50758305160232364  0.51906792221846809  0.53111570829359322
  0.54316095263708075  0.55438865222254619  0.56508109813046992  0.57586784574896288
  0.58767521025746039  0.59954178752233922  0.60935149733654215  0.61815311455114785
  0.62636754147716600  0.63484148139469798  0.64486293633413483  0.65523656039815203
  0.66585827303972700  0.67558309229365943  0.68546462409793996  0.69689205761733231
  0.70950691344203454  0.72212957441020542  0.73354877128696838  0.74421972675069725
  0.75461129012298667  0.76515429665090662  0.77644956000226473  0.78763394831005962
  0.79885765338756365  0.81082024700179434  0.82386843902757800  0.83704054193742394
  0.84971445511259847  0.86219592721000915  0.87410852150683938  0.88361669281060495
  0.89253522599586566  0.90150426582007204  0.91181083702293952  0.92173942118515417
  0.93135620861920032  0.94185713293158035  0.95352006727675109  0.96406417067375993
  0.97364701964459610  0.98257920002252375  0.99143926691825934  1.00000000000000000
  0.49479356798512542  0.51300002937710942  0.54134413286054506  0.55679212435267911
  0.56671561148872962  0.57597134490867541  0.58323779660229746  0.58921668940039063
  0.59511701554887020  0.60134942654126478  0.60781564622938189  0.61407750272133999
  0.62078734845641015  0.62880903993715209  0.63814213713806356  0.64590752109306804
  0.65295078363843062  0.65995686086952110  0.66737320950650292  0.67430778324514296
  0.68096302250250385  0.68780554308154107  0.69486370451571788  0.70167253040916377
  0.70748653570791198  0.71289762203120710  0.71828894631403528  0.72391523009254766
  0.72968297999755649  0.73506274165767704  0.74013467786408893  0.74522529355798506
  0.75040787346642479  0.75551111218739719  0.76029877114067745  0.76479914563746321
  0.76942201520117648  0.77445854444630202  0.77962292993553572  0.78508381860742082
  0.79064817429486056  0.79616444116818474  0.80135924617676901  0.80640170096464159
  0.81117189760358488  0.81556737645787414  0.81975281209565987  0.82392152052376233
  0.82847042366329904  0.83309913919251022  0.83767319493835901  0.84197062810215595
  0.84641137852196935  0.85053629196224834  0.85448092098701611  0.85807312294409754
  0.86161670663842171  0.86538731736007701  0.86943530131188251  0.87361632580469639
  0.87754502129505907  0.88125483340939192  0.88488225043240931  0.88838305118379535
  0.89177155162894417  0.89508810374196102  0.89826878207489103  0.90142276264612453
  0.90450223110506123  0.90744983213909436  0.91062904912157294  0.91382592800775742
  0.91708688008288086  0.92049034235206573  0.92395204256680996  0.92751847823192235
  0.93097663269078934  0.93441977948201482  0.93777312256285394  0.94112820699026012
  0.94441911367640952  0.94758537906817875  0.95064439565059256  0.95371090189357455
  0.95694604603277478  0.96044743954375889  0.96427881820661132  0.96790284390966197
  0.97149780160047661  0.97520864797859830  0.97934255128863490  0.98340920620508310
  0.98722788027582753  0.99113324031046623  0.99528872706082439  1.00000000000000000
 -0.02734971090338736  0.15964903017747567  0.18136162677890555  0.19672251801065518
  0.20996924499984912  0.22128498671939792  0.23225096090876096  0.24264443026746255
  0.25260500069172842  0.26327490411615595  0.27294320184923926  0.28203283557904080
  0.28939909482633991  0.29643022825049314  0.30359349970751270  0.31015621874754196
  0.31652374395015925  0.32275278106046379  0.32869018344583451  0.33587222389019167
  0.34250909533232682  0.34949304031894157  0.35572637168771465  0.36161494104395636
  0.36763918424646003  0.37369511339085731  0.37956772926923077  0.38529372517238869
  0.39100011340363738  0.39685347655066627  0.40261602635025368  0.40795433635006856
  0.41302534849748723  0.41791013985600611  0.42261387219035107  0.42747266167461651
  0.43243242518086966  0.43750936267963075  0.44274506951840764  0.44779859456167770
  0.45275920733119401  0.45747299465800312  0.46212666776621464  0.46696753239216543
  0.47212764627916509  0.47732126095598815  0.48257325870554013  0.48788003813157921
  0.49307156896993481  0.49863254999475054  0.50431363473537361  0.50930329119496009
  0.51389645554719876  0.51858230886034395  0.52318363462327433  0.52783976863815252
  0.53361160657883699  0.53952676874497374  0.54530100671519577  0.55126199459084935
  0.55697669387034610  0.56263689260942151  0.56840553189825127  0.57455968778051858
  0.58108501153063685  0.58752901393411883  0.59379186790093041  0.59999115653772317
  0.60622233367146650  0.61261708913188317  0.61874407968833800  0.62457563063045685
  0.63089322891979183  0.63747342774328730  0.64464135043449866  0.65109563027952466
  0.65704519641875814  0.66287687494287928  0.66874539618170525  0.67531933393124288
  0.68267537278858459  0.69032502673022422  0.69839141813842542  0.70722912420375128
  0.71585720760418359  0.72349378861293978  0.73119208268485170  0.73941253796121431
  0.74919902964912843  0.76024365600012389  0.77272973035131254  0.78750074011575955
  0.80308429402807491  0.82098599532707783  0.84874027967562093  1.00000000000000000
   7.2331903230212252E-006  -1.0000000000000000     
 F F F F F F F F F F F F F F F F F F F F F F F F F F F F F F F F F F F F F F F F F F F F F F F F F F F F F F F F F F F F F F F F F F F F F F F F F F F F F F F F F F F F F F F F F F F F F F F F F F F F F F F F F F F F F F F F F F F F F F F F F F F F F F F F F F F F F F F F F F F F F F F F F F F F F F F F F F F F F F F F F F F F F F F F F F F F F F F F F F F F F F F F F F F F F F F F F F F F F F F F F F F F F F F F F F F F F F F F F F F F F F F F F F F F F F F F F F F F F F F F F F F F F F F F F F F F F F F F
  <DiscreteSampler_grid>
  grouped_processes
  1 # 1 for a reference and 2 for a running grid.
  10 # Attribute 'min_bin_probing_points' of the grid.
  1 # Attribute 'grid_mode' of the grid. 1=='default',2=='initialization'
  0.0000000000000000 # Attribute 'small_contrib_threshold' of the grid.
  0.5000000000000000 # Attribute 'damping_power' of the grid.
 # binID   n_entries weight   weight_sqr   abs_weight
    10   10   6.287073473026610E-002   9.558841366271859E-003   6.287073473026610E-002
    16   10   8.938953184820479E-002   2.540981332289883E-002   8.938953184820479E-002
  </DiscreteSampler_grid>
