  0.00278477069890216  0.01496014956344868  0.02732975501304361  0.03860623479828000
  0.04962851059333090  0.06037821979740998  0.07169960353225141  0.08313303430845086
  0.09493322771546051  0.10562492409603487  0.11657623580030156  0.12791427691641805
  0.13941546626250209  0.15090845254306881  0.16202543022678034  0.17321526931951992
  0.18458926836816392  0.19590760958750622  0.20714786842278882  0.21837437161389070
  0.22967318426657740  0.24237295479935569  0.25330067601220513  0.26107136216258203
  0.26913253188980618  0.27703657612843519  0.28502392641705243  0.29266655105812805
  0.30096912250052682  0.30950190538816913  0.32030962831613119  0.33374174342411672
  0.34608908318868498  0.35801677793708447  0.36940966969353584  0.37988424969523760
  0.38963528565528449  0.39954026397115572  0.41027358110230905  0.42201705778201221
  0.43356056270462456  0.44492151078495107  0.45609999917226229  0.46676036640881585
  0.47683426067287438  0.48697117583112032  0.49723462076410396  0.50822520689030470
  0.51942485243519099  0.53027865387314332  0.54155579657302821  0.55283474870130822
  0.56355583447349611  0.57313579103848489  0.58193333012062620  0.59102402579793201
  0.59754937297225186  0.60368104622118035  0.61061196488002856  0.61719141599414906
  0.62533938028105795  0.63649101365977967  0.64834229392001330  0.65976667834042946
  0.67037677220780056  0.68062747302361937  0.69168171100549913  0.70354221153736041
  0.71480810342927315  0.72526106464424112  0.73519665690432090  0.74539480128433977
  0.75738173913550488  0.76871836329356391  0.77977217339014238  0.79091429260947121
  0.80272366718888499  0.81458780602800984  0.82570852352539947  0.83585682216243573
  0.84598695379265365  0.85662262031767622  0.86667323439774224  0.87634852204865876
  0.88654777588798950  0.89762173428602843  0.90855876489696508  0.91912056589158808
  0.93007846681058826  0.94107415083605972  0.95206997105310032  0.96280633551689554
  0.97324206668480306  0.98306497023927730  0.99160295411859700  1.00000000000000000
  0.00237746195205178  0.01829843385244766  0.03082729730821003  0.04261547207089183
  0.05356815996186132  0.06441392793200759  0.07492486543949291  0.08605818828133162
  0.09852198675521512  0.10833545826443594  0.11685267360566287  0.12561458828907102
  0.13464599631278248  0.14353900577743045  0.15184992720612076  0.15951843924149112
  0.16760486901506638  0.17720323887844786  0.18862093077084180  0.20129033290704840
  0.21414746926089914  0.22602850142660580  0.23710548194470835  0.24770993574190286
  0.25839149484092183  0.26902933621402786  0.27893431546350911  0.28841217609570702
  0.29839092198084072  0.30931232055559171  0.31935966736223609  0.32825962411657761
  0.33695896635386274  0.34632455748326196  0.35479394657739893  0.36196169118775651
  0.36931660311675529  0.37690426062795462  0.38601548488945842  0.39884698991764744
  0.41264272784904144  0.42499397839045050  0.43675271890503986  0.44874013507919180
  0.46179458919227234  0.47433381619697351  0.48576900060415923  0.49491090344575434
  0.50413094762188981  0.51375370531016407  0.52366394919520809  0.53488604456494360
  0.54587010446874185  0.55465212544942544  0.56320702047579274  0.57188113942161867
  0.58294388611465875  0.59487175418610427  0.60561406423331587  0.61509016230755686
  0.62457741267721978  0.63464963910147809  0.64496563308016064  0.65545996341497548
  0.66558510120605363  0.67558595315471492  0.68540617190758768  0.69491948052794017
  0.70421898064151678  0.71366532277682815  0.72348604352408852  0.73415744713902531
  0.74568448670934850  0.75736595266170692  0.76913867980926087  0.78113267431831623
  0.79231692050580005  0.80273522676664943  0.81316244172918817  0.82445356043779283
  0.83667039202156124  0.84839787534018207  0.85916508047921436  0.86942981509161010
  0.87984109209980998  0.89041002590098994  0.90069376997317818  0.91132835914277577
  0.92293632167123962  0.93555903675582763  0.94754194532598979  0.95803712260652085
  0.96754237583725877  0.97698558453017004  0.98727821402667226  1.00000000000000000
  0.00013623433114980  0.00016531643261996  0.00018866478157562  0.00020798304644410
  0.00022333930107564  0.00023711415728283  0.00024991434338477  0.00026140847094831
  0.00027226893929972  0.00028233193577183  0.00029301188326577  0.00030297321552485
  0.00031448917656221  0.00032634766764373  0.00033837889971542  0.00035148833818651
  0.00036543158450186  0.00038001920292064  0.00039493219513757  0.00040784133851259
  0.00042011265449555  0.00043218894648000  0.00044373801761101  0.00045545030528239
  0.00046974081181224  0.00048692906061808  0.00050471462628037  0.00052161000407750
  0.00053818330816791  0.00055454628470916  0.00057316893706978  0.00059252197047879
  0.00061234171898726  0.00063317711538591  0.00065468253058017  0.00067642510729697
  0.00069936000259438  0.00072494844984986  0.00075170435894183  0.00078021950001798
  0.00080515293698262  0.00082875726711937  0.00085271315459166  0.00087900977227117
  0.00090850953633258  0.00093986560048451  0.00097146985689680  0.00100330691985175
  0.00103630448445925  0.00107521178556609  0.00112279887816963  0.00117461969558010
  0.00122351130723033  0.00127214990187233  0.00132324364961732  0.00137995688113517
  0.00145568104948425  0.00153194718026198  0.00160328492048266  0.00166942850222333
  0.00173161742677271  0.00179825762247537  0.00187528591050883  0.00195973925083731
  0.00204648548383570  0.00212752544263507  0.00220494685306226  0.00229553059783664
  0.00240366530476071  0.00252521538754528  0.00265316550260760  0.00276761646741286
  0.00287130068039778  0.00297643606375448  0.00309017650119350  0.00321256027165895
  0.00337144278265697  0.00352720526742888  0.00371222699943196  0.00395465264327697
  0.00422284776257143  0.00447173053554770  0.00471140724724333  0.00492429631912219
  0.00515946495341565  0.00541650758699785  0.00573209784252732  0.00615066331005612
  0.00677421878741496  0.00771669740164926  0.00884589816340688  0.01006586731199795
  0.01140949856889882  0.01280551020181287  0.11156930031226418  1.00000000000000000
  0.00000249519995941  0.00000291828921731  0.00000308168110484  0.00000323087018590
  0.00000339811386195  0.00000356127895918  0.00000374879567983  0.00000396329997726
  0.00000419531027223  0.00000444394854212  0.00000470369682641  0.00000496641323339
  0.00000523396205692  0.00000549999697591  0.00000578839948657  0.00000608567981874
  0.00000642553335219  0.00000681362221489  0.00000725695261054  0.00000776651533919
  0.00000824318750161  0.00000875800220739  0.00000929526672902  0.00000987489447703
  0.00001044234916462  0.00001105977670413  0.00001172210759356  0.00001238653730976
  0.00001310917821529  0.00001382629339999  0.00001455861158843  0.00001529191068919
  0.00001604933479038  0.00001685814087572  0.00001771172613226  0.00001857961738446
  0.00001948677131573  0.00002044121538504  0.00002126486548389  0.00002209368094445
  0.00002300935617936  0.00002412629792001  0.00002542553676097  0.00002693273445336
  0.00002854558728368  0.00003020331432464  0.00003196351107486  0.00003389443457496
  0.00003599538616561  0.00003822198371818  0.00004065683449054  0.00004331010214751
  0.00004620495220451  0.00004920504951786  0.00005225078866079  0.00005553502371456
  0.00005932147867087  0.00006359302629001  0.00006818983641497  0.00007305723782675
  0.00007833797475655  0.00008421438969454  0.00009079903997742  0.00009882117391362
  0.00010875811606681  0.00011982345113323  0.00013090522218901  0.00014332669931888
  0.00015836717582115  0.00017558949777906  0.00019311908527242  0.00021479145777091
  0.00023816324145615  0.00026820237295953  0.00030655381184912  0.00035384317911863
  0.00039867686417315  0.00044617517389997  0.00050078458158146  0.00056564943068081
  0.00063557908406455  0.00071646029713444  0.00081467142227956  0.00092819487744707
  0.00105121760959334  0.00121820706168640  0.00139451402993695  0.00161825828757373
  0.00192042015913105  0.00233658964834574  0.00279548044193991  0.00339796553817515
  0.00462475953413882  0.00627936332066860  0.07019333518204475  1.00000000000000000
  0.00000827045336815  0.00000974041220644  0.00001089407655054  0.00001227147358334
  0.00001362064442869  0.00001537613517330  0.00001719034919123  0.00001989492854072
  0.00002295390076601  0.00002706501813902  0.00003157541715289  0.00003701620306999
  0.00004388061543831  0.00005080871725676  0.00005848210620106  0.00006769009168755
  0.00007868875047682  0.00009124181407099  0.00010546106580997  0.00012108381617526
  0.00013834244308571  0.00015598676649786  0.00017374175931566  0.00019270797780907
  0.00021444238304898  0.00023893225211859  0.00026480620191559  0.00029153130310391
  0.00031801140789470  0.00034472039732705  0.00037276293777878  0.00040235379803772
  0.00043418213341904  0.00046652857999214  0.00049692328896135  0.00052566071688265
  0.00055696040065734  0.00058904255046270  0.00062454561631657  0.00066251849365247
  0.00069718116780913  0.00073870840698270  0.00078194097744145  0.00082862872571599
  0.00087282507648618  0.00091854895547579  0.00096511794734780  0.00101188503321878
  0.00106463396908053  0.00111705259990980  0.00115383473444422  0.00118475127690787
  0.00121960925975673  0.00125644812796189  0.00129305720922977  0.00132219501803640
  0.00137282243936601  0.00143107009686622  0.00148965028405878  0.00155025221867894
  0.00161924363114034  0.00169051588401724  0.00176728186816700  0.00185222708617558
  0.00194332606776366  0.00204563967343706  0.00216431440756025  0.00229379388129472
  0.00242315884987314  0.00256183743484519  0.00271313716983409  0.00287679694778115
  0.00305105915429919  0.00325281977089756  0.00342424612700689  0.00359207380277283
  0.00377411890724682  0.00397724664296886  0.00420877750842985  0.00450397831719900
  0.00483315945089093  0.00517549658712465  0.00552485979228193  0.00597894991950425
  0.00643807008210817  0.00688610735046344  0.00730949546394714  0.00772846502662084
  0.00817392742581512  0.00857853977903505  0.00900492971332645  0.00940560008716921
  0.00994006321133522  0.01300840514294069  0.10784326714332196  1.00000000000000000
 -0.00250104842766187  0.01116562669152424  0.02130263319094313  0.03104841061699977
  0.04091599054584150  0.05168430343375686  0.06273791892442590  0.07343544286275965
  0.08341083616184997  0.09423845415099055  0.10549644236358367  0.11581866064582369
  0.12537502104228301  0.13447353494681460  0.14419258458979459  0.15419217244856143
  0.16458951149811124  0.17530237457899620  0.18667913378180578  0.19832621563862815
  0.20978605066365910  0.22177905084169353  0.23269758452014219  0.24255582411613050
  0.25187841448987414  0.26112825657645167  0.27079911843064841  0.28068806704835292
  0.29089154931509992  0.30098873352321137  0.31156710928776621  0.32236630891868817
  0.33305781315466654  0.34439047117485350  0.35624750083477663  0.36849162602613689
  0.38044709144689559  0.39322225712749292  0.40379745171273967  0.41207822614225148
  0.42060021790705787  0.42849607203258261  0.43651842051168682  0.44608898296785743
  0.45680270872628276  0.46754769427070009  0.47822809859268112  0.48840319022555412
  0.49806472899377152  0.50796176999548937  0.51803356134413248  0.52964775935896991
  0.54162405792982593  0.55394448027880905  0.56650359472575529  0.57889537606448871
  0.59054227713490792  0.60243981232952792  0.61364995831964730  0.62510744723771050
  0.63589904372537587  0.64637074659814053  0.65677118004791257  0.66823072865051403
  0.67992472362687495  0.69086585000916267  0.70031930562829214  0.70965801174053000
  0.72038818522896397  0.73093947803282633  0.74142672590001524  0.75155969231948305
  0.76133800719197775  0.77012783087276171  0.77813247617281278  0.78527929309230193
  0.79337637565989050  0.80299083615131417  0.81413895296827532  0.82578101300567042
  0.83688513049794444  0.84769537972461739  0.85841482877100661  0.86931482205080257
  0.88177390499818520  0.89424164861779132  0.90694877506454818  0.91829378521334959
  0.92862709901019935  0.93807065304710968  0.94709255543106274  0.95648889666843573
  0.96700740646078476  0.97827939013272280  0.98917692230734711  1.00000000000000000
 -0.00265651200110761  0.01039583395127618  0.02159946115416237  0.03183507142049003
  0.04228648909820115  0.05287683849661079  0.06332583284879284  0.07376532216896570
  0.08415388330708436  0.09385326334970695  0.10296518739870188  0.11179303537426025
  0.12140098109248895  0.13214090767019745  0.14454825755112263  0.15603024004072338
  0.16638269925200752  0.17581874883438389  0.18567047435721021  0.19657277863333192
  0.20837221817182258  0.21952030429143740  0.22984577371612622  0.23840193805308915
  0.24638455088626074  0.25345474688261477  0.26062509796712791  0.26865227287450044
  0.27660526790624945  0.28446705840557795  0.29230956131807101  0.30049263449833113
  0.30911163466292041  0.31933182580133002  0.33220821311063392  0.34405244518522621
  0.35570398703967593  0.36699762529137964  0.37859722106325322  0.39030487071794551
  0.40194699859190725  0.41103283252628298  0.41883312391287653  0.42632005783299726
  0.43390394200340426  0.44185941256549316  0.45456588169022594  0.46902653401370048
  0.48213205874415899  0.49390364016487165  0.50483347292066605  0.51554786402346020
  0.52630364865910284  0.53665273281121806  0.54695359984084446  0.55779389765731946
  0.56902124696522682  0.58046008030503926  0.59159822828847941  0.60252047224134964
  0.61263867751392054  0.62162359052384730  0.63022266342628297  0.63901745650355268
  0.64809292207265001  0.65828956553063833  0.66952728426000918  0.68213255830396646
  0.69520208279977624  0.70836269165620269  0.72097073771655906  0.73269894543278091
  0.74391988047023272  0.75532089445434514  0.76654840146617420  0.77725697828244078
  0.78779972039991597  0.79813736800377033  0.80852429846780005  0.81865097478184934
  0.82874263524755931  0.83911279996559640  0.84967220801863919  0.86144152932536355
  0.87284469992571889  0.88267195076371008  0.89261951847583743  0.90330985205607484
  0.91536363517986974  0.92657878536117599  0.93769247243298748  0.95126144361384102
  0.96480789378650256  0.97765783347598945  0.98871723270160927  1.00000000000000000
 -0.00292693659696437  0.01241861043669454  0.02447783375474440  0.03540214232064903
  0.04548105519223176  0.05541543534640742  0.06459256014043475  0.07475394281667595
  0.08588149501991416  0.09663892963411123  0.10682316326117644  0.11497984460816010
  0.12335320635341811  0.13204979436400555  0.14087766983211322  0.14958660252041728
  0.15808079264241687  0.16671885842651524  0.17593621905706192  0.18558472272073709
  0.19474359441883415  0.20337939279229789  0.21086900847142684  0.21679398105832468
  0.22334531598729662  0.22970196653423985  0.23599803251809043  0.24336278926130336
  0.25121113795724725  0.25993345291898418  0.26891829970222836  0.27836986162104804
  0.28816864467722314  0.29830725735225599  0.30847072079424359  0.31863026405371581
  0.32888842192564638  0.33880017538811091  0.34896991596856208  0.35785176817975894
  0.36802221514547817  0.37730809687559930  0.38731442060000554  0.39754979391666184
  0.40814919997283822  0.41845431588124615  0.42834860261344265  0.43812712613263793
  0.44890616644639375  0.45991786926811173  0.47112877759018518  0.48197567624935755
  0.49238681880829971  0.50242206059719863  0.51262685850982692  0.52309073224797242
  0.53402011079820533  0.54577608332672090  0.55611685364225449  0.56665591155078021
  0.57650507010703245  0.58729539107542117  0.59796909644791973  0.60891561017029694
  0.62041472707201661  0.63193789052529226  0.64311459344219168  0.65425139484031569
  0.66550781772817214  0.67721821010579619  0.68909701669570289  0.70137089719733925
  0.71280844795786591  0.72190119710283274  0.73073359606670929  0.74072513212758351
  0.75134494018786713  0.76211458349950834  0.77267757675198223  0.78604691852468223
  0.79984474293537811  0.81455270313915606  0.82960235155231843  0.84494319842560528
  0.86040804558257067  0.87653044663769186  0.89211086321381516  0.90542886797065047
  0.91670556271878412  0.92677602099341760  0.93697293207819787  0.94897401953858851
  0.96231522867017427  0.97563424937545029  0.98758265957248648  1.00000000000000000
 -0.00084983626254750  0.00408458308008478  0.01062481787463306  0.01713854860736814
  0.02524484627288350  0.03699818556262015  0.05011000708236657  0.06342599292069134
  0.07590121511283197  0.08737375043052460  0.09900481903346962  0.11072212191618180
  0.12291111273203557  0.13565001220984396  0.14878124984242092  0.16188334938481500
  0.17345099755054227  0.18379532340800825  0.19362872410180640  0.20333315242306213
  0.21310487038683090  0.22384397487242461  0.23610878222444820  0.24891990934440356
  0.26016879138389559  0.27069039055701616  0.28166732489894675  0.29240636084762944
  0.30271138876381981  0.31201906964234755  0.32093023761635014  0.33029958937277948
  0.34097505674103473  0.35206584766302984  0.36142023713528310  0.36945028098847460
  0.37760475498874030  0.38596295703204125  0.39470053145513817  0.40277643580773692
  0.41028677317101420  0.41879617629537286  0.43173960624013269  0.44417583538187083
  0.45498292572968824  0.46492577488749143  0.47569922458797270  0.48685518694991858
  0.49929244577959125  0.50973667120497301  0.51968043414810672  0.52960103488790566
  0.54049741185808442  0.55177270035358539  0.56340222000318696  0.57583198335336783
  0.58900812147242743  0.60037285626502024  0.61096501195553865  0.62070862507307467
  0.63080246269517104  0.64106957364305284  0.65081479828039868  0.66014857199280985
  0.66953704826471216  0.68035743304201624  0.69251335415889781  0.70545555815647731
  0.71904008807795350  0.73216911484927039  0.74422146028053415  0.75599514528451017
  0.76780116281837729  0.77936257732624192  0.79021305881640647  0.80011067653369405
  0.80979940067213008  0.81917829267342313  0.82864970277370853  0.83792870684001253
  0.84743709209987705  0.85775031220734121  0.86883704360040592  0.87977210144799289
  0.88964923692395781  0.89948073592497202  0.90962446488786086  0.91959236644515607
  0.92918653342759261  0.93873618879374010  0.94816837528565123  0.95777542082655076
  0.96705291306106644  0.97646613309922536  0.98730043609703599  1.00000000000000000
 -0.00141638954293905  0.00455470561091998  0.00982266735234446  0.01506526707117275
  0.02082374095984937  0.02694436569068212  0.03295711499069175  0.03919863656808754
  0.04630438050670337  0.05392407733942073  0.06063688512985313  0.06818614870556333
  0.07648391632790412  0.08526815487434437  0.09440520588296145  0.10396465101295846
  0.11207697408117256  0.11851153890411184  0.12473650787780367  0.13135612749965994
  0.13871873354072001  0.14886386439513785  0.16059430754434409  0.17207072760816203
  0.18364381342240754  0.19587724983418947  0.20892055187827235  0.22234009716979491
  0.23598225089848512  0.24976364409049140  0.26422993172465475  0.27858827506246409
  0.29309171571785686  0.30752473019504056  0.32055909902545732  0.33250442968506477
  0.34478917243705931  0.35830246046244413  0.37311745994347234  0.39152816798824513
  0.40953106284540625  0.42654108304597294  0.44333235739065491  0.46053631570455450
  0.47674392300298429  0.49111960636720486  0.50437370238018209  0.51792983949928328
  0.53127289636787001  0.54365721410630596  0.55570856699946958  0.56825912151647207
  0.58025379357178886  0.59171814102127474  0.60355184269647266  0.61741011229739806
  0.63116442390298988  0.64409062459184485  0.65831049445193579  0.67282301450764737
  0.68715995404580299  0.70060857336554994  0.71363245311498824  0.72729684103525283
  0.73979781947075096  0.75057614739413381  0.76077671611485675  0.77085432971705925
  0.78107502428410691  0.79179496875708044  0.80306977332050200  0.81311985273169596
  0.82310142015995258  0.83299320528712628  0.84406704743879613  0.85561802051829527
  0.86656304950415075  0.87684632134934215  0.88599536465330742  0.89473448588607551
  0.90282140792945698  0.91116073079897808  0.91900701159625464  0.92715261563358409
  0.93513091279453819  0.94275572659448892  0.94982176038029853  0.95626442015064361
  0.96237883917857669  0.96823460132807759  0.97450961004423098  0.98062445287347411
  0.98609103012733801  0.99099542348447056  0.99556470294032928  1.00000000000000000
 -0.00236139923734535  0.00918278242436654  0.01916295359574103  0.03032574742075805
  0.04195582743934258  0.05365776713389397  0.06579752072615938  0.07874978075959418
  0.09094726329174405  0.10228914997816704  0.11303503457800314  0.12341524082400826
  0.13331062271694624  0.14311865730937212  0.15332100055459730  0.16365284090977286
  0.17445787155128320  0.18578093062905646  0.19877376659603263  0.21178826295387712
  0.22380385714042730  0.23510252979983920  0.24647167834548336  0.25838715601216428
  0.26978460808590776  0.28028878262329859  0.29021455896799625  0.29788098653884520
  0.30747542320002230  0.31749005590587015  0.32661750861537026  0.33443312344358406
  0.34171311634202750  0.34799321214576462  0.35478044398309427  0.36302848649656289
  0.37265874027195950  0.38311372351537226  0.39401560904432292  0.40473803999238428
  0.41520687509627374  0.42710737785237690  0.43973798983361922  0.45210671983146145
  0.46373584610215085  0.47495753891785819  0.48635852630623333  0.49774919131854689
  0.50844799725255974  0.51906035758251867  0.52876972272054257  0.53974161195082249
  0.55063157892564529  0.56094480816819858  0.57140709122293643  0.58317800550938537
  0.59610526448862333  0.60811803020976163  0.61870134518520226  0.62864823559598382
  0.63826525784734078  0.64765183086139388  0.65718602184059893  0.66765872654088820
  0.67901990877551688  0.69012026056453768  0.70046468806795559  0.71037888149461614
  0.72054157115408279  0.73056679967220739  0.74092175496463131  0.75106147747449781
  0.76189879263286964  0.77289029185849489  0.78250175743546357  0.79207746675730784
  0.79938842891844530  0.80702134783331014  0.81518509906313530  0.82338269888879589
  0.83238291763837957  0.84434667452189882  0.85577516254899233  0.86647082623876326
  0.87675706937986853  0.88762854412372139  0.89885859913447297  0.91035853066631289
  0.92129187763091158  0.93193134545334833  0.94214696761161654  0.95337781342510175
  0.96555848448776993  0.97744594969745835  0.98906095546322481  1.00000000000000000
 -0.00179117483492072  0.00755885571720309  0.01440236171569913  0.02100969209874051
  0.02742029083557317  0.03438046545995947  0.04179960861010387  0.04804097162980638
  0.05282320264044826  0.05725572630109600  0.06220612882085270  0.06666192315415682
  0.07123992168947881  0.07713787524488938  0.08360656781236277  0.09010764459060658
  0.09645087278188273  0.10270663604158572  0.10938658037440929  0.11621072127334321
  0.12303500750953336  0.13105533208066930  0.14026681262615440  0.14924308135979114
  0.15817446082083020  0.16744780390632247  0.17624442715932778  0.18599819796200256
  0.19539339930429545  0.20420829831752518  0.21305442827123561  0.22221972965691839
  0.23161484475725955  0.24104231078275570  0.25072642399132755  0.26108955269228512
  0.27136786864344548  0.28099652299560141  0.29043077235124326  0.30038424538412822
  0.31057862734954061  0.32102082759661199  0.33225167284955398  0.34390153498181297
  0.35514409218282483  0.36560886102463980  0.37568832347617587  0.38602718493562743
  0.39645702353148654  0.40809615552628437  0.41990562450002206  0.43232250384072723
  0.44432380367352536  0.45503996248022965  0.46528513058695758  0.47594715611420019
  0.48750734950823849  0.49915413075736143  0.51137281961618919  0.52389364610558198
  0.53669121242133644  0.55001761822431738  0.56337580482798078  0.57676013908870150
  0.59115557580924893  0.60632149903417953  0.62124095266256962  0.63535436820886360
  0.64917828299909031  0.66293734885403000  0.67662157689034830  0.69031021148556049
  0.70367941405350953  0.71577856376332216  0.72719352920953262  0.73987973582788613
  0.75359491684342850  0.76721565778613376  0.78101408096831670  0.79539056395967400
  0.80973099885291999  0.82420139341507537  0.83807877121974195  0.85296858706612888
  0.86773069201921360  0.88125435995314472  0.89293631364627879  0.90371712292136064
  0.91455467648128907  0.92566543545218705  0.93666515732852806  0.94704479081244264
  0.95784000263352265  0.97083387822306233  0.98531010539212238  1.00000000000000000
 -0.00131564184480969  0.01284070048755803  0.02621348771256281  0.03935776304923296
  0.05153250510333646  0.06081786814747134  0.06843664661514692  0.07593194698527705
  0.08311361429317518  0.09096884746313369  0.10098924185335249  0.11109112501557829
  0.12217101393438382  0.13178481147938367  0.14075330544874026  0.15016508313077190
  0.15880568716475593  0.16658405323301961  0.17464900996615540  0.18255260336301449
  0.19156820400552360  0.20097382890785631  0.21128302293249590  0.22154228303824078
  0.23238950118708279  0.24353715744022419  0.25470284711701563  0.26541336458276960
  0.27524435211903436  0.28421002630990261  0.29272031389717412  0.30187843408779830
  0.31186065304620381  0.32347007211031215  0.33443683215142711  0.34470377482140341
  0.35481788945722220  0.36458415921495541  0.37471035178250583  0.38565243284073375
  0.39737349302318620  0.40954567747991416  0.42130804993043852  0.43364160971886273
  0.44495884469373620  0.45523224817925895  0.46545154816151879  0.47563199465050854
  0.48651543781624096  0.49776831081905504  0.50880943608614193  0.51926114465309936
  0.52920007690936344  0.53959555635665402  0.55052849881256483  0.56165464810674104
  0.57279548371205091  0.58402933948720748  0.59589238184772808  0.60695364698100274
  0.61751872605655844  0.62852720179162613  0.63908953632675047  0.65032320143596856
  0.66043421334773778  0.67036914151853133  0.68073200056904093  0.69129373215628886
  0.70220482623613600  0.71207222312046625  0.72043180488582859  0.72944252439869028
  0.73960304406780120  0.75055573497968875  0.76142192211764081  0.77154796131330494
  0.78233496463926122  0.79359413472529772  0.80518006144065268  0.81737435812739845
  0.82885973830206994  0.84016480447690300  0.85109307504570875  0.86244857452340840
  0.87445201205956402  0.88740784710048093  0.89994695246535406  0.91145123059931943
  0.92223910544728194  0.93240834516084292  0.94294107252527770  0.95410633183211369
  0.96539016021745894  0.97630188271105811  0.98774582235313846  1.00000000000000000
 -0.00234190478776430  0.01231955787255906  0.02382272546856586  0.03467482049936982
  0.04496001971105662  0.05608435400236771  0.06683047491031577  0.07804370566459500
  0.08964602951614301  0.10112002418512650  0.11269217387618433  0.12376228435886411
  0.13618321645008225  0.14742477023434780  0.15850320997820252  0.16968606343387019
  0.18061119536989095  0.19144393982154562  0.20200398382331763  0.21243624407936346
  0.22331918431236045  0.23237888536922560  0.23964907441666752  0.24704075475302631
  0.25511867061411003  0.26258965599373552  0.27066365291795713  0.27925397556055082
  0.28840642533505778  0.29908466106412579  0.31058988599172649  0.32136871952465945
  0.33215516079716206  0.34320579720346794  0.35425694892411630  0.36534149634493368
  0.37755903050223466  0.39036292940691419  0.40207209427696433  0.41253904026707328
  0.42323185032105803  0.43440147099573395  0.44575511404799573  0.45661084812291014
  0.46729122979490567  0.47816408668055566  0.48914269670167759  0.50059492581109977
  0.51266234768764740  0.52459203534896759  0.53622867438724253  0.54692997170510904
  0.55777898862681474  0.56878425674274891  0.58119430829920116  0.59323091919322779
  0.60534648810249170  0.61728609528599898  0.62917945415508147  0.64094522854486591
  0.65096930943346010  0.66056539283418647  0.66946330250644248  0.67845216057790680
  0.68737734528295724  0.69699411544166856  0.70703628232957405  0.71678843019475247
  0.72604866309827232  0.73542160097674081  0.74558454839877430  0.75759811725828641
  0.76877327313088817  0.77947188653773358  0.79026187636527490  0.80118561276996980
  0.81201321363029777  0.82297914544011030  0.83416576431818845  0.84547079247128032
  0.85636770849574184  0.86712945320089729  0.87728456051954840  0.88659312669032453
  0.89573788653039976  0.90531653582729299  0.91658504563590182  0.92648441391395331
  0.93428692275673519  0.94207053605878421  0.95000341494322438  0.95787995802727377
  0.96675197278553637  0.97790656154140254  0.98874190671211826  1.00000000000000000
  0.59433895832323969  0.66173189394913412  0.68223189799639561  0.69571993744228933
  0.70709571704164853  0.71882870530002974  0.72885906100263287  0.73600180111411617
  0.74307069256892333  0.75055272727883804  0.75761126928947398  0.76386447533424551
  0.76994695642120614  0.77582020515312689  0.78148567092948040  0.78668997411339969
  0.79191129751043743  0.79668186666353202  0.80185637835355827  0.80625409987261532
  0.81038437421923593  0.81463219379498175  0.81903439940773304  0.82342173042762223
  0.82750295951691122  0.83131173525041713  0.83496510577312544  0.83868889835734928
  0.84229534628769775  0.84601368777910446  0.84978238853331634  0.85362689538441794
  0.85685413602775584  0.85949556142554417  0.86212730718276387  0.86465264187186652
  0.86717531081368193  0.86954206464612871  0.87199642327473992  0.87444217971153682
  0.87719514732794202  0.87997598009014888  0.88260379104362463  0.88514930015701332
  0.88760098523785569  0.88999047221149119  0.89237340761148432  0.89480227774098997
  0.89730563759572735  0.89991668700130767  0.90268049913293769  0.90530713639173421
  0.90773774091540427  0.90991586430425919  0.91198377831222155  0.91394406245151105
  0.91591338673598799  0.91789716098769725  0.92005467745729286  0.92225812261248097
  0.92440501107413198  0.92647674464220220  0.92846681095071126  0.93038466986504686
  0.93222969235427189  0.93391291442404489  0.93533475030161928  0.93682956237149373
  0.93833781780283143  0.93982111743850583  0.94123313870096170  0.94297360105952355
  0.94479938264634944  0.94664283972646024  0.94850360732173511  0.95032198984744942
  0.95215860902830862  0.95392443299247798  0.95586289145388936  0.95784714056598175
  0.95994734424640338  0.96226712371329925  0.96471803252711741  0.96721568503438704
  0.96958523152751941  0.97171171171526449  0.97381647885223455  0.97588476118608924
  0.97802191454035425  0.98031613061985712  0.98268562107551916  0.98525007804293341
  0.98802623525998323  0.99115291184109744  0.99508581119821271  1.00000000000000000
  0.03515332540944331  0.10360217980786116  0.11369360880090315  0.12214905143138892
  0.13179509260203881  0.14111131229640128  0.14801887990783275  0.15461995334419310
  0.16123836962035309  0.16768781379287298  0.17441901871274576  0.18108578147361709
  0.18701214286801307  0.19291288180496294  0.19904078232260988  0.20490709671176269
  0.21089301568704474  0.21649731337999892  0.22144510957806671  0.22590415679934228
  0.23031173703260729  0.23459456733475886  0.23893534578270520  0.24361579252940443
  0.24831488428243698  0.25303778455679726  0.25802046343890173  0.26324599609615934
  0.26851925258754861  0.27334523997154520  0.27768719836647854  0.28206082896278123
  0.28644476582711320  0.29024169674703870  0.29361223661023517  0.29724225654559050
  0.30086627899954477  0.30401135108529609  0.30827195521553552  0.31260220400348593
  0.31744731262510301  0.32263449420597490  0.32783016779937191  0.33297748476964129
  0.33861875864598567  0.34447640175773403  0.35000673861148779  0.35550309160584936
  0.36121697169329570  0.36685143354207977  0.37261218699713450  0.37843696588097370
  0.38421600027394520  0.39072960207922847  0.39699833214172620  0.40366971010701580
  0.41031107959882890  0.41694302010625189  0.42363199663253981  0.43029073276500091
  0.43672816539854370  0.44379709771992176  0.45098380101767144  0.45844574782289838
  0.46531787497257499  0.47199103582748486  0.47878503729267291  0.48604709646498706
  0.49372379668149141  0.50155072760036012  0.50942091811248247  0.51733997280076227
  0.52505251345957582  0.53266673217027471  0.54076616996907645  0.54988261045941578
  0.56004558874651156  0.57029818870510507  0.58098251898588771  0.59146376189053307
  0.60176500924759369  0.61246923897130723  0.62391092931042857  0.63574648609453777
  0.64811570836231558  0.66117120386531802  0.67435898417424911  0.68790940475880813
  0.70200197055491576  0.71832436096324070  0.73623473774033021  0.75624062130230385
  0.77769874620885115  0.80320647045527316  0.84105674653913032  1.00000000000000000
   7.6880077596685847E-008  -1.0000000000000000     
 F F F F F F F F F F F F F F F F F F F F F F F F F F F F F F F F F F F F F F F F F F F F F F F F F F F F F F F F F F F F F F F F F F F F F F F F F F F F F F F F F F F F F F F F F F F F F F F F F F F F F F F F F F F F F F F F F F F F F F F F F F F F F F F F F F F F F F F F F F F F F F F F F F F F F F F F F F F F F F F F F F F F F F F F F F F F F F F F F F F F F F F F F F F F F F F F F F F F F F F F F F F F F F F F F F F F F F F F F F F F F F F F F F F F F F F F F F F F F F F F F F F F F F F F F F F F F F F F F F F F F F F F F F F F F F F F F F F F F F F F F F F F F F F F F F F F F F F F F F F F F F F F F F F F F F F F F F F F F F F F F F F F F F F F F F F F F F F F F F F F F F F F F F F F F F F F F F F F F F F F F F F F F F F F F F F F F F F F F F F F F F F F F F F F F F F F F F F F F F F F F F F F F F F F F F F F F F F F F F F F F F F F F F F F F F F F F F F F F F F F F F F F F F F F F F F F F F F F F F F F F F F F F F F F F F F F F F F F F F F F F F F F F F F F F F F F F F F F F F F F F F F F F F F F F F F F
  <DiscreteSampler_grid>
  grouped_processes
  1 # 1 for a reference and 2 for a running grid.
  10 # Attribute 'min_bin_probing_points' of the grid.
  1 # Attribute 'grid_mode' of the grid. 1=='default',2=='initialization'
  0.0000000000000000 # Attribute 'small_contrib_threshold' of the grid.
  0.5000000000000000 # Attribute 'damping_power' of the grid.
 # binID   n_entries weight   weight_sqr   abs_weight
    19   10   1.800134129408327E-004   2.307522568422838E-007   1.800134129408327E-004
    20   10   1.800134129408327E-004   2.307522568422837E-007   1.800134129408327E-004
    22   10   1.800134129408327E-004   2.307522568422838E-007   1.800134129408327E-004
    23   10   1.800134129408327E-004   2.307522568422837E-007   1.800134129408327E-004
    25   10   1.399561337329256E-004   1.252246387156574E-007   1.399561337329256E-004
    26   10   1.399561337329256E-004   1.252246387156574E-007   1.399561337329256E-004
    28   10   1.399561337329256E-004   1.252246387156574E-007   1.399561337329256E-004
    29   10   1.399561337329256E-004   1.252246387156574E-007   1.399561337329256E-004
  </DiscreteSampler_grid>
