  0.00297134736549017  0.01397169158451095  0.02506800622962473  0.03623593312215405
  0.04615782969958140  0.05490914308719015  0.06379607863234954  0.07365690239848628
  0.08590624730086752  0.09922140488559548  0.11143993046716975  0.12419588235910446
  0.13482999444496718  0.14343592448404280  0.15148052918044921  0.16022449484605272
  0.17032187780973468  0.18146153332863812  0.19434056297815949  0.20817996093381944
  0.22121769273636191  0.23296442950367602  0.24563929082074903  0.25907221889947185
  0.27032029316250072  0.28029409568553881  0.29054477266051626  0.30163070175492390
  0.31189230343516849  0.32038631592125760  0.32913068081967961  0.33787887161216057
  0.34718996875286728  0.35981100422151957  0.37205538276655131  0.38335707376479639
  0.39393984135314436  0.40446516341679839  0.41402700572085926  0.42353733070068922
  0.43146624517721044  0.44017204267801013  0.45084800976515810  0.46251865647075530
  0.47568846608574977  0.48976427896304275  0.50057126247267780  0.50984074300923654
  0.51902400229920298  0.52785269151218395  0.53869674989550109  0.55322033962890038
  0.56616889701226192  0.57844930157620233  0.59019618148912967  0.60198651798170033
  0.61302464584756422  0.62353111074955081  0.63456358495263465  0.64529392295630406
  0.65622137997294760  0.66685429753257552  0.67815775408713241  0.68957171026768382
  0.70113982831231814  0.71392965147833853  0.72841923650572982  0.74340492463803620
  0.75736958518462461  0.77062212041123668  0.78373850733571060  0.79644938407916643
  0.80846611402090829  0.82084639266364634  0.83384403888333058  0.84641652534110323
  0.85843642607299442  0.86932149582005624  0.87877466701039386  0.88441318974228200
  0.89050078847865255  0.89678093887512778  0.90261518335451330  0.90974209062567912
  0.91769024860405535  0.92661083038577452  0.93676606627683912  0.94549246674387244
  0.95339930364254566  0.96053814383947400  0.96794685509950773  0.97487148557900505
  0.98196418461399548  0.98844765778900456  0.99148624845844868  1.00000000000000000
  0.00255253738626529  0.01733348072610943  0.03208349077487527  0.04463106473056686
  0.05666539260512612  0.06840577577649232  0.08077709602475633  0.09578087505366945
  0.11308548245753086  0.12815557430781438  0.13918161631013448  0.14763733946029534
  0.15448664443732033  0.16139402724108057  0.16851759275824357  0.17712271640741251
  0.18834714348274695  0.20061351340344230  0.21308306143309783  0.22553995274794933
  0.23636893762187494  0.24560754884768457  0.25560368605185313  0.26690903587874593
  0.27735849974218890  0.28763584126697711  0.29945128931566117  0.31486152921402405
  0.32889810002903502  0.34211710188767697  0.35555732760305914  0.36739483076529933
  0.37814770581229595  0.38723683726284513  0.39527745359706468  0.40319647730416747
  0.41177750091090548  0.42024467729811948  0.42908943754298395  0.43918191681015506
  0.45047092804723404  0.46219982178405644  0.47277529180793626  0.48278741796078062
  0.49298999426442353  0.50296055276563378  0.51227267455356273  0.52129639038659104
  0.53026610846114253  0.53925682582508827  0.54959413538839319  0.56012934980509010
  0.57183210818604979  0.58364140911968310  0.59745242251572017  0.61139038305839988
  0.62405430750255853  0.63584275366893872  0.64762327997824132  0.65748103373312572
  0.66819881498946088  0.67664501234848151  0.68526863559200979  0.69357500129918614
  0.70156634624046244  0.71098219312259969  0.72036913261406943  0.73031544786327152
  0.74093105612866983  0.75279139107266158  0.76473894158689160  0.77614863203911222
  0.78661029032619345  0.79931078175205694  0.81169000388478529  0.82296314772993484
  0.83258805189525720  0.84277374604492150  0.85241823582474185  0.86240906420483709
  0.87336726214110949  0.88233916920520461  0.89004437498097966  0.89808354234494603
  0.90569306989752441  0.91516787450646453  0.92765005261834010  0.94012117707028975
  0.95322614954481655  0.96609019124248674  0.97414992932680955  0.97910614782690442
  0.98415619838839363  0.98879683278195651  0.99171451963613400  1.00000000000000000
  0.00000244804521220  0.00000266870802222  0.00000281633960645  0.00000291504588925
  0.00000299078102758  0.00000307817484602  0.00000316993475464  0.00000327314902514
  0.00000339839749713  0.00000350785329083  0.00000360192887815  0.00000368900893614
  0.00000377530786362  0.00000385452947568  0.00000392996163217  0.00000400553981735
  0.00000407659965356  0.00000416594511653  0.00000425492899926  0.00000433448558781
  0.00000443925519018  0.00000455073067437  0.00000467135003995  0.00000482790223677
  0.00000499373183629  0.00000516139809722  0.00000532373803700  0.00000547370786256
  0.00000562324087251  0.00000576695136078  0.00000592022415302  0.00000609286075205
  0.00000626918363816  0.00000643253059692  0.00000658974118063  0.00000676727362566
  0.00000697926914695  0.00000720999683050  0.00000743767946293  0.00000767249920533
  0.00000793691261684  0.00000825151812284  0.00000862002820534  0.00000903164835205
  0.00000943278506000  0.00000982856058593  0.00001026408548080  0.00001068915786183
  0.00001125273223915  0.00001188579312030  0.00001246418053536  0.00001307207992098
  0.00001364736651655  0.00001424433561298  0.00001486970384186  0.00001552104012605
  0.00001619812896345  0.00001694123701892  0.00001784791525315  0.00001890219983019
  0.00002026341798136  0.00002187976664152  0.00002329538506392  0.00002449293543254
  0.00002564178249348  0.00002674876037862  0.00002790964029544  0.00002923815915651
  0.00003075080958793  0.00003251827782832  0.00003466611164366  0.00003703812999722
  0.00004021029772619  0.00004359521427308  0.00004747930248590  0.00005199563153482
  0.00005725040398073  0.00006329489985289  0.00007038384756878  0.00007950319904070
  0.00009006946065211  0.00010277039037194  0.00011866178986276  0.00013752277591361
  0.00016104978528003  0.00019545691778890  0.00022834747324817  0.00026293621732167
  0.00032159473590509  0.00043960444047192  0.00060183700447347  0.00082177722906628
  0.00110693521543144  0.00182225997999910  0.00448602535322160  1.00000000000000000
  0.00001116312112147  0.00001235670254997  0.00001268582451521  0.00001308699145816
  0.00001358029897972  0.00001431799182901  0.00001517474086874  0.00001605464122162
  0.00001665366452831  0.00001696764146112  0.00001728349889933  0.00001752356510322
  0.00001772074127178  0.00001791122150142  0.00001810908007421  0.00001828805467937
  0.00001855967059065  0.00001900286865868  0.00001992808395311  0.00002073588274318
  0.00002159917751878  0.00002278033388041  0.00002411277842160  0.00002551013694513
  0.00002676077014409  0.00002792130769711  0.00002907056760238  0.00003012652169590
  0.00003122638437021  0.00003247459650752  0.00003383307774801  0.00003545995615049
  0.00003761835144780  0.00004031426727521  0.00004305764048188  0.00004601535013083
  0.00004930178533257  0.00005335154975982  0.00005900253189527  0.00006615806384280
  0.00007409783228126  0.00008275222131516  0.00009298819593537  0.00010680241390867
  0.00012379162778793  0.00014500967671015  0.00017036976700854  0.00019767183324536
  0.00022737488271699  0.00026051936587353  0.00028785474253420  0.00030939525496665
  0.00033107909831512  0.00035599933985354  0.00039383797839563  0.00043197357905322
  0.00046856383390627  0.00050837512465784  0.00055569262014206  0.00060471244749471
  0.00065744181340712  0.00071182227542694  0.00077218824456466  0.00083993881599326
  0.00092465865487151  0.00100636981915367  0.00108675747785559  0.00116606948726575
  0.00125965333954981  0.00135618628524049  0.00144260925004493  0.00152055704891251
  0.00160691787027559  0.00169944326800575  0.00180182562964552  0.00193474493909636
  0.00209286227871401  0.00224493271349763  0.00240566834767848  0.00258711720126783
  0.00275953676537620  0.00291806843352618  0.00307909094271759  0.00324558346667866
  0.00345960919951965  0.00375164760214279  0.00410504226288579  0.00443402032923695
  0.00486992921154898  0.00551495860932453  0.00634444669783697  0.00753296474834578
  0.00998194249156198  0.01123345526669650  0.01547770035785398  1.00000000000000000
  0.00001024031138267  0.00001237081088079  0.00001384670367961  0.00001545074681720
  0.00001740897341764  0.00001932552165090  0.00002107266696916  0.00002287046065914
  0.00002525298542124  0.00002844967259022  0.00003157131767760  0.00003444458224168
  0.00003734161487699  0.00004002581474738  0.00004262833479144  0.00004541017938415
  0.00004934574622202  0.00005401742857873  0.00005964404083476  0.00006597400976681
  0.00007276979374793  0.00008096004951231  0.00008964536952878  0.00009886530620994
  0.00010905309356792  0.00012097546221718  0.00013500174246560  0.00015092270657665
  0.00017012775109226  0.00019210880446636  0.00021444972926166  0.00023499295012331
  0.00025617430483940  0.00027745507567987  0.00030031869527824  0.00032340781781675
  0.00034889321736270  0.00037693166118326  0.00040902301455502  0.00044656032493539
  0.00048844206267263  0.00053178834413754  0.00058430220030430  0.00064172722793397
  0.00070027170173338  0.00076283150398012  0.00083356287448360  0.00091641958417190
  0.00100128085832567  0.00108148025040360  0.00116280070710852  0.00124950287942621
  0.00135472581246779  0.00144915022978781  0.00154462390224146  0.00165091933216643
  0.00176391124976873  0.00188150728507377  0.00199758234900515  0.00209974443289589
  0.00219397180816568  0.00229430047181296  0.00239640072179567  0.00250119287738793
  0.00260621035098970  0.00275726186955993  0.00284000462086682  0.00292088755436245
  0.00300408218131388  0.00309188936168010  0.00318912758500686  0.00328520516527580
  0.00338745469202364  0.00349886008612188  0.00361217002911754  0.00373265633850350
  0.00389224191729635  0.00410221101075506  0.00429324408422746  0.00447120353570267
  0.00464772643105913  0.00482472898617127  0.00502217346870958  0.00530053252346646
  0.00586855144511444  0.00637486057440470  0.00681153859427210  0.00722120085602013
  0.00785249565817912  0.00856113218577371  0.00899502288025910  0.00944453842069502
  0.00993160865651655  0.01041867889233807  0.05821599778426437  1.00000000000000000
 -0.00253612363280965  0.01198770687229514  0.02396990115841163  0.03578866699671525
  0.05038035650290899  0.06359199200440632  0.07553054076274730  0.08685419307377652
  0.09887563963010361  0.11162493647634475  0.12214359547555990  0.13261708766471259
  0.14531376592343412  0.15914333600731956  0.17193671198305879  0.18242470475839132
  0.19062770285588243  0.19885559646565290  0.20777299153748408  0.21802212831269888
  0.23227543815179927  0.24697491276524758  0.25893689201116848  0.26994128126417882
  0.28096639647749794  0.29205320070322544  0.30334062452521204  0.31595615912691127
  0.32914293524940136  0.34101135804543503  0.35203893542423448  0.36401397635421318
  0.37654408292067254  0.38933550540713019  0.40248467906745322  0.41619978886210696
  0.43010203583592749  0.44098187278950129  0.45053067489847004  0.45963522442668958
  0.46986828609758935  0.48085115694075492  0.49129928162217784  0.50151244528988004
  0.51159837679561415  0.52222970486321485  0.53319679159342137  0.54343551678455637
  0.55521878361932719  0.56698773256406054  0.57833621818605019  0.58680783836709305
  0.59379321364197168  0.60027698805238316  0.60659855055035627  0.61496045105057950
  0.62363865085318548  0.63629022455146722  0.64780299281483111  0.65924613917243291
  0.67070433759892056  0.68200466262213888  0.69287540684830973  0.70191120324825840
  0.70882496898674008  0.71587653576045884  0.72170085927295369  0.72751714509895926
  0.73350754223496717  0.74081194239623971  0.75077770691375767  0.76262851444130453
  0.77529410011661104  0.78762446570460354  0.80000157133254379  0.81282181887481419
  0.82581362501431388  0.83727838502343022  0.84785762623797911  0.85847448962988293
  0.86948908361516741  0.88034810336021352  0.89191839796973371  0.90370198176184457
  0.91478507732383618  0.92530861889791027  0.93646018288844657  0.94470764661523932
  0.95239728325346418  0.95854765772514106  0.96517078134548862  0.97128628290803487
  0.97901894400696388  0.98651067588984553  0.99348826159367509  1.00000000000000000
 -0.00217681549246133  0.00905605535780722  0.01849999305358372  0.02875355145593594
  0.03894078830045669  0.04686449383300353  0.05442687646586260  0.06276996449799165
  0.07338922479545537  0.08197265339174607  0.09102988254257137  0.10035005310034126
  0.10995497325016157  0.12379583890829886  0.13474478811778262  0.14504510275966800
  0.15527289973028968  0.16516870937524222  0.17532513933038577  0.18389038955022743
  0.19319766516406864  0.20342060512702903  0.21460292407358827  0.22719970664674732
  0.23967657560096076  0.25141446235931464  0.26202636424661080  0.27358880318607720
  0.28589286022152760  0.29842609432907885  0.31145464604107442  0.32473830121840069
  0.33644105761498538  0.34700675048552326  0.35762272551293067  0.36725812307419459
  0.37923233498286868  0.39030995554307840  0.40083998612996424  0.41110339663643247
  0.42241501095606804  0.43562838456814157  0.44700844854154392  0.45690411064092062
  0.46617862647496272  0.47489455008988590  0.48568417137919528  0.49659592407832875
  0.50585572556135350  0.51492289840679462  0.52396972694921062  0.53152141879159032
  0.53892416210461158  0.54679542339511367  0.55516417993692457  0.56728359839924070
  0.57692017995106459  0.58621113272379055  0.59569809832609477  0.60671893551670497
  0.61850618571518534  0.63019817083863450  0.64151524738303589  0.65447952813630472
  0.66719722033415496  0.67978927037650461  0.69221511243761480  0.70389014756319979
  0.71567271880283712  0.72646526041184967  0.73753017660223863  0.74989287469680999
  0.76304743978190459  0.77608925761909575  0.78663009316096177  0.79576638844030501
  0.80349893003722539  0.81135575707556662  0.82029440923119090  0.83353809699950943
  0.84730541190354580  0.86159400219530935  0.87562276892220881  0.89028190236519078
  0.90583223709713045  0.91987298766477377  0.93012743175807588  0.93607814510949516
  0.94188143950914771  0.94765763226384681  0.95275181869351699  0.95711814875628365
  0.96573632504819196  0.97518353421473614  0.98599796028496500  1.00000000000000000
 -0.00150620694146599  0.00599264650688160  0.01298591458256841  0.01940129777579342
  0.02594993412643527  0.03235928245630366  0.03817263983534355  0.04484556871236497
  0.05127714769479363  0.05982073382764596  0.06854187607926970  0.07642719188766602
  0.08434021413221916  0.09261000561381978  0.10137447373874760  0.11061839898043563
  0.11981838282098990  0.12743825649005550  0.13348429513988833  0.13934527543284750
  0.14588750502614789  0.15367935543150996  0.16192398723713067  0.16933030474451136
  0.17645030693897723  0.18341883793159713  0.18938105876130712  0.19496994531505418
  0.20075836823177703  0.20644189998563353  0.21416841595691830  0.22241657162423756
  0.23146952505298213  0.24001460044458139  0.24785144056475533  0.25619634123758683
  0.26465612638833969  0.27263392515175910  0.28018690919511507  0.28692437220623274
  0.29316254904559269  0.29932288019290654  0.30661670105461186  0.31402243547679043
  0.32177496962907670  0.33145076520243033  0.33950885441779810  0.34520793777421405
  0.35054022416539876  0.35600217250070015  0.36205606827935921  0.36731705367491685
  0.37290525068722252  0.38261987123440350  0.39466445434154235  0.40701472802964006
  0.41768239843325733  0.42809170392510892  0.43858701502390296  0.45019560424024335
  0.46263299606256492  0.47359556952715548  0.48425743833100410  0.49555129576272705
  0.50753428460330086  0.52120647169972534  0.53429402055105524  0.54557109097354761
  0.55661623170401142  0.56774674137120384  0.57856591234219545  0.58950721956348551
  0.60135853899765346  0.61691214811528283  0.63518566944834698  0.64909489281461641
  0.66172084130015452  0.67342629709270163  0.68389077587625002  0.70082875840033332
  0.71815231468660845  0.73218210907436654  0.74605881445717781  0.76495895296921101
  0.78670655860828620  0.80633552505549799  0.82483375993911656  0.84343205202997451
  0.86310880204389340  0.88302939011728054  0.90287853340919255  0.92260223800666508
  0.94118932419714663  0.96035437963638615  0.97990299228212163  1.00000000000000000
 -0.00250378316666347  0.01084466506526902  0.02378650497783887  0.03732631351269070
  0.05073348218216225  0.06320448819612612  0.07477122685291865  0.08646844782546724
  0.09847022701170115  0.10852830001551378  0.11789815984661785  0.12759296845009591
  0.13740746500842752  0.14766358712443095  0.15922799413276065  0.16886640642543538
  0.17557608404102457  0.18176688250255058  0.18883591612349029  0.19695608722254612
  0.20824148310498933  0.22225963098669227  0.23601847700562925  0.24856606424045802
  0.26013929085397702  0.27039979139981568  0.27694910518044669  0.28322710505112197
  0.28963477062647291  0.29626238501376334  0.30563089589722525  0.31462992124711664
  0.32402618561814817  0.33386990886576962  0.34478283127303250  0.35828242696020884
  0.37255176372756088  0.38527873113586047  0.39639947779920476  0.40735638143113939
  0.41690866864100301  0.42563895064418211  0.43518181951495233  0.44684621807950387
  0.45977276432284719  0.46950194560606306  0.47847756014221227  0.48729689148489530
  0.49712728835745962  0.50728367791477880  0.51777888430185381  0.52824120951947984
  0.53816197951669453  0.54730871228323053  0.55682561698246735  0.56648653977980679
  0.57591746404536959  0.58454865350453156  0.59403762271378124  0.60300384771638149
  0.61350776165330889  0.62315282012724393  0.63277488691709916  0.64279066410424002
  0.65401146418625433  0.66531973675208944  0.67555771486024274  0.68531046207614810
  0.69346243462617752  0.70134492168991880  0.70936250039900617  0.71795999007687128
  0.72800486816478394  0.73826504103107959  0.74808221183292511  0.76067228318489777
  0.77509670155760035  0.78808217629443023  0.79986900627496849  0.81163575216065109
  0.82336438002163392  0.83557725607078248  0.84759386855965280  0.85874814584001025
  0.86915648271676194  0.88106256319182075  0.89491668962202420  0.90822695179771262
  0.92043558502469902  0.93347061255762054  0.94569180414522291  0.95727236019245210
  0.96842239748865711  0.97956595099529420  0.99008669661005277  1.00000000000000000
 -0.00149211184159503  0.00647731050917851  0.01328083992588794  0.02113778695934702
  0.02843811663835378  0.03481987691260534  0.04151842641578646  0.04875027925984003
  0.05641721494359500  0.06400398485637847  0.07074195367075942  0.07793262949423198
  0.08651761599596228  0.09672426057338250  0.10589050901116692  0.11463400214922774
  0.12364600762369078  0.13485032951974477  0.14643863635184146  0.15639391722126489
  0.16564842952318404  0.17458523879049656  0.18202032024233358  0.19017543662127179
  0.19924040574817975  0.20880817849531388  0.21943997250280950  0.22969960960831146
  0.23893660425858548  0.24837640138018369  0.25891763048771682  0.26852914089725144
  0.27866349601741675  0.28912203889835753  0.30142728783447414  0.31336909382388695
  0.32624666535565261  0.34002140247949048  0.35452720286569128  0.37231948365159151
  0.39152047230866915  0.40847868510640606  0.42475036827377832  0.43976754548054175
  0.45484300392756444  0.46998111070937726  0.48588232868702064  0.50092894148644507
  0.51325720656137563  0.52500357360572836  0.53730958000505036  0.55074115906393739
  0.55816386700064846  0.56691246072957302  0.57697487604637987  0.58768578806824834
  0.60201383526008956  0.61830642416679027  0.63382390663010679  0.64889620899123623
  0.66416706276912940  0.67871563178308059  0.69189400970716597  0.70432459579733320
  0.71750294339223075  0.72973239209332774  0.74090523431197941  0.75164237815310386
  0.76218629932191384  0.77134657899913495  0.77963317869980175  0.78860103746356636
  0.79914381114850441  0.81158586982399539  0.82302200774796530  0.83318826918434774
  0.84386402483947931  0.85464531884818096  0.86491603707214637  0.87472403807746713
  0.88446050718981273  0.89433215143899414  0.90334103470472504  0.91210034398105500
  0.92039200185594428  0.92692745133583643  0.93240383241480951  0.93767633429198727
  0.94382470243156513  0.95187950868562243  0.95998558099622833  0.96714657561995776
  0.97362865609316063  0.98078787569947556  0.98938119647856226  1.00000000000000000
 -0.00297703315365317  0.01221667640198996  0.02575345027921297  0.03997490947849813
  0.05346168729645195  0.06678009995621183  0.07985883624420288  0.09158820561331378
  0.10264923548891448  0.11376337074622381  0.12482628700398782  0.13577881652421861
  0.14723479569656767  0.15684486594292191  0.16705632695379222  0.17575488372819192
  0.18473355546869225  0.19394675832020006  0.20216482921448242  0.21088348502751766
  0.21948221703443666  0.22894646919394357  0.23878797797551676  0.24860529635886605
  0.25924610154364741  0.26986105176821595  0.28206528875300246  0.29626783839013227
  0.31058485003882724  0.32253347132704691  0.33391263364745027  0.34641349859655357
  0.35872133432457937  0.36970210307324286  0.38148533830536080  0.39390497182669604
  0.40526567189197282  0.41698265709924126  0.42873444595490462  0.43999688649283403
  0.45023843113751388  0.45969970637221047  0.47041883091843317  0.47996764793735003
  0.49082349033779865  0.50329474250047057  0.51745037637346625  0.53218585942254260
  0.54493181629160736  0.55395024150141525  0.56019192152946640  0.56699545914140281
  0.57401017943876076  0.58254165471219244  0.59166439003477234  0.60055154039562142
  0.61078989510832149  0.61929288768164559  0.62878849023078720  0.63844239649088708
  0.64849259526842884  0.65854781530691131  0.66391044644593644  0.66928804578693968
  0.67549832032176538  0.68285266072493656  0.68741634114353178  0.69291598329292325
  0.70022424313063114  0.71024241553883727  0.72271646184159843  0.73577660233084685
  0.74501646951213429  0.75369231819310301  0.76144525911191818  0.77022398791479041
  0.78147039230910964  0.79489556581128173  0.80769060243756341  0.81929345850793056
  0.83044129130396172  0.84328850807855638  0.85840456424643485  0.87136975531997907
  0.88349858952159155  0.89523740746752301  0.90659909806885275  0.91604302337107946
  0.92528045047770224  0.93449272655824678  0.94427312058852431  0.95439930979049081
  0.96469869288690246  0.97554866999506773  0.98731376820420069  1.00000000000000000
 -0.00268897919138654  0.01236818650820602  0.02351058860482717  0.03207563809897061
  0.04109844275024281  0.05067455442838950  0.06099173252845645  0.07175650178733375
  0.08176010327251515  0.09245148706395132  0.10323782170784646  0.11453277752446395
  0.12655038212087932  0.13807560089163992  0.14615253657143037  0.15195935548874975
  0.15795427696369016  0.16387135274720177  0.17007308247811490  0.17950713208759358
  0.19280267763331577  0.20658419373919051  0.21956313925640863  0.23106567624746391
  0.24179256053643108  0.25243392911899643  0.26410185417139176  0.27524864194379212
  0.28489046796472295  0.29407485151385215  0.30369520292727664  0.31525538005595866
  0.32709431148794299  0.33787341595707004  0.34809432054037970  0.35845363135816011
  0.37190218546534187  0.38605394587719782  0.39917742953095303  0.40954822820677850
  0.42029323620800119  0.43097324932167774  0.44082371272177978  0.44947117162991695
  0.45813440424353369  0.46871137984797634  0.47981763186189552  0.49296826515406417
  0.50842028656476879  0.52161183982163761  0.53287591102887855  0.54409329409648299
  0.55672857464475445  0.57043676957620548  0.58359675321002236  0.59522746666537552
  0.60613069155162502  0.61618553171394885  0.62668252336305197  0.63745120161860813
  0.64842118050735653  0.65979885610753863  0.67000088477415687  0.68128546198878748
  0.69277155148291292  0.70425165511095933  0.71610790610282726  0.72869407288860988
  0.74218896265215373  0.75630632993916647  0.76918557449561153  0.78112292606516398
  0.79227649587876003  0.80306192756762140  0.81373643877284108  0.82430454916324380
  0.83416752976147346  0.84441689072949500  0.85515489011674806  0.86649158690534389
  0.87611163075098719  0.88364312901067665  0.89042586907369115  0.89643869222196748
  0.90203031500488773  0.90744178257303887  0.91180901958886895  0.91779086908515395
  0.92445736991739413  0.93163692548289512  0.94089567816069752  0.94998836137089637
  0.96116287134897505  0.97470386061352543  0.98756876822826700  1.00000000000000000
 -0.00003813730034213  0.00016531831597277  0.00053732123462979  0.00085462010154133
  0.00108657284614115  0.00132148851864758  0.00155067609015998  0.00177361794382894
  0.00199513617044929  0.00214244324452134  0.00226332659458480  0.00237613928442487
  0.00249142950884930  0.00260974174104340  0.00273295279316041  0.00285938293097672
  0.00298054894297250  0.00309398634374968  0.00320285765220166  0.00331068232502421
  0.00341921873516071  0.00353076114353885  0.00363891883863183  0.00374753919320553
  0.00383878089139229  0.00392101564006742  0.00400238299978431  0.00408458925916136
  0.00418096842388029  0.00439223010169180  0.00448824568651729  0.00457030823646944
  0.00465237078642158  0.00473502096103869  0.00481833791106503  0.00490165486109137
  0.00498498531999532  0.00506872215481214  0.00515245898962895  0.00523619582444577
  0.00538400744328684  0.00559386206579225  0.00579025333567734  0.00604804072286489
  0.00626458526865225  0.00644730733763970  0.00662802754674900  0.00680097332476555
  0.00701363419272390  0.00728246219416727  0.00755036814149643  0.00783137156012828
  0.00812397309839256  0.00840101763507959  0.00862661394717160  0.00885694328719283
  0.00908235879789049  0.00931597990724863  0.00953781023374476  0.00969365313293414
  0.00981434050190031  0.00993663700812385  0.01006015233483356  0.01016245865831806
  0.01024501385650176  0.01032756905468546  0.01043910195846422  0.01058621513448571
  0.01073332831050719  0.01089770721138438  0.01106283664368143  0.01141799567143676
  0.01189217577805656  0.01231147618519396  0.01283470427491033  0.01338113488462584
  0.01399363881611967  0.01461505052686866  0.01522500326472552  0.01573998979653660
  0.01632067982585074  0.01693868018994038  0.01744285892182856  0.01803084811103478
  0.01984055456996644  0.02281707703030079  0.02393773171853285  0.02505524492783110
  0.02568629829957544  0.02636115674119271  0.02695776964832641  0.03186096415013049
  0.03595949806331613  0.05407356128833266  0.66357546021710745  1.00000000000000000
 -0.00289708831812095  0.01617006885541644  0.03162330023287877  0.04536959861157591
  0.05717626139950171  0.07133862630232624  0.08806543339230558  0.10410371601770296
  0.11775570938967860  0.13146280106282715  0.14565402792687712  0.15830378699800526
  0.17151070574088226  0.18406445066955401  0.19354771142658508  0.20398563334899172
  0.21453031059948507  0.22650184176663815  0.24031340545375407  0.25514529237762457
  0.27110413165355207  0.28430920186886999  0.29629338113302622  0.30739308350094197
  0.31718123259377135  0.32719109631923499  0.33652193721734991  0.34830227942626563
  0.35912996472783365  0.36916171738005743  0.37911598610182567  0.38897546364216906
  0.39864743646281597  0.40780825723462893  0.41578473404955485  0.42271836990307488
  0.42981777634957818  0.43689224523995945  0.44492126137108851  0.45393497068230088
  0.46253123602548302  0.47034410932989607  0.47760944904232944  0.48475600909967376
  0.49211315406459033  0.49923965793524416  0.50639382839049141  0.51400378092065979
  0.52232285022733793  0.53070036841656021  0.53811555447160353  0.54501187065084022
  0.55181049964085527  0.55856989691237724  0.56721764697705490  0.57595705177900403
  0.58449044983647669  0.59263126862313120  0.60032910017054497  0.60817437963329191
  0.61671883859379339  0.62589491528198549  0.63527383207467747  0.64637687724342852
  0.65771182219864710  0.66954688632212755  0.68009701018277757  0.68994330712494967
  0.69726744830994358  0.70231416331891505  0.70737419497707066  0.71224510239205296
  0.71739338416229648  0.72227954918333914  0.72937438248498487  0.74007237141565740
  0.75244992640490571  0.76724741245339156  0.78346431960509066  0.79915482911558700
  0.81275105569434680  0.82444022990253907  0.83635146611196520  0.84940468027750837
  0.86121672771044810  0.87282001328063985  0.88496777119325787  0.89551200618627746
  0.90531775652740576  0.91741138539371414  0.92986483339755910  0.94404264239448676
  0.96011332370623281  0.97439375379935411  0.98736173824820772  1.00000000000000000
  0.48291935574360068  0.62887538173038082  0.66134020434470964  0.68145342718229762
  0.69677053767290065  0.71081565951049386  0.72310731125223648  0.73382954182307203
  0.74402914101689743  0.75372770166596603  0.76242990707412539  0.77046038699287356
  0.77826672904776295  0.78535855540557997  0.79240980283876805  0.79862920059195697
  0.80469742327054383  0.81073489586396530  0.81645092800816632  0.82145255097834680
  0.82626453889241036  0.83136556653662264  0.83643542461239573  0.84115990051995471
  0.84549693671784032  0.84972817079781793  0.85354626974885417  0.85681951411624691
  0.85970891237750235  0.86249745181149762  0.86525066585389165  0.86787556938549659
  0.87042420150866928  0.87303259169470571  0.87600274146111778  0.87942648091963149
  0.88312100872459931  0.88601158933020374  0.88894071319011825  0.89188942206651534
  0.89490244787941464  0.89761563299316416  0.89978610341138687  0.90192618417151282
  0.90387730496500129  0.90569845366768420  0.90742699520679360  0.90918972640807716
  0.91112611957738754  0.91336406775187651  0.91547552929810028  0.91767651044627929
  0.91988099124103140  0.92203523938327536  0.92404687785869177  0.92604658928251404
  0.92828145400275175  0.93055679717238426  0.93267634759802132  0.93473733064432407
  0.93660098089195465  0.93807520624048324  0.93956494499669096  0.94109537341909022
  0.94270112585240740  0.94444153899675887  0.94631960220001654  0.94813660530557786
  0.95000748806867596  0.95171012501001340  0.95361293784857870  0.95553097346511229
  0.95736854071444699  0.95918964769408499  0.96096744023275160  0.96272998969371626
  0.96449608788891172  0.96643349971997872  0.96856086912820094  0.97050932689907510
  0.97201994070580389  0.97334098882627185  0.97475062939313861  0.97610200507123435
  0.97743902993444265  0.97870750502198145  0.97998779437359174  0.98143530364680120
  0.98312616105287864  0.98496826755990385  0.98703091151648692  0.98921268527722683
  0.99154523724996479  0.99401855173329767  0.99654722247220084  1.00000000000000000
 -0.00843546770978371  0.16663713682855325  0.19272831240592897  0.21359071929691731
  0.23569319194631264  0.25839776783174662  0.27864701469935721  0.29504520175660648
  0.30948879378596988  0.32189565518960456  0.33557549473411979  0.34871771461956397
  0.36176228766465079  0.37439121803085446  0.38539963077846590  0.39484128409321517
  0.40190125064619769  0.40869850803526508  0.41569852432231852  0.42180847721504899
  0.42901480869111791  0.43749043697639578  0.44552258820222918  0.45283263935049517
  0.45991644765079726  0.46713092361337871  0.47464157874548651  0.48198609466874104
  0.48767884410224271  0.49338512223776776  0.49908552893171781  0.50546830471953930
  0.51303345136873535  0.51915266982109576  0.52438367906553562  0.52897619112348782
  0.53347923269605613  0.53847548732882689  0.54366199917872893  0.55021921284766606
  0.55726022431207722  0.56382379562158091  0.57010878572542245  0.57642784917648471
  0.58300104184786428  0.58947798037095578  0.59538658907839337  0.60115260904226908
  0.60688327808807541  0.61207031867228545  0.61664466343941904  0.62102701723908882
  0.62534363824281447  0.62821367259714955  0.63092502281107399  0.63371859206914871
  0.63706637790431953  0.64056395710518188  0.64469687097600770  0.64986679768135136
  0.65435277611471798  0.65823235336528318  0.66205900216707847  0.66606548792135423
  0.67086826232193586  0.67605578426183188  0.68181363025753816  0.68833137936865429
  0.69430216204859785  0.70047338944340054  0.70687911764291056  0.71333628340090360
  0.71993476661467382  0.72622291740278433  0.73139757580884213  0.73637334633968543
  0.74149540487000010  0.74717966485350562  0.75382160784819741  0.76140689210348766
  0.76817435121098387  0.77391722599483004  0.77950559745556536  0.78567792237903544
  0.79326044097336601  0.80065264875694075  0.80824019374597100  0.81809748794310599
  0.82799725688243808  0.83748499076463334  0.84477486810320812  0.85108487186983117
  0.85794461071222139  0.86920282894529122  0.90504872348206900  1.00000000000000000
   2.3597099081963622E-009  -1.0000000000000000     
 F F F F F F F F F F F F F F F F F F F F F F F F F F F F F F F F F F F F F F F F F F F F F F F F F F F F F F F F F F F F F F F F F F F F F F F F F F F F F F F F F F F F F F F F F F F F F F F F F F F F F F F F F F F F F F F F F F F F F F F F F F F F F F F F F F F F F F F F F F F F F F F F F F F F F F F F F F F F F F F F F F F F F F F F F F F F F F F F F F F F F F F F F F F F F F F F F F F F F F F F F F F F F F F F F F F F F F F F F F F F F F F F F F F F F F F F F F F F F F F F F F F F F F F F F F F F F F F F F F F F F F F F F F F F F F F F F F F F F F F F F F F F F F F F F F F F F F F F F F F F F F F F F F F F F F F F F F F F F F F F F F F F F F F F F F F F F F F F F F F F F F F F F F F F F F F F F F F F F F F F F F F F F F F F F F F F F F F F F F F F F F F F F F F F F F F F F F F F F F F F F F F F F F F F F F F F F F F F F F F F F F F F F F F F F F F F F F F F F F F F F F F F F F F F F F F F F F F F F F F F F F F F F F F F F F F F F F F F F F F F F F F F F F F F F F F F F F F F F F F F F F F F F F F F F F F F
  <DiscreteSampler_grid>
  grouped_processes
  1 # 1 for a reference and 2 for a running grid.
  10 # Attribute 'min_bin_probing_points' of the grid.
  1 # Attribute 'grid_mode' of the grid. 1=='default',2=='initialization'
  0.0000000000000000 # Attribute 'small_contrib_threshold' of the grid.
  0.5000000000000000 # Attribute 'damping_power' of the grid.
 # binID   n_entries weight   weight_sqr   abs_weight
    13   10   9.834313024931827E-004   8.587776093558401E-006   9.834313024931827E-004
    14   10   9.834313024931782E-004   8.587776093558316E-006   9.834313024931782E-004
    16   10   9.834313024931827E-004   8.587776093558401E-006   9.834313024931827E-004
    17   10   9.834313024931782E-004   8.587776093558316E-006   9.834313024931782E-004
  </DiscreteSampler_grid>
