  0.00278267647197162  0.01079614023279269  0.01977811707918271  0.03031010701073625
  0.04242949746677952  0.05521274899946816  0.06684445401258549  0.07919407680564478
  0.09133561013779100  0.10390267464245390  0.11757223378510569  0.13145138609744175
  0.14381593426113926  0.15397494557620395  0.16393171734149375  0.17343625793807549
  0.18444028204385415  0.19613009666334119  0.20829475873307871  0.22134218317992485
  0.23253753227030741  0.24114382603930842  0.24907242629141746  0.25700408145803483
  0.26737461240495225  0.27892219580982325  0.29102977957185727  0.30374518097276304
  0.31370860522646105  0.32238455182057280  0.33078414351565943  0.33862885424625766
  0.34828225137768348  0.35924918088541169  0.37069276496980491  0.38041827473749179
  0.38950573499590324  0.39689960388423251  0.40397594158125583  0.41525543134494874
  0.42911385720274525  0.44247600618186900  0.45259557011906126  0.46095256181973732
  0.46864181124065163  0.47640165223179626  0.48489139945530174  0.49290274929131411
  0.50113352731403715  0.50928482645865814  0.51987431434899323  0.53487294807817598
  0.54871195407349727  0.56022449285782294  0.57131460061322503  0.58183042819645037
  0.59153908322015636  0.60027597757065965  0.61085691391053565  0.62403532931121997
  0.63893432749046275  0.65367402831336829  0.66776178131292485  0.68196256356595486
  0.69654309613504339  0.70969658071058306  0.71825406712427931  0.72563775025808519
  0.73374027877732539  0.74277225378232470  0.75169600071952369  0.76022236944151467
  0.77006652175837886  0.78108021138913131  0.79212003157752064  0.80221193075731534
  0.81253295334295272  0.82405667498438395  0.83636110236748062  0.84921206157867046
  0.86096251470223539  0.87151148437378956  0.88185380400698077  0.89204374234566897
  0.90144174856856385  0.90803085195863564  0.91365813066343393  0.92035473574252813
  0.92806049870513685  0.93810105382357722  0.95115959669106476  0.96326236680562261
  0.97232532515696080  0.98171317961581750  0.99095965480447867  1.00000000000000000
  0.00002805181370728  0.00003724195648574  0.00004062561214539  0.00004543234458653
  0.00005028295364897  0.00005508757413326  0.00005953267465445  0.00006356789597907
  0.00006761832201021  0.00007176272908130  0.00007589176802974  0.00007985973862098
  0.00008368361058352  0.00008781901828595  0.00009192303789325  0.00009560031182319
  0.00009910906583545  0.00010270904581470  0.00010631345547173  0.00011162862073567
  0.00011587608358175  0.00012028267423716  0.00012489708675721  0.00012976465787707
  0.00013503928504034  0.00014018357780722  0.00014519923006404  0.00015030326313918
  0.00015620705821617  0.00016259526578163  0.00016783478471491  0.00017198106479519
  0.00017673071397373  0.00018215150689923  0.00018763680487348  0.00019418156081798
  0.00020430061017961  0.00021302824449183  0.00022190771690877  0.00023327134984219
  0.00024579478636584  0.00025633755503800  0.00026729440450837  0.00027853160244968
  0.00029067713902369  0.00030469244229490  0.00032074140159534  0.00033739723166454
  0.00035530429064760  0.00037336896479523  0.00039332786556107  0.00041344407588919
  0.00043197360212134  0.00045203519039632  0.00047412855691966  0.00049761312926437
  0.00052143465656809  0.00054519099337935  0.00056793316459993  0.00059017834844880
  0.00061283064424500  0.00063841313616422  0.00066905393378296  0.00069637903224906
  0.00070953202994208  0.00072746134855331  0.00074889477388878  0.00077215592790231
  0.00079543118739081  0.00081621735306949  0.00084552506156696  0.00090274168526665
  0.00096007087296788  0.00101242632031297  0.00106752743201030  0.00112337681623087
  0.00119985882208755  0.00128873299955239  0.00138050659931976  0.00146917254113760
  0.00155892874061595  0.00164157664082532  0.00172266224592297  0.00182396498462797
  0.00193688458977381  0.00206337120619086  0.00234054220162163  0.00268172501279982
  0.00306062174446077  0.00356942636481255  0.00444320444003562  0.00538198300740901
  0.00655125753418567  0.00848176660036148  0.26302963663665840  1.00000000000000000
  0.00000347425122831  0.00000349739126525  0.00000355505787183  0.00000363938141792
  0.00000374031737966  0.00000385408285602  0.00000398328443848  0.00000412339223163
  0.00000427071923628  0.00000439359284827  0.00000451992661914  0.00000464733843241
  0.00000479130779246  0.00000494196520228  0.00000507795764876  0.00000519222304683
  0.00000531202445692  0.00000549541897923  0.00000572798460459  0.00000596590688099
  0.00000620905409990  0.00000644617766332  0.00000669156595823  0.00000695018045922
  0.00000728892311962  0.00000761439240909  0.00000789841601731  0.00000823663522809
  0.00000862253043687  0.00000897574272510  0.00000930064169965  0.00000968705539021
  0.00001011482685516  0.00001058433584058  0.00001129440707207  0.00001206782478004
  0.00001284315672727  0.00001366414554078  0.00001455120847465  0.00001556641925926
  0.00001670064287165  0.00001774966267502  0.00001890366791190  0.00002017986082926
  0.00002172405947251  0.00002374462078986  0.00002618074475895  0.00002878921034690
  0.00003160581256345  0.00003434483871451  0.00003688912847943  0.00003930407910283
  0.00004230434865294  0.00004570288690264  0.00004998954708649  0.00005504833110937
  0.00006071448221289  0.00006628485919548  0.00007304099342491  0.00008070793345220
  0.00008923721454656  0.00009855467170910  0.00010857384782662  0.00011877738305922
  0.00013115080826199  0.00014616695744179  0.00016451885913571  0.00018551825214591
  0.00020259927872041  0.00021933799261768  0.00023934688018295  0.00026878213821558
  0.00030603886234093  0.00034146224057756  0.00037451624794631  0.00040677714870249
  0.00043936296218655  0.00046846545975452  0.00050180957309806  0.00053775609995560
  0.00060865246680776  0.00074306920286583  0.00092203876666255  0.00109543311189599
  0.00127929444727243  0.00148191428452247  0.00172382290793353  0.00207686844996377
  0.00249803477911180  0.00311826677837158  0.00384488606285288  0.00485296136502015
  0.00912973538691230  0.01545223055175006  0.08932462053131957  1.00000000000000000
  0.00000252034313677  0.00000290377905890  0.00000320214675474  0.00000348204828167
  0.00000379112673950  0.00000408720506663  0.00000440470390738  0.00000472173430505
  0.00000503858982824  0.00000537375760899  0.00000573513120676  0.00000610932170065
  0.00000646120938008  0.00000671019625108  0.00000699856858634  0.00000727177411589
  0.00000754556102361  0.00000787073626567  0.00000836576544747  0.00000895306153663
  0.00000954669675633  0.00001014266371591  0.00001070907244671  0.00001136372808539
  0.00001207959980705  0.00001291399858956  0.00001389693457576  0.00001503261092683
  0.00001632885488088  0.00001757028836288  0.00001874718746219  0.00001995880619766
  0.00002130675334012  0.00002274396423652  0.00002398226372722  0.00002517171541864
  0.00002637543798382  0.00002766961394964  0.00002911031480176  0.00003110354390859
  0.00003307914298794  0.00003507808956354  0.00003713103416501  0.00003954291944122
  0.00004243959142751  0.00004496895112937  0.00004751582803274  0.00005005863020320
  0.00005325390086320  0.00005652181546091  0.00005958607693130  0.00006264018595408
  0.00006585884388332  0.00006940983582592  0.00007354612710205  0.00007806318597923
  0.00008253547589753  0.00008714945377321  0.00009257760499212  0.00009692704728766
  0.00010152558402594  0.00010690302443328  0.00011311506847835  0.00011975898720424
  0.00012787300934239  0.00013910144964211  0.00015077673407571  0.00016457625167164
  0.00017939832228697  0.00019669718102999  0.00021843280018356  0.00024382434211210
  0.00026826385903962  0.00028744277923991  0.00030476012706069  0.00032751854503146
  0.00036196381478561  0.00040422074105687  0.00045276009114529  0.00049998402939188
  0.00054438529201062  0.00059997045365730  0.00066300992503473  0.00075929456733494
  0.00091487145674573  0.00113577849772607  0.00142412783458340  0.00177330146202292
  0.00206557721081975  0.00240908390292995  0.00280880663538664  0.00328656359924188
  0.00401395543463306  0.00570468682102976  0.38809067466005243  1.00000000000000000
 -0.00292649361089326  0.01252624730270832  0.02599958095186523  0.04006437654041228
  0.05368548806633547  0.06384259910496498  0.06964795756851977  0.07463498489817313
  0.07995935627645263  0.08587869663277312  0.09203155964630538  0.09870253755568435
  0.10890809430050657  0.12251854692201128  0.13710835527940290  0.15077244285840066
  0.16354271265428250  0.17749371980001172  0.18986193444187280  0.20388675164757802
  0.21744494940205697  0.22979568439231918  0.24201675366131592  0.25144666812557359
  0.25974856249015477  0.26842504742535139  0.27754125583269762  0.28730833290535129
  0.29736294011322728  0.30562483901500714  0.31304069949558633  0.32109695607754180
  0.33207898515009082  0.34508967148202035  0.35779028387709011  0.37036276923570810
  0.38388855383839221  0.39822182640436948  0.41178747971983515  0.42310525709797508
  0.43188752166715966  0.44003825074749486  0.44844239760329707  0.45816345701644468
  0.47008949268842043  0.48264720916339460  0.49460622294014972  0.50700954196551096
  0.51983640160333622  0.53234452672819610  0.54527893814198292  0.55893225418097869
  0.57135229946556232  0.58153092325362943  0.59039239890018469  0.59865455387739330
  0.60673932286522603  0.61576107793781742  0.62580110322198756  0.63671293683122465
  0.64764216911783012  0.65768625758784216  0.66577234909945948  0.67218577479757113
  0.67865908626142168  0.68437212482921794  0.69036905689013184  0.69815152025540073
  0.71131769002459322  0.72624982987231801  0.74252778573616141  0.75005949079826406
  0.75653139147450510  0.76285204411540575  0.76957698001732999  0.77672009099627981
  0.78887373293769536  0.80269517079223918  0.81599268343908715  0.82746539819960918
  0.83939604363317999  0.85086288884189953  0.86107453496717024  0.87047068550059958
  0.87998508409649789  0.89015840398364077  0.89942385003674585  0.90841037440795525
  0.91622976741668638  0.92335743585550956  0.93071725945907224  0.94088711985812701
  0.95299454806438022  0.96690428251400495  0.98281342913382386  1.00000000000000000
 -0.00303212005287923  0.01373044887917047  0.02661178431515417  0.03861443528798058
  0.05105763762605089  0.06296405283052597  0.07470567527059560  0.08680597546621943
  0.10046231079200034  0.11211467119719673  0.12252704776998452  0.13267990731850948
  0.14291392244276552  0.15380958600034456  0.16563227467413053  0.17689870648812389
  0.18751238781450344  0.19729777686217054  0.20622472034928641  0.21535387982624510
  0.22497595927208502  0.23533292225010508  0.24512496201024964  0.25392846353114767
  0.26245269896549583  0.27177473437139554  0.28107471551291457  0.28967011626430245
  0.29925077413624163  0.31065151378340472  0.32266977097465938  0.33298380913603393
  0.34354085421155428  0.35295438232998183  0.36235303410329772  0.37254395890162717
  0.38366241134623585  0.39475028942396279  0.40615340860361626  0.41820539917692640
  0.43086453040557188  0.44149965017748860  0.45202590356129702  0.46032362579872782
  0.46647418314866035  0.47465040204352549  0.48198947796308717  0.48817182847660534
  0.49439517181812070  0.50102010847294742  0.50748236593027019  0.51449596681364895
  0.52421040857041568  0.53526196984234686  0.54613728658677052  0.55748996238649273
  0.56942156970579594  0.58233269818190214  0.59680898711155039  0.60915729481282566
  0.62011107940119226  0.63056310705061147  0.63783171624986368  0.64487117398240523
  0.65070094241270937  0.65650975896290509  0.66203127282684482  0.66841150422204587
  0.67579901600552272  0.68651909737221239  0.69639695175835248  0.70627895408058938
  0.71633573428924247  0.72651078409230918  0.73831578698345046  0.75038314935214012
  0.76259691784463990  0.77623462988312053  0.79083469470610468  0.80618184877618471
  0.82159210473224187  0.83576570435749598  0.84873566412272361  0.86097603053408867
  0.87279282115166135  0.88513533941009259  0.89888956166019718  0.91268180999228898
  0.92352099387677744  0.93184034670722182  0.94059069194336964  0.95044919317196030
  0.96081629383053402  0.97159837848672748  0.98412236589413049  1.00000000000000000
 -0.00144575834084538  0.00555443793626281  0.01086183590316922  0.01609402165947698
  0.02148120377404792  0.02592100085999217  0.02920498419222616  0.03281869039725915
  0.03608546480949083  0.03903349453536312  0.04186259268809500  0.04571520893935140
  0.05144465741842722  0.05869591621562194  0.06669316073310891  0.07529777336652764
  0.08415604104238941  0.09398263765432673  0.10380342070898305  0.11397375262253369
  0.12252487336115363  0.13017513159398744  0.13813261900713369  0.14457318459198998
  0.15156649954209112  0.15940246408576869  0.16699609038521446  0.17395182582751237
  0.18262743938323750  0.19468304950575147  0.20795101307869387  0.21951802739998452
  0.23126670009220088  0.24375510006197038  0.25817325755834980  0.27380404404584585
  0.28819208607291436  0.30107343629238614  0.31356611147050112  0.32620497955679290
  0.34134283952066535  0.35742215799692156  0.37398320570684312  0.39053728326440890
  0.40813159289015771  0.42605820435775260  0.44319090727437893  0.45948859220218363
  0.47465981728775547  0.48848360034278776  0.50150987535498670  0.51381845226790757
  0.52660254320867106  0.54034759168394864  0.55384254147472056  0.56522364027666205
  0.57679067494049252  0.58831662364764914  0.60186271320851670  0.61496326908571530
  0.62654409310629611  0.63685905131572784  0.64828325928244002  0.66236294974455967
  0.67691406854426051  0.69066762383056113  0.70291494966849011  0.71523765004061979
  0.72831041426282805  0.74476620511677527  0.75752616232563275  0.76868233454670842
  0.78008950823957812  0.79260378145535304  0.80461801680436185  0.81636922395846201
  0.82836649386338945  0.84021857346556605  0.85127226400954892  0.86296897164241637
  0.87273068813363153  0.88170253735778770  0.88885349618994980  0.89562297163332982
  0.90280165229385390  0.91000213987940892  0.91803790905470728  0.92667131884139897
  0.93553193144549285  0.94375234043171385  0.95173655582686134  0.95954378385589689
  0.96908918326420734  0.97870082558126326  0.98838232606877452  1.00000000000000000
 -0.00328783690028222  0.01132382704044709  0.02378628879667365  0.03513797230789460
  0.04529095420954615  0.05382132987991035  0.06109707592764564  0.07035497661004013
  0.08047249393045779  0.09330931514513126  0.10463887243785561  0.11064556369259182
  0.11789749651137475  0.12533587891541817  0.13279113287623912  0.14194685280164396
  0.15525114425893161  0.16709059916483585  0.17882194897013598  0.19079462626290283
  0.20324219374969915  0.21622632624129673  0.22863337325064131  0.24045009855095587
  0.25264420289217587  0.26585372423272546  0.27988739085353570  0.29310682258278437
  0.30481787678434169  0.31462190895955588  0.32241479871258982  0.32979067260071759
  0.33789467982322935  0.35010489200976397  0.36372061000536721  0.37638360408014654
  0.38635946939328059  0.39615759915544568  0.40602103520587673  0.41683850379810222
  0.42952807745106969  0.43944246872778747  0.44513844029834099  0.45028144316278812
  0.45545452240646400  0.46140271242322406  0.47157876007529154  0.48076321166813157
  0.48767496401128690  0.49273234805143906  0.49777315766118951  0.50237654272990850
  0.50963465477409242  0.52000214833873137  0.53117933734219347  0.54155024156495779
  0.55334774204385628  0.56606560563438102  0.57911180595030198  0.59274427673224761
  0.60611257265190444  0.62006107052511794  0.63457039056079256  0.64880177662845195
  0.66257722990499768  0.67552440375992429  0.68710534195906181  0.69694532352125682
  0.70594478151506401  0.71495201865916880  0.72446339685212946  0.73599789455397435
  0.75049413552395483  0.76712388378689711  0.78427582046807787  0.79866304791853149
  0.81002085339073937  0.82133968719792949  0.83254741954274403  0.84368262779634418
  0.85465160280413854  0.86626067037964194  0.87695425220942191  0.88797570797924197
  0.89818947331861543  0.90831159413957530  0.91797293339847641  0.92705759858626158
  0.93601770259868267  0.94507717259004009  0.95532227296009353  0.96646115300282065
  0.97666157173014412  0.98521702122714094  0.99245046435035389  1.00000000000000000
 -0.00357596223986967  0.01309164898370761  0.02446084802056095  0.03404485281416411
  0.04377871471202867  0.05576022150456875  0.06929099884162271  0.08166133806933562
  0.09308097475789635  0.10491967255988160  0.11688272078093326  0.12857221517121106
  0.14105803628759869  0.15289236512473361  0.16259699492736915  0.17078294589229809
  0.17881372720152605  0.18828704966172069  0.19928917012270522  0.21178090782207590
  0.22168753247760614  0.23208605228878157  0.24147598712996615  0.25012602643739773
  0.25924967760805256  0.26792447104000061  0.27651791590264568  0.28809325039960526
  0.30049267873130892  0.31270085190720920  0.32423500662622456  0.33571498954683310
  0.34656483747561573  0.35927593282845127  0.37430720234534753  0.39080157028576018
  0.40705929727814721  0.41877721411923768  0.42951091964892302  0.43754018634176184
  0.44458092097967339  0.45236042707457569  0.45999681392670916  0.47104356392469443
  0.47899492340198729  0.48547266778597237  0.49143154544941164  0.49759865354897309
  0.50380173570623377  0.50963100512654458  0.51550816409054812  0.52126452985277971
  0.52675753098698652  0.53389912142523133  0.54439321204368618  0.55619964687694801
  0.56808569000756659  0.57985970875815951  0.59005041233091704  0.59964051883880498
  0.60924901918630914  0.61860387694237118  0.62742133625643171  0.63541798565483998
  0.64296900346186225  0.65266516152566223  0.66340210487277373  0.67535942884462374
  0.68752737409253495  0.69759705801276339  0.70758697148965299  0.71798172312602804
  0.72814577537461922  0.73840279610076487  0.75006315445472549  0.76461940564275543
  0.77998938794322292  0.79478246768382788  0.80794206790207035  0.82052522017588247
  0.83334420453073266  0.84677693152162792  0.86015709928319906  0.87301679646047381
  0.88438931036072432  0.89503701387364520  0.90657463917024261  0.91952638185744850
  0.93394167608521905  0.94847754199391987  0.95831085370923919  0.96589984793312700
  0.97337875515115913  0.97985574860722136  0.98902931905939739  1.00000000000000000
 -0.00000359219268298  0.00005225247387970  0.00010809714044238  0.00018145136244693
  0.00031257060078456  0.00044368983912219  0.00055505599401316  0.00065471160461782
  0.00074551050444299  0.00082831009011477  0.00091166398354401  0.00099534082150506
  0.00107812844362698  0.00116063241358270  0.00126083919558289  0.00136398049119848
  0.00148517147740858  0.00160768550654410  0.00173207915662127  0.00184146637484175
  0.00194714775466048  0.00202784932981789  0.00210855090497531  0.00218767848294680
  0.00226595491462317  0.00234383632271528  0.00242007391138236  0.00249631150004945
  0.00258599231113326  0.00268069672717239  0.00278238106663418  0.00288637386244619
  0.00300897846187923  0.00314110763089269  0.00327717136075234  0.00337415697231386
  0.00347341346745918  0.00358009705500865  0.00368908346800315  0.00380317971944541
  0.00392853577257631  0.00407531547987794  0.00425366228329498  0.00443836732876911
  0.00462532512268557  0.00484246197670267  0.00504858192583778  0.00526098532201536
  0.00548775128872677  0.00575817304237448  0.00601614083296704  0.00628149182599921
  0.00654048917176382  0.00674124583035316  0.00705037713677575  0.00726017649016648
  0.00745883812383154  0.00765775370109737  0.00784059168319352  0.00801102051513765
  0.00817250828353672  0.00831464615909594  0.00846250261286442  0.00863050717980508
  0.00882190661964655  0.00902127772148670  0.00922893619113267  0.00936458778019295
  0.00950271497565692  0.00963992959928289  0.00977334477461980  0.00997490286734570
  0.01040101696977526  0.01094320213756660  0.01146010953798883  0.01213197149620351
  0.01285839181322173  0.01332257845324865  0.01355823893879362  0.01379425860065708
  0.01400787359043330  0.01419915084755440  0.01440980725549525  0.01554665185688694
  0.01644390240483831  0.01724427827123880  0.01797899024404846  0.01921509969924478
  0.02279416432297789  0.02603118026266021  0.02899328011991252  0.03071505936708874
  0.03286056627793544  0.03783675925957580  0.39313849510493248  1.00000000000000000
 -0.00118687388774868  0.00500222778181194  0.01268225672060887  0.02050385606272094
  0.03389050054718416  0.04858968939097909  0.06334436343401129  0.07489446737597000
  0.08571370992429908  0.09689739685674767  0.10870864089904085  0.12123034402120528
  0.13295984111331638  0.14299741761693285  0.15351209206670405  0.16493482900624140
  0.17707331584040970  0.18936846888089295  0.20380698631675037  0.21562427753929336
  0.22582430759775982  0.23553099669265090  0.24399698807930309  0.25211884405183399
  0.26147251276092875  0.27223211868373248  0.28472485044902179  0.29702064132331785
  0.30828742639138634  0.31926166020038399  0.33161710286576612  0.34328256128736079
  0.35441150479875150  0.36496470795684693  0.37525886327831542  0.38711183994554904
  0.39771629990748353  0.40700318376942207  0.41508566373227229  0.42342644068118873
  0.43346968861428109  0.44494664070812906  0.45716574956835065  0.46883337329517311
  0.47985862884036484  0.48979079631114625  0.49813213858480176  0.50618170075403479
  0.51466437814924881  0.52244057667367516  0.53147352033672046  0.54371867815993735
  0.55626204744206587  0.56893888327837372  0.58273900893841379  0.59548186779123624
  0.60521674404945103  0.61488953050374262  0.62296865417003555  0.62991947480152000
  0.63786139266531094  0.64565215489083083  0.65496147342537459  0.66683518241476358
  0.67801780356392560  0.68942852685014244  0.70081977544841279  0.71202058493171050
  0.72383604846096872  0.73451133056460849  0.74466939868459758  0.75493108966002853
  0.76255112979888617  0.77095984667636075  0.77911015224281710  0.78888679338174628
  0.80198483752321259  0.81039893548383923  0.81648554905784787  0.82242969058412407
  0.82845590676761560  0.83429008164202356  0.84614390755048385  0.85815706754871857
  0.86948163212392293  0.88042771261995612  0.89181562828651806  0.90276202704805653
  0.91212940041733526  0.92201046056568570  0.93462353394661124  0.95143454531974680
  0.96512064543734644  0.97714903552306853  0.98881103226683409  1.00000000000000000
  0.39358892710210269  0.58086827525118390  0.59123889821858300  0.60358930832184599
  0.61877050591252525  0.63032448313864275  0.64159147581716847  0.65339115999272523
  0.66536330533758570  0.67536747620003867  0.68485650959355693  0.69431821672384997
  0.70043305698188163  0.70607595526291644  0.71133158372075223  0.71733999810360893
  0.72366579078785964  0.73011082331936195  0.73699172928981149  0.74440393911619107
  0.75192159133003600  0.75810347394544542  0.76377831403471819  0.76950193682414436
  0.77509145179531314  0.78021049317712965  0.78484323994090854  0.78984526083792417
  0.79466578214238892  0.80026624191459816  0.80495628194092239  0.80974571897319192
  0.81449233567409207  0.81980796435318704  0.82494250124107438  0.82975254324012926
  0.83426138289577512  0.83836665954917644  0.84229773980492217  0.84627768096597178
  0.85010205805079520  0.85412093561119296  0.85790414168548201  0.86165267753172015
  0.86544148126516529  0.86905252909411423  0.87255811423629404  0.87593572525359620
  0.87922377772372362  0.88244075466189775  0.88575528700372097  0.88905477808897615
  0.89233046943188610  0.89549977793345870  0.89853506220529222  0.90166471663230585
  0.90484566752766271  0.90781349229086072  0.91020805283471196  0.91208209673057195
  0.91402406236809353  0.91611592429123434  0.91817192837617467  0.92047851472099218
  0.92298162023085428  0.92573021424779800  0.92852642546191211  0.93090500635483608
  0.93258786686679862  0.93417068991967711  0.93584391300582881  0.93770841457006560
  0.93977733389312790  0.94300363964468448  0.94632682296513559  0.94907780077915571
  0.95129974553195773  0.95351213969868009  0.95582640961615939  0.95834903057143961
  0.96101684776070184  0.96325684443963633  0.96563494713543052  0.96784639239875603
  0.97011935181394038  0.97229925260971672  0.97506508674805492  0.97808060029019361
  0.98134798537666346  0.98408501658823766  0.98661349709476909  0.98905894897334057
  0.99142772215997721  0.99376987562248176  0.99633606856017609  1.00000000000000000
  0.05300503327059425  0.10462884586071310  0.12439184100852937  0.14360222125020597
  0.16024671816023761  0.17185241757444075  0.18005423172639659  0.19009930721658641
  0.19990125031434644  0.20939367863994005  0.21690021378585764  0.22438617014582021
  0.22984707160871184  0.23499973551565789  0.24000707709588096  0.24449732396784435
  0.24966551187544428  0.25552140748433355  0.26179750789685524  0.26850779021893872
  0.27535859024504222  0.28128647767288056  0.28788951654002376  0.29439138264807235
  0.30152893002197872  0.30749777412996254  0.31259434916094248  0.31739678993451559
  0.32220643543589694  0.32711736462852120  0.33300089090017909  0.33947646137417797
  0.34594199857603342  0.35258892464609359  0.35932596767004399  0.36546447699948714
  0.37127975004412905  0.37671697402712773  0.38128574798714004  0.38552249585225457
  0.38985544204996403  0.39437093014538815  0.40034499900905202  0.40665109962334028
  0.41235158770545033  0.41758567298750726  0.42226875121857294  0.42725087613800572
  0.43261052795299382  0.43906147120253791  0.44586444103834433  0.45142518915865437
  0.45616548233446053  0.46134921269825857  0.46598553821748429  0.47011623463327923
  0.47470912287204942  0.48015541021492997  0.48568745599826985  0.49134131159719346
  0.49739594136378024  0.50428791323463029  0.51159568744262252  0.51778637034227193
  0.52377588613780013  0.52955326334376474  0.53622818188661048  0.54336820150637111
  0.54820459365216634  0.55137067219253688  0.55464981253359458  0.55775235311079963
  0.56025068789967858  0.56298881875801476  0.56726925292395358  0.57391652985911101
  0.58076325120020611  0.58781558674930712  0.59492463872367951  0.60234804432578659
  0.61047778235584560  0.61946149414869611  0.62858695631856165  0.63868894346869287
  0.65021875528468920  0.66351019632664998  0.67373462090922653  0.68346086919066562
  0.69342495701643614  0.70507779626390654  0.71991325660717242  0.73663759831027886
  0.75591446280382057  0.77784486757062221  0.81378525259302570  1.00000000000000000
   3.1492363987075062E-005  -1.0000000000000000     
 F F F F F F F F F F F F F F F F F F F F F F F F F F F F F F F F F F F F F F F F F F F F F F F F F F F F F F F F F F F F F F F F F F F F F F F F F F F F F F F F F F F F F F F F F F F F F F F F F F F F F F F F F F F F F F F F F F F F F F F F F F F F F F F F F F F F F F F F F F F F F F F F F F F F F F F F F F F F F F F F F F F F F F F F F F F F F F F F F F F F F F F F F F F F F F F F F F F F F F F F F F F F F F F F F F F F F F F F F F F F F F F F F F F F F F F F F F F F F F F F F F F F F F F F F F F F F F F F
  <DiscreteSampler_grid>
  grouped_processes
  1 # 1 for a reference and 2 for a running grid.
  10 # Attribute 'min_bin_probing_points' of the grid.
  1 # Attribute 'grid_mode' of the grid. 1=='default',2=='initialization'
  0.0000000000000000 # Attribute 'small_contrib_threshold' of the grid.
  0.5000000000000000 # Attribute 'damping_power' of the grid.
 # binID   n_entries weight   weight_sqr   abs_weight
    37   10   1.565501404347001E-001   1.687961419241350E-001   1.565501404347001E-001
    38   10   1.565501404346998E-001   1.687961419241344E-001   1.565501404346998E-001
    49   10   3.345395726987241E-001   6.082956895936419E-001   3.345395726987241E-001
    50   10   3.345395726987236E-001   6.082956895936393E-001   3.345395726987236E-001
    52   10   3.296835152887082E-001   8.372382160712204E-001   3.296835152887082E-001
    53   10   3.296835152887076E-001   8.372382160712168E-001   3.296835152887076E-001
    55   10   2.808212583805023E-001   5.372799236417771E-001   2.808212583805023E-001
    56   10   2.808212583805017E-001   5.372799236417746E-001   2.808212583805017E-001
    64   10   1.564987901365947E-001   1.403056932380239E-001   1.564987901365947E-001
    65   10   1.564987901365946E-001   1.403056932380235E-001   1.564987901365946E-001
    70   10   1.565501404347001E-001   1.687961419241351E-001   1.565501404347001E-001
    71   10   1.565501404346998E-001   1.687961419241344E-001   1.565501404346998E-001
    73   10   2.852979185976006E-001   5.503300035858109E-001   2.852979185976006E-001
    74   10   2.852979185976000E-001   5.503300035858084E-001   2.852979185976000E-001
    103   10   1.200753294743331E-001   5.075153181157529E-002   1.200753294743331E-001
    104   10   1.200753294743334E-001   5.075153181157561E-002   1.200753294743334E-001
    106   10   2.033884357161163E-001   1.399185430488729E-001   2.033884357161163E-001
    107   10   2.033884357161167E-001   1.399185430488737E-001   2.033884357161167E-001
    136   10   1.200753294743331E-001   5.075153181157529E-002   1.200753294743331E-001
    137   10   1.200753294743334E-001   5.075153181157561E-002   1.200753294743334E-001
    148   10   1.893669947984906E-001   1.182360747977454E-001   1.893669947984906E-001
    149   10   1.893669947984909E-001   1.182360747977460E-001   1.893669947984909E-001
    151   10   2.696994377037619E-001   2.743741509485281E-001   2.696994377037619E-001
    152   10   2.696994377037625E-001   2.743741509485292E-001   2.696994377037625E-001
    154   10   2.089672910863680E-001   1.488847564859045E-001   2.089672910863680E-001
    155   10   2.089672910863685E-001   1.488847564859053E-001   2.089672910863685E-001
    163   10   1.095638235282247E-001   4.101390608895158E-002   1.095638235282247E-001
    164   10   1.095638235282249E-001   4.101390608895179E-002   1.095638235282249E-001
    196   10   1.095638235282247E-001   4.101390608895158E-002   1.095638235282247E-001
    197   10   1.095638235282249E-001   4.101390608895179E-002   1.095638235282249E-001
    229   10   1.564987901365947E-001   1.403056932380239E-001   1.564987901365947E-001
    230   10   1.564987901365945E-001   1.403056932380235E-001   1.564987901365945E-001
  </DiscreteSampler_grid>
