  0.00199393181418491  0.01609903214192103  0.02948717455421312  0.04102769778442663
  0.05249456871162254  0.06383838898249093  0.07504243477614893  0.08578917890011067
  0.09716096580910114  0.10838657208219347  0.11961857615715754  0.13070188574690433
  0.14195873702546849  0.15317855458058646  0.16436327362820660  0.17591527983615671
  0.18760945133367027  0.19934663922317569  0.21079618006799419  0.22187245515205331
  0.23311984912438657  0.24396778282335196  0.25475167705707324  0.26525864345838956
  0.27647222247882491  0.28808310015910826  0.29956047333969160  0.31055377809227053
  0.32133362320947811  0.33214740942164866  0.34341240672249351  0.35449205505869480
  0.36527651456826449  0.37539875871979389  0.38554864163331287  0.39595842027786593
  0.40722684816626858  0.41848584755874613  0.42895021470234329  0.43950943072366722
  0.45000836581038184  0.46031496776465752  0.47068160634197992  0.48140015211370601
  0.49217961405127481  0.50268171481039570  0.51301021146571224  0.52337818315183449
  0.53367153168551928  0.54381053104950094  0.55299819806292771  0.56190569599256823
  0.57075978854893450  0.58038485756440328  0.59076027968290878  0.60119380016730761
  0.61269524985435131  0.62395851761136090  0.63456859104420849  0.64491709223597626
  0.65498206201329356  0.66474769921769250  0.67454439653504061  0.68440383384893144
  0.69478583259990034  0.70515681454781520  0.71555722459516502  0.72616205107002296
  0.73631894598694736  0.74589329484302913  0.75552421556208582  0.76543472428164583
  0.77551158805484133  0.78580618780243683  0.79622825877821002  0.80713498984441578
  0.81782172317711788  0.82855489553355355  0.83908153126876628  0.84926023103673021
  0.85999076517756590  0.87056007097553412  0.88094565410270298  0.89089963939521233
  0.90120756667269331  0.91185961350390554  0.92236163564431173  0.93254670728593803
  0.94257467161817288  0.95247643727110765  0.96191173462280399  0.97125387174529532
  0.98044471909725073  0.98763404172761526  0.99235715645764089  1.00000000000000000
  0.00290244870306170  0.01447620480595673  0.02662824234949458  0.03802073992811075
  0.04915017549466154  0.06051497961341208  0.07186595096119831  0.08258009224746105
  0.09287132868978140  0.10337905053083007  0.11457845684306016  0.12607294053963963
  0.13702686593290817  0.14763168207753544  0.15789003355031178  0.16786246360956911
  0.17778424374078264  0.18822883131376006  0.19925539935128864  0.21032890210697838
  0.22126547492474793  0.23239625431485009  0.24372155648757635  0.25502794726117683
  0.26603291439829430  0.27674063321616216  0.28729301646345839  0.29786314332365565
  0.30856240017425535  0.31921005345852643  0.32970063306902331  0.33985974931582125
  0.34989722945696206  0.36015428991583059  0.37094851417270785  0.38220452739300231
  0.39327888789869619  0.40383623226511278  0.41411101608877210  0.42448267332050688
  0.43514474351751786  0.44557374588609266  0.45548144652555578  0.46538454138734442
  0.47561991156594791  0.48632144477055600  0.49711148560537866  0.50772504746405256
  0.51822848631695417  0.52887202752573625  0.53932086486867203  0.54953343796957088
  0.55971373025157478  0.57019139141858655  0.58060309793825471  0.59064782149627593
  0.60075595989814479  0.61141547781458261  0.62228725287161568  0.63255994403720361
  0.64206842435447320  0.65155021815746850  0.66150875806430931  0.67217385571877131
  0.68295733170256356  0.69365078766735899  0.70431005211131970  0.71476241655810424
  0.72501839307717164  0.73535407743521564  0.74604437113529121  0.75710704845829779
  0.76821603113821946  0.77914267652544777  0.78980037060740860  0.80033203496367611
  0.81070536353864686  0.82135248630653623  0.83204821070558133  0.84309773859645554
  0.85456840383193111  0.86599853312225639  0.87688673426454433  0.88730024166025823
  0.89760381790166932  0.90809094032148352  0.91843681043834668  0.92822755727548356
  0.93793109493411886  0.94773239859564229  0.95773183517302785  0.96773401863100994
  0.97711179860328556  0.98565892281406020  0.99240581108053116  1.00000000000000000
  0.00009090769432416  0.00021444029933592  0.00026618763349884  0.00030381311935488
  0.00033770346740186  0.00037036226509431  0.00040195681511000  0.00043273089185989
  0.00046265226777919  0.00049250490599152  0.00052335440245547  0.00055508675745378
  0.00058798573869480  0.00062156391352259  0.00065663417338658  0.00069195438522550
  0.00072795198933035  0.00076449953436286  0.00080175570664253  0.00084085481984253
  0.00088219493523163  0.00092498254928810  0.00096806977414447  0.00101157507321778
  0.00105633989567510  0.00110325247089819  0.00115235147477008  0.00120228899903614
  0.00125346394458138  0.00130645814148846  0.00135959855419256  0.00141230178999834
  0.00146113016741446  0.00151347553695283  0.00157149090314527  0.00163188331591049
  0.00169243704417448  0.00175460832531145  0.00182275862450988  0.00189461266284926
  0.00197342851368540  0.00205897353784533  0.00214862259789904  0.00224288107324396
  0.00233486560526023  0.00242756077355969  0.00252372526917640  0.00262021241824522
  0.00271948043339574  0.00281378135957425  0.00290957114478691  0.00301517250409549
  0.00313565964424590  0.00327460537748623  0.00341706898273251  0.00355864137391989
  0.00371322090944546  0.00388408532311038  0.00405271825373146  0.00423063826081497
  0.00441936746564197  0.00462504628062923  0.00485469366344950  0.00508674948958541
  0.00530317242271770  0.00550643913478357  0.00573311370035899  0.00601618647618397
  0.00631240663239562  0.00655524821762709  0.00678759442187087  0.00703835211215059
  0.00731494900924676  0.00759514501365238  0.00786079280134982  0.00813573162297260
  0.00843868707337215  0.00869700936750584  0.00894177032717771  0.00924102910026115
  0.00956863106195652  0.00995141387903387  0.01041569326916868  0.01089447889175717
  0.01138492055433852  0.01186028506838183  0.01222618468629699  0.01259797769618862
  0.01303822367015848  0.01349228828661990  0.01401534367473385  0.01451438062889782
  0.01501658044865515  0.01563711427820163  0.02370409040233171  1.00000000000000000
  0.00000281860669259  0.00000327123415557  0.00000381761486348  0.00000434741137616
  0.00000489573674402  0.00000544434604179  0.00000600445749754  0.00000658675126077
  0.00000718239539938  0.00000779058580411  0.00000844926147797  0.00000915194116310
  0.00000987109621797  0.00001060707902987  0.00001136322952299  0.00001215095428491
  0.00001294638466230  0.00001374739579528  0.00001457715449687  0.00001544005019829
  0.00001633096630081  0.00001724533993907  0.00001819194948366  0.00001918197221215
  0.00002023642778561  0.00002137264908422  0.00002257422330915  0.00002380714169863
  0.00002506247244222  0.00002633491578023  0.00002770605947092  0.00002922633762081
  0.00003079231246424  0.00003246763390523  0.00003422934545777  0.00003606595329667
  0.00003800183143315  0.00004002918335045  0.00004215247751287  0.00004442974971129
  0.00004685796855454  0.00004944114121341  0.00005214300204996  0.00005514186890946
  0.00005843986189839  0.00006191826631299  0.00006547022731044  0.00006914328309680
  0.00007295553702759  0.00007714143583896  0.00008192040690567  0.00008726713756999
  0.00009322461635842  0.00009991156486564  0.00010729733490072  0.00011532615192213
  0.00012415556883004  0.00013403227437329  0.00014512302568059  0.00015792114115015
  0.00017271384514142  0.00018961631686433  0.00020893134103711  0.00023008514952908
  0.00025318758564546  0.00027971162603284  0.00031016851472027  0.00034391838441522
  0.00038265591782538  0.00042646809065709  0.00047780326926658  0.00053750650351710
  0.00060809981567358  0.00068664997909480  0.00077900034838875  0.00089077896699965
  0.00102389568612648  0.00117054243632073  0.00133226620736058  0.00152561442845931
  0.00175959868783235  0.00203557100502800  0.00233651316993033  0.00267498909144453
  0.00308408903064922  0.00361385271823081  0.00430921989219547  0.00525328561448927
  0.00620582814025316  0.00723007648738470  0.00866091687664405  0.01310648086159611
  0.02533948468804495  0.05413600569465543  0.11820614403226945  1.00000000000000000
 -0.00264429042923634  0.01047444029804047  0.02032211166920064  0.03145924670262072
  0.04272063220300617  0.05508532782360651  0.06795434134252938  0.08114739706356927
  0.09412460552732733  0.10716557246192321  0.11919777824941996  0.13113494217849914
  0.14253536216018792  0.15451546784958423  0.16651988631522363  0.17853980065834812
  0.19049038656159129  0.20247041706309099  0.21451249997105853  0.22627812222382571
  0.23805563034414312  0.24975528951623788  0.26128605614294648  0.27225958267257472
  0.28290194814246716  0.29364670771792006  0.30511800321355853  0.31674015893150276
  0.32798946903534787  0.33885742252091933  0.34971280892434947  0.36091272243747108
  0.37242935054801629  0.38396308773405974  0.39548482050497646  0.40707156133400535
  0.41872364520913447  0.42973373355702965  0.44014527883057175  0.45016026271707410
  0.46044942343201323  0.47122323679641515  0.48242796769962809  0.49374300671532617
  0.50514189711531177  0.51669760312314506  0.52803292381702827  0.53887267872802269
  0.54924205816142746  0.55932052904650076  0.56936323337977890  0.57939934975694873
  0.58963603391620967  0.59963717228322688  0.60896724684587478  0.61829107288063356
  0.62787505819852973  0.63779467238276033  0.64758400963303897  0.65728780437891632
  0.66732619889949785  0.67771662417068845  0.68818412702503018  0.69849698572656538
  0.70870040144453639  0.71861449629514695  0.72807724326344170  0.73720761394021972
  0.74630118492639030  0.75556031169879212  0.76496738858482538  0.77474520990647222
  0.78486650666642521  0.79474155727164553  0.80415999358093870  0.81336880674217527
  0.82276192434735829  0.83255188493296017  0.84266797668029136  0.85287228876938592
  0.86260930076100750  0.87186144290966738  0.88118561526674155  0.89056432238883776
  0.89984862037234292  0.90897612842254039  0.91819021749986074  0.92768491445474521
  0.93715473542869676  0.94622633934186662  0.95533277949667295  0.96422336668069664
  0.97309309498936325  0.98193677416407577  0.99095216731172286  1.00000000000000000
 -0.00207905474714009  0.00849126002983498  0.01829354993284078  0.02857399128924651
  0.03947883599023375  0.04963302679757437  0.05974205718056595  0.06997854291821498
  0.08050807547342548  0.09075026862070718  0.10052871996713574  0.11061804134347594
  0.12059843762326766  0.13097947045259972  0.14112483049706090  0.15168034887562135
  0.16218127850750813  0.17247226224551307  0.18293543715017871  0.19380585594603700
  0.20488257705279825  0.21540457078114375  0.22548151502522851  0.23562472231597911
  0.24599695854266318  0.25728873979328287  0.26835079541947177  0.27898062841550098
  0.28966559451382551  0.30027458891565612  0.31098029161709684  0.32212954758911294
  0.33347935901101916  0.34506289106371396  0.35646983491277823  0.36794162710214173
  0.37916496815778256  0.38988338131009798  0.40018458394461348  0.41031325052437095
  0.42057432667310013  0.43099048920262018  0.44179703169629264  0.45305346167297039
  0.46378871786569481  0.47431685351751762  0.48496060572848293  0.49562839543512116
  0.50628139373802616  0.51661759165362797  0.52768931811212538  0.53835942546072113
  0.54918336703314563  0.56019932763878777  0.57152050852349923  0.58304348646972048
  0.59348721943653893  0.60387515683602333  0.61409346407978438  0.62458020317026663
  0.63495800849700534  0.64546768617381434  0.65636718037605812  0.66715281854789543
  0.67756229707201399  0.68779980961913423  0.69840890587722937  0.70908996459484952
  0.71948617660199143  0.72938591137026310  0.73954449838187974  0.74943457484838394
  0.76000625398880584  0.77051886137237513  0.78139674372199208  0.79233773270320618
  0.80345079239878003  0.81448769182573788  0.82555281030410865  0.83659058790552732
  0.84732050475203580  0.85770241283921200  0.86782766393114164  0.87778752019279394
  0.88727590428043868  0.89661441962863597  0.90633002081898617  0.91652054177870257
  0.92695637098739248  0.93744130767016609  0.94853507683303273  0.95964606222733306
  0.97040270160233832  0.98063658731644987  0.99033512361388454  1.00000000000000000
 -0.00751312981646519  0.03770248694983575  0.07351239833645973  0.10529760583495723
  0.13359481721090305  0.15874019030031788  0.18123373315163208  0.20276976172358288
  0.22303356204385677  0.24121875503906468  0.25887092076439044  0.27679455021328203
  0.29410336588621255  0.31017339153605245  0.32565943004549724  0.34120180867060107
  0.35627668611405405  0.37062894499689547  0.38446812427212268  0.39791661389786348
  0.41074223394944492  0.42322807954023106  0.43558393113885213  0.44820495738359539
  0.46077748719186318  0.47272524091346574  0.48356232577497071  0.49395024818690658
  0.50434647991353831  0.51498210051431170  0.52539696952504689  0.53543676405405549
  0.54519830380207346  0.55498219586627440  0.56475399763007628  0.57441675728696384
  0.58396170125547686  0.59311178844771084  0.60213789312157073  0.61118177566747900
  0.62031472119236286  0.62953342816480085  0.63876540797312820  0.64778596687270751
  0.65662027724395822  0.66527276874728425  0.67388818531243477  0.68237706529239095
  0.69074403111095595  0.69884096900792003  0.70695306056537954  0.71515154266308023
  0.72339202852946860  0.73122660243072479  0.73863496857941147  0.74600410482253221
  0.75340559703592680  0.76088896653794413  0.76832181576043090  0.77571880742883725
  0.78316814454569805  0.79065480978842673  0.79806620287880126  0.80528732331630981
  0.81221150944122489  0.81931838224595543  0.82633036714160457  0.83349963261158000
  0.84042290703145095  0.84663137243744069  0.85225154853759078  0.85802539078721241
  0.86379849278475418  0.86951916561154974  0.87629087717910903  0.88246794597069655
  0.88858204944300967  0.89444610898439414  0.90013891144661651  0.90569534369252613
  0.91131567723590956  0.91682711057944966  0.92233675975668084  0.92793059251439702
  0.93364657581790511  0.93947043635120642  0.94539254731664346  0.95124374367447195
  0.95727887586576510  0.96348001153601692  0.96966895004280373  0.97578949571623164
  0.98182313599788829  0.98781920341596896  0.99395969560028108  1.00000000000000000
 -0.00199193307817129  0.00838404505524961  0.01775496342096990  0.02766576152744843
  0.03773959101537027  0.04739953437041744  0.05764190964331793  0.06820968754306027
  0.07949599205581578  0.09095692719847562  0.10220210766420791  0.11318141152443195
  0.12405396682687508  0.13499453662019742  0.14567641294758399  0.15597622194831887
  0.16600621838038801  0.17627277586320064  0.18678173458290859  0.19765167880142698
  0.20865888653911333  0.21988589640361594  0.23097269888173405  0.24197478672602454
  0.25289290220637012  0.26369020710787677  0.27450550991481715  0.28530206273593073
  0.29623327505295016  0.30719552763707569  0.31775621265810006  0.32829528150896375
  0.33833912487139617  0.34888046257353361  0.35902832872015095  0.36896876182404592
  0.37892007850403397  0.38905861711975720  0.39927389704903876  0.40969763162932554
  0.42080533515245216  0.43257614032605174  0.44365650776976756  0.45435741314150802
  0.46533750948425601  0.47623097831879568  0.48691607257841707  0.49722177373018622
  0.50765295904396412  0.51819610051423404  0.52873208599803467  0.53992603448382015
  0.54970801157638727  0.55954365407514706  0.56916193368447521  0.57985989813684458
  0.59082411076733421  0.60182391853001582  0.61240128980741293  0.62295455381422082
  0.63356680097615181  0.64408140338404241  0.65483248000297922  0.66518588455320260
  0.67616243969808920  0.68697260582289332  0.69713242204950254  0.70725647290853400
  0.71726034510921555  0.72768130916111984  0.73791530076543055  0.74796872226815658
  0.75841662415342914  0.76896364795215988  0.77962110043175081  0.79043533414168743
  0.80124898227471719  0.81236690293542757  0.82353247826054365  0.83431012846115393
  0.84501756476275258  0.85531374759087919  0.86578279030385830  0.87614070921574250
  0.88636868554161241  0.89660739087196983  0.90690613984628088  0.91725402279169910
  0.92822158485948225  0.93846176265416259  0.94885988809627864  0.95901245955462400
  0.96926108825762192  0.97986433537793916  0.98968385837665396  1.00000000000000000
 -0.00031577097956183  0.00075785114137226  0.00248890799460140  0.00449931476131411
  0.00645473224282744  0.00835023531729303  0.01036851320513998  0.01258560184000820
  0.01499705036083039  0.01750536369723837  0.02007657446544023  0.02267990723668598
  0.02531295138938499  0.02803373383483576  0.03089125297279406  0.03389020769432736
  0.03705684237870374  0.04040027384054778  0.04384925627023664  0.04726091565151851
  0.05077439361935990  0.05439499655634539  0.05813795316004193  0.06229586633597180
  0.06679849041464384  0.07149680360193532  0.07635984035839097  0.08157057642194045
  0.08732706281390755  0.09342089178127957  0.09965526674678374  0.10610107512843932
  0.11291121231987777  0.12015907794510684  0.12787192776748263  0.13596173459534258
  0.14428512036009813  0.15295687856038295  0.16223565725575004  0.17220186262251191
  0.18267744964651275  0.19347292295636584  0.20471458933537889  0.21667342615032884
  0.22942004598298626  0.24286980938052846  0.25677935801894858  0.27173967408809663
  0.28799940811539099  0.30561821962924829  0.32402945974130642  0.34375300001593573
  0.36505566577939685  0.38779508003328433  0.41185429749455460  0.43813963075282347
  0.46566699247457799  0.49503706650858542  0.52584981057792790  0.55743154575489140
  0.58910180898330911  0.62082831214469858  0.65132390934917672  0.67986946777657453
  0.70574126173156770  0.72955560000583930  0.75163010995148072  0.77188733734164194
  0.79066226018337482  0.80752501131180954  0.82323066951605350  0.83792779420954777
  0.85140857553398452  0.86405968277734047  0.87563597554202499  0.88597144050491894
  0.89581514858576339  0.90506613556603666  0.91364526923135780  0.92145273651563209
  0.92873924444474132  0.93577757325420197  0.94250686756320912  0.94871242533542666
  0.95460211950228191  0.96009803053847642  0.96521340992958948  0.96997324261387441
  0.97457144849286548  0.97888014131768541  0.98286843378470878  0.98651670766519484
  0.98995213294888551  0.99332253545451488  0.99665235170386679  1.00000000000000000
 -0.00249400296204975  0.00979203101425027  0.01984591083262654  0.03069344337211605
  0.04138608395639262  0.05178746676693082  0.06211611790933693  0.07225891039058256
  0.08234716838176634  0.09272247676044193  0.10291690703573228  0.11370299682606162
  0.12449067695456117  0.13585505164768294  0.14725302246405231  0.15844073965855218
  0.16930790444032573  0.17928713271649341  0.18953225002694546  0.19959369484327044
  0.20950446462617381  0.21937092595645644  0.22944744937725217  0.23985399928352388
  0.25047136384231405  0.26100481788192387  0.27143028292099441  0.28159549317148391
  0.29130596106499368  0.30155349292074374  0.31158488434559301  0.32057842708627221
  0.32941874745085459  0.33885021606950716  0.34936990675509316  0.36039210871927979
  0.37120080398731237  0.38206165365623651  0.39273448663457872  0.40302523739337137
  0.41322103014909384  0.42376495175352730  0.43489109087355465  0.44628910660296595
  0.45728478426256824  0.46785477350436833  0.47802930768288771  0.48787733032314284
  0.49744333634138865  0.50719819895008633  0.51752488547873210  0.52868371941657244
  0.53985207262197654  0.55075888337321388  0.56157123812874477  0.57258561959425158
  0.58313205472213048  0.59294388793006825  0.60274454441226633  0.61284825459284098
  0.62354174629277992  0.63377023618093864  0.64416298231717162  0.65492352513067975
  0.66602257641052909  0.67704033832991584  0.68799110998946833  0.69900474799793499
  0.71005473502607508  0.72048994678088829  0.73065219062481634  0.74093305918139274
  0.75186554232250125  0.76330654187683078  0.77460650947235021  0.78529334340050549
  0.79588452301299806  0.80647196783066322  0.81703002057887031  0.82746635835921833
  0.83797744280074993  0.84881367642935623  0.85954987574266750  0.87015683188653759
  0.88059152230685867  0.89133289800536097  0.90210891984826680  0.91290960726973724
  0.92335985197308512  0.93415437752075781  0.94510096293463031  0.95625301161621445
  0.96743125975978228  0.97824963166174805  0.98908196886249766  1.00000000000000000
 -0.00240055183125895  0.00904722885577747  0.01889530145115249  0.02958575936026403
  0.03884450549134316  0.04838312846511345  0.05793013950593322  0.06797298707599402
  0.07854846519429666  0.08923061075547746  0.09975585355789256  0.10995901414715854
  0.11997586085175838  0.13009387835888686  0.14035025575203586  0.15093697168139156
  0.16128508089310784  0.17152711590458342  0.18195912181948398  0.19275577759924573
  0.20433496664029013  0.21572453465468433  0.22689757154312415  0.23807391251863558
  0.24925927921178198  0.26045679800238719  0.27117128665686679  0.28194729294422299
  0.29258178815139735  0.30372197332024825  0.31487894034296671  0.32608662261232318
  0.33714393938876930  0.34805472660485193  0.35907136448736876  0.37045431535360351
  0.38129035741906048  0.39170135581452814  0.40221294341016967  0.41266522439877229
  0.42391148740117313  0.43470224034519600  0.44594627984098500  0.45717551922745608
  0.46854613177387650  0.48023505509527442  0.49168675585750438  0.50310145528277517
  0.51451323641583857  0.52553052326793215  0.53646982883340610  0.54749160603692404
  0.55868147469759510  0.56975117486884630  0.58054565888514875  0.59103722224138544
  0.60080908971889357  0.61027534300398545  0.61975521580846749  0.62918103520014956
  0.63918871716246473  0.64954897373202258  0.66062584561134796  0.67124340990331577
  0.68116515898588714  0.69087421611724642  0.70039503866796515  0.71019986292091031
  0.71996549493075757  0.72995264672435611  0.74030802134232088  0.75097316552489501
  0.76182776427859866  0.77193500107863355  0.78149994534668976  0.79118708835666585
  0.80176188375002744  0.81236186792185039  0.82317983528147698  0.83377046366900376
  0.84421711862737270  0.85448289226518404  0.86440720299213381  0.87442821125214487
  0.88448167750527340  0.89467455153087139  0.90546101602718665  0.91604936485403732
  0.92652400156657355  0.93677306891079581  0.94738740395209742  0.95815060385282025
  0.96895663098345142  0.97918983978587704  0.98967416780787332  1.00000000000000000
  0.47457302494104042  0.51960250878091740  0.61288206884015317  0.64458888697410510
  0.66521765815243439  0.68058405242132047  0.69269451511771774  0.70330081386871079
  0.71296669474126573  0.72164989593227302  0.72958404597533644  0.73683032091227585
  0.74357450694969041  0.74994619672479901  0.75583425957142092  0.76154594328760994
  0.76710099443639512  0.77244485852958977  0.77750629450736863  0.78245550793854102
  0.78722436598082379  0.79181562503771796  0.79621905907096990  0.80044732683814623
  0.80454106724702734  0.80856243169230857  0.81243781623905742  0.81603646565918520
  0.81950178939061091  0.82294901106799512  0.82642587699482384  0.82987603384435993
  0.83325962750731819  0.83651708149265880  0.83970568940125423  0.84284509775359373
  0.84586787474694947  0.84878376705773251  0.85170028894944139  0.85462820388058736
  0.85752648435396317  0.86039375384314964  0.86324484394360657  0.86611736287841823
  0.86900032214926126  0.87185579247126199  0.87464463099711298  0.87738163496554222
  0.88008032565036409  0.88272123370830669  0.88535011486548276  0.88795251448578072
  0.89055800797284124  0.89315335908866378  0.89572145960749805  0.89824699382823936
  0.90072831482941196  0.90319404619318389  0.90568723862502987  0.90824324001202883
  0.91079994553392563  0.91336337285533331  0.91590395471265296  0.91839909210929394
  0.92087770029574401  0.92334578755968966  0.92580627991404807  0.92828609000128481
  0.93070101928754256  0.93303488556347502  0.93530550194545947  0.93757833385586398
  0.93983672088642300  0.94206417968162659  0.94431353286611663  0.94653876750468235
  0.94872153669869175  0.95097704277432815  0.95327245730270826  0.95554003347431082
  0.95785384533544837  0.96019236769153393  0.96254153960584921  0.96496900638696292
  0.96734569529368153  0.96976015282832906  0.97226014564479912  0.97480442374909304
  0.97732781395333723  0.97997854125041350  0.98272932782585198  0.98567855879235855
  0.98870263889738208  0.99177138124962283  0.99540672830154242  1.00000000000000000
 -0.03864094796143636  0.19348572416973567  0.23969528621195771  0.26893823581891080
  0.29098637782337472  0.30861242278874623  0.32460668031580819  0.33957069649950739
  0.35273116106229929  0.36467944557791271  0.37591679080283913  0.38682667814220251
  0.39731507389783743  0.40739378874428001  0.41689133607340290  0.42594551560555122
  0.43464767152191930  0.44299709043731306  0.45093654792040599  0.45861943883154987
  0.46631691047449880  0.47399844937263513  0.48143050185321501  0.48849760407000592
  0.49533789598871580  0.50204735243977416  0.50860519965934869  0.51505754626565925
  0.52139282683540245  0.52759060179549921  0.53382990120574170  0.54003550999462502
  0.54620640810147225  0.55217871671007224  0.55796438038022866  0.56345672662581536
  0.56884907552896480  0.57413150454310946  0.57931736722741090  0.58444594948216688
  0.58974370696044565  0.59523711289267234  0.60074221311874054  0.60609086018927338
  0.61129914319322576  0.61645854153326163  0.62166579784612186  0.62672113701126553
  0.63164331085476089  0.63663594147565550  0.64172799830307026  0.64704946161914845
  0.65219961426656858  0.65694714262012854  0.66151498086216509  0.66606915544037315
  0.67061516375942720  0.67507270137840558  0.67950126944614497  0.68395552822240635
  0.68854478188631107  0.69330789681266769  0.69827915902917803  0.70326443204644984
  0.70801685582303842  0.71268088849805744  0.71747075417672979  0.72229202439546236
  0.72709550111556998  0.73184812171369973  0.73651925870088730  0.74117995664414926
  0.74580829824561967  0.75023976772267531  0.75433598638347665  0.75844721176551244
  0.76265711010411563  0.76689097415629204  0.77197372128676434  0.77728832769059009
  0.78266911934704686  0.78811214203800461  0.79367446043248591  0.79932333873013273
  0.80494978292604202  0.81067203460768666  0.81676867760873029  0.82332610415062157
  0.83032113898033333  0.83705974417741968  0.84409421188418399  0.85196426244311241
  0.86262697556288326  0.87796404554575547  0.90557926628949204  1.00000000000000000
   9.7200467640393605E-009  -1.0000000000000000     
 F F F F F F F F F F F F F F F F F F F F F F F F F F F F F F F F F F F F F F F F F F F F F F F F F F F F F F F F F F F F F F F F F F F F F F F F F F F F F F F F F F F F F F F F F F F F F F F F F F F F F F F F F F F F F F F F F F F F F F F F F F F F F F F F F F F F F F F F F F F F F F F F F F F F F F F F F F F F F F F F F F F F F F F F F F F F F F F F F F F F F F F F F F F F F F F F F F F F F F F F F F F F F F F F F F F F F F F F F F F F F F F F F F F F F F F F F F F F F F F F F F F F F F F F F F F F F F F F
  <DiscreteSampler_grid>
  grouped_processes
  1 # 1 for a reference and 2 for a running grid.
  10 # Attribute 'min_bin_probing_points' of the grid.
  1 # Attribute 'grid_mode' of the grid. 1=='default',2=='initialization'
  0.0000000000000000 # Attribute 'small_contrib_threshold' of the grid.
  0.5000000000000000 # Attribute 'damping_power' of the grid.
 # binID   n_entries weight   weight_sqr   abs_weight
    13   10   2.724676016812188E+000   6.504683644179212E+001   2.724676016812188E+000
    14   10   2.724676016812205E+000   6.504683644179298E+001   2.724676016812205E+000
    16   10   2.724676016812188E+000   6.504683644179212E+001   2.724676016812188E+000
    17   10   2.724676016812205E+000   6.504683644179298E+001   2.724676016812205E+000
  </DiscreteSampler_grid>
