  0.00224316133584778  0.01929065206539419  0.03418758795544215  0.04752276401454821
  0.05971751542637949  0.07049647489130718  0.08104481530831308  0.09171342588807466
  0.10308738958387592  0.11381989026935832  0.12520353663065226  0.13642480684862629
  0.14802236956265369  0.15920867755504517  0.17084115096789054  0.18307186946270587
  0.19514224098970490  0.20398105173610639  0.21269577295042139  0.22155578063531925
  0.23135113816708669  0.24449530426036947  0.25664294695785483  0.26756942429651270
  0.27760523463147080  0.28702056027910466  0.29698074695879212  0.30755003426412464
  0.31909866836427747  0.33042053501120039  0.34104668606046729  0.35181114295955196
  0.36257762687320799  0.37532927820289885  0.38528296471217854  0.39654801752094448
  0.40789933554061086  0.42031913511426566  0.43312775066487980  0.44418793103412169
  0.45326808246614747  0.46165730412601691  0.47061531416861591  0.48009596059584048
  0.48900351687408355  0.49695972954399598  0.50616930647464220  0.51695776567789442
  0.52878172427894821  0.54029680334741970  0.55103019341269877  0.56316997032572536
  0.57515586350686021  0.58720178704921744  0.59790514967173725  0.60596375341677022
  0.61382984022381637  0.62091323081707095  0.62875435315346551  0.64061206023767614
  0.65341834465329540  0.66542579307551863  0.67696277671551297  0.68838324660822936
  0.70010274362443881  0.71264734999904111  0.72556443894397826  0.73816991500734308
  0.74948211192749636  0.76056495727427609  0.77147843257488058  0.78035510234268168
  0.78459619629541122  0.78911455537391750  0.79371165114994136  0.79863532446961416
  0.80390484134004281  0.81284702414043530  0.82407100692125701  0.83353691681381104
  0.84281555324300095  0.85230442521038474  0.86309756701667995  0.87396891760254314
  0.88469873577125657  0.89591241720758008  0.90629119727675411  0.91680003331176874
  0.92754462326236076  0.93832867747284610  0.94818643835602501  0.95747817640699717
  0.96733018749887789  0.97764760648869309  0.98896208997298163  1.00000000000000000
  0.00291290983743305  0.01301462654045754  0.02459563025524941  0.03657591588822978
  0.04899979671274591  0.05727822111625774  0.06356893139134488  0.06988117069900866
  0.07673122416048993  0.08439017689655125  0.09348759132093214  0.10288787475186324
  0.11246373223237088  0.12437404400638447  0.13703528535471571  0.15008827636254968
  0.16210828370510297  0.17306266533757134  0.18319338840300586  0.19286843210530275
  0.20252913348354082  0.21189458239201506  0.22087737034589466  0.23146569856711771
  0.24373336367996398  0.25716437834141026  0.27037260827167436  0.28345391516491575
  0.29744898759026150  0.31136876488020360  0.32445828842236479  0.33592837050540203
  0.34649205456497545  0.35724857488347550  0.36770133033281815  0.37788690179048434
  0.38811788458382684  0.39917516209855375  0.41057445079962468  0.42132583074802199
  0.43177842625947838  0.44088032263420324  0.45045150328228556  0.46057622635556772
  0.47094884019852917  0.48140250972593956  0.49174961397869765  0.50194407025318644
  0.51339430965765098  0.52591009276321654  0.53851142418733555  0.55140471166808758
  0.56378207707791661  0.57489418475491127  0.58579668724984313  0.59612688030624716
  0.60839194208489811  0.62090720708871672  0.63343231258298349  0.64583471102505052
  0.65899525895689404  0.66862463320138921  0.67738776567881054  0.68588188371787073
  0.69382301670830326  0.70447340372368494  0.71510077812693340  0.72545832256553211
  0.73676759208725007  0.74878246805975923  0.76219065202654490  0.77454656439756175
  0.78821211565901339  0.80160825441506545  0.81614882637074404  0.83051277222514819
  0.84355108408531354  0.85357573656725783  0.85950239163612252  0.86540888736530441
  0.87171488823769194  0.87827585030178945  0.88537590998207716  0.89568805235809623
  0.90633701746630069  0.91658667275753958  0.92629234424072937  0.93688810352669072
  0.94696415484831531  0.95503000537873262  0.96266491364062357  0.96991109097415329
  0.97793177420404409  0.98541007315105922  0.99218949222337671  1.00000000000000000
  0.00000308957965511  0.00000375554959206  0.00000416049045468  0.00000448121150162
  0.00000497617297666  0.00000548510697775  0.00000593259051997  0.00000638449542458
  0.00000684595909931  0.00000730995191778  0.00000777786995774  0.00000829639304761
  0.00000891825330237  0.00000960957974876  0.00001030785177326  0.00001097423674441
  0.00001168973027674  0.00001234242167019  0.00001299705666464  0.00001372555444523
  0.00001446373859069  0.00001527319326916  0.00001624608764009  0.00001735521828098
  0.00001849292416354  0.00001950713284125  0.00002054949557027  0.00002157319276239
  0.00002264200787507  0.00002374951508704  0.00002481811121027  0.00002590062657840
  0.00002710541557282  0.00002843889966912  0.00002990155381461  0.00003147840409301
  0.00003326151051150  0.00003486824032633  0.00003664450795393  0.00003840588192778
  0.00004032599642897  0.00004201791360468  0.00004367803151477  0.00004540519415340
  0.00004719641928520  0.00004954137598362  0.00005219790792797  0.00005493442061173
  0.00005781069294273  0.00006105073389000  0.00006431221896159  0.00006787408974683
  0.00007141009473360  0.00007514757510856  0.00007918705384550  0.00008361830229384
  0.00008848983602256  0.00009418692082178  0.00010006304408334  0.00010758276841498
  0.00011684469625913  0.00012481159268298  0.00013090713999868  0.00013707885917531
  0.00014333583293225  0.00014978016349895  0.00015690223094298  0.00016868771676250
  0.00018190069281160  0.00019328343284541  0.00020589545539488  0.00021636843487393
  0.00022856409176592  0.00024398770523777  0.00026036384347388  0.00027508943315557
  0.00030115853057343  0.00033548216057395  0.00036844368364503  0.00040710572503517
  0.00046351361998739  0.00054136330734187  0.00062893038783176  0.00071768145316212
  0.00083712988698743  0.00100199615077580  0.00125394990997282  0.00155678929658877
  0.00195526832452440  0.00256396859411034  0.00331551897529992  0.00460945236192851
  0.00618396912339286  0.01014317164059783  0.03455037902194058  1.00000000000000000
  0.00000674684395737  0.00000695828653235  0.00000710309473362  0.00000727923763615
  0.00000746981361535  0.00000799332549010  0.00000885990658221  0.00000949928138066
  0.00000992405669821  0.00001029663573507  0.00001064709661210  0.00001101384711333
  0.00001142098336822  0.00001175350318941  0.00001209421637094  0.00001244470877335
  0.00001282398056129  0.00001348323984477  0.00001426331087803  0.00001486428131692
  0.00001534164895507  0.00001573102640638  0.00001608677622912  0.00001646641652475
  0.00001691575451431  0.00001750962840180  0.00001818545162976  0.00001879905303596
  0.00001939813344648  0.00002001646502529  0.00002066419466133  0.00002152442270042
  0.00002266212828305  0.00002391141222032  0.00002529254821626  0.00002675645499308
  0.00002831596814125  0.00003007643304307  0.00003199448678422  0.00003423434624345
  0.00003675290554976  0.00004004893259840  0.00004433595821395  0.00004949908778982
  0.00005564394820478  0.00006282533586828  0.00007106087705702  0.00008125530039731
  0.00009399928663529  0.00010953489824553  0.00012791854071378  0.00014713187047899
  0.00016941207815125  0.00019411497084412  0.00021695547249366  0.00024156270258089
  0.00027457679077658  0.00030792851372408  0.00034254262631513  0.00038300632739454
  0.00043181268265168  0.00048422588797258  0.00053738484145815  0.00058928786955256
  0.00064017149606199  0.00068695885661583  0.00073065825236968  0.00078200717516245
  0.00084744732755405  0.00090837235564409  0.00095735172293407  0.00100725851672772
  0.00106356067344386  0.00113527466700226  0.00124056503185168  0.00132963194251843
  0.00141999922312763  0.00151868609556221  0.00166998561966014  0.00178184143352919
  0.00188650885498302  0.00200688586980711  0.00212412722369998  0.00224286865066661
  0.00236742818003505  0.00261535440075328  0.00286425865708344  0.00305754486734477
  0.00325182192077009  0.00391770118926851  0.00458358045776693  0.00532056410857243
  0.00614662791828943  0.00697269172800642  0.04425655798423503  1.00000000000000000
  0.00000572057146095  0.00000728459146433  0.00000844317110583  0.00000900929381051
  0.00000948215653158  0.00000987203042344  0.00001023311108571  0.00001064708557704
  0.00001102282882315  0.00001142094645926  0.00001206085263096  0.00001289556717098
  0.00001382923947263  0.00001478633522517  0.00001585190027973  0.00001699396615097
  0.00001810154926068  0.00001944095837508  0.00002098368863119  0.00002277238054061
  0.00002485337562598  0.00002702392237354  0.00002930118753847  0.00003156244512645
  0.00003400449813235  0.00003685775838080  0.00004007349324692  0.00004403920769304
  0.00004864840075885  0.00005433822842466  0.00006119054677702  0.00006883443809255
  0.00007788182676090  0.00008907319833999  0.00010268644225301  0.00011831151170497
  0.00013654408471762  0.00015737452791102  0.00018252822498347  0.00020980580761683
  0.00023872232307024  0.00027065933542984  0.00030638272518832  0.00034624838558606
  0.00039017228033252  0.00043787213179990  0.00048958832730617  0.00054201442087382
  0.00058909071240008  0.00063547530599614  0.00068269087318541  0.00073249542469805
  0.00079512947611160  0.00085948277173699  0.00094634331117843  0.00103304391721813
  0.00112618139474445  0.00121555417181480  0.00127340037306598  0.00133447312218823
  0.00139822801571920  0.00146699310987685  0.00157845857248887  0.00173130231834433
  0.00190183643490833  0.00208977217192927  0.00230156772407125  0.00251251203124866
  0.00278783681234984  0.00308892866317551  0.00337201303436959  0.00362873014532227
  0.00393015676791905  0.00420841785489055  0.00455397909100289  0.00490257203696485
  0.00520686903956784  0.00551626966751395  0.00616281632595368  0.00822013497803874
  0.00941025600655662  0.01045025779552602  0.01064176764675229  0.01083327749797855
  0.01105391560157073  0.01130828082259295  0.01156264604361518  0.01181300986033221
  0.01206167089760187  0.01231033193487152  0.01298848344163561  0.01376558975615275
  0.01535548781862122  0.01615750278736153  0.01770523377832375  1.00000000000000000
 -0.00274059499654024  0.01113529246619512  0.02391930988543382  0.03945287538224847
  0.05573142274748930  0.07057075837716674  0.08377146949641030  0.09508685088778006
  0.10636838717520958  0.11839015834748690  0.13149953637860290  0.14427519093994545
  0.15554894368560226  0.16645847122011917  0.17706335527089759  0.18818565206068275
  0.19974474687786578  0.21022424516751739  0.22003817075368984  0.23036398726772206
  0.24260003198969324  0.25414780700683293  0.26560262056167605  0.27781642914819837
  0.29036899596546550  0.30150630898078995  0.31248734657154276  0.32368332675128525
  0.33447967467354067  0.34569915701766174  0.35732922520124544  0.37015384377135030
  0.38152277840463950  0.39154495585131194  0.40130308578507762  0.41171512480556222
  0.42182410465125919  0.43218616995134912  0.44243674820587792  0.45307693977437202
  0.46448490739889026  0.47681292906977923  0.49016537695331719  0.50279298296778308
  0.51496894594680065  0.52693007838791184  0.53744044605807340  0.54639567718512694
  0.55547239914846136  0.56611349217429452  0.57740965029719338  0.58557380502267120
  0.59368720644458461  0.60241302076866232  0.61166422162168765  0.62074379561482307
  0.62860747282521301  0.63595515357347732  0.64315637776756207  0.65234517276889448
  0.66291396176009554  0.67383781032795709  0.68197128518181549  0.69053727344416682
  0.69979019910453766  0.70946474564267881  0.72076085956782865  0.73305959935395004
  0.74403139695379150  0.75454835529799114  0.76524093267142401  0.77609207188200668
  0.78410859102867181  0.79075844124723371  0.79704304089456757  0.80360796271368728
  0.81020148067190656  0.82035331474720874  0.83074040734444976  0.83985037878476543
  0.84821354949635852  0.85697695979826316  0.86579581567475195  0.87521292565494480
  0.88529996150890511  0.89628536761660582  0.90762061946522077  0.91835121777194240
  0.92862224853575071  0.93884274978476345  0.94872745845751749  0.95942411904961167
  0.97013614247676949  0.98020626053444360  0.99036910794801247  1.00000000000000000
 -0.00207287942089827  0.00818060322934325  0.01699401004073536  0.02656083689531151
  0.03673592191715307  0.04719606508182982  0.05855026384163196  0.07063252153291461
  0.08380265606471307  0.09530262197991329  0.10823506557323470  0.11750192666757407
  0.12320877028857972  0.12891285495403954  0.13506503489675084  0.14083388521797732
  0.14628605455565583  0.15504566273693660  0.16815258454339541  0.17947932835555222
  0.19032505347078546  0.20128590552234535  0.21323335984118461  0.22637174783370709
  0.23947507118657704  0.25256280227430200  0.26324285506029554  0.27287385430082056
  0.28252244646353147  0.29310394494883807  0.30464063388252238  0.31681726728471882
  0.33009482423262587  0.34203400249302224  0.35225570122225786  0.36151648389543883
  0.37125708159255483  0.38211180580124360  0.39345343963187113  0.40502397479301905
  0.41661739190557240  0.42850048762459891  0.43959335861731325  0.45020558514966863
  0.45883428769396817  0.46773576443030501  0.47708210768505954  0.48585560595145005
  0.49699588929246902  0.50970487710475021  0.52170566621449999  0.53331085185041549
  0.54473121664819901  0.55659626144152818  0.56849805882814985  0.58075762425181698
  0.59320692657171836  0.60447076453515902  0.61498394385540267  0.62291714016970190
  0.63079765298657497  0.63900492016778987  0.64574821326226273  0.65379420724924153
  0.66463561729740683  0.67533727559928058  0.68579803576980247  0.69650683839696614
  0.70723656905902910  0.71707353715155042  0.72634629098475467  0.73495744561440768
  0.74344808756334979  0.75234381650601534  0.76302756938671545  0.77329045073299529
  0.78400808270896627  0.79669940103506143  0.80956316329086175  0.82113285542865455
  0.83161651089403466  0.84227524580216062  0.85288960508936063  0.86324826078930561
  0.87416829973659760  0.88614540558017840  0.89713130225527171  0.90652923165187316
  0.91601680648518680  0.92675015217519896  0.94102932218835500  0.95357408678091593
  0.96651607611984547  0.97930987961575322  0.99004541654321576  1.00000000000000000
 -0.00231620239756136  0.01238663605213451  0.01835271165682740  0.02421477541738641
  0.02997770043905610  0.03552338212504003  0.04156392546996369  0.04752865226524978
  0.05717592600891624  0.06725567196363891  0.07462881658910307  0.07851866243778936
  0.08256250227432888  0.08670327064362077  0.09134385622751524  0.09783309596324057
  0.10582094484987410  0.11464320242591025  0.12248622113951432  0.13133667901411028
  0.14113430218156586  0.15053444719311032  0.16001955384029817  0.17070116220428122
  0.18257529870041214  0.19431203213151996  0.20455524379669840  0.21408704223481226
  0.22311538323044525  0.23263526291922065  0.24254392175782952  0.25216823452919518
  0.26131977594718553  0.27095137992406781  0.28121542933450533  0.29190154102942717
  0.30269801261048562  0.31277489271600206  0.32252078178889432  0.33220431976038012
  0.34245649829591934  0.35322823237215800  0.36402332465799619  0.37402927107613249
  0.38384111806056215  0.39277469254840175  0.40312386467220479  0.41233646832127296
  0.42260596264549316  0.43257898464654410  0.44318429594795983  0.45418840669278943
  0.46420353342771353  0.47334592368164841  0.48249625186069622  0.49299185054678246
  0.50582980616836626  0.51633210177963929  0.52544734965363848  0.53493743479777811
  0.54656406173507266  0.55931139855215695  0.57192945666792605  0.58406605028575831
  0.59614021924120886  0.60810403655764056  0.62089418527911733  0.63214538099409834
  0.64292039958742586  0.65422394120442884  0.66623773150861210  0.67873662111656841
  0.69175446157964293  0.70524252478556937  0.71985831854975391  0.73407540533035220
  0.74742370984678941  0.76048282680219059  0.77391287629143335  0.78762109102670719
  0.80133832494920787  0.81522691299275341  0.82823899778246435  0.83988900117555620
  0.84942722270154269  0.85929794168500961  0.86935170170883391  0.87956072859125123
  0.89370107654261255  0.90750068619027902  0.92207966634483740  0.93538166531293576
  0.94923323432974738  0.96414108693296008  0.98054736782756180  1.00000000000000000
 -0.00242387186362616  0.01111187395892361  0.02295674036991429  0.03263336160061790
  0.04179298435018213  0.05129910864111573  0.06056792514421398  0.06971428920674777
  0.08134634780815933  0.09537786332252811  0.10822583684561343  0.12013919098384801
  0.13265997988897027  0.14543622103756956  0.15728632698997572  0.16768040070010479
  0.17803022658896731  0.18881723705333070  0.19994659290161571  0.21114534643122043
  0.22143135154923357  0.23065953687813479  0.23934580957298821  0.24821964930270796
  0.25778770751502628  0.26888350936511712  0.27976757582080930  0.29071193460885703
  0.30096174728425606  0.31120842262873782  0.32128600178030331  0.33093390482248874
  0.34099909887248586  0.35077869519764926  0.35917804801187758  0.36680502672048321
  0.37412980277352920  0.38248080722678457  0.39346915558558626  0.40368787711177789
  0.41293198443303014  0.42268577727186085  0.43405846389489805  0.44650326455732176
  0.45933076656054966  0.47037130960085693  0.48193298009333985  0.49386438857023213
  0.50700145489702886  0.51931083906442821  0.53106714056230242  0.54295610182762999
  0.55378565328386831  0.56517452099600951  0.57622208188648916  0.58723551995059897
  0.59776935521377994  0.60908089229986029  0.62220847526622669  0.63461994397754451
  0.64725733139424135  0.65975995881676397  0.67265314399467968  0.68482784620556258
  0.69720730257025043  0.70936813241243124  0.72047069221072657  0.73083321675857704
  0.74112756074366959  0.75089604052048331  0.76114133896263880  0.77244434939374174
  0.78438877895182013  0.79589239304093029  0.80632391212125532  0.81656095224998471
  0.82719401869682463  0.83888302024573802  0.84872930567390914  0.85462059466038631
  0.86038290115421778  0.86649216641449922  0.87261761067022570  0.87980456542769658
  0.89031965551807224  0.90258252310719067  0.91376758641255107  0.92275808816258176
  0.93154846775729683  0.94057507101534932  0.94871973304401258  0.95930520671663966
  0.97018748894695384  0.98006249630439535  0.98934848212147075  1.00000000000000000
 -0.00275305614712616  0.01074473324424972  0.02305419326658363  0.03737149122122228
  0.05155225832049746  0.06314674977098939  0.07293296864720381  0.08176070648213081
  0.09070196483267152  0.10119535178952731  0.11282203175196140  0.12471032741303435
  0.13656486532038936  0.14572337809422270  0.15514853905031023  0.16507153943034067
  0.17489656335787165  0.18710202145730229  0.19658218667810848  0.20600036818001802
  0.21549482363679220  0.22478425658370374  0.23355427927962330  0.24131512083505441
  0.24954351524207932  0.25940013770030484  0.27163489119767376  0.28385465241643265
  0.29513813971995534  0.30559120557984176  0.31599704428831199  0.32748562271738701
  0.33874825470002645  0.35021094056309532  0.36208259543017696  0.37365122824633862
  0.38436870941919804  0.39522847446028586  0.40625953158695916  0.41787141451391574
  0.42987008688840567  0.44224573106108483  0.45435960007552623  0.46567404260635037
  0.47784135235236158  0.48875965365668206  0.49924525346882342  0.50966580240378889
  0.52004313026949633  0.53138480486366280  0.54339782328272357  0.55580846688751240
  0.56765461217690838  0.57845880680996176  0.58748709207370786  0.59570625699889979
  0.60381566282537047  0.61304151233609250  0.62434004867228166  0.63686653321635434
  0.64887514783686184  0.66025674785026867  0.67038000369387951  0.68044802836782503
  0.69120099494697862  0.70323210545858339  0.71778655684375614  0.72887273145794385
  0.73597236129927501  0.74196544180367074  0.74766577929555145  0.75379415701774699
  0.75907186318782671  0.76847752424620774  0.77794052768362043  0.78839258456608297
  0.79917241009125417  0.80886028176162006  0.81671528662694226  0.82460182869685617
  0.83215064162806240  0.84139324127250759  0.85369027845982715  0.86609551367044035
  0.87814242724027802  0.88884372852313165  0.90008463716419007  0.91126486959110387
  0.92277915108042707  0.93459047601034251  0.94657572177831273  0.95897808620700120
  0.96963864685612255  0.98035403785756736  0.99001307022892049  1.00000000000000000
 -0.00003709563880427  0.00032876248527692  0.00093366548004711  0.00137921619350685
  0.00173229537986141  0.00204471383759431  0.00235687395046152  0.00267057150364730
  0.00297855507939653  0.00326579324080399  0.00355666923761256  0.00385178807373082
  0.00415330495898628  0.00448900424532747  0.00479777719589200  0.00503928166639703
  0.00527828102067193  0.00550810154474664  0.00573684112975004  0.00595137865204835
  0.00616591617434665  0.00646638390592000  0.00679695123237341  0.00716490379804465
  0.00757842372743821  0.00795273692712006  0.00833621554531155  0.00873133102669274
  0.00914290264303682  0.00961336024607232  0.01011834269789058  0.01072747642382280
  0.01135927192516782  0.01193760849411780  0.01250462694252920  0.01307560650098229
  0.01373019806981788  0.01446804353743235  0.01520924925008715  0.01601174031197357
  0.01677438714210427  0.01737202775270063  0.01802724638540436  0.01867539661629958
  0.01944839226453701  0.02015006518770458  0.02100940622822171  0.02205534650252566
  0.02321987978658046  0.02349998436486800  0.02362240523093697  0.02379997589497696
  0.02397728937972682  0.02404905037065820  0.02411382248947239  0.02417855572899533
  0.02424295910554426  0.02436742087061659  0.02454284550529751  0.02473642162639174
  0.02499144348054414  0.02512427460418849  0.02519805568398847  0.02527184472288034
  0.02534573689931915  0.02555087959016314  0.02567266634221151  0.02577508701076053
  0.02586541538973297  0.02595857685631226  0.02611331393255785  0.02624682064672709
  0.02647316031101504  0.02701335572656554  0.02755355114211604  0.02809374655766654
  0.02863394197321704  0.02917413738876754  0.02952155727420494  0.02972316683724473
  0.02992477640028453  0.03012638596332432  0.03032799552636411  0.03052933134330470
  0.03072788013988107  0.03092642893645744  0.03112497773303381  0.03132352652961019
  0.03152207532618655  0.03239613543999777  0.03582966590813394  0.04006707852219657
  0.05159608676403838  0.05545151818012640  0.09234057222193622  1.00000000000000000
 -0.00251272484064534  0.01204486082488835  0.02280916332196019  0.03281102451487432
  0.04276765782187150  0.05281738468984576  0.06308769511002101  0.07333649565792495
  0.08415512015850746  0.09561309548190070  0.10672186491203267  0.11836430479661411
  0.13072588943202434  0.14321475534128722  0.15474725871745521  0.16607718184372086
  0.17727062147775757  0.18829197314444612  0.19944425593764420  0.21164419405251003
  0.22480820595347395  0.23732691146001336  0.24775919480317798  0.25750134018132698
  0.26621280486747945  0.27540502166527858  0.28497231206122553  0.29347599417198877
  0.30359423310622041  0.31372238561924293  0.32486632604239191  0.33783638006581163
  0.35230959794515626  0.36785106775458221  0.38170285224663159  0.39416352801358723
  0.40516433024840215  0.41800107825936911  0.42968522760625988  0.43810720949735998
  0.44723164861275111  0.45665643158563729  0.46656381845997758  0.48135981873695044
  0.49795919640598757  0.51280982416989918  0.52678642386602192  0.54044313488142959
  0.54913676351671215  0.55499913200822926  0.56109474108538049  0.56706865763860037
  0.57307527949349124  0.58187999428356163  0.59173856722248863  0.60138970903761269
  0.61252888360398916  0.62382675602051540  0.63364280953274499  0.64280180627408101
  0.65291921672223152  0.66330606468970810  0.67379699096252432  0.68395107238057451
  0.69535034579384625  0.70791263683205885  0.71992566874126340  0.73226029049806718
  0.74542381458217777  0.75785780602951680  0.77027055025380620  0.78400985929262201
  0.79794059787547322  0.80972424914655949  0.81973192794743988  0.82861647228893331
  0.83724320507249783  0.84655325433032624  0.85666134460185717  0.86798296177463319
  0.87880363107194148  0.88682873022664832  0.89512506188468521  0.90386901004052456
  0.91320842937120805  0.92268515346426405  0.93049611045725256  0.93728293710403121
  0.94330563361474706  0.95024940067719343  0.95826582096852431  0.96752985756856746
  0.97622504206332017  0.98399992130212943  0.99228559536423699  1.00000000000000000
 -0.00012376268132710  0.00040997026200233  0.00081274506325027  0.00105345082855147
  0.00129167244236736  0.00152949891309895  0.00176785098790589  0.00200513035462444
  0.00224207360297975  0.00247956964398564  0.00271875724055012  0.00295923101533775
  0.00319811323630790  0.00343595052824131  0.00367213439917939  0.00391106209760814
  0.00414743284099955  0.00435163054590898  0.00455563543441901  0.00475857616887819
  0.00496032848573530  0.00515748664417012  0.00536690995856906  0.00560546031251472
  0.00589020402693908  0.00623447170270378  0.00664484320924251  0.00711143911881701
  0.00766620641335549  0.00826311690290648  0.00879721180181370  0.00925972214190118
  0.00962632036000669  0.00992418894460350  0.01015835522958349  0.01039104780727542
  0.01062064831494826  0.01087173315997949  0.01110045708537148  0.01111226643419204
  0.01112407578301260  0.01113588513183315  0.01114769448065371  0.01115950382947427
  0.01117131317829483  0.01118276122918848  0.01119116883180604  0.01119957643442358
  0.01120798403704114  0.01121639163965869  0.01122479924227624  0.01123320684489379
  0.01124161450947743  0.01125002474610851  0.01125843498273959  0.01126684521937067
  0.01127525545600175  0.01128366569263283  0.01129207592926391  0.01130048616589499
  0.01134687633243514  0.01145574771709632  0.01154480809127333  0.01162491112909276
  0.01169649760669488  0.01176211739949114  0.01182829537409089  0.01193893352060965
  0.01204356039240222  0.01211901782415829  0.01218689211432414  0.01225886539869941
  0.01235606827750517  0.01251498300669030  0.01261545787445158  0.01271764754304613
  0.01282378404522123  0.01292227366910079  0.01301849044673407  0.01311974268818818
  0.01319464804067915  0.01325874544202131  0.01332366651349415  0.01391506219433198
  0.01429949107031065  0.01467826150110867  0.01504036453167362  0.01541747052178544
  0.01583347466994694  0.01632196985982832  0.01686323077318516  0.01761874615196719
  0.01925017264593670  0.04519259745007734  0.06419065383162399  1.00000000000000000
 -0.00121007931470204  0.00534873018004789  0.01115320694394694  0.01690041792380587
  0.02001300681748567  0.02349108634935118  0.02583852362871103  0.02821714970644137
  0.03058528264707535  0.03331436829795122  0.03715908793858136  0.04114707886614818
  0.04889836585877121  0.05714561440583359  0.06561798287059323  0.07343814145819613
  0.08169613327458493  0.09039699123618498  0.09965754012306828  0.10831227247111487
  0.11619487066460152  0.12434580736666431  0.13343166941100529  0.14244162422049053
  0.15100371623482897  0.16008028697411936  0.17035874640683715  0.18143755364854111
  0.19188062093334252  0.20191669547174909  0.21320179600531022  0.22552472443895827
  0.23692051948512172  0.24762175391482785  0.25861786759813271  0.27106173411796880
  0.28351157336424498  0.29623427831602139  0.30838554558158826  0.32247224380919898
  0.33732571567696967  0.35374192727046322  0.37021670946165786  0.38657668227690251
  0.40250132403390171  0.41855296889794935  0.43484491734212244  0.45069564268837770
  0.46688403626929192  0.48358770743708934  0.49856777335392022  0.51120637021703541
  0.52397213886026883  0.53704433493405934  0.55323769264348577  0.56987091759051567
  0.58656475450390111  0.60217301080312979  0.61724659118985936  0.63162277970848735
  0.64459430118148964  0.65629249316469607  0.66773868122385671  0.67973158127725508
  0.69161669505426571  0.70349748668072398  0.71605981669907637  0.73034561772980822
  0.74460050543301803  0.75757820827373423  0.76918695063949905  0.78123887486125199
  0.79277759616433008  0.80385438040321389  0.81481584159240916  0.82566385595183633
  0.83609529083146061  0.84605499037528586  0.85586425391487009  0.86573065471867805
  0.87574764270947436  0.88647496694031669  0.89666212532080380  0.90661666216345005
  0.91567923365477277  0.92499174600629175  0.93399379428544671  0.94274850107459907
  0.95208724433096059  0.96201084735280729  0.96945972268073066  0.97531985259123677
  0.98073837830203403  0.98603239017965960  0.99121387514546266  1.00000000000000000
  0.56843710102633394  0.64678228501340873  0.66699005502058373  0.68275823520841283
  0.69657918799246865  0.70893639644009565  0.71983881363857594  0.73001436741443848
  0.73985836994545973  0.74872386816277303  0.75674283526142172  0.76411894540579772
  0.77137929885283474  0.77834932342766139  0.78516872459462805  0.79191280788339358
  0.79800958350711060  0.80347407330436549  0.80915351616316533  0.81539307425562735
  0.82138178116410665  0.82677005834292983  0.83185549822028315  0.83665641953954517
  0.84137870945447268  0.84587824976439896  0.84988776398781596  0.85347724814880532
  0.85691718696164598  0.86047342607286825  0.86406407722156697  0.86764980256241431
  0.87124559287235936  0.87502524241392221  0.87858615861537570  0.88214586342970924
  0.88532505114893933  0.88834978486068272  0.89125993176366591  0.89439726726637403
  0.89728945951885719  0.90014171393547404  0.90292160651326225  0.90564546406004742
  0.90838408487185529  0.91117875284521410  0.91408402972323655  0.91711219899125052
  0.92001536877881485  0.92273825811116195  0.92508682497812234  0.92734719625509543
  0.92949325573180974  0.93176581421843629  0.93413816356287172  0.93638656997607550
  0.93833206170443140  0.94008744318287540  0.94170389734138937  0.94324482222519224
  0.94480261222486395  0.94626211894081824  0.94772117008856838  0.94927411179157306
  0.95094804395089516  0.95283614317786414  0.95465911233353795  0.95660684258360174
  0.95858751077006121  0.96066141881439882  0.96265049528089952  0.96406415975471238
  0.96539113107891728  0.96673358384651731  0.96807976219701453  0.96937762489089596
  0.97083148635162653  0.97275004668752074  0.97466230900981776  0.97677172818072955
  0.97897329547136791  0.98059243489552772  0.98200611016581274  0.98334689553310095
  0.98469349852816190  0.98615332054285676  0.98828972059483011  0.99087548500759060
  0.99306180049498050  0.99421868983164352  0.99511164349785874  0.99577293639232134
  0.99644002843598467  0.99710896795438064  0.99799551320868796  1.00000000000000000
  0.01893408718616588  0.16909161881145018  0.19592527800822207  0.21514900100207329
  0.23336624310516316  0.25006745195881069  0.26647165087110491  0.28152714383445532
  0.29480416326496084  0.30771891678585084  0.31940209294361338  0.33000513758454092
  0.34057599261804722  0.35056536589829701  0.36016866697509731  0.36969756114847341
  0.37666952512064228  0.38239207070834025  0.38811083165517013  0.39345379315349061
  0.39881671920947998  0.40552990296765135  0.41322589789271236  0.42081131231901192
  0.42800062061178756  0.43466016071052349  0.44141900162097358  0.44834586654192760
  0.45591092071435474  0.46371638801288451  0.47178060657696164  0.47959572633372055
  0.48598210410958259  0.49213810542568448  0.49785562834250668  0.50339633059777100
  0.50868324566008893  0.51437631705408859  0.52045734999171611  0.52653480041872658
  0.53184313564037500  0.53657557838855796  0.54107079099054856  0.54618560475300759
  0.55207282794622625  0.55840802592266858  0.56392782339234226  0.56952441662779785
  0.57508653252232611  0.58091068044263960  0.58696624923705931  0.59286251464941986
  0.59850573823366038  0.60399583649051958  0.60952249351213716  0.61537292442364699
  0.62101171047495707  0.62542637948952762  0.62957969389278856  0.63356042524397227
  0.63741031276233528  0.64176715090643111  0.64693055336079741  0.65235889629648069
  0.65823858025596826  0.66418898202498300  0.66956870402190449  0.67483277638945205
  0.68044612784209024  0.68442072676358423  0.68853541003186924  0.69278163985579488
  0.69717050758261689  0.70217548994272716  0.70774150254150292  0.71307405986884509
  0.71842457514963309  0.72369389320757405  0.72948463810994790  0.73635830603375274
  0.74402416891405609  0.75086427776908227  0.75456714237389633  0.75770693988932503
  0.76054685504695585  0.76340672284847055  0.76712066883917074  0.77081258462868385
  0.77761011157184601  0.78525410398057183  0.79174128889119488  0.80000879621840082
  0.80984056382251191  0.82934071730942549  0.86570211544727538  1.00000000000000000
   1.0203481805956801E-009  -1.0000000000000000     
 F F F F F F F F F F F F F F F F F F F F F F F F F F F F F F F F F F F F F F F F F F F F F F F F F F F F F F F F F F F F F F F F F F F F F F F F F F F F F F F F F F F F F F F F F F F F F F F F F F F F F F F F F F F F F F F F F F F F F F F F F F F F F F F F F F F F F F F F F F F F F F F F F F F F F F F F F F F F F F F F F F F F F F F F F F F F F F F F F F F F F F F F F F F F F F F F F F F F F F F F F F F F F F F F F F F F F F F F F F F F F F F F F F F F F F F F F F F F F F F F F F F F F F F F F F F F F F F F F F F F F F F F F F F F F F F F F F F F F F F F F F F F F F F F F F F F F F F F F F F F F F F F F F F F F F F F F F F F F F F F F F F F F F F F F F F F F F F F F F F F F F F F F F F F F F F F F F F F F F F F F F F F F F F F F F F F F F F F F F F F F F F F F F F F F F F F F F F F F F F F F F F F F F F F F F F F F F F F F F F F F F F F F F F F F F F F F F F F F F F F F F F F F F F F F F F F F F F F F F F F F F F F F F F F F F F F F F F F F F F F F F F F F F F F F F F F F F F F F F F F F F F F F F F F F F F F
  <DiscreteSampler_grid>
  grouped_processes
  1 # 1 for a reference and 2 for a running grid.
  10 # Attribute 'min_bin_probing_points' of the grid.
  1 # Attribute 'grid_mode' of the grid. 1=='default',2=='initialization'
  0.0000000000000000 # Attribute 'small_contrib_threshold' of the grid.
  0.5000000000000000 # Attribute 'damping_power' of the grid.
 # binID   n_entries weight   weight_sqr   abs_weight
    13   10   2.836652284915951E-003   6.892750267050232E-005   2.836652284915951E-003
    14   10   2.836652284915933E-003   6.892750267050140E-005   2.836652284915933E-003
    16   10   2.836652284915951E-003   6.892750267050232E-005   2.836652284915951E-003
    17   10   2.836652284915933E-003   6.892750267050140E-005   2.836652284915933E-003
  </DiscreteSampler_grid>
