  0.00322775024212481  0.01412063381537649  0.02736740470873553  0.03955834216858728
  0.05119340841004413  0.06267667980650980  0.07500404857553349  0.08653352485378805
  0.09823988177081849  0.11014515193561522  0.12170141071917517  0.13336609580176526
  0.14538562213935505  0.15826799673151920  0.17045778904442280  0.18264042386813967
  0.19484599373652142  0.20770931371997481  0.22020003796177912  0.23131020138030681
  0.24136887871406792  0.25134979608037555  0.26159196668378709  0.27245191970571103
  0.28272409926817799  0.29307181788493292  0.30358512236306240  0.31441436743799034
  0.32566838954805949  0.33683201666153051  0.34794705738434956  0.35831754883633748
  0.36816455886111549  0.37789646034131497  0.38661832107582444  0.39520091763454934
  0.40514460330500951  0.41599229394464915  0.42810586277954971  0.43963564112428033
  0.45048736442872295  0.46128176688755518  0.47234559886362332  0.48400860817025060
  0.49643798013097384  0.50830444153178966  0.52020392980525643  0.53168191060879311
  0.54238373972345300  0.55255297470663323  0.56272141695024880  0.57292406094024861
  0.58298286299385438  0.59301882227362768  0.60393516131537883  0.61599520418587184
  0.62818451224753835  0.63505880229506728  0.64178769512032785  0.64825942524790914
  0.65358303677781349  0.65831184070949667  0.66756319915367601  0.67713459765667061
  0.68763970174679567  0.69837434431748668  0.70910528404884665  0.72046870963549481
  0.73123497026134632  0.74184890092017819  0.75197172460598471  0.76199019372954768
  0.77136149882855531  0.78004854913284427  0.78902257081501992  0.79833242761150713
  0.80818473193421014  0.81799731578098167  0.82776927425769675  0.83693337198839513
  0.84619055749596783  0.85504413606591811  0.86508564462647408  0.87494459095451849
  0.88372326433026693  0.89287790582366355  0.90376107906785186  0.91394146676387056
  0.92409016901925634  0.93389954944077169  0.94560608501271215  0.95752468495432885
  0.96880762931064379  0.97941220695987741  0.98933753550626535  1.00000000000000000
  0.00307847868417776  0.01348992102091699  0.02583436468042583  0.03842848682486892
  0.05084796955165212  0.06281216773400940  0.07439628356129230  0.08633650075800628
  0.09897806303245051  0.11210490678158955  0.12556827332425824  0.14002500366895257
  0.15391575879410585  0.16728022243935586  0.17950947283881938  0.19183353234098835
  0.20437032542632985  0.21632511406395669  0.22711984267045687  0.23694027027722361
  0.24593544907088472  0.25506284713748162  0.26390247317613691  0.27263204169263450
  0.28142816647170776  0.29037203032495540  0.29873568458604655  0.30658920879513984
  0.31441739875767460  0.32232506999104860  0.33042770033806385  0.33887975531713921
  0.34773227120248590  0.35715390974087707  0.36726771146632303  0.37793865034026697
  0.38871051294781123  0.40012522152289948  0.41284785495511661  0.42677314867593630
  0.43969198710592677  0.45153605644200012  0.46142764834110500  0.47121804833015113
  0.48064386465457226  0.49099687446011242  0.50119299107490856  0.51192782110803370
  0.52197420840824660  0.53176105625801862  0.54160893352307804  0.55209268466212624
  0.56225274871987174  0.56913927649986051  0.57609234513070973  0.58305843652195710
  0.58966211670261581  0.59787642881267578  0.60845728722196479  0.61882686378665297
  0.62971004837416888  0.64054315434693865  0.65125233250803316  0.66185020963057173
  0.67125257058179399  0.68097582373571219  0.69178363213937799  0.70210830305091765
  0.71206528593373186  0.72123620321003090  0.73124060364199772  0.74314156227585126
  0.75596364524945070  0.76899610435372523  0.78095703434108099  0.79026462720121959
  0.79841691382459101  0.80628915103138699  0.81521751955978450  0.82660230457848449
  0.83806291606030037  0.84919424710417279  0.86016646943188624  0.87084377766655263
  0.88120094137088512  0.89157742125183592  0.90236689011228732  0.91273989431551894
  0.92313550071319239  0.93361739647173103  0.94341443867792363  0.95392325350808216
  0.96468846099961458  0.97622878580324557  0.98859384228987812  1.00000000000000000
  0.00000369313953258  0.00000381244169649  0.00000397776356970  0.00000412637099627
  0.00000429176155114  0.00000448633119618  0.00000471263197694  0.00000495407878346
  0.00000519280570061  0.00000543344124041  0.00000567010984160  0.00000602281896450
  0.00000645226323514  0.00000692977538127  0.00000739960411895  0.00000784516405988
  0.00000831994054210  0.00000884813787188  0.00000937292596168  0.00000989173378219
  0.00001042452238681  0.00001093197388283  0.00001148121408888  0.00001201322921338
  0.00001254050138253  0.00001306800446195  0.00001361023594621  0.00001420268457655
  0.00001489975461651  0.00001571661154704  0.00001665524725317  0.00001770307553637
  0.00001874757217875  0.00001969678299737  0.00002062837872438  0.00002147485806782
  0.00002233356559812  0.00002327394729534  0.00002433604295264  0.00002555085623919
  0.00002692641884272  0.00002836329527360  0.00002986428925371  0.00003132423768794
  0.00003304854656018  0.00003481283949642  0.00003673692291452  0.00003887089414262
  0.00004107553984992  0.00004341415046330  0.00004593892721543  0.00004862336896803
  0.00005144311119725  0.00005441067410875  0.00005751877358705  0.00006068039834954
  0.00006392547966290  0.00006754412654024  0.00007165045100619  0.00007652798201760
  0.00008234122449619  0.00008898224726697  0.00009656582517033  0.00010496850807968
  0.00011396267285962  0.00012433400101513  0.00013504297306350  0.00014348878510056
  0.00015308755753810  0.00016331004523228  0.00017433741958209  0.00018974499655399
  0.00020468845930712  0.00022178758189432  0.00024349770905136  0.00027065297181943
  0.00030408640504503  0.00034489090902746  0.00039292824990244  0.00044760605747421
  0.00051553006811455  0.00059644956385955  0.00067870092838710  0.00077553837497506
  0.00090986259283270  0.00109212361021315  0.00134122302514666  0.00171626977208604
  0.00237282650110617  0.00344541213457662  0.00468247210349476  0.00594637593543024
  0.00726988651510253  0.01109488772804872  0.07209380324026839  1.00000000000000000
  0.00001413726321737  0.00001427398615792  0.00001467664754222  0.00001552359584922
  0.00001654389444024  0.00001761804379913  0.00001878388527387  0.00001998942237603
  0.00002128392620012  0.00002261181280323  0.00002399555096806  0.00002550571048639
  0.00002733240041426  0.00002891900681867  0.00003064219310959  0.00003252633101020
  0.00003465680050859  0.00003718941764312  0.00003983084501693  0.00004289415299702
  0.00004674454988490  0.00005121852923352  0.00005604239162841  0.00006133389534861
  0.00006753126266956  0.00007470249415832  0.00008301188201802  0.00009255755996285
  0.00010329547497997  0.00011409205292045  0.00012478768807688  0.00013606128349559
  0.00014895554686562  0.00016250135286976  0.00017704273289420  0.00019308140802313
  0.00021048326444979  0.00022853944881450  0.00024590421787922  0.00026250791042257
  0.00027862539172556  0.00029545822420418  0.00031395394946459  0.00033363905259501
  0.00035428056723074  0.00037570501863481  0.00039766339227978  0.00042116934352273
  0.00044547762431238  0.00046979269268941  0.00049468603453911  0.00051948954799104
  0.00054518905246493  0.00057325985351934  0.00060354427951944  0.00063621792868274
  0.00067056157731605  0.00069596069814691  0.00071777453577514  0.00074260048836133
  0.00076796812206853  0.00079465400571675  0.00083091812986317  0.00088002215175462
  0.00093734996730050  0.00099143133007874  0.00104847531465429  0.00110124442890122
  0.00115377659446208  0.00120925658810786  0.00126869568846949  0.00133751463387080
  0.00142277899243555  0.00150739724051411  0.00159947299559089  0.00168716741042496
  0.00176591667055248  0.00182913922724248  0.00189590914968110  0.00196767804957604
  0.00204898966992932  0.00212903921874286  0.00222222989825444  0.00234053574793166
  0.00248171473684599  0.00262400346669309  0.00278079613592301  0.00301388260877727
  0.00340882525333312  0.00381556392106780  0.00415407195084896  0.00452117966231532
  0.00494683631719582  0.00592714570321557  0.01385808152279008  1.00000000000000000
  0.00000964692564165  0.00001281342453376  0.00001521161553668  0.00001800313312961
  0.00002116511548458  0.00002467504276168  0.00002926006379181  0.00003576651425762
  0.00004423302118914  0.00005229631627712  0.00006048801980595  0.00007029959403797
  0.00008183868512682  0.00009477649999333  0.00010798851142458  0.00012089111314560
  0.00013375987409271  0.00014843274460145  0.00016626244016554  0.00018773420963435
  0.00020986709131331  0.00023211907118969  0.00025462039115997  0.00027992687126089
  0.00030582493786254  0.00033314222799807  0.00036102605968320  0.00039042090282187
  0.00042015512810508  0.00045076171516500  0.00048253529083338  0.00051989508604385
  0.00055924528850652  0.00060190254742310  0.00063881510198379  0.00067491768727580
  0.00071255414455079  0.00075155747022165  0.00078926011721370  0.00082614968497955
  0.00086427789424590  0.00090878715974248  0.00096307245754182  0.00102322848251975
  0.00108186935318933  0.00115358382694554  0.00124443736352741  0.00135082467721145
  0.00144706915350703  0.00153252439764939  0.00161702615224291  0.00170675596859243
  0.00180764223802719  0.00190147793690633  0.00199517987736238  0.00208623522414104
  0.00217994785550616  0.00228868942532766  0.00241050806223059  0.00251952188481045
  0.00262202551338883  0.00272344303344186  0.00283001433683840  0.00294598987098295
  0.00307146216186135  0.00323087394834473  0.00340688128058354  0.00360845915473848
  0.00383840456602831  0.00404353927180643  0.00425005729072490  0.00446742553792430
  0.00468721410546571  0.00490054569589072  0.00500914395223245  0.00511619449252349
  0.00522162451958831  0.00532412300534598  0.00547585822358301  0.00570507789919565
  0.00596836610301191  0.00633909565636739  0.00674339645881970  0.00710029461564889
  0.00757552373302689  0.00822171040688210  0.00847521906158003  0.00872872771627796
  0.00898223637097589  0.01009710335639643  0.01725235217288479  0.02440760098937315
  0.03156284980586152  0.03871809862234989  0.05265886793533527  1.00000000000000000
 -0.00159063864438450  0.00650639102829453  0.01465255256864688  0.02246998471221009
  0.03079844935163931  0.03971856230058553  0.04866529264633938  0.05778352198432005
  0.06738183134041062  0.07721938015639224  0.08701752055193283  0.09678131968700580
  0.10617356459435758  0.11488544029157390  0.12370659008395478  0.13251977938638507
  0.14094786504396675  0.14947928191769824  0.15814932272983351  0.16773328792066025
  0.17747920479010074  0.18600580926545995  0.19583193135809387  0.20571343678137180
  0.21660349762938821  0.22571800827415989  0.23375196014757960  0.24159675339667458
  0.24964049576071967  0.25849864010241375  0.26757531150948405  0.27685257493412208
  0.28641463730842776  0.29586119990529713  0.30577341319966378  0.31620796949399799
  0.32762433543794511  0.33855202078144586  0.34875210620951730  0.35861105179184166
  0.36882636579840700  0.37910463929461002  0.38966434749774048  0.40100551706742826
  0.41306497088792332  0.42512529431571289  0.43641126212964160  0.44713066719972455
  0.45804312829821153  0.46937622164732062  0.48030992600254746  0.49124219734050423
  0.50161278531328357  0.51201320664030792  0.52242834130842131  0.53399770366081178
  0.54625941268972811  0.55841286544201585  0.57039316636149284  0.58191841868264571
  0.59389402509130751  0.60677900776373417  0.62094293410014090  0.63508386349951251
  0.64824197446632625  0.66108171062016929  0.67383307352934452  0.68651600517070654
  0.69943197913403632  0.71224445270394876  0.72530060471226077  0.73792238004315303
  0.74973118888926893  0.76006019054307328  0.77132644285508645  0.78374477578843249
  0.79591283843196214  0.80658450180581864  0.81735013104199084  0.83017078064107408
  0.84132403397245703  0.85247047690661060  0.86315150469040836  0.87386785773503972
  0.88530262440587570  0.89730985748912417  0.90960024343645141  0.92204940126440949
  0.93457965434477341  0.94687465053282327  0.95934028091804535  0.97181002990286669
  0.98201016608167369  0.98853599000309056  0.99434976953290788  1.00000000000000000
 -0.00285101046338828  0.01308623032673769  0.02464855697824784  0.03089235564410752
  0.03716102245306971  0.04345784699364851  0.04992308824586050  0.05891434688995992
  0.06894996447648702  0.07728272374739684  0.08550213346760251  0.09466803390525168
  0.10537172537915368  0.11582711218651161  0.12567522308124041  0.13536694851881995
  0.14493285452162086  0.15512845344777917  0.16459114283485973  0.17487099987149290
  0.18498650610189354  0.19638005726475644  0.20898868724330352  0.22264824234758104
  0.23608026505842875  0.24882473990849185  0.26102442198642473  0.27279511429951114
  0.28369429451965239  0.29464766616719362  0.30540635126234716  0.31588981155370888
  0.32609494203218042  0.33662909509390065  0.34777352326050481  0.35878735196918760
  0.36935612338181084  0.38028218229358068  0.39174410756725336  0.40297826625153627
  0.41376500017788087  0.42483051116431370  0.43519254823867148  0.44553845833239875
  0.45654282500918603  0.46901849556209646  0.48310137259460484  0.49424959095583265
  0.50538254638482727  0.51547816082962117  0.52492336295310960  0.53480341504918205
  0.54525673436791866  0.55688060688337004  0.56757924602740906  0.57696418703683927
  0.58610867263386335  0.59625642579087446  0.60747489953647182  0.61782597294891450
  0.62804315445946335  0.63889678018622276  0.65084776110569253  0.66287904730469760
  0.67478160203250359  0.68603762596761342  0.69584047722452069  0.70498233474723604
  0.71307058210554219  0.72077523113381670  0.73012560248240643  0.74080614010253387
  0.75221820277286833  0.76270813139649485  0.77267998947271421  0.78285010051519033
  0.79371748717847579  0.80639853765724634  0.81749606746918047  0.82898087349844785
  0.84041501465428348  0.85148384924830334  0.86325386549737571  0.87498101422089136
  0.88653132429499903  0.89721746974684424  0.90823349545961729  0.91947573661760107
  0.93070273091157329  0.94145438622943223  0.95147830014332124  0.96130238619311403
  0.97184340420881365  0.98201483029084580  0.99137942656121325  1.00000000000000000
 -0.00199077120819225  0.00987888399283423  0.02066472275409903  0.03365402876798067
  0.04648556522460240  0.05871448128955906  0.06942265005412039  0.08040954780068461
  0.09083909922304592  0.10187572331311681  0.11139740866387526  0.12059790131515984
  0.12977896653014326  0.13987226709840825  0.15148689046724839  0.16357419897222200
  0.17311023036864270  0.18153321861343699  0.18967081410775158  0.19756116285792966
  0.20727785660868278  0.21612006293613728  0.22478685649217153  0.23287088288597657
  0.24058607251094874  0.24841442029902733  0.25855146906216453  0.27143921095617529
  0.28445411484906646  0.29658453159282860  0.30826371349882881  0.32009490777900007
  0.33247899937379477  0.34518506848907354  0.35765629260629633  0.36733159302666690
  0.37501713639027928  0.38303824269168191  0.39079542899899750  0.39817655401261343
  0.40857718706734181  0.41967999006855328  0.43071517560634770  0.44155988343174102
  0.45211308731515337  0.46259883215618719  0.47326645729326833  0.48531810856933999
  0.49729937905724458  0.50834011078769448  0.51820976965346455  0.52744953725296551
  0.53715666526758454  0.54747237870706333  0.55789687526655118  0.56737986043673394
  0.57658240501265445  0.58580130361028970  0.59543452344517755  0.60512207212033764
  0.61504019289834455  0.62501029278050968  0.63583483479516933  0.64647396080690267
  0.65733251788829983  0.66822496034274403  0.67962507977377828  0.69161394508378049
  0.70393002286878303  0.71449082569649158  0.72386319057267623  0.73283279907989263
  0.74228379506794206  0.75308181598358237  0.76504969442412929  0.77711384438715403
  0.78769154705964328  0.79727767014610196  0.80679034067234956  0.81660693723160471
  0.82544808556400207  0.83414964298731342  0.84237628761906991  0.85258998345184489
  0.86330207560701644  0.87588115152164980  0.88820676364058082  0.90086476555419770
  0.91348354054093084  0.92644675961892275  0.94026620336710853  0.95282588341752572
  0.96445917617983101  0.97545849333205170  0.98742530740939349  1.00000000000000000
 -0.00221956075624876  0.01108816514912200  0.02339511089534755  0.03555990573849765
  0.04724970830498276  0.05892080909252771  0.07160133234103111  0.08435776571285507
  0.09570525958266646  0.10577559176620552  0.11557812822554266  0.12519865068821351
  0.13328427270897120  0.14122918620018848  0.14906427207168615  0.15876931524181989
  0.16967944749767511  0.18075448576907904  0.18974028423271547  0.19854648986468171
  0.20655907201336615  0.21506258325329808  0.22423861759408567  0.23395695052660945
  0.24575526724322147  0.25736541015911202  0.26778754440131286  0.27765721812488092
  0.28781979942658059  0.29856841170936638  0.30996978376191919  0.32167569314330863
  0.33270781165988383  0.34318083325086046  0.35332512498100604  0.36364467738322676
  0.37487517056020281  0.38664927551594092  0.39891931420123616  0.41105477786765776
  0.42292086945053387  0.43394910976396961  0.44400299626288892  0.45458562751532805
  0.46568222124143877  0.47870106809554747  0.49171089584728372  0.50304349470011300
  0.51274785562278513  0.52252825220848131  0.53293843077421821  0.54553861902644529
  0.55724830548525772  0.56733259858302598  0.57364814503247485  0.57926601850063142
  0.58470014961966899  0.58993002579015785  0.59648528410636614  0.60533660848068926
  0.61518244519836218  0.62621720042114282  0.63758832281779254  0.64886514246841775
  0.66050465926591406  0.67248411299949096  0.68504995089770027  0.69736127386752922
  0.70913406364358955  0.71973702185329858  0.73090433322955728  0.74200350431727735
  0.75239421894226588  0.76159273143900830  0.77083886429455384  0.78133509679682300
  0.79295873921957638  0.80535290243880442  0.81759339051040303  0.83003344929742717
  0.84092643819724744  0.85192513017018001  0.86312270362855692  0.87477652816212703
  0.88659670711460170  0.89798736721262062  0.90994125077403765  0.92152354975869433
  0.93373776566112066  0.94594114604208179  0.95786902271668828  0.96726117708466675
  0.97660599112513080  0.98576196149368900  0.99338335121062016  1.00000000000000000
 -0.00235477064611942  0.00862501131846214  0.01764534214470071  0.02665322014594848
  0.03601873707700283  0.04676446707928625  0.05869826795088424  0.06938972620904099
  0.07959848289207297  0.08947887054361964  0.09976002023919504  0.11052629599966365
  0.12130679203691615  0.13186363709811869  0.14229249568212446  0.15430896449831991
  0.16674512779027711  0.17720801704785458  0.18670572144623696  0.19581373367244381
  0.20453713279388713  0.21572447578115478  0.22719265257479576  0.24015344554722340
  0.25272460521555745  0.26470159610123994  0.27675959663362337  0.28827204706003884
  0.29976963604188694  0.30973655589304494  0.31841329836224619  0.32640068432956465
  0.33477212303640308  0.34372650780250946  0.35423829876773250  0.36626013159387200
  0.37963433629988730  0.39108126360715290  0.40170636134017629  0.41206710640756089
  0.42303593040801685  0.43553832029915329  0.44862191885043995  0.46107446883854381
  0.47241437601971642  0.48270746130668685  0.49227053661124603  0.50167351295454032
  0.51179896863948948  0.52341022438323892  0.53499332639090047  0.54661940941951792
  0.55882050623017465  0.57193001611927596  0.58452792977967516  0.59556338430679179
  0.60600131278232061  0.61665306834694011  0.62804961872665377  0.63946734103064484
  0.65082531531802390  0.66233384513028026  0.67393067906456816  0.68621859620973658
  0.69911452228779125  0.71143270355685195  0.72294514394382448  0.73358887436556774
  0.74433995519893237  0.75550970383500415  0.76703523113404970  0.77821859268368554
  0.78557471917986776  0.79114360339329315  0.79667993762655442  0.80227115484888623
  0.80805691832541837  0.81600544920194917  0.82602521733142320  0.83633971293232068
  0.84704373151914902  0.85779357346684826  0.86792880869827416  0.87764241758552086
  0.88760003668207865  0.89758597016900787  0.90693321173126484  0.91614125140882496
  0.92556931910243390  0.93552126083867138  0.94593634214107047  0.95698623612588629
  0.96881324764379761  0.97996557799284478  0.99032909407594416  1.00000000000000000
  0.00006221116583065  0.00039564442390111  0.00094082830025148  0.00129952571129942
  0.00159560741093203  0.00187976607723141  0.00214592181845579  0.00239558255783422
  0.00264776037042014  0.00289416447609490  0.00313793472958365  0.00338528278776751
  0.00364063521282307  0.00389155422551892  0.00413201226347470  0.00434875008653740
  0.00455001554057242  0.00474214458966879  0.00494110146666920  0.00516001600276384
  0.00540063019825921  0.00565691404482088  0.00592818439896941  0.00619534281173328
  0.00646061510158850  0.00671322220041621  0.00695794228147539  0.00721373818037986
  0.00746631999493355  0.00771758332784676  0.00797402414780704  0.00822759219683535
  0.00845242582196838  0.00865341831442941  0.00886184470182733  0.00913998617524361
  0.00950342518288463  0.00970085274146563  0.00989616382201114  0.01008792193693583
  0.01028129386742204  0.01048262289460855  0.01090455722186272  0.01125225980903143
  0.01154452898877966  0.01179756489618169  0.01205336569709840  0.01228937121175260
  0.01252842515758564  0.01277533463120591  0.01305998165151404  0.01340178786495531
  0.01366775060003964  0.01397371849768649  0.01431731700154981  0.01470370689746242
  0.01512224368845002  0.01547728383277827  0.01583584268288021  0.01629597103898736
  0.01740363381828686  0.01840808520764856  0.01933904661023348  0.02010364702279782
  0.02077732089434514  0.02158979143398726  0.02203540558815649  0.02240946546128385
  0.02278378313331730  0.02483766396758654  0.02684738470374958  0.02780632789788561
  0.02836417918233710  0.02844800180090817  0.02853182441947924  0.02861564703805032
  0.02869946965662139  0.02878329227519246  0.02886711489376353  0.02895093751233461
  0.02903476013090568  0.02911858274947675  0.02920240536804783  0.02928622798661890
  0.02938728550506661  0.02958755546985405  0.02978782543464148  0.02998809539942892
  0.03018836536421636  0.03038863532900380  0.03058890529379123  0.03216216175122971
  0.03580446503079861  0.05619577899410367  0.16736868659852355  1.00000000000000000
 -0.00364349209872236  0.01341846620427350  0.02555593252349218  0.03671221828668066
  0.04817221806622598  0.06080794494367739  0.07385153256150950  0.08607367809410103
  0.09826791603931187  0.11112465176113313  0.12344287577460071  0.13509201873181229
  0.14634392206103963  0.15718590363913409  0.16815646526245276  0.17887454935263439
  0.18960057604674085  0.20029135177964413  0.21080498207027454  0.22006731426299544
  0.23060475902024760  0.24046721353080641  0.25137875718297709  0.26163833870345121
  0.27166157117635426  0.28172971068779129  0.29254665160645504  0.30417976602263369
  0.31745139693833424  0.33096564742583684  0.34231351253360354  0.35323760643805724
  0.36267205768579736  0.37270482269023864  0.38248978934019351  0.38849409961352721
  0.39343356176530175  0.39853338281312845  0.40376355328244001  0.40911356360576795
  0.42007593175523650  0.42989067206200177  0.43935059284184846  0.44781305718383679
  0.45719463379526354  0.46641491605033608  0.47538037288709106  0.48478638849546013
  0.49370161013785807  0.50238634360159695  0.51085866151639703  0.52032238916745766
  0.53034950648761081  0.53976219249935242  0.54873539895453116  0.55715419542197564
  0.56698890818242798  0.57690071209843918  0.58583040398545738  0.59358286689748396
  0.60148133873247889  0.61063006977359791  0.62116776533326978  0.63124809876288202
  0.64119964794232254  0.65091508030084078  0.66082188777653739  0.67134380528865256
  0.68268611232423271  0.69462653742637381  0.70603838316354428  0.71701604239126371
  0.72777932790495259  0.73814821448876644  0.74903236396020911  0.76019868344277275
  0.77028761032227278  0.77954405343078437  0.78868564197255397  0.79948705909235585
  0.81093028471759432  0.82286461092992114  0.83458292550748425  0.84803129623281814
  0.85990083940988471  0.87168920348610046  0.88206643494405557  0.89162297628139042
  0.90218911928357093  0.91418350105693025  0.93018169353581615  0.94521131106362100
  0.95931649383316941  0.97176857971408759  0.98587185510809139  1.00000000000000000
 -0.00007994924655767  0.00008710058390875  0.00060533296615214  0.00104067798299715
  0.00127537860051284  0.00150140806259090  0.00172256036135114  0.00194263117176894
  0.00216536055989895  0.00239544022152956  0.00262806951350924  0.00284299989194944
  0.00304236377700718  0.00321765876933238  0.00339314662673874  0.00357176574426925
  0.00375329856345858  0.00394052341161322  0.00413116204067905  0.00431681396775987
  0.00446835877173288  0.00461525883550381  0.00476316265953413  0.00491381647719780
  0.00510636737054101  0.00525871198211031  0.00541162654888355  0.00556452664256351
  0.00574049065632810  0.00592083172591540  0.00609923198966640  0.00628699722129777
  0.00650977635979701  0.00672824463740392  0.00693918197566374  0.00709499103318522
  0.00717373092453005  0.00724118782242768  0.00730887984820930  0.00737665497037484
  0.00744514495024581  0.00751407550035158  0.00764273842125249  0.00776542388624375
  0.00786799888252786  0.00797134975497527  0.00808264376821353  0.00829377226313012
  0.00853447439453585  0.00870680888544304  0.00885210301531994  0.00896579604094152
  0.00904854891999945  0.00913094471790826  0.00921255672592268  0.00929610060222045
  0.00938340765564788  0.00952540688932039  0.00972508586833588  0.00992727294654121
  0.01016328397043583  0.01042829995894570  0.01069298268835857  0.01095766541777144
  0.01153246303428542  0.01214358745954643  0.01407812140028106  0.01461605882148014
  0.01516738070967489  0.01610473244000607  0.01666365293502347  0.01674346613834838
  0.01682327934167328  0.01690309254499818  0.01698290574832308  0.01706271895164799
  0.01714253215497289  0.01722218195703668  0.01730164420181610  0.01738110644659552
  0.01746056869137495  0.01754003093615437  0.01761949318093379  0.01769895542571321
  0.01777872984685070  0.01785866544200589  0.01793860103716106  0.01801853663231624
  0.01809847222747142  0.01817840782262660  0.01825834341778178  0.01869084073501965
  0.02273219994682170  0.02438083453615543  0.15962547951099026  1.00000000000000000
 -0.00229734676066308  0.00885290552473064  0.01965446452131010  0.03291532422555275
  0.04707538680493177  0.05865620535891698  0.07077018207471832  0.08144560617235608
  0.09151597022922761  0.10153160494681265  0.10846930766324264  0.11508725386745071
  0.12213516409203592  0.12923754036467405  0.13719750604473829  0.14793914345831227
  0.15834877106940853  0.16862500039759262  0.17813230253660273  0.18733909413224581
  0.19622168325937200  0.20566191625300428  0.21606479795273575  0.22789482593676730
  0.24093778791130982  0.25413174527157872  0.26664336434119851  0.27765733757568289
  0.28717793243731066  0.29633197722224913  0.30630635108684795  0.31757127621088538
  0.33020688025775041  0.34396159735257009  0.35686391960031816  0.36800427837324845
  0.37872269564015959  0.38978357849707757  0.40032490815036753  0.41019304428941544
  0.42098305001147035  0.43142646677132940  0.44141913776304581  0.45047492029705649
  0.46034691472339084  0.47053828741476761  0.48135226159510797  0.49162204843737928
  0.50223376918991691  0.51354856751841871  0.52446772733166835  0.53497193773123031
  0.54503725478000886  0.55536727196923397  0.56595333357632982  0.57662984387683491
  0.58750845486053316  0.59846966371703525  0.61029504924067790  0.62209936830568102
  0.63576884954832236  0.64773663353418498  0.65792342922757674  0.66758164371270579
  0.67741375921518809  0.68773544519596974  0.69821416126591729  0.70854956148152837
  0.71917893485697215  0.73009089719153974  0.74051552839164980  0.75073615623951140
  0.76033593371639796  0.77027368626751125  0.78099980178383155  0.79267858509709910
  0.80443256420224896  0.81627848920001100  0.82775520594967722  0.83862560260890540
  0.84779036904759841  0.85701880276124676  0.86670521347586749  0.87705354675278113
  0.88786698983010004  0.89980452072303130  0.91161067532315077  0.92330670327473685
  0.93227347660561544  0.94225684961038181  0.95166406309492613  0.96110168636861582
  0.97088373750360912  0.97947994469086852  0.99012199413545443  1.00000000000000000
  0.58889898277940911  0.61955050552492985  0.64430730966331129  0.65885564362650095
  0.67394369833773571  0.68705835826323503  0.70047964287680520  0.71193771779276949
  0.72121806880423833  0.73092214862212646  0.73905227376426474  0.74687692471967781
  0.75520463305792052  0.76385044980176098  0.77193941619875373  0.77978416748090129
  0.78746041576528358  0.79442799070769354  0.80144315157083534  0.80774735632807970
  0.81308643839672723  0.81805985022949135  0.82312585696528162  0.82791020596010823
  0.83294506890535469  0.83755899873648132  0.84221450542350629  0.84682429300978845
  0.85132130275922602  0.85525151748275485  0.85869421731669848  0.86233346287133927
  0.86613407727166791  0.86993614579917522  0.87360050998092054  0.87665349800254844
  0.87944832157725650  0.88236739785610574  0.88536425624240278  0.88858901113657118
  0.89190770725762614  0.89526270752323989  0.89840917768763762  0.90119748901315588
  0.90385233507302354  0.90629546063486122  0.90866290385278947  0.91100882397050198
  0.91344129860167267  0.91611149297006955  0.91865559414758846  0.92110932029450676
  0.92350496248890079  0.92588966204653989  0.92838525387339565  0.93093814733202696
  0.93328225779072171  0.93555941528668207  0.93770765988434535  0.93959994787422207
  0.94151103059747887  0.94339278949629168  0.94529438584914383  0.94731225231435823
  0.94931171906608192  0.95129767300034829  0.95330133299399178  0.95536239335218653
  0.95742371201241194  0.95935531521466666  0.96127736036164779  0.96294358550591252
  0.96452339580116453  0.96611310082073920  0.96768360025072109  0.96933937351632993
  0.97110820197681291  0.97280296092233443  0.97443343752755018  0.97604912765170138
  0.97770075288480196  0.97937776339268878  0.98103037079482092  0.98242775469894761
  0.98378368066302602  0.98514714246659418  0.98653019801002662  0.98786200295350024
  0.98939609282428020  0.99109341349453628  0.99266907690857997  0.99401381483714346
  0.99546858751293810  0.99697357292688860  0.99848658785290823  1.00000000000000000
 -0.01960930857335465  0.04217043790565975  0.09300676578945896  0.12476284805597676
  0.13076867024148708  0.13791562774580646  0.14767766749865829  0.15559626248023764
  0.16123082678965198  0.16632513056875728  0.17068595849776308  0.17393605294904627
  0.17866347781793590  0.18319842900071984  0.18627803393669368  0.18943393381949464
  0.19267778630646981  0.19703754937186388  0.20230535525904461  0.20889628612012873
  0.21559128919058015  0.22322040932391601  0.23037517784049649  0.23657319810832822
  0.24238678103979874  0.24833787111033950  0.25413744386647291  0.25946917488160126
  0.26448355631683923  0.26968013493550547  0.27503041546298673  0.28050690015859403
  0.28589421615765753  0.29099356877852961  0.29558057143470462  0.29978554712558941
  0.30388158031937940  0.30835830409812037  0.31325678464304629  0.31861785464564513
  0.32376521625955501  0.32887382288392908  0.33413272395343246  0.33961770590074164
  0.34465685882361041  0.34933922209980178  0.35373260941993129  0.35830048325346503
  0.36336383546908696  0.36872687323513637  0.37441862209949456  0.38032824843049523
  0.38615948051242199  0.39212344270319299  0.39816600984552630  0.40428618616476109
  0.41027941241254290  0.41589099792716022  0.42165962171316029  0.42760334679569384
  0.43394705624164431  0.44052597798633997  0.44725790821720446  0.45405707439510717
  0.46086602993565595  0.46750971519274581  0.47385161136426618  0.48025505561883863
  0.48731177004915460  0.49514743530031124  0.50316585782774614  0.51122654620020913
  0.51943252219097014  0.52777327534257090  0.53568140746572968  0.54246262265093215
  0.54876214895898867  0.55559139390709955  0.56192197254571941  0.56989059262548147
  0.57871239265192165  0.58775693615486913  0.59747585005027959  0.60934933522785661
  0.62366844961163848  0.63785923334784345  0.65146538263158649  0.66530666966791674
  0.67865737918767921  0.69300525300804228  0.70980078182329831  0.72808794143249589
  0.74912079421198097  0.77597351566798656  0.81894453990298366  1.00000000000000000
   3.9262335194547641E-008  -1.0000000000000000     
 F F F F F F F F F F F F F F F F F F F F F F F F F F F F F F F F F F F F F F F F F F F F F F F F F F F F F F F F F F F F F F F F F F F F F F F F F F F F F F F F F F F F F F F F F F F F F F F F F F F F F F F F F F F F F F F F F F F F F F F F F F F F F F F F F F F F F F F F F F F F F F F F F F F F F F F F F F F F F F F F F F F F F F F F F F F F F F F F F F F F F F F F F F F F F F F F F F F F F F F F F F F F F F F F F F F F F F F F F F F F F F F F F F F F F F F F F F F F F F F F F F F F F F F F F F F F F F F F F F F F F F F F F F F F F F F F F F F F F F F F F F F F F F F F F F F F F F F F F F F F F F F F F F F F F F F F F F F F F F F F F F F F F F F F F F F F F F F F F F F F F F F F F F F F F F F F F F F F F F F F F F F F F F F F F F F F F F F F F F F F F F F F F F F F F F F F F F F F F F F F F F F F F F F F F F F F F F F F F F F F F F F F F F F F F F F F F F F F F F F F F F F F F F F F F F F F F F F F F F F F F F F F F F F F F F F F F F F F F F F F F F F F F F F F F F F F F F F F F F F F F F F F F F F F F F F F
  <DiscreteSampler_grid>
  grouped_processes
  1 # 1 for a reference and 2 for a running grid.
  10 # Attribute 'min_bin_probing_points' of the grid.
  1 # Attribute 'grid_mode' of the grid. 1=='default',2=='initialization'
  0.0000000000000000 # Attribute 'small_contrib_threshold' of the grid.
  0.5000000000000000 # Attribute 'damping_power' of the grid.
 # binID   n_entries weight   weight_sqr   abs_weight
    19   10   8.115732885955266E-004   2.295790282243338E-006   8.115732885955266E-004
    20   10   8.115732885955263E-004   2.295790282243334E-006   8.115732885955263E-004
    22   10   8.115732885955266E-004   2.295790282243338E-006   8.115732885955266E-004
    23   10   8.115732885955263E-004   2.295790282243334E-006   8.115732885955263E-004
    25   10   5.247769022840748E-004   8.258694601801625E-007   5.247769022840748E-004
    26   10   5.247769022840747E-004   8.258694601801611E-007   5.247769022840747E-004
    28   10   5.247769022840748E-004   8.258694601801625E-007   5.247769022840748E-004
    29   10   5.247769022840747E-004   8.258694601801611E-007   5.247769022840747E-004
  </DiscreteSampler_grid>
