  0.00301429928974929  0.01454657777776170  0.02618110988731347  0.03695767059012202
  0.04748937936818821  0.05810091780359599  0.06946427281309966  0.08073162546725253
  0.09276355934995439  0.10487102973777970  0.11691928814833280  0.12933979056595560
  0.14261275940384865  0.15311361847464300  0.16358174971393427  0.17375588053052188
  0.18406975244679760  0.19318869905476885  0.20161001780666316  0.21007764132527887
  0.21946002023168887  0.22928698648518417  0.24076417142806916  0.25421399250057558
  0.26827789152382042  0.28001839808654938  0.28995133984623400  0.29937484196114850
  0.30950274769326069  0.31989615062752930  0.32987653336782630  0.34022167129301495
  0.35159769543995845  0.36338643673176013  0.37511262969063197  0.38664798187504995
  0.39813880183098815  0.40930018878751873  0.41991267298796925  0.43058190373941130
  0.44239632980701316  0.45215704775300952  0.46050551747574436  0.46971601619857911
  0.47877451574722463  0.48785741869381016  0.49735416211349293  0.50700801891036307
  0.51821394415640554  0.52893200683152830  0.53960372404446100  0.55081893649630576
  0.56323155808827607  0.57566885596163753  0.58792985692687882  0.60025002720417442
  0.61314883938775444  0.62632670584012140  0.63936854718143743  0.65143167514117861
  0.66314945221715316  0.67505610090682677  0.68720722633637621  0.69887996627191562
  0.71000055402209239  0.72094573431929387  0.73118055707295881  0.74121476245555862
  0.75088638015653153  0.76081384193639656  0.77131856757096373  0.78156754488041391
  0.78832758367017741  0.79501772528154235  0.80108431834225347  0.80686083088014504
  0.81201439911827089  0.81957952121420918  0.82907198890311451  0.83973623523120799
  0.85039793190324087  0.86226849231614644  0.87465200401237875  0.88729812452461598
  0.89970658209049248  0.91033173586696059  0.92074140406821758  0.93146808152142901
  0.94141424814684227  0.95123576875812665  0.96158962567136963  0.96826416732150311
  0.97617273251038938  0.98430804558781115  0.99251234721544901  1.00000000000000000
  0.00000288406668422  0.00000291577020714  0.00000294915812855  0.00000298921488623
  0.00000303767696669  0.00000308962364252  0.00000314171004460  0.00000319091861916
  0.00000327985247351  0.00000338000603569  0.00000347965812271  0.00000358065667212
  0.00000368006271235  0.00000377783459538  0.00000388829830851  0.00000399927235151
  0.00000412241826589  0.00000425598020731  0.00000440479564311  0.00000458278888036
  0.00000477732151935  0.00000498484392662  0.00000520912754203  0.00000545160721716
  0.00000569985914704  0.00000595675108522  0.00000623045246289  0.00000652271426892
  0.00000684524632106  0.00000719155792544  0.00000758671720087  0.00000797413730915
  0.00000843856136127  0.00000895430735157  0.00000956387184511  0.00001005860845587
  0.00001047363471081  0.00001090602582126  0.00001136482047501  0.00001183616769376
  0.00001237055416301  0.00001300878690782  0.00001372885609222  0.00001452001764183
  0.00001559797783706  0.00001674774138013  0.00001791989869226  0.00001914591183882
  0.00002058326882008  0.00002233284798892  0.00002436798277381  0.00002660914010778
  0.00002906964086093  0.00003175993511468  0.00003462984117896  0.00003769205556968
  0.00004105410102254  0.00004463092772912  0.00004836816555468  0.00005256404394698
  0.00005752123617134  0.00006300268911705  0.00006913392797422  0.00007603901297018
  0.00008376875637322  0.00009238631337836  0.00010311478028257  0.00011534611928086
  0.00012900954788500  0.00014425394833954  0.00016034222050476  0.00017820264339781
  0.00019868612751247  0.00022039032343296  0.00024509644916169  0.00027593990794201
  0.00031705112890045  0.00035970214889147  0.00040437458294847  0.00045600964331559
  0.00051368497088068  0.00057115969802618  0.00063987034385679  0.00073801535638611
  0.00083036143029323  0.00092051205472669  0.00104285278059721  0.00122569222422477
  0.00140710663340765  0.00164605194867936  0.00210309751800445  0.00254251232097549
  0.00302552206069860  0.00372505329862888  0.17427250720646462  1.00000000000000000
  0.00000206352312848  0.00000329808420376  0.00000369651861429  0.00000405572327707
  0.00000437332239125  0.00000467603524020  0.00000500470914540  0.00000539024883507
  0.00000573638084827  0.00000601818529746  0.00000630094782475  0.00000659498430849
  0.00000693153623180  0.00000733970236196  0.00000776640548295  0.00000824062346635
  0.00000879963638946  0.00000942681822122  0.00001006794345656  0.00001070328038738
  0.00001136324676409  0.00001205537922991  0.00001276675515940  0.00001355017037912
  0.00001441552599873  0.00001536042830094  0.00001646685277627  0.00001754069654078
  0.00001862780646517  0.00001973242351604  0.00002086950618602  0.00002201373444258
  0.00002314748189583  0.00002430006618653  0.00002555387613493  0.00002702906608902
  0.00002873068068895  0.00003056170838316  0.00003248563027181  0.00003473207495773
  0.00003678365724585  0.00003922314647505  0.00004136409198867  0.00004347533697326
  0.00004567998916957  0.00004801506780822  0.00005051062901189  0.00005296712053377
  0.00005537945468411  0.00005790126171545  0.00006052804582032  0.00006335004964311
  0.00006637658512236  0.00007011856900401  0.00007375161073549  0.00007811080477399
  0.00008266421150086  0.00008757241460138  0.00009229713289895  0.00009702268817631
  0.00010177116668971  0.00010634310686998  0.00011241574552022  0.00011876325622585
  0.00012595606330781  0.00013437884849239  0.00014335828667270  0.00015312821770880
  0.00016385406363838  0.00017689047096053  0.00019218095510582  0.00020819211907407
  0.00022543320625034  0.00024532656652549  0.00026735866416015  0.00028954225375900
  0.00031337511002664  0.00034000562566659  0.00037065302406233  0.00040836223247610
  0.00045073760580768  0.00049703763629774  0.00054317337663738  0.00059226978049240
  0.00065045901722710  0.00072321951817538  0.00081765127106535  0.00092945968404210
  0.00106048401832727  0.00121420172924872  0.00141040484741676  0.00171918380884150
  0.00209591052913879  0.00247573935842547  0.19761532540348159  1.00000000000000000
 -0.00189207878643894  0.00889038611229375  0.01706293630650599  0.02554783147203663
  0.03290722301402858  0.04027383116890620  0.04821687169421812  0.05755259722432194
  0.06748711125911611  0.07613613528819224  0.08432379427501160  0.09181121087770598
  0.09988319289895732  0.10845694288522600  0.11742297864084610  0.12633725427941300
  0.13489800532128618  0.14353377973982334  0.15284730645455311  0.16300184284143276
  0.17355496378722990  0.18278502818580220  0.19198584478698252  0.20071135721002420
  0.21031202822013528  0.21842543039729520  0.22663496598995531  0.23530571478766926
  0.24577753396492896  0.25538248778187495  0.26466392133396183  0.27329339637178340
  0.28248578095234939  0.29115260515143232  0.30066252971003310  0.31040995714455755
  0.32069683882709710  0.33099277795247622  0.34145034492024295  0.35270089968313650
  0.36333246898300142  0.37262436852570774  0.37960182735885056  0.38718622774941203
  0.39469573096437355  0.40207388521912873  0.41037630856067620  0.41875440474187203
  0.42753128369487670  0.43653524590824450  0.44660769779650078  0.45739539875769303
  0.46849882279616945  0.47952320610040799  0.49034845157210416  0.50102779232842742
  0.51162054282910507  0.52267217352112116  0.53417938670729082  0.54628269441080091
  0.55914313822346928  0.56813828718188875  0.57686125693177936  0.58518845949364040
  0.59274997256368367  0.60296072353158991  0.61473900873720888  0.62708082203676019
  0.63979217308909275  0.65227357816482290  0.66485971780110786  0.67775573692600544
  0.69062709823378821  0.70321940948555639  0.71633809554921768  0.73043423152928233
  0.74430402669344209  0.75708340370928273  0.76902290334683732  0.78005995883940493
  0.79133494158379636  0.80323413153427470  0.81459231967367440  0.82600390182041017
  0.83708722958766224  0.84888246977061743  0.86173507124361293  0.87588448613031544
  0.89159386853722733  0.90816006813735062  0.92423809866721884  0.93849910034999429
  0.95077928493205965  0.96477683557860927  0.98221276055597284  1.00000000000000000
 -0.00237527757628521  0.01135729532346031  0.02237842488049726  0.03360704624572015
  0.04436352738457669  0.05464716386867788  0.06382783501139590  0.07333189103170698
  0.08322443676990571  0.09400410721760438  0.10327654645107588  0.11043360561796861
  0.11756885899558717  0.12434267131193577  0.13074696655931245  0.14177491792793537
  0.15477066709814052  0.16799253651255405  0.18121827212866340  0.19402678202280507
  0.20591478999477245  0.21729160130206604  0.22639296734343667  0.23446609389403145
  0.24227199193416066  0.25028652131344131  0.26003152763796189  0.27003858639542710
  0.28017919436818051  0.29164391487822633  0.30256170056436205  0.31234970423298858
  0.32105023744056027  0.32954948650263982  0.33806216706431380  0.34753718867253625
  0.35895632973342689  0.37156277468120658  0.38374636975968784  0.39398291749284253
  0.40447323994003354  0.41498377070219422  0.42751758064280870  0.44027882598421908
  0.45274896774733137  0.46514110278915255  0.47807860231319704  0.49180810962517924
  0.50454982311654317  0.51667979230136196  0.52718348889496913  0.53803003397685467
  0.54924974321547904  0.55985752327434324  0.57092129450787288  0.58128738908621536
  0.59265543627917694  0.60451538498564172  0.61683308350687038  0.62902694601462195
  0.64087317292386048  0.65151709803085855  0.66233567567699614  0.67382569358841826
  0.68439763302556245  0.69407843749257081  0.70343701125717073  0.71312774749107244
  0.72320993954353985  0.73258832399188478  0.74154293416496531  0.75099815366159406
  0.76154096604281452  0.77324485627703210  0.78388605473036710  0.79427577406743455
  0.80407249584130180  0.81374337856648071  0.82352163055164096  0.83413421640286201
  0.84540283524758730  0.85718118344258520  0.86925904006337407  0.88218027026593193
  0.89393265363238583  0.90599154792076964  0.91796489390456826  0.92850664364403801
  0.93808559014605086  0.94727782499474433  0.95592360884358518  0.96470073827560276
  0.97337770566896653  0.98158608380283829  0.99108380556228082  1.00000000000000000
 -0.00191613449956910  0.01055794960610956  0.02134146048168793  0.03250929176348490
  0.04326010260627024  0.05409024194252399  0.06449767956951592  0.07462866094234412
  0.08584007166036646  0.09813159609064059  0.11002799640581243  0.12091500382259400
  0.13089305940753038  0.14066189745383750  0.15055414948769805  0.16065182746525605
  0.16908874172800828  0.17589704834398895  0.18233301165301738  0.18910830367800827
  0.19815496676943728  0.20916632489082831  0.22220964551883232  0.23597936417928186
  0.24731560954090306  0.25779661521533320  0.26792015432162325  0.27925610629989828
  0.29034987609870211  0.30187761071082919  0.31264932494564668  0.32269709104271138
  0.33269177892998925  0.34337732379096636  0.35357144489266773  0.36270743222989182
  0.37155762018218436  0.38064250507923053  0.39151495347929960  0.40252119365761152
  0.41243984720079724  0.42182282570889423  0.43099351699425720  0.43976646603035779
  0.44901289042304221  0.45951205438298459  0.47115158663195472  0.48228994263648667
  0.49244600728642290  0.50263319404684814  0.51315813676238720  0.52420454914158965
  0.53464708075018608  0.54433736733673677  0.55430250723168062  0.56509158485808964
  0.57690509191291361  0.58701582895395388  0.59721171472278944  0.60733825522239959
  0.61811554996641260  0.62819190715511808  0.63727505481514335  0.64595184542679329
  0.65491799241229376  0.66394533359774466  0.67380019122760459  0.68406553107494950
  0.69544880314127144  0.70751689381057470  0.72066642868970754  0.73422195051266681
  0.74818968919960971  0.76225225374551375  0.77644848874507855  0.78933183920466710
  0.80227816860005030  0.81465277929546942  0.82684100241314407  0.83693713308133810
  0.84338128631404485  0.85025189027018144  0.85673146539817080  0.86276817187717725
  0.86828041655064014  0.88038054568761037  0.89195721237319792  0.90207300486687281
  0.91209999509909179  0.92405111295120690  0.93787446865820101  0.94996190564923710
  0.96141308702527972  0.97339669741702961  0.98633153985300259  1.00000000000000000
 -0.00000447818952000  0.00005644567431261  0.00011468066967484  0.00017291566503708
  0.00023404977408746  0.00029543007288740  0.00035681810554091  0.00042466925168011
  0.00049252039781932  0.00054274579892366  0.00057722290026469  0.00061490104883615
  0.00065648288489108  0.00069889402049688  0.00074174047324719  0.00078690634508187
  0.00083199830007112  0.00087700534242782  0.00092040899611682  0.00096245880483202
  0.00100040413498014  0.00104182991570899  0.00109041690416148  0.00113889487828793
  0.00118707330428603  0.00123576975866353  0.00128841109403533  0.00134146686888511
  0.00139691484686315  0.00145265635816521  0.00150915684336178  0.00156773991070777
  0.00162892111852844  0.00169412813577994  0.00176158662910402  0.00183446181806469
  0.00190538576285391  0.00197478552600350  0.00204762629211568  0.00212606851122813
  0.00220854103922744  0.00227956063776811  0.00234835055808877  0.00241515148666406
  0.00247562085230586  0.00253470374788406  0.00260333074147778  0.00267460528128525
  0.00275366708594656  0.00284313006439977  0.00294391348301350  0.00305224509751773
  0.00315214192276355  0.00324504264514169  0.00333460393847114  0.00341841655960104
  0.00350001528487921  0.00357939788755454  0.00367649633446750  0.00378444548628627
  0.00391292977511179  0.00408330494335020  0.00426966236985600  0.00437821005868209
  0.00448075844160138  0.00457774709187176  0.00466688175145929  0.00475548740209561
  0.00485715069811381  0.00496955023617058  0.00510108745010531  0.00527619847761687
  0.00553182482799353  0.00579304456260686  0.00598711087502516  0.00615514967080822
  0.00630742033599854  0.00646241992156341  0.00662201780848980  0.00678801252264624
  0.00697870113868975  0.00790047742889179  0.00820753493522586  0.00853450566378187
  0.00882929029234130  0.00908956856591038  0.00934406724213052  0.00964209187473659
  0.01001783367686739  0.01033753523053792  0.01064078827567946  0.01110760221491273
  0.02223486468706991  0.02689170129955746  0.55985637567860191  1.00000000000000000
  0.00017645764075312  0.01566096078717948  0.02902099365102732  0.04272885816017318
  0.05656359365635392  0.07246357647193245  0.08959567287316153  0.10574795060641289
  0.12023746786507955  0.13386294196265675  0.14686979114020629  0.16034009524651369
  0.17258051141978489  0.18363331648223652  0.19456963665382773  0.20513981320821059
  0.21507310427957868  0.22457371785264285  0.23459771731051529  0.24418085230033729
  0.25393090181097616  0.26270988296950187  0.27132191084652091  0.28019226500184380
  0.28842955127500547  0.29687547486418470  0.30482264904774298  0.31342302925786364
  0.32219051542220162  0.33135261581808201  0.34091013629078776  0.35032329216634472
  0.35949568124369785  0.36838060849299814  0.37712519906026004  0.38586277378017675
  0.39432723628649097  0.40311861613365857  0.41236158441078224  0.42179556000744767
  0.43100713828202780  0.43780420057169178  0.44410191994893572  0.45039932786010195
  0.45667293656627400  0.46286935742403068  0.47186792094620494  0.48125758297131216
  0.49169936788017038  0.50229956770847317  0.51256876020920594  0.52279792278528925
  0.53303553688020411  0.54309296905426396  0.55311604165282779  0.56217458644036367
  0.57075922339511598  0.57667007771155487  0.58244282381232215  0.58854933074295368
  0.59546456457572527  0.60429987876287783  0.61293292296326651  0.62268666868982980
  0.63316565978588812  0.64324615929507689  0.65228245014939867  0.66070854532719403
  0.66973620399188172  0.67975112903814561  0.69038324249715477  0.70124625535420615
  0.71142229159442505  0.72165102226736444  0.73186291330040454  0.74215444938897246
  0.75274465925802425  0.76350654046257482  0.77393978078648462  0.78383089929240379
  0.79392902041973890  0.80486351907352627  0.81641567608522170  0.82720951826453815
  0.83783213107627041  0.84921449899350676  0.86170631192219560  0.87632129540659320
  0.88978416512277447  0.90348124110055328  0.91685094721959159  0.93222594474374920
  0.94963688423396342  0.96736558183275367  0.98315490632568980  1.00000000000000000
  0.46593919228931396  0.53809389011133768  0.54975630668211750  0.56141787295421219
  0.57228872755702365  0.58280716953806311  0.59362101037337911  0.60427246939965673
  0.61432066608312685  0.62408665853331569  0.63291227976800113  0.64100484960938275
  0.64943636335471755  0.65825801199414569  0.66692999717534596  0.67484844050712189
  0.68259370051476387  0.68983923125072455  0.69652514512308372  0.70301284844189360
  0.70954676266903183  0.71611168828302840  0.72270952708872283  0.72899491043535791
  0.73545148590797726  0.74203059338380584  0.74855791886976608  0.75507054388095585
  0.76156808835372192  0.76785060461705201  0.77389788389914627  0.77991927679173445
  0.78609096373720067  0.79202468226877576  0.79774343915841595  0.80325864479172293
  0.80882075324228164  0.81437190817020955  0.81971554142990888  0.82499506307050974
  0.83016661068175535  0.83530479221995801  0.84015150437637964  0.84479456151364063
  0.84909763810829364  0.85355366323614135  0.85780429807117031  0.86213856561609759
  0.86650390862415716  0.87091663831834221  0.87513274067458768  0.87915361812575388
  0.88301198453012020  0.88686798201870032  0.89070040624503954  0.89447198808991812
  0.89814616834902661  0.90173977982990428  0.90533862396117637  0.90901801738310306
  0.91272263915605523  0.91627354449596454  0.91952473300685811  0.92240293162830655
  0.92515691913312925  0.92776392546702147  0.93036666409130331  0.93297617203020267
  0.93552922114562720  0.93796022561539782  0.94025967724681614  0.94253026715313670
  0.94490887914787791  0.94731829801340717  0.94978106577872423  0.95243581692564050
  0.95497319934988212  0.95742384549020509  0.95985655293760119  0.96254124777977290
  0.96526317599464284  0.96781189372858045  0.97024368836906050  0.97266698671650098
  0.97523909108142404  0.97773929672842441  0.97994242041251467  0.98199058604521894
  0.98410467780542732  0.98616273032175794  0.98799784322933837  0.98981194341133116
  0.99182439268578182  0.99429478193759246  0.99723480199269876  1.00000000000000000
  0.02001464621187936  0.15815343192868908  0.18522349206036334  0.20773848179125703
  0.22640852795724808  0.24347668438052203  0.25956422360701309  0.27447820359140229
  0.28789799941459648  0.30144897230304774  0.31392458758983127  0.32457258099253433
  0.33418603857346435  0.34329076528569441  0.35231476783802762  0.36112925779096833
  0.37015283209171668  0.37885631934106329  0.38665524283837421  0.39412829031529983
  0.40113158149979949  0.40837360883774149  0.41590775831246063  0.42335077236612101
  0.43056924730607771  0.43718069846633340  0.44357866620424208  0.44993840847566180
  0.45603946803432360  0.46277547294243693  0.46919072268898521  0.47621070355910478
  0.48233790380514407  0.48860184197147133  0.49479089721281377  0.50024262733276381
  0.50527053919949572  0.51019620684814215  0.51476760919578091  0.52018901446293242
  0.52560307010394247  0.52965678267469529  0.53298592545680923  0.53626584729622484
  0.53979887884501110  0.54354937791018121  0.54786822823072934  0.55383201388314074
  0.55958513570500878  0.56514049032817626  0.57105824997878984  0.57662221848694928
  0.58178256892971658  0.58675520308986284  0.59171524994145575  0.59680605376909357
  0.60193221808123198  0.60698098222297325  0.61196250984046219  0.61680365024578399
  0.62160320247032363  0.62641142966858687  0.63096298325471334  0.63577739218290641
  0.64115729617589912  0.64642580240145064  0.65147284094842450  0.65668166942509132
  0.66181306427007247  0.66667497986738178  0.67119360632441127  0.67572987151719666
  0.67999623737743087  0.68381219717972985  0.68771203889841215  0.69229192672415485
  0.69758318348414061  0.70306869795336291  0.70895159236117833  0.71487777983885514
  0.72133129641545057  0.72776584627714314  0.73479966313561440  0.74195240306634380
  0.75036589034546275  0.75988466892238293  0.76921409159108933  0.77705500366870550
  0.78460024334709066  0.79257670869184371  0.80157028334647373  0.81205428757510456
  0.82823048927933363  0.84868498653324498  0.87880771151518200  1.00000000000000000
   1.8001131940026247E-004  -1.0000000000000000     
 F F F F F F F F F F F F F F F F F F F F F F F F F F F F F F F F F F F F F F F F F F F F F F F F F F F F F F F F F F F F F F F F F F F F F F F F F F F F F F F F F F F F F F F F F F F F F F F F F F F F F F F F F F F F F F F F F F F F F F F F F F F F F F F F
  <DiscreteSampler_grid>
  grouped_processes
  1 # 1 for a reference and 2 for a running grid.
  10 # Attribute 'min_bin_probing_points' of the grid.
  1 # Attribute 'grid_mode' of the grid. 1=='default',2=='initialization'
  0.0000000000000000 # Attribute 'small_contrib_threshold' of the grid.
  0.5000000000000000 # Attribute 'damping_power' of the grid.
 # binID   n_entries weight   weight_sqr   abs_weight
    70   10   2.685471031855337E+003   3.185029482829031E+007   2.685471031855337E+003
    73   10   2.947821899969355E+003   3.517751012657657E+007   2.947821899969355E+003
    74   10   2.947821899969351E+003   3.517751012657640E+007   2.947821899969351E+003
    76   10   2.675147282128057E+003   2.720573786283907E+007   2.675147282128057E+003
    77   10   2.675147282128056E+003   2.720573786283904E+007   2.675147282128056E+003
    85   10   2.947821899969355E+003   3.517751012657657E+007   2.947821899969355E+003
    86   10   2.947821899969351E+003   3.517751012657640E+007   2.947821899969351E+003
    88   10   2.982128365814029E+003   3.553301573515224E+007   2.982128365814029E+003
    89   10   2.982128365814025E+003   3.553301573515207E+007   2.982128365814025E+003
    100   10   1.792965915805736E+003   1.752461616892936E+007   1.792965915805736E+003
    101   10   1.792965915805738E+003   1.752461616892938E+007   1.792965915805738E+003
    142   10   3.601863967698800E+003   7.541695353033409E+007   3.601863967698800E+003
    148   10   3.884377284318262E+003   8.046525519261608E+007   3.884377284318262E+003
    149   10   3.884377284318265E+003   8.046525519261611E+007   3.884377284318265E+003
    151   10   1.792965915805736E+003   1.752461616892936E+007   1.792965915805736E+003
    152   10   1.792965915805738E+003   1.752461616892938E+007   1.792965915805738E+003
  </DiscreteSampler_grid>
