  0.00275010316423913  0.01562197120352044  0.02809055758844213  0.03923319829320235
  0.04972423215989634  0.05923649589444741  0.06870287163787128  0.07833543786528800
  0.08946863095972868  0.10248249443944822  0.11215214676058037  0.12050515676502258
  0.12979778188772753  0.13831088410083750  0.14584044334024179  0.15332068125765960
  0.16203385777501270  0.17302807125788836  0.18348335636737523  0.19268175592733158
  0.20138390916881269  0.21075660614412825  0.22072890082933352  0.23050603082532134
  0.23844682197385500  0.24623193795241291  0.25429806319529297  0.26267617942984767
  0.27148066321917319  0.28054532689139733  0.29017163412836183  0.30116383235003963
  0.31225339068434105  0.32125244281897242  0.32946399947248728  0.33828121205722761
  0.34745594764353743  0.35641785239762175  0.36462349591235038  0.37245802703175362
  0.38217718953882313  0.39438054947471091  0.40625384261750896  0.41792618483704175
  0.43005277915921791  0.44280051702275952  0.45533441802111169  0.46851712327270045
  0.48185886429524671  0.49398492153764456  0.50528710156924828  0.51608331895894610
  0.52810761713626808  0.53940280634172644  0.54925215887905787  0.55877178646998749
  0.56780509397977519  0.57645881095857876  0.58523431398541392  0.59329821769044522
  0.60235502454870260  0.61204420073835930  0.62192822346908472  0.63192914529843691
  0.64201962843547322  0.65221315880005026  0.66308664767525849  0.67415812640753248
  0.68586314669145976  0.69723959759816512  0.70909708028930840  0.71964896444722004
  0.73007534865703061  0.74033527998886695  0.75265772443233847  0.76523759767660993
  0.77541613211790705  0.78402804307463903  0.79283000986257102  0.80319136839974203
  0.81661947771534982  0.83268006107928960  0.84834208912476228  0.86300727300551172
  0.87520954001105300  0.88588819515576989  0.89669721755673071  0.90877560899686949
  0.92125087246619508  0.93337306912525142  0.94579142887591261  0.95851234047720246
  0.97033697159658749  0.98087175005602167  0.99100922087586640  1.00000000000000000
  0.00004488882940776  0.00005819971042801  0.00006726729535092  0.00007459443294675
  0.00008071177939459  0.00008597094791189  0.00009049755347434  0.00009464370888609
  0.00009863613131740  0.00010242495112969  0.00010620721400463  0.00011023095395464
  0.00011475651920444  0.00011900595154709  0.00012296346339465  0.00012696593633696
  0.00013149009517465  0.00013608308924489  0.00014039971476317  0.00014459373271539
  0.00014884400484348  0.00015326091381582  0.00015786910302752  0.00016253455649794
  0.00016718561140918  0.00017186625672294  0.00017682000883148  0.00018182768842096
  0.00018686167944141  0.00019199260114306  0.00019790563029217  0.00020472900293693
  0.00021130193856085  0.00021753453055892  0.00022371242101944  0.00022982224853886
  0.00023671575771202  0.00024382308117485  0.00024958742650183  0.00025576797492730
  0.00026193303330190  0.00026847079758418  0.00027615416943175  0.00028449714036647
  0.00029334202609654  0.00030317934263200  0.00031317593601758  0.00032351870412305
  0.00033483290816478  0.00034802752001602  0.00036038807335159  0.00037323551422069
  0.00038590299850845  0.00039894165350903  0.00041334544345154  0.00042756418308120
  0.00044217029095532  0.00045752235680238  0.00047297960547302  0.00048880381845920
  0.00050669877786210  0.00052429174847109  0.00054262353651331  0.00056496119034423
  0.00058932057893824  0.00061867867471180  0.00065410712156826  0.00069719375935006
  0.00074737229333054  0.00080107151284069  0.00084707789341692  0.00089660786066897
  0.00096418805415022  0.00104445213540588  0.00112843438707444  0.00119646423018011
  0.00125859917758405  0.00132147302581823  0.00138540819040481  0.00147013480031426
  0.00159757856490379  0.00175866494907311  0.00195461363475718  0.00215180301499425
  0.00234546497790312  0.00254517533402385  0.00277270895114652  0.00314888721757985
  0.00371880774905101  0.00421247867266292  0.00475333000483709  0.00588346105116317
  0.00812729921203301  0.01265298299419390  0.04365942009416229  1.00000000000000000
  0.00007659168225048  0.00010700803809688  0.00011691660408408  0.00012472670751518
  0.00013258275493196  0.00013978713289106  0.00014681186172297  0.00015304371883749
  0.00015903868659287  0.00016434240511293  0.00017107732625996  0.00017946381543505
  0.00018846340806070  0.00019733760265428  0.00020597076778224  0.00021472173824313
  0.00022384206113141  0.00023396869179176  0.00024427401333755  0.00025383043460756
  0.00026341873457156  0.00027305030026953  0.00028285607995565  0.00029323679825205
  0.00030470769120279  0.00031683299301406  0.00032937621078938  0.00034166565290742
  0.00035302687563824  0.00036355990214880  0.00037563412965350  0.00038796182997908
  0.00040115376090760  0.00041607710106621  0.00043031983441267  0.00044500579755519
  0.00046008104223034  0.00047561250634210  0.00049176119897058  0.00050757438640880
  0.00052289146365338  0.00053830383566131  0.00055339434308167  0.00056806295794292
  0.00058242750183523  0.00059695637513106  0.00061259056567552  0.00063057719090015
  0.00065107459663980  0.00067187407514377  0.00069321389983885  0.00071731171252582
  0.00074198949037982  0.00076649430651963  0.00079291123078195  0.00082578291601177
  0.00086493416855448  0.00090647135149870  0.00094844188292019  0.00099102942688264
  0.00103718133883469  0.00109127718090439  0.00115026961553936  0.00121120754714582
  0.00127352667426926  0.00134038827983364  0.00141444628809407  0.00149784174581840
  0.00158859662753537  0.00168801271862271  0.00179052379498989  0.00189295143164982
  0.00199912743575217  0.00210535746920186  0.00222989590804524  0.00237004808533953
  0.00254295394984945  0.00274282867676010  0.00296670695263165  0.00321575052200382
  0.00348698020712223  0.00379814623587890  0.00416557534366748  0.00461288550702978
  0.00515524360946683  0.00575418014159028  0.00640844900797945  0.00726614077240209
  0.00807846610988605  0.00913952507830303  0.01081317038975629  0.01382434090205463
  0.01688438299417246  0.02353845891000510  0.09387436016183241  1.00000000000000000
  0.00025334987874250  0.02982272225528263  0.04985910372549934  0.06662832082319785
  0.08340162393001219  0.10027065734132148  0.11383458218587671  0.12544461987050995
  0.13705211515628923  0.14963169467323476  0.16268051521960539  0.17517688938082560
  0.18671111815563135  0.19840046617377374  0.20945864865639985  0.21982458269759994
  0.22932853520199509  0.23843459678336706  0.24784878921358605  0.25941758439020152
  0.27192096295912604  0.28440936711156412  0.29312749304938479  0.30004587954453010
  0.30723455715592141  0.31566272175959642  0.32490080681026379  0.33326408300910687
  0.34100132700060798  0.34813265034095281  0.35617441597984750  0.36700694742873025
  0.37704972447253421  0.38736753851019462  0.39732033764264890  0.40752284965625413
  0.41807306028760333  0.42831772980571753  0.43893804739889741  0.44972325971176225
  0.46174453781666597  0.47407604256043617  0.48450938039678160  0.49302706625876619
  0.50149452113698800  0.51046226259968563  0.52053687379378610  0.53112972138375336
  0.54053339419848168  0.55044552068885322  0.56052793229788778  0.57125184833342513
  0.58138343063868658  0.59205500693369606  0.60250738132623405  0.61381343907666186
  0.62619693930032228  0.63854017115108952  0.65021431769464266  0.66123944481507346
  0.67086013807254963  0.68022832320489157  0.69080063576523953  0.70269513644601334
  0.71342291188291884  0.72321260963710632  0.73245380651872072  0.74231058796836646
  0.75099485979178404  0.75816417242870304  0.76507982680813591  0.77205056710017761
  0.78002015122733603  0.78882151145791080  0.79787875227459981  0.80495249767975419
  0.81083687242568270  0.81866927782083221  0.82757527093628158  0.83764052744225925
  0.84830307900380197  0.85863508249596954  0.87039043514764736  0.88075573575071364
  0.89048211282704059  0.89968777571994074  0.90727617418423723  0.91536209260719592
  0.92301885757340107  0.93064042098476085  0.94014369464848668  0.94995526890006088
  0.96028767955928607  0.97096174149139802  0.98164247412622818  1.00000000000000000
 -0.00213346785958110  0.01079639746398402  0.02309310887674240  0.03548072130125771
  0.04868420357344338  0.06286470017261980  0.07749422988578634  0.09223697415658376
  0.10627715215061330  0.11966267744829749  0.13203197961337401  0.14370980899278146
  0.15450827011106025  0.16544252653714536  0.17667029945397283  0.18762140539274849
  0.19851424677189319  0.20972169267360180  0.22042254288704821  0.23091533657788987
  0.24189596886566475  0.25219418640467245  0.25986378135766142  0.26735789370901147
  0.27439320392770028  0.28170407103279604  0.28915240870008940  0.29670615199821715
  0.30442785342624612  0.31289867115860959  0.32371453430079411  0.33438611724928546
  0.34639051433981638  0.35930295099465082  0.37153557065339965  0.38385442700331091
  0.39566834747682439  0.40727120650677412  0.41961834463485898  0.43092473251527807
  0.44225119785547196  0.45255787354734417  0.46149189532412921  0.46972643618414839
  0.47860532367269859  0.48801541264568449  0.49667975839915751  0.50441606569678177
  0.51179209442487439  0.51984032612701236  0.53045975755509356  0.53980417734625841
  0.54863274248235105  0.55688428960219183  0.56452451423541350  0.57307935439208801
  0.58320720167950668  0.59322536195204012  0.60356234657543062  0.61422704831782537
  0.62463679871515698  0.63421466380291636  0.64294057942796490  0.65160663279191944
  0.66081521835287282  0.67040924684745706  0.67958974855018017  0.68845273537040097
  0.69722860219713945  0.70667593414293395  0.71713212151520267  0.72798951415774704
  0.73874156195890084  0.75043870719082484  0.76292519459064356  0.77596652134137423
  0.78893568618660082  0.80057887187893340  0.81212579265568330  0.82309955457337092
  0.83480586052755801  0.84399290711561969  0.85374914759103981  0.86332792526545066
  0.87313172768132719  0.88305179585380300  0.89432944082720101  0.90682251653445045
  0.91884773139990938  0.93020396406432182  0.94119985273225237  0.95265016951941439
  0.96404882498712419  0.97679552456436824  0.98767797710156824  1.00000000000000000
 -0.00231535015458727  0.00664594836249659  0.01532343847986908  0.02427327682746493
  0.03423112905968896  0.04634896114231998  0.06107669983119594  0.07480619698514271
  0.08630064359529713  0.09706633771387931  0.10716603562581364  0.11713400782007194
  0.12694198097565917  0.13701918402102037  0.14901175477218498  0.16046658756658944
  0.16936128277051662  0.17849471274078521  0.18838074908557279  0.19978271113824417
  0.21071342404016868  0.22041911999868546  0.23027995436143750  0.23972877539444115
  0.24885335791113250  0.25855322935437847  0.26803076924715252  0.28045938236409029
  0.29248470177672803  0.30537138324164537  0.31927300978980649  0.33383748908818350
  0.34756517293601696  0.35853512968273593  0.36831070747683448  0.37740627332240628
  0.38677722348584620  0.39613782645737272  0.40589714153759898  0.41580001714030906
  0.42645523352746784  0.43814047628499914  0.45075840730451172  0.46419013759763450
  0.47746599184504152  0.49001979002737633  0.50190396211959176  0.51326541694942551
  0.52454871942524095  0.53531944490481076  0.54531956378676583  0.55657992671691259
  0.56844107329882887  0.58247513439384480  0.59173918514454849  0.59958847240640156
  0.60720484151432685  0.61526630312331054  0.62317612399660161  0.63029494550745802
  0.63741904096611357  0.64462337167110006  0.65475970143920526  0.66511652015040279
  0.67438765654115651  0.68378354586286449  0.69352301991648235  0.70372937937357394
  0.71441066821934784  0.72468223079630145  0.73434949046739373  0.74377328437242862
  0.75441271690497169  0.76431897924421222  0.77373698707627425  0.78284848987873734
  0.79361256848647566  0.80640195801706638  0.81883126382670512  0.83014916621596235
  0.84236747358070507  0.85571985943887230  0.86978065753037159  0.88306518962264258
  0.89480697646696816  0.90367842242358332  0.91176543491589790  0.92019729513936876
  0.92907223967296515  0.93859463057733616  0.94800732805756083  0.95640641166863638
  0.96735179778758140  0.97867991232993823  0.98978003933596304  1.00000000000000000
 -0.00169489033464696  0.00879019013728879  0.01822527983711560  0.02680232111234648
  0.03468127976179879  0.04158620065625336  0.04818461429888658  0.05563796670474536
  0.06355152276993026  0.07080391873883178  0.07765875551832407  0.08449333235289506
  0.09231991907941053  0.10163630744368712  0.11167292197943467  0.12135796715856725
  0.13073586031139972  0.13994902320452660  0.14890382020882625  0.15841593402748727
  0.16795447755799520  0.17704878892333245  0.18638454906501592  0.19526262580885947
  0.20535790831472917  0.21571247691631784  0.22609497390455480  0.23599232697095024
  0.24448461551408540  0.25279008133702846  0.26128468003783939  0.27002884555427481
  0.27886137559041829  0.28777444619915693  0.29712522467892821  0.30842548212843124
  0.31857214974891701  0.32883773394724347  0.33876597783802975  0.34829198372013870
  0.35715830876829641  0.36487704191642978  0.37275062834351913  0.38095164009877969
  0.38900455352697710  0.39730508095424688  0.40609284318310562  0.41508329922857923
  0.42469898282942947  0.43216079918058947  0.44060893322982503  0.45021444282984446
  0.46091054992501251  0.47205220528077430  0.48373559010799622  0.49606270042201600
  0.50855725571874388  0.52239957173884299  0.53650942736431162  0.54966980708377133
  0.56219961960509202  0.57552111225856728  0.59009817179472079  0.60296336724883104
  0.61611162001827224  0.62932498672477821  0.64253653108149333  0.65498789824616965
  0.66709259117077147  0.68054155789224835  0.69489140501797986  0.70699876458594857
  0.71546343018284009  0.72422359530708980  0.73337600365771438  0.74314185180604952
  0.75327430783414950  0.76372345430336064  0.77533302566645279  0.78924213346388516
  0.80128834994139075  0.81370622381294333  0.82810525392877110  0.84421912548435107
  0.86011078925834794  0.87504850013319957  0.88950132967938345  0.90128908892798287
  0.91167755782596172  0.92349245263826796  0.93559925104723052  0.94645988121218205
  0.95647403591577940  0.97000928424742072  0.98482824572475636  1.00000000000000000
 -0.00246370063494508  0.01005156723532830  0.02094568445449842  0.03182646050484964
  0.04217983783111391  0.05308086749792387  0.06454365742477501  0.07761844338480030
  0.09068901745777030  0.10268126053124506  0.11479703225981534  0.12721231163644001
  0.13899920815869826  0.14807796947492288  0.15670463159319123  0.16509678489312785
  0.17411368378059816  0.18372205643415915  0.19429650744811777  0.20391395990448830
  0.21306963329238313  0.22270454022657066  0.23251481160387241  0.24320705200809734
  0.25425491557701496  0.26465164085602366  0.27536970404272781  0.28691530360085266
  0.29865559760551630  0.31016346345641460  0.32143385466286856  0.33237614684272265
  0.34305761475264268  0.35400913403913853  0.36584902126484947  0.37686540995441004
  0.38769293174917863  0.39612570498397315  0.40503299192819525  0.41399149956282416
  0.42360649836517134  0.43458497830392234  0.44750706593908085  0.46003938324379168
  0.47201553552026554  0.48286498300424574  0.49391482188471802  0.50541910517864763
  0.51912496722246271  0.53137357552442532  0.54235954268608788  0.55141194608752342
  0.56065323381271615  0.57052807363060265  0.58054841962495929  0.59073624794736113
  0.60184837524601709  0.61414299359038149  0.62503652458312176  0.63392994376038325
  0.64315669858606128  0.65241953303242528  0.66107506965040053  0.66988543067364070
  0.67802842420844989  0.68655853248193088  0.69709827968724236  0.70858360013542687
  0.72004328982708787  0.73186816879610306  0.74406624246629260  0.75617163774393426
  0.76811392577599280  0.77932065900708325  0.79094131462147588  0.80227482558043806
  0.81303466182679485  0.82397997157952063  0.83474366988585669  0.84578185851491405
  0.85829739656555781  0.87236996179901238  0.88471020513962595  0.89635275614690579
  0.90516910451381749  0.91494611497415546  0.92175869146167477  0.92871318586834073
  0.93610855948285454  0.94362012116548366  0.95130101569465986  0.95975330208334986
  0.96910046835305874  0.97893242167681249  0.98932485039553719  1.00000000000000000
 -0.00210108746687657  0.00871395551203951  0.01846522733997776  0.03015996583190737
  0.04299485998088323  0.05635218898915366  0.06767261927872206  0.07726549855350805
  0.08548969317913933  0.09311623673548874  0.10047420160559477  0.10846532406198313
  0.11742035577821783  0.12746846153769079  0.13689142047767436  0.14566340758033020
  0.15450083054560274  0.16365732861889351  0.17336486849589286  0.18297990497174157
  0.19388884412568547  0.20614826813181086  0.21867151125544373  0.23098223025514400
  0.24071206584069013  0.25063691292687851  0.26100811131955926  0.27214235660832470
  0.28190609564254154  0.29097328034133130  0.30081526286740634  0.31151298648881803
  0.32131727430855012  0.32991347540467481  0.33947357872478040  0.34889933111517202
  0.35894781827016042  0.36932310069436974  0.38120369358529654  0.39307236253136213
  0.40415935202625070  0.41520760238250537  0.42657310845459595  0.43872013720134539
  0.45131588522595051  0.46363745119517608  0.47508688280076072  0.48590950519287457
  0.49568125544704689  0.50599146370546022  0.51705833057523387  0.52980897826378137
  0.54327938100884721  0.55675231627521493  0.56794881477000825  0.57820350962399403
  0.58791260703020953  0.59788634903772908  0.60807206174094341  0.61792853372045775
  0.62733608942226360  0.63660472541654711  0.64602988945806816  0.65606214575423816
  0.66723793157521727  0.67767111730843044  0.68943778782609477  0.70069276949382764
  0.71101695986748892  0.72015524436491152  0.72978230001492905  0.73946587951854237
  0.74869198108018997  0.75792271818408363  0.76735390848131357  0.77715359014559571
  0.78795083077820138  0.79966794419485510  0.81075022046355449  0.82242414444771939
  0.83365028274216224  0.84595755229264991  0.85767345040779097  0.87018146222347514
  0.88021026072432684  0.89142267700958788  0.90320993313339248  0.91584664774911306
  0.93063348892692654  0.94370346053204068  0.95594997941472715  0.96682934046500957
  0.97659524304570655  0.98554973745802255  0.99316114320661497  1.00000000000000000
 -0.00237916653785503  0.00934850355901595  0.01931273343773903  0.02844935143053984
  0.03870908210692628  0.04940190649253227  0.05977187482589306  0.07075928653218994
  0.08255193035409594  0.09504001034023675  0.10736852317328512  0.11898009054467933
  0.13085949481212825  0.14373094538005801  0.15554124626184440  0.16682518961696052
  0.17702686744456569  0.18811948896949174  0.19942710948429401  0.21165451896594756
  0.22385602709922464  0.23482568314844587  0.24475194640032577  0.25391613191918538
  0.26324148463431274  0.27226984577331115  0.28046956954956620  0.28861440565002200
  0.29714924118426694  0.30624660417495830  0.31540747700597715  0.32427995575820817
  0.33255492400175851  0.34260470484219852  0.35252976111275813  0.36292305209496883
  0.37369627101675895  0.38481276036619666  0.39572771092026249  0.40651152449201916
  0.41734994538380144  0.42787965576619230  0.43743188411117429  0.44696615359215752
  0.45731768711697179  0.46768506217650246  0.48016454501507555  0.49285305043159100
  0.50580767951289185  0.51900465840379983  0.53179122111041388  0.54305647189475392
  0.55458368306826922  0.56564517545243209  0.57624167798980352  0.58637544230462257
  0.59553634033864600  0.60486928689074282  0.61524468032556301  0.62674773384252869
  0.63803801452063280  0.64788238509787222  0.65736065483800610  0.66674323004428049
  0.67700176614622531  0.68745695572175647  0.69726347213224826  0.70739281876604843
  0.71776024692957130  0.72844203389292261  0.73867361568178458  0.74811886448783926
  0.75770250498020297  0.76843829195399360  0.77871784957242307  0.78968752674705989
  0.80029426193331432  0.81163656267955098  0.82443337601334166  0.83694543744138761
  0.84674786423521453  0.85565266853987787  0.86511954668156121  0.87643484974858521
  0.88848656415654814  0.90054613865140287  0.91095845934361219  0.92008627839547130
  0.92850312383914346  0.93656626594404158  0.94533129540115768  0.95648832862257593
  0.96741213467614939  0.97815159735379587  0.98826296237100986  1.00000000000000000
 -0.00181626508934912  0.00760294147425739  0.01646063693236832  0.02643375938433028
  0.03680816868773185  0.04473731765193725  0.05161568138791456  0.05857109848525058
  0.06517436031145957  0.07194550665297351  0.08144548164948526  0.09073516785525035
  0.09897331312887395  0.10749786657139052  0.11634244222316048  0.12659207740717027
  0.13818016357868418  0.14975865646672806  0.16064405344070840  0.17149641656535075
  0.18250452589726704  0.19312820935813449  0.20304222042670755  0.21323797068525141
  0.22373763812062542  0.23466462721628537  0.24532380917161345  0.25683456562203144
  0.26840879016545571  0.27983649685613721  0.28952878322169368  0.29927686634249961
  0.30882630218515894  0.31948148405680471  0.33125084700152757  0.34384406632861525
  0.35647804583938247  0.36841552435462765  0.37882844198778359  0.38858497221501448
  0.39834848870857681  0.40850501742747641  0.41905086546190662  0.42943952715455530
  0.43973586454240288  0.44945520058737554  0.45876232389463190  0.46745546697031171
  0.47767628548284274  0.48720671986473713  0.49639277715209584  0.50551828727016435
  0.51514247630516097  0.52404572321667298  0.53513144410316626  0.54684852414386032
  0.55733330122117553  0.56759849119152050  0.57776229582655969  0.58807144516658838
  0.60075068322311342  0.61100009663856447  0.62100192518019859  0.63062000489785885
  0.64111431558083354  0.64978571915649541  0.65685300243754274  0.66390294441755482
  0.67114133340271787  0.67808738977267879  0.68417332789412499  0.69117744428335870
  0.69878098611354933  0.70720218102883026  0.71763741467220388  0.72932020956094235
  0.74151682824811149  0.75419108978955818  0.76716178645980437  0.77982986635792451
  0.79194209030036267  0.80492301158533641  0.81977380813681022  0.83524008725964449
  0.85150094050234593  0.86690112375716755  0.88304743068975133  0.89911780460327073
  0.91385545774228505  0.92776642477873950  0.94229003450770854  0.95659350228062823
  0.96925464248317039  0.98056705150684775  0.99053786451390957  1.00000000000000000
 -0.00208502907999737  0.00917954928229052  0.01679079478176545  0.02433054236200152
  0.03280400245224262  0.04218927194494251  0.05179637329340842  0.06211278383145117
  0.07443066237576200  0.08812197740276276  0.10132765921403425  0.11132501789166781
  0.12074509905127269  0.13062127658360678  0.14224740687941015  0.15552967125650213
  0.16917714735806894  0.18127134291873348  0.19390955566166779  0.20674215697497095
  0.21987499748746267  0.23260397006777839  0.24320712630575958  0.25251721139256317
  0.26162673596283093  0.27183501952647238  0.28309508382640730  0.29519202107887910
  0.30688179960619216  0.31749352857687785  0.32674815334069562  0.33558656133087966
  0.34467073411226717  0.35519662961617138  0.36760321577226518  0.37988176232711107
  0.39231086536039900  0.40566595582497633  0.41886510332785176  0.43165510448337940
  0.44298684998545979  0.45346912475619383  0.46342713580035289  0.47333473641952889
  0.48382080412875450  0.49511052480602502  0.50651433024278025  0.51777815501808200
  0.52935533403513713  0.54150756772194875  0.55289365770300380  0.56389190143754109
  0.57405331975294382  0.58517656348931701  0.59571225779748405  0.60618837173971452
  0.61709523321051796  0.62852497263399643  0.64007002552970815  0.65173724497559060
  0.66260653286521110  0.67235997695092453  0.68144760324309961  0.69018502019056394
  0.69841111142122014  0.70720785918006557  0.71621272099840594  0.72575526485677877
  0.73580981065830842  0.74582975933558449  0.75543777301835946  0.76517924904531398
  0.77483541633400121  0.78493807372390412  0.79586109022818829  0.80839044160024509
  0.81939301288191035  0.82897114169640940  0.83801829330971533  0.84739497849302414
  0.85777392403378050  0.86745841894933717  0.87562066331041766  0.88316954858632302
  0.89103342640321959  0.89896245430563071  0.90720124248757861  0.91528155522604959
  0.92321972228449967  0.93163963049248955  0.94188165204574126  0.95382409888683117
  0.96551828159012465  0.97633692548294104  0.98794022027341311  1.00000000000000000
 -0.00303352969184281  0.01377879015213495  0.02753074460911020  0.04155293821229297
  0.05429831472236239  0.06481832022084903  0.07386696012829432  0.08345535433020689
  0.09551171486406862  0.10655710885709806  0.11831186820134687  0.13022556782798420
  0.14303013983078419  0.15517763483413383  0.16685842701919998  0.17813299695396834
  0.19120981860199512  0.20503708565948886  0.21780652392821964  0.22886849553473979
  0.23972367804119613  0.25150458707991702  0.26419176514773896  0.27677452977105527
  0.28930116624924268  0.30192349628345461  0.31466122462700130  0.32734308237164833
  0.34033854423710685  0.35444519615681758  0.37008289053860799  0.38565474602282213
  0.39941975701607757  0.41275372932783594  0.42627534740985173  0.44108600720212604
  0.45535027096644820  0.46715268431979468  0.47870296002512114  0.48872660899279535
  0.49893438894633230  0.50977274492772029  0.52206867594496231  0.53711389721888614
  0.55170491123718735  0.56614229749403433  0.58053584352973786  0.59192101832549371
  0.60331338368825149  0.61442812569840410  0.62745014870681792  0.64209759570437996
  0.65598642384632377  0.66749093126648418  0.67793614237272770  0.68751149503475462
  0.69735654979254180  0.70645910664337253  0.71658184442655937  0.72671502932596732
  0.73736158530521945  0.74859665145520915  0.76007672282160677  0.77281282285257036
  0.78735824588484149  0.80251230409060614  0.81783227693129512  0.83201901401582279
  0.84525272900524528  0.85611238881870977  0.86510473023609380  0.87354566287302660
  0.88150638702745776  0.89008596351070224  0.89866197517805457  0.90577146703246492
  0.91269972474902317  0.91888074798557506  0.92498601786652801  0.93118473053680673
  0.93662562501693158  0.94146187744081133  0.94617340872507660  0.95106934654248099
  0.95653470215825254  0.96155224914537241  0.96599285222203324  0.97014769976667425
  0.97435156434606185  0.97782348848188461  0.98193774364593711  0.98611494648337361
  0.99008220068645214  0.99371026551670127  0.99699135320830035  1.00000000000000000
 -0.00201722131334976  0.00954323075077169  0.01987830186915547  0.03145431825354335
  0.04412877755947212  0.05772865605249525  0.07081578559845396  0.08368160264494177
  0.09550742076280754  0.10791835124532345  0.12023065731416618  0.13303450567409122
  0.14508927422161211  0.15730025036648157  0.16912632030440575  0.18153698009802008
  0.19387961634018672  0.20713523159913111  0.22063484723084020  0.23387536661523212
  0.24599275433515580  0.25679406204179500  0.26611652096004013  0.27486240736064066
  0.28425805552144762  0.29486303407261533  0.30677762297403871  0.31973320039934783
  0.33311624162246395  0.34613783320252095  0.35892070499721124  0.37061811852173848
  0.38023335351348991  0.38881603384518582  0.39749638025125922  0.40695990357092554
  0.41750649477927254  0.42818197800430846  0.43834197401672487  0.44902064926581203
  0.46078483365037148  0.47260424843653098  0.48418668819681643  0.49448281209505224
  0.50524938887196880  0.51622497335429918  0.52801179878023485  0.54043252334224778
  0.55269330035894615  0.56444570279324613  0.57501856809905261  0.58633866626253062
  0.59719367446083804  0.60698900126692101  0.61493142360696262  0.62362671185745722
  0.63126573808698072  0.63860300932138370  0.64625660095841808  0.65548251167104321
  0.66414235521534148  0.67410321554132835  0.68552154125409392  0.69781948209991795
  0.70977994141833156  0.72137867014263057  0.73335210439293697  0.74445384616928112
  0.75399729622147582  0.76308093710387481  0.77227211987363487  0.78093591637644733
  0.78918269005790065  0.79595888454617802  0.80334100843711254  0.81159153830591590
  0.82200083090236409  0.83262771011621262  0.84237127665620981  0.85175667283609657
  0.86143774108507110  0.87105173410808390  0.87907855290011350  0.88658131030112641
  0.89466272733927654  0.90275141213888388  0.90984479856028910  0.91675572696126806
  0.92454533299561137  0.93208566279948368  0.94062198934070318  0.95075356819277002
  0.96086976974055827  0.97290691443239863  0.98604097515726474  1.00000000000000000
  0.49151987525533469  0.62273797141232634  0.65177743010272227  0.66705392433600375
  0.68096719262428695  0.69443979797354416  0.70312012793202050  0.71100421458494956
  0.71956806453384670  0.72919870948094623  0.73704618591801718  0.74470839772647501
  0.74991624175908489  0.75443682512610188  0.75872398012206288  0.76377269303691531
  0.76946035984164707  0.77543693270992220  0.78208461191963830  0.78882261777106988
  0.79464152043702396  0.79946633747394902  0.80341797148899907  0.80744666002784204
  0.81117748331816641  0.81437722389017497  0.81724574766741009  0.82008177047106590
  0.82296775305811443  0.82615327553721640  0.82979036074559709  0.83410599330786273
  0.83803770081441198  0.84145383941896967  0.84469717305549752  0.84794548064919872
  0.85117525198209087  0.85430742979954666  0.85730145522566437  0.86025528040692190
  0.86347704430943628  0.86649214534947705  0.86968960008230811  0.87299967424042191
  0.87634275606182854  0.87943412559060219  0.88252146857769564  0.88557148969716981
  0.88830954366180404  0.89086352827759230  0.89339801602896673  0.89602383043570299
  0.89874562210635445  0.90146838928729089  0.90424886638762014  0.90699342235487457
  0.90964609265312113  0.91228309511096306  0.91495651948321521  0.91766665419014581
  0.92029264319155824  0.92294126930552112  0.92558093276123388  0.92822344280395153
  0.93064064871653307  0.93289136945816564  0.93505642667081890  0.93705694319709187
  0.93893914622351582  0.94073598799887848  0.94246960952362624  0.94425059671000067
  0.94591475468529140  0.94762037991717585  0.94952853487089761  0.95154062869524225
  0.95362700676939693  0.95582689612378657  0.95817648259931609  0.96045873723700381
  0.96260445987848664  0.96479050450228188  0.96703769529813666  0.96937632762465120
  0.97181986547723354  0.97429624758797839  0.97683032807621129  0.97899139615657860
  0.98106565691728809  0.98305458873150675  0.98519687825646285  0.98774291400419867
  0.99045698949145300  0.99321666556638200  0.99626236750765373  1.00000000000000000
 -0.01518001873890750  0.07938981699090357  0.11306220205553300  0.13477308495501308
  0.15303098567669163  0.16722931516463865  0.17839796395177060  0.18830703939458548
  0.19845012451177577  0.20694041838834698  0.21426002610899153  0.22125404998075168
  0.22812442191379925  0.23451790146045803  0.23970470881098971  0.24454089636782622
  0.24969638863918744  0.25504076795665298  0.26017086032932174  0.26518698984125183
  0.27026842792866207  0.27520314864718876  0.28036953922899044  0.28583492044911091
  0.29117657818578818  0.29806798869732892  0.30468011079075569  0.31130574924355531
  0.31621517567454366  0.32053933758057285  0.32523645032281279  0.33031206518701151
  0.33555509769396580  0.34079301062742029  0.34593711951624712  0.35100761784189177
  0.35605301042699422  0.36094688872410680  0.36568755242524426  0.37054703426087754
  0.37521164438418436  0.38039560152436752  0.38604319765782219  0.39134346947491983
  0.39675302903262594  0.40279558607908961  0.40932673868918756  0.41595407143620955
  0.42245384282517401  0.42957692142381831  0.43664538125772973  0.44299533450231782
  0.44922749121195155  0.45479368513545521  0.46040284322296565  0.46624682642959470
  0.47200985939845042  0.47774449817442893  0.48376958321242586  0.48992902119893905
  0.49701144242962181  0.50393243972968527  0.51028865206565022  0.51617710885537227
  0.52173891660074045  0.52778084413655291  0.53382232730977131  0.53999325815055632
  0.54558234537757100  0.55080626362432017  0.55626657137630842  0.56158107382939282
  0.56746825116448962  0.57399901281097521  0.58091788387682686  0.58923164988609922
  0.59837521910194114  0.60665507706124033  0.61485269447573287  0.62258327019093462
  0.63097730980199906  0.63976194193845370  0.64935124361668961  0.65947482465666318
  0.67003840068896880  0.68127036220186443  0.69219136048150487  0.70415004138389869
  0.71802090120343498  0.73491908251078175  0.75314372556763332  0.77102244318362523
  0.78865312868296822  0.81091792971411480  0.84643447524863513  1.00000000000000000
   2.3525378435693624E-010  -1.0000000000000000     
 F F F F F F F F F F F F F F F F F F F F F F F F F F F F F F F F F F F F F F F F F F F F F F F F F F F F F F F F F F F F F F F F F F F F F F F F F F F F F F F F F F F F F F F F F F F F F F F F F F F F F F F F F F F F F F F F F F F F F F F F F F F F F F F F F F F F F F F F F F F F F F F F F F F F F F F F F F F F F F F F F F F F F F F F F F F F F F F F F F F F F F F F F F F F F F F F F F F F F F F F F F F F F F F F F F F F F F F F F F F F F F F F F F F F F F F F F F F F F F F F F F F F F F F F F F F F F F F F F F F F F F F F F F F F F F F F F F F F F F F F F F F F F F F F F F F F F F F F F F F F F F F F F F F F F F F F F F F F F F F F F F F F F F F F F F F F F F F F F F F F F F F F F F F F F F F F F F F F F F F F F F F F F F F F F F F F F F F F F F F F F F F F F F F F F F F F F F F F F F F F F F F F F F F F F F F F F F F F F F F F F F F F F F F F F F F F F F F F F F F F F F F F F F F F F F F F F F F F F F F F F F F F F F F F F F F F F F F F F F F F F F F F F F F F F F F F F F F F F F F F F F F F F F F F F F F F
  <DiscreteSampler_grid>
  grouped_processes
  1 # 1 for a reference and 2 for a running grid.
  10 # Attribute 'min_bin_probing_points' of the grid.
  1 # Attribute 'grid_mode' of the grid. 1=='default',2=='initialization'
  0.0000000000000000 # Attribute 'small_contrib_threshold' of the grid.
  0.5000000000000000 # Attribute 'damping_power' of the grid.
 # binID   n_entries weight   weight_sqr   abs_weight
    19   10   4.169778595688327E-007   9.888547756410483E-013   4.169778595688327E-007
    20   10   4.169778595688334E-007   9.888547756410503E-013   4.169778595688334E-007
    22   10   4.169778595688327E-007   9.888547756410483E-013   4.169778595688327E-007
    23   10   4.169778595688334E-007   9.888547756410503E-013   4.169778595688334E-007
    25   10   3.296295393912807E-007   3.864231476219131E-013   3.296295393912807E-007
    26   10   3.296295393912804E-007   3.864231476219120E-013   3.296295393912804E-007
    28   10   3.296295393912807E-007   3.864231476219131E-013   3.296295393912807E-007
    29   10   3.296295393912804E-007   3.864231476219120E-013   3.296295393912804E-007
  </DiscreteSampler_grid>
