  0.00284801202810538  0.01460931286940417  0.02753626475505352  0.04152173001953852
  0.05293337986883100  0.06472778890105536  0.07609813441506803  0.08801951299907763
  0.09863152130675966  0.10812771788944697  0.11833660953919646  0.12897605640718654
  0.13959157077017906  0.15004700844659222  0.16082332362235449  0.17263026693043526
  0.18554816089934786  0.19743338147384243  0.20808156217127841  0.21857105595944470
  0.22847774181118793  0.23895078735872763  0.25006593341473982  0.26199940734321919
  0.27251961661637208  0.28224560098128049  0.29151089811618675  0.30097212652647615
  0.31212983528846239  0.32398506457397525  0.33500792422778447  0.34426571408567513
  0.35332626294437286  0.36211312146371022  0.37088594094620475  0.37880112225157109
  0.38689715634705873  0.39502100058637774  0.40517939505399103  0.41670147139056385
  0.42810494613921185  0.43931353056070349  0.45024734373053021  0.46117130168283038
  0.47200193978011856  0.48328732937359659  0.49508428790407510  0.50644652775394638
  0.51754366585073763  0.52835254742526061  0.53957518519523018  0.55073967089224807
  0.56265455834824885  0.57564309167009986  0.58847301463719226  0.59971094909557443
  0.61037117876083335  0.62112796832632788  0.63167550496993774  0.64211460455875946
  0.65287995668708354  0.66363378427609021  0.67433137357007367  0.68553976608003420
  0.69738422062615257  0.70856646798216794  0.71858126462805505  0.72854407597914783
  0.73933029278257612  0.75052698558916264  0.76135893223243645  0.77205825891099988
  0.78285627974644467  0.79362070636173465  0.80290805800787968  0.81250894278400221
  0.82107800900275096  0.82834047541013101  0.83549892271544968  0.84322850311444142
  0.85234836026216576  0.86255541336404129  0.87361471650863143  0.88396164655171705
  0.89376962665420534  0.90350346608640075  0.91329886555237305  0.92244532136479751
  0.93098768699505585  0.93927405734121228  0.94774352131695072  0.95662211037015521
  0.96615098734592841  0.97533938383930752  0.98713025415692557  1.00000000000000000
  0.00002772609349754  0.00003126566401236  0.00003528524737310  0.00004076872629905
  0.00004735954566114  0.00005249013254786  0.00005730607603178  0.00006230639965333
  0.00006737903621625  0.00007237170235928  0.00007725455971616  0.00008224339638279
  0.00008748105109295  0.00009288558658542  0.00009847343506320  0.00010407089536525
  0.00010955627768837  0.00011490833342480  0.00012046975012171  0.00012655614472037
  0.00013304339231251  0.00013960897462671  0.00014620272607761  0.00015296469228282
  0.00016077156910845  0.00016834867250175  0.00017605616499885  0.00018412656691551
  0.00019269466410056  0.00020185958344455  0.00021159595421639  0.00022166973212464
  0.00023183269426837  0.00024236136965484  0.00025323278489262  0.00026396711332420
  0.00027515952037013  0.00028675492732212  0.00029981152212669  0.00031311463627308
  0.00032579679921635  0.00033949246608779  0.00035418462639692  0.00036902727731711
  0.00038457154913006  0.00040185129779731  0.00041947227554015  0.00043985367167211
  0.00046156661867836  0.00048602284378195  0.00051028602970551  0.00053190089363858
  0.00055284361387874  0.00057615954944890  0.00060247596093822  0.00062825736632085
  0.00065172731885442  0.00067626930734988  0.00069886422678219  0.00071956932621883
  0.00074222333099903  0.00077708076939408  0.00080933319591771  0.00085192924977999
  0.00089193485213724  0.00092792019942186  0.00095697910548074  0.00099774034832786
  0.00104585993782737  0.00110109339227488  0.00117726262335875  0.00126090627767580
  0.00135993085793619  0.00145201936643296  0.00156099365270278  0.00170749785491556
  0.00192276759866712  0.00215366826754139  0.00235720752928932  0.00252175273663033
  0.00266423103113458  0.00287502313532324  0.00310012084926221  0.00334783263713479
  0.00382253303534181  0.00427067707248116  0.00471841254324546  0.00512602292838951
  0.00544569324746295  0.00571113625829955  0.00599273223129565  0.00633036663040775
  0.00695550265928759  0.00827405878632714  0.28355480172682251  1.00000000000000000
  0.00006511453701326  0.00009666406628612  0.00012121158314600  0.00014234538834176
  0.00016318822380387  0.00018440804055959  0.00020580744365015  0.00022661200080573
  0.00024648630862453  0.00026614906810866  0.00028673480811184  0.00031073532026933
  0.00033585235189148  0.00036383423995299  0.00039189098411449  0.00042068046703719
  0.00045017179339255  0.00048009762873114  0.00050994956257061  0.00054067767036093
  0.00057385310705134  0.00061202401632795  0.00064881428646072  0.00068428519965664
  0.00071747344031935  0.00075480217100419  0.00079161648078899  0.00083096716958691
  0.00087124445531621  0.00091526876761598  0.00096361049467252  0.00101544031181023
  0.00106540105575802  0.00111422592852782  0.00116259556829246  0.00121228052970872
  0.00126435411296826  0.00131663562936310  0.00136528369582596  0.00140860033268964
  0.00145423090057268  0.00150332141164655  0.00156189271015683  0.00163676157109530
  0.00171211769815178  0.00177980194761204  0.00185281504944151  0.00193174072141309
  0.00201949764315876  0.00210266777882593  0.00217300449293933  0.00223495985604153
  0.00228798212961222  0.00233951168942623  0.00238813184413184  0.00244446427169476
  0.00250743650231309  0.00257666444478801  0.00264980227719756  0.00272903363686034
  0.00282104697759826  0.00290698264182060  0.00299294217926417  0.00308507698347822
  0.00320619427452958  0.00336329789202233  0.00351345275047752  0.00368531948067013
  0.00383992130001236  0.00397366578902366  0.00410795343637228  0.00425708103032701
  0.00442861892852110  0.00463299119586223  0.00489086244778448  0.00520677289714073
  0.00563901568720577  0.00596912026301213  0.00622859352819047  0.00648366074420220
  0.00674736686852084  0.00707704303942078  0.00752046392745950  0.00828401555638852
  0.00939762635079241  0.01090748705531646  0.01268221548752692  0.01430199067051954
  0.01561279559424796  0.01646809367153201  0.01763800562270053  0.01946702625929351
  0.02297589020625341  0.03202478146043893  0.66826931527577726  1.00000000000000000
  0.00000257404131411  0.00000291207868904  0.00000327667170682  0.00000362235381552
  0.00000398124520333  0.00000439223727260  0.00000481033016198  0.00000526555127985
  0.00000574403686269  0.00000624380929838  0.00000676816122679  0.00000727983285782
  0.00000777440059903  0.00000827019212404  0.00000877870915381  0.00000927313826227
  0.00000977319670361  0.00001027004030746  0.00001076626827319  0.00001136916358427
  0.00001198343559908  0.00001267083134089  0.00001341848439525  0.00001427780964003
  0.00001530604895465  0.00001644756756098  0.00001762237994724  0.00001880219535280
  0.00001994534314791  0.00002127342921494  0.00002255389423319  0.00002387207617586
  0.00002533146558729  0.00002673710056842  0.00002830305793437  0.00002997542785021
  0.00003180245007514  0.00003380533374301  0.00003585963195643  0.00003804770483326
  0.00004040306943553  0.00004302362589889  0.00004573600482717  0.00004858720182858
  0.00005157932624192  0.00005476531559680  0.00005839506207271  0.00006168479952171
  0.00006485547156288  0.00006805560743849  0.00007143083454409  0.00007516247652154
  0.00007937063087054  0.00008444975815693  0.00008991853974637  0.00009561311802786
  0.00010149707197104  0.00010738357088507  0.00011424149550478  0.00012050009245666
  0.00012712188188733  0.00013365387595826  0.00014100424680608  0.00014960548167032
  0.00016231648468229  0.00017617184122778  0.00019160282070782  0.00020578059198708
  0.00022025679876544  0.00023554254703230  0.00025569319787274  0.00028271680187446
  0.00031642154174422  0.00035556200636112  0.00040145061422398  0.00044936071474155
  0.00049850957982106  0.00055058311501009  0.00060959838903066  0.00068188884061868
  0.00076270561048850  0.00085439319051199  0.00098836979697867  0.00112131799602677
  0.00126527139664122  0.00142786353775647  0.00164502745228008  0.00201456229165548
  0.00256728167806831  0.00318552147480331  0.00371971720768189  0.00429193241622887
  0.00511263533231176  0.00782400942879561  0.06365589641804775  1.00000000000000000
 -0.00198700450123121  0.01038796260150034  0.02097404076843076  0.03060796924578691
  0.04071278044904249  0.05152471876247197  0.06369447487801021  0.07758680712532390
  0.09170915507942927  0.10480294570796839  0.11611285549894330  0.12777056449818319
  0.13966496306650805  0.15131964763331854  0.16227047525663402  0.17326443938938968
  0.18399948045003811  0.19447243600417483  0.20407876839244532  0.21411841843241231
  0.22369290268805012  0.23323128824044151  0.24242166740139423  0.25184895092604975
  0.26187674047407256  0.27312962391112361  0.28512275896526074  0.29760414203090441
  0.30937182324363854  0.32010447091183247  0.32955843092823961  0.33943250814468123
  0.34935749657011728  0.35823028168021676  0.36786776959558948  0.37772724881486902
  0.38798265349039907  0.39818929073011838  0.40814190369264214  0.41834671819529756
  0.42827200461451259  0.43740535237373773  0.44609899330908609  0.45468314693259582
  0.46416457808554101  0.47408297531379379  0.48477058393875155  0.49574282076691367
  0.50501033542925045  0.51297854778722107  0.52214068951245651  0.53173858644515437
  0.54119667420638551  0.54903519439689774  0.55645782017118606  0.56472296621965468
  0.57419728163521133  0.58435121454157979  0.59530030327643813  0.60738447695839248
  0.61921977982885035  0.63127154878405534  0.64360813674723782  0.65640216300277998
  0.66926311164801333  0.68141952369630332  0.69207364120932124  0.70151237285905721
  0.71088097523929372  0.72134026421004827  0.73303686932546774  0.74425828838743635
  0.75616490857652729  0.76756943124857369  0.77838267240410663  0.78878428367645315
  0.80023342908502770  0.81083321364453553  0.82083628425540189  0.83127565229097744
  0.84222368710682183  0.85394718684975501  0.86326916419224409  0.87248462725571174
  0.88190319744343326  0.89206518568207438  0.90353296412400597  0.91596749490110108
  0.92694442313071923  0.93757503855812607  0.94631958451411302  0.95573878541933799
  0.96538477851601723  0.97532286165169779  0.98744806422182119  1.00000000000000000
 -0.00189362673507693  0.00847326811784629  0.01927726953180914  0.03031175671762961
  0.04241338706441729  0.05391649971318987  0.06523196903062702  0.07459098689373232
  0.08350598892527375  0.09264619460726195  0.10309827077650847  0.11452945409506499
  0.12536954842353767  0.13579141456705113  0.14653398444193952  0.15743606725443124
  0.16860868985454516  0.18033276961074318  0.19237556502796055  0.20447508248461807
  0.21546737579018527  0.22551090038442126  0.23551898276328809  0.24535098419857562
  0.25499173602520375  0.26447681829761699  0.27515527085041347  0.28689893897277602
  0.29815937442347179  0.30741641319317992  0.31664058446768412  0.32567559316337119
  0.33534938048536767  0.34463511340525715  0.35415902951448736  0.36413187256603963
  0.37462410656483208  0.38494113449428524  0.39499660326423480  0.40520673095912657
  0.41566677381387018  0.42630159002752094  0.43709183460835188  0.44792518010279170
  0.45902895267735810  0.46774044976024798  0.47683907353195293  0.48521058372722325
  0.49402404316944593  0.50344283774422749  0.51267182426406777  0.52157883877814482
  0.53334275982306145  0.54590388918946475  0.55911470707154243  0.57160928177612158
  0.58319166291876667  0.59440056135023178  0.60466700313526500  0.61447885651282763
  0.62464313743043254  0.63562052740005648  0.64677409620857951  0.65682073182776690
  0.66720565497142093  0.67861246331505909  0.69057032133848939  0.70146164452171478
  0.71215491138600728  0.72313081473746854  0.73462859958439464  0.74635856327345140
  0.75646309732785511  0.76633666807880552  0.77663270473888135  0.78724865034758806
  0.79825715179919454  0.80928212450058223  0.82002985872222833  0.83020426496822575
  0.84017932566230646  0.84942678723462017  0.85830800930808837  0.86672809231421233
  0.87523691008546844  0.88479398457425129  0.89482021914966914  0.90585123715415572
  0.91777957220591466  0.92782089371920906  0.93857364887173411  0.94925743461605938
  0.96150340661203149  0.97401082145814699  0.98633895193583809  1.00000000000000000
 -0.00158627680296888  0.00617426821827546  0.01231853085202183  0.01806334708914023
  0.02469221283633807  0.03233292459443590  0.03993281388609078  0.04790081059245851
  0.05677764882285782  0.06736536755820126  0.07959590779059129  0.09087576729753255
  0.10143554728443957  0.11147618460426729  0.12155606269453285  0.13284778739070754
  0.14375043127286866  0.15425726731713540  0.16449574784184751  0.17477300503977700
  0.18572907080318518  0.19707971558156606  0.20872508814441226  0.22064940217935658
  0.23136638181324001  0.24229693497947893  0.25335984618869406  0.26495495447998602
  0.27551254642259188  0.28486243947780443  0.29374784980932006  0.30276578675214583
  0.31278602430747643  0.32435227571376862  0.33509533473887565  0.34445178729011888
  0.35444741577247857  0.36409820941974702  0.37311324351400849  0.38166373149518984
  0.39001082520199637  0.39989631682116744  0.41081511942653204  0.42317727881867817
  0.43472669895510324  0.44824977330005217  0.46205313226507672  0.47666228973925451
  0.49119373176968439  0.50354646154948945  0.51401848703589781  0.52483065338682544
  0.53677586833561663  0.54963228304140543  0.56221373886784687  0.57431611737231880
  0.58644903502948575  0.59829712729460638  0.60988689875548241  0.62185742575280445
  0.63358989920854125  0.64558260208271323  0.65723710450613682  0.66916464136755660
  0.68100416942017661  0.69241090572611041  0.70343897881313777  0.71411069204511857
  0.72512719700503303  0.73589988706440834  0.74714660764070073  0.75794416636362683
  0.76867131660568511  0.77949075650492250  0.78956352440118804  0.79884429507343169
  0.80839571544188205  0.81931208410305889  0.83131825221698363  0.84275366362828619
  0.85423332364826654  0.86657009002387131  0.87912304409378483  0.89055929637950704
  0.90073241399404413  0.91069500053596730  0.92055026207064583  0.92954718480733245
  0.93813297387229422  0.94635120867590139  0.95574291608598405  0.96401675195773251
  0.97208613027269419  0.98065177813483717  0.98987237801151573  1.00000000000000000
 -0.00170977947375495  0.01192393279988620  0.02430793650230566  0.03748953307293262
  0.04986068750841719  0.06073625191682865  0.07149090521734283  0.08261869061360175
  0.09321258099501316  0.10281414191831274  0.11146651775687348  0.11994932417565411
  0.12890942238595215  0.13815039265969720  0.14797603721340374  0.15831547763490000
  0.16824166319947531  0.17742793406344315  0.18752172755654042  0.19861653539246385
  0.21091911049262119  0.22201964199863464  0.23207577802771640  0.23974164512964888
  0.24710318795102656  0.25467029131600682  0.26304483122801270  0.27089423382791983
  0.27847736047979904  0.28597170984954218  0.29487313217977679  0.30673266146682260
  0.31946541920580529  0.33268013064795271  0.34573713459197097  0.35637984464646749
  0.36564883628678491  0.37551813298691933  0.38768881362088786  0.40022717171468553
  0.41119786696063382  0.42145604503264683  0.43206435086281447  0.44264594807714086
  0.45352935169007419  0.46467815936746742  0.47597177013046654  0.48754583978313865
  0.49965342347289271  0.51209254537090654  0.52484293645062285  0.53756233044678936
  0.54952872916643625  0.56069019952896926  0.57226868949970910  0.58403009860762944
  0.59596139800869263  0.60770743272609962  0.61899825014407117  0.63050319944172228
  0.64268573099622517  0.65397877554708328  0.66399641723636471  0.67401984479993304
  0.68446961098415504  0.69616720807674082  0.70828395424007484  0.72052421721888560
  0.73080895118679368  0.74040217758353077  0.74961148364075392  0.75919204068968615
  0.76881889576830098  0.77751330910218874  0.78685051504504799  0.79697559971462939
  0.80844470023000670  0.81988211616882611  0.83094688091832092  0.84032148914618554
  0.84990735101021109  0.85997691658910491  0.87121982282175225  0.88424286612395508
  0.89671229295638721  0.90794144549225786  0.91847833923495070  0.92822384011044434
  0.93743382918451645  0.94632011661290860  0.95478360899312931  0.96343066639705410
  0.97281054240073028  0.98204421320532409  0.99111641490972102  1.00000000000000000
 -0.00244115972455970  0.00555244688758040  0.01216355047827373  0.01704572799698113
  0.02259754059307793  0.02908551996123854  0.03662009279868154  0.04393857738706284
  0.05146341992530174  0.05896164309149993  0.06661529952605512  0.07490286953441708
  0.08375270916100520  0.09251638553584907  0.10140263436213143  0.10971833428279915
  0.11799724367515629  0.12791576180970080  0.13936745553581870  0.15081854541079387
  0.16087438339528218  0.17067578214314191  0.18069950135837065  0.19147186021252094
  0.20233998124501656  0.21244307337682194  0.22261911280098326  0.23279785261839223
  0.24384488055671105  0.25589898311194176  0.26807644579413553  0.28083568499642436
  0.29279729350139394  0.30414634827327969  0.31517884011511421  0.32628188500809835
  0.33795091481642797  0.35030012559689711  0.36270041559140243  0.37572331251878532
  0.38844653438594934  0.40000491377530972  0.41130075779147163  0.42343444626910182
  0.43743453831920437  0.45002591027276334  0.46302683590305665  0.47534711008631886
  0.48816949590688902  0.49987654246887359  0.51134013319335014  0.52235876940145520
  0.53286851654121803  0.54294546734039439  0.55421799317943732  0.56627088721685015
  0.57913577600705546  0.59198754413278054  0.60422608509458575  0.61633610593625743
  0.62872469462305036  0.64201511426176538  0.65575583023027462  0.66998522581345776
  0.68420272588471631  0.69752889356831649  0.71000772588766659  0.72157594242286871
  0.73270039776638840  0.74398533566658931  0.75516236582643159  0.76636807916051120
  0.77722689757035801  0.78851656451831875  0.79809440423427902  0.80751985058549625
  0.81666904770631221  0.82592986276634039  0.83512393176653843  0.84428516726703817
  0.85415102760448536  0.86575646874378243  0.87728727579424548  0.88732351445607904
  0.89716785987499392  0.90752435314159374  0.91969005037105322  0.92944068458632123
  0.93790714096298644  0.94543167197265965  0.95244795406120009  0.95985575517043076
  0.96789102770885294  0.97683784961836073  0.98643957208238309  1.00000000000000000
 -0.00243795248060948  0.01040416682465601  0.02170021839166772  0.03450167512361308
  0.04733434834256418  0.05949579541779499  0.07166531829612366  0.08384328366657959
  0.09648646576325348  0.10968986895624630  0.12281534389516024  0.13470063173231087
  0.14596664527035638  0.15684578241337310  0.16783327484429039  0.17900192933316167
  0.18835161738525524  0.19806314871072495  0.20777754745906146  0.21833633635450986
  0.22946158515997286  0.23989063718664486  0.25098976728309735  0.26300173580485903
  0.27525021068154115  0.28736804031161062  0.29799690427871112  0.30909785383359673
  0.32089881526505337  0.33141156419101236  0.34172647744297058  0.35175801146840319
  0.36104061139261101  0.37077508842422874  0.37929312558140466  0.38938575746777687
  0.39861572582326943  0.40849723881090805  0.41878828797950401  0.42944931680278409
  0.43978573835882334  0.44970008517143578  0.46000197287612743  0.47101351749978992
  0.48252765586721597  0.49401764144972271  0.50622990856048899  0.51863631417439537
  0.53105932450758475  0.54218001043026010  0.55288418492189972  0.56325971746553516
  0.57284324789262409  0.58250973269844997  0.59222500217569396  0.60277830984772496
  0.61385949626562664  0.62445752815141142  0.63575869043187505  0.64800948984164219
  0.66080215091934436  0.67446563487090672  0.68714943944410056  0.69820041340364369
  0.70796710707892718  0.71803114409962199  0.72838709650100586  0.73905751611950032
  0.74906104633893822  0.75997664251336983  0.77048518976181546  0.78163000074935451
  0.79135653410563511  0.79911545933915540  0.80655484948482215  0.81377209064649336
  0.82176845370767537  0.82993469102089124  0.83884475452699092  0.84753126125134071
  0.85626033366613830  0.86608550620630698  0.87725622874408526  0.88892384611718056
  0.90066993364914294  0.91238199889873373  0.92307275008765777  0.93135533916121693
  0.93836255857920658  0.94512297736029571  0.95202850865086708  0.95966927168396843
  0.96824481771474469  0.97777713307767555  0.98873187982054944  1.00000000000000000
 -0.00195893126418510  0.00931071512689531  0.01926344463927881  0.03008642908927550
  0.04129593266180266  0.05296214893823930  0.06444936447659996  0.07651226593007093
  0.08859103770938563  0.10019977692134617  0.11041403598232441  0.12052928566716181
  0.13031889087407750  0.14025171580925197  0.14885725017266146  0.15695644905596179
  0.16525943024489095  0.17380396318870830  0.18255728773848465  0.19065323881913945
  0.19819355106040959  0.20655073745659033  0.21524984357939064  0.22638596812810402
  0.23677950418470739  0.24788376474069027  0.26161187817013820  0.27476885525280376
  0.28763412606314709  0.30009784986698934  0.31238516482017947  0.32385034953590935
  0.33521933553151256  0.34687809353990390  0.35889746422435065  0.37074189856482770
  0.38304741346704274  0.39577669804750287  0.40827873668171655  0.42112142540387992
  0.43136177793044306  0.44104521385906109  0.44980541655768996  0.45838033934633238
  0.46824079225677201  0.47801185739077207  0.48893532728319061  0.50032282745090240
  0.51236490242919974  0.52478561216495523  0.53724515770263848  0.54914091007932586
  0.56002030228879851  0.57128961422226443  0.58293071485506009  0.59367342593109085
  0.60535992541977879  0.61578291224927584  0.62571627338667046  0.63467029972954081
  0.64406529929527434  0.65357943975548471  0.66430861668279884  0.67381246894016344
  0.68375806374164161  0.69324484957241028  0.70291098053847201  0.71262949753590044
  0.72236481014934117  0.73263623348996676  0.74376719671278735  0.75418023355612451
  0.76460645195680510  0.77420410806062023  0.78417137142088755  0.79447592296972325
  0.80501834879786349  0.81381809448334419  0.82317224747809703  0.83279459001778233
  0.84320864988743771  0.85406684882386774  0.86456392081156119  0.87434998553156662
  0.88369025225085363  0.89255094135456403  0.90131657367308038  0.91148777057810371
  0.92144469078354729  0.93256376539302410  0.94325222149211996  0.95424023681123560
  0.96504586299420303  0.97684410596362803  0.98841147353226555  1.00000000000000000
  0.54414676029498121  0.60400433453221547  0.61779942636880847  0.62938163918990531
  0.64093130466067894  0.65376483678860597  0.66460741987513194  0.67487472634956258
  0.68352989459027180  0.69151363991867687  0.69835880825285090  0.70555908361516340
  0.71346933431967696  0.72094434554584341  0.72800389635204965  0.73356985188269874
  0.73918191889806062  0.74488788772987724  0.75089968184965816  0.75661484222362141
  0.76195059477201710  0.76697126477633037  0.77184506929452956  0.77676072663799889
  0.78229365014676566  0.78800260516241194  0.79376645618780517  0.79840985595688663
  0.80233475214124994  0.80633722971458566  0.81063919134078510  0.81522327891490243
  0.81977029791590528  0.82428452814175901  0.82874953204028590  0.83306988656610859
  0.83699923944263033  0.84090416145754421  0.84498897839322862  0.84899840679131378
  0.85302124008468072  0.85684168899448465  0.86038721701906773  0.86391010892813180
  0.86737054157548665  0.87104586724350297  0.87503229377645653  0.87893487410092452
  0.88263821887844029  0.88607977480552436  0.88949511015956095  0.89292266473462079
  0.89613504533719657  0.89897850619668496  0.90159204419305383  0.90424025102566352
  0.90683652932571279  0.90931707107419468  0.91182516788141166  0.91437252074335496
  0.91701740037931501  0.91981950442123417  0.92258261354094173  0.92520781481499315
  0.92781991967034871  0.93050244728806708  0.93302558610388309  0.93546304491786836
  0.93775558163326178  0.94004935833090764  0.94240206768854395  0.94487727850795367
  0.94743198614687485  0.94989307656725963  0.95224751979373345  0.95451505256581515
  0.95668527482790211  0.95875149145291350  0.96072614267258294  0.96264523560867554
  0.96444419783189816  0.96635366549063917  0.96832357545364356  0.97030528744593758
  0.97245184294499565  0.97437846763180225  0.97634567157321217  0.97836408557292798
  0.98041233096884584  0.98283093168522884  0.98533196855996086  0.98789434700323864
  0.99040475984917009  0.99310954277967112  0.99620279082783958  1.00000000000000000
  0.00319141313194601  0.14821845782178514  0.18505380527244936  0.20586929787511316
  0.22429667962879979  0.24506212863400939  0.26473410592013463  0.28083299720782290
  0.29615859219392182  0.31048213780031181  0.32293543116295603  0.33390758777617480
  0.34426355260665581  0.35463111429338967  0.36458837803191124  0.37371127718013519
  0.38219807012683571  0.39039906235538641  0.39870436907989665  0.40707391080155053
  0.41550308918012541  0.42388777853157494  0.43222041864448763  0.44042058085154673
  0.44827411110180526  0.45557142266290651  0.46318485358250949  0.47088869671810446
  0.47823341722611951  0.48454883585137193  0.49049108645113582  0.49643633488791278
  0.50195973773948754  0.50723283602418967  0.51264529481236298  0.51811118127663913
  0.52342119484196181  0.52844069361493373  0.53360488830062869  0.53897597623106785
  0.54538925051305276  0.55235291514558205  0.55900103807103685  0.56602136452045315
  0.57132523416773628  0.57677225816661482  0.58231180280520012  0.58800156738387754
  0.59461197123005249  0.60126284788244977  0.60723913682404296  0.61290776854826068
  0.61858022428031367  0.62411550993312748  0.62950203441686636  0.63497181081984577
  0.64067763805668465  0.64636367942534800  0.65153478915537999  0.65640020012214140
  0.66144511571644071  0.66641160464440286  0.67102961568978070  0.67581787969964469
  0.68027015025633908  0.68486060792202008  0.68954171436386513  0.69408513070771527
  0.69889070572956502  0.70401629108767072  0.70990841445342745  0.71581756814337127
  0.72156877104907602  0.72742295143034619  0.73320626799020472  0.73839965566638166
  0.74345663505190807  0.74768210961279769  0.75171231225941493  0.75587620563790725
  0.76053909016314170  0.76583279391786019  0.77112448121989541  0.77715508143512635
  0.78364233459150157  0.79014947204153452  0.79664710795639104  0.80339247054292184
  0.80978247733248088  0.81848198288921925  0.82873131958546231  0.84076119642528746
  0.85130738691531427  0.86499904524167603  0.96038370007173790  1.00000000000000000
   5.7183123936653043E-007  -1.0000000000000000     
 F F F F F F F F F F F F F F F F F F F F F F F F F F F F F F F F F F F F F F F F F F F F F F F F F F F F F F F F F F F F F F F F F F F F F F F F F F F F F F F F F F F F F F F F F F F F F F F F F F F F F F F F F F F F F F F F F F F F F F F F F F F F F F F F F F F F F F F F F F F F F F F F F F F F F F F F F F F F F F F F F F F F F F F F F F F F F F F F F F F F F F F F F F F F F F F F F F F F F F F F F F F F F F F F F F F F F F F F F F F F F F F F F F F F F F F F F F F F F F F F F F F F F F F F F F F F F F F F
  <DiscreteSampler_grid>
  grouped_processes
  1 # 1 for a reference and 2 for a running grid.
  10 # Attribute 'min_bin_probing_points' of the grid.
  1 # Attribute 'grid_mode' of the grid. 1=='default',2=='initialization'
  0.0000000000000000 # Attribute 'small_contrib_threshold' of the grid.
  0.5000000000000000 # Attribute 'damping_power' of the grid.
 # binID   n_entries weight   weight_sqr   abs_weight
    61   10   6.913978561421127E-002   1.944445710026516E-002   6.913978561421127E-002
    62   10   6.913978561421126E-002   1.944445710026516E-002   6.913978561421126E-002
    64   10   6.592314477714581E-002   1.173043199269117E-002   6.592314477714581E-002
    65   10   6.592314477714578E-002   1.173043199269115E-002   6.592314477714578E-002
    88   10   4.722943489932079E-002   5.221424467927060E-003   4.722943489932079E-002
    89   10   4.722943489932070E-002   5.221424467927049E-003   4.722943489932070E-002
    112   10   1.564441915568622E-001   8.378933096121592E-002   1.564441915568622E-001
    113   10   1.564441915568622E-001   8.378933096121588E-002   1.564441915568622E-001
    115   10   1.043913870974250E-001   4.278637955036187E-002   1.043913870974250E-001
    116   10   1.043913870974249E-001   4.278637955036180E-002   1.043913870974249E-001
    139   10   5.128175225598767E-002   5.384086579569724E-003   5.128175225598767E-002
    140   10   5.128175225598760E-002   5.384086579569720E-003   5.128175225598760E-002
  </DiscreteSampler_grid>
