  0.00289169419110783  0.01240443551937658  0.02191440383420613  0.03113541670773135
  0.04152757537341666  0.05172555094495224  0.06223225183052192  0.07166106327238028
  0.08129068283147026  0.09142047323330608  0.10239507050560707  0.11381505486696068
  0.12570075758304475  0.13791145280877398  0.15007758582427921  0.16093988979042909
  0.17070800895992091  0.18072915868479045  0.19123348566300680  0.20106220273280642
  0.21080515489660595  0.22099687804944323  0.23206480230174983  0.24431444608799738
  0.25733375016728860  0.26949289972070600  0.28041019315840093  0.29215479685270446
  0.30328161659058639  0.31284068879418669  0.32182939141089029  0.33108421248088993
  0.34193819023879252  0.35286025500862239  0.36373377777870597  0.37381012991352669
  0.38351895140500630  0.39294321256213327  0.40220736683185498  0.41160010682431564
  0.42134250796101291  0.43097406493277057  0.44047502705230124  0.44919865320524893
  0.45787088272780369  0.46694193132424494  0.47529655935143089  0.48334306950883710
  0.49128671483404129  0.50021882548733543  0.51118472358333034  0.52221970264748530
  0.53290845323457270  0.54379956717807632  0.55664222595893598  0.56916391684959566
  0.58085783341258557  0.59161198459852982  0.60215538820425152  0.61163816806206472
  0.62069035237036740  0.62961432414782281  0.63791614155277587  0.64589089228113472
  0.65488129781947180  0.66403426070027061  0.67724377488243914  0.69058552059798040
  0.70247702767332676  0.71415613301130310  0.72597206386678614  0.73697312894081479
  0.74699200955895739  0.75716138266029687  0.76649523782630513  0.77693812033448839
  0.78702568370740034  0.79698745328661436  0.80849571120319197  0.81848905227626778
  0.82845322811037925  0.83854982246592957  0.84899936127502540  0.85996492374875044
  0.87047190553790388  0.88087052489134565  0.89087791736290833  0.90038145397496028
  0.91004610761991711  0.92121979217445438  0.93281164118907389  0.94450875460580008
  0.95632087590439219  0.96926737735026502  0.98335452926710942  1.00000000000000000
  0.00004720162082350  0.00005786800788787  0.00007026134279454  0.00007942913102595
  0.00008712539402189  0.00009406066525448  0.00010097919313927  0.00010766144236811
  0.00011491519009729  0.00012211144229341  0.00012906087009200  0.00013552146450892
  0.00014190940593215  0.00014820936499374  0.00015432847272506  0.00016031243106350
  0.00016635497262613  0.00017266607914758  0.00017920884647765  0.00018536716872954
  0.00019148448437598  0.00019784941450739  0.00020425927216325  0.00021093943861976
  0.00021798488920578  0.00022587045414870  0.00023471822068660  0.00024390286981344
  0.00025320284506850  0.00026315122247694  0.00027402640468154  0.00028588729283009
  0.00029820406646860  0.00030962172295486  0.00032100970484740  0.00033355539930996
  0.00034829315630566  0.00036338706283393  0.00037747274939555  0.00039172064940030
  0.00040607091577548  0.00042162797115520  0.00043478658404750  0.00044893469976792
  0.00046314723878148  0.00047760521701764  0.00049600465286430  0.00051446564469048
  0.00053336615680422  0.00055409329024189  0.00057631085662752  0.00059880830322529
  0.00062110217289964  0.00064559784681247  0.00067026485965420  0.00069807248045722
  0.00073207284883675  0.00076937337007932  0.00080617382818546  0.00084158912542948
  0.00087788494941403  0.00091731588414518  0.00095378224140750  0.00098787829354318
  0.00102451411640678  0.00106641435706198  0.00112956537334245  0.00120058843048360
  0.00128408736134867  0.00137472233862000  0.00146676840967447  0.00153964072015648
  0.00160538786587628  0.00168458854043682  0.00179143137077605  0.00190708214201113
  0.00203546632571269  0.00214265094316184  0.00229224641555101  0.00247899689747686
  0.00268932076127949  0.00290609358903887  0.00313614753572393  0.00333680146918991
  0.00353490960675216  0.00383040616935151  0.00406223798372300  0.00423902899717329
  0.00442819360057712  0.00460756597037855  0.00487085428699572  0.00535503839015821
  0.00622251065088234  0.00910096814618567  0.06929564691818080  1.00000000000000000
  0.00257364172093563  0.01776765097165589  0.03209891471593149  0.04427596491399092
  0.05523512824795998  0.06556824462422074  0.07603318892204700  0.08525788430283238
  0.09496489836049146  0.10475098338239745  0.11504371353378781  0.12486536529121482
  0.13389750440261591  0.14323158536783948  0.15356949589955673  0.16337836986976587
  0.17269562411721814  0.18226997567860734  0.19232459428187623  0.20355878499025803
  0.21552668570256217  0.22781705816027381  0.23896028433779001  0.24886621710802803
  0.25848919250420904  0.26884540139864316  0.28074708033893053  0.29168874935953815
  0.30269442831897286  0.31279017536103820  0.32317401475755358  0.33434513032368240
  0.34641853810458606  0.35991750780321397  0.37316686057564563  0.38432898981535946
  0.39463732444852900  0.40481514068088742  0.41558264015869406  0.42617131165602379
  0.43700943924867158  0.44903396276421487  0.46080023113147484  0.47259079970644430
  0.48416729854675294  0.49710700249844464  0.50992036870921675  0.52141099875098496
  0.53047861946712971  0.53874307013109279  0.54764894119775398  0.55780115410228126
  0.56842280567223469  0.57816744133540099  0.58865641604170071  0.59850160446241907
  0.60694898774240558  0.61437530602160473  0.62214112488144435  0.63169533050286542
  0.64194081910554968  0.65206627146666574  0.66101050941901263  0.66938742387104300
  0.67827229240914699  0.68845375272391363  0.69988196975077055  0.71097493183912785
  0.72110383986943050  0.73175248016598193  0.74333382513591684  0.75552739728944629
  0.76660573202966709  0.77728207611295896  0.78764774307256968  0.79814899007990903
  0.80907419856529328  0.82020276743787013  0.83084584765037850  0.84044783254188959
  0.85022429850864900  0.86052796922575880  0.87233007612670910  0.88405369274448187
  0.89575172018788618  0.90741880566025479  0.91858516227428788  0.92850871684763059
  0.93748574884324221  0.94690187321174613  0.95567588500199641  0.96505025897252272
  0.97494584260367601  0.98401855839552022  0.99227821480421297  1.00000000000000000
  0.00018136962176205  0.00024663367685681  0.00027996510864242  0.00031028366315450
  0.00033744605365935  0.00036296064562716  0.00039005685825991  0.00042138571070580
  0.00045400531906583  0.00048686483212588  0.00051875985056425  0.00055034555451674
  0.00058240984109215  0.00061396208005329  0.00064519023224482  0.00067646253728133
  0.00070826626668721  0.00074045235351823  0.00077322588063817  0.00080718251827907
  0.00084310448949821  0.00088173341358144  0.00092237834663020  0.00096406275148955
  0.00100610093933438  0.00104807964572563  0.00109049320307314  0.00113056277523219
  0.00116973893578986  0.00120999606465076  0.00125091334706781  0.00129510634615448
  0.00133978810255295  0.00138764280065246  0.00143911903329528  0.00148693043961237
  0.00154628844358785  0.00160784538140269  0.00167355032264258  0.00174194926016646
  0.00181860924749223  0.00190362943861781  0.00199660594974746  0.00209539548211248
  0.00219631622516756  0.00230093546236904  0.00241518392357863  0.00253898521407791
  0.00266203024960572  0.00278600393669870  0.00291163662342337  0.00303229583304352
  0.00315553592609230  0.00329342233051398  0.00345746389950058  0.00364225859235971
  0.00381944147923711  0.00398382210747660  0.00418779878038573  0.00441458614579585
  0.00466189540292165  0.00492900021561803  0.00518627470106220  0.00540023786251668
  0.00560425990804499  0.00584196572647578  0.00611450748929475  0.00653941248993410
  0.00702747217094813  0.00770857693817981  0.00833599975458668  0.00880557394604445
  0.00923036451945106  0.00967668366132626  0.01010090860811663  0.01044051564901369
  0.01078627865499982  0.01121249557365640  0.01170498450798771  0.01213034198734607
  0.01257546250810239  0.01295597752724111  0.01336561081460094  0.01385637119553748
  0.01442435414256908  0.01549925086183814  0.01678915552100187  0.01999700517915111
  0.02194887379953597  0.02307675243178389  0.02432848154646052  0.02506701750648207
  0.02577113784231750  0.02653640575898916  0.28750372649417644  1.00000000000000000
 -0.00235379174363032  0.01606090521437952  0.03154815120189796  0.04728550734747724
  0.06083242370045900  0.07400521421974922  0.08777259628718477  0.10263997293331657
  0.11757306001002826  0.13001613728794814  0.14142821074598350  0.15250323644624786
  0.16411123595004379  0.17531483253097821  0.18507291751004792  0.19442496465254686
  0.20411708966193914  0.21467225260141570  0.22546882621919839  0.23629248487885821
  0.24628853110138244  0.25616924111885847  0.26624036823796438  0.27623675581447549
  0.28616623605611596  0.29592866560045467  0.30591993703031489  0.31630723105961089
  0.32376389794203120  0.33163078725666895  0.33894917839311883  0.34718362944949421
  0.35648019743619785  0.36563079202170279  0.37403327333349018  0.38292876413895588
  0.39250687238268728  0.40311138312822020  0.41417908577721818  0.42425461448935692
  0.43394454524714671  0.44284124991208595  0.45195706894641796  0.46179969858193376
  0.47219165281741454  0.48299480138692846  0.49366360920584290  0.50512997593881670
  0.51723372260319667  0.52902795710209261  0.54031601676419450  0.55172453683437261
  0.56286667721300898  0.57291346850279046  0.58295478074925111  0.59291639112979666
  0.60191600261978573  0.61152994485711376  0.62071880783534905  0.63037587154698527
  0.64098139124434628  0.65152147828181961  0.66107527198077665  0.66947812335507795
  0.67757243942013834  0.68562666309478881  0.69623627673886324  0.70815560208461348
  0.72059137066848089  0.73199504032272633  0.74284753709246876  0.75264341762146025
  0.76212674791397095  0.77175938048448267  0.78215051835756555  0.79304350852325556
  0.80409707057183488  0.81451405175829961  0.82307071640413310  0.83106007313170649
  0.83912339683794857  0.84779926049820853  0.85704393059053807  0.86695469358998944
  0.87765514515393706  0.88839571909308512  0.89840023928450097  0.90801568447411218
  0.91716345877545746  0.92589928668973898  0.93482808507571624  0.94618646575184606
  0.96023563055370476  0.97421983228735909  0.98713562795636578  1.00000000000000000
 -0.00239396230689326  0.00913466854359760  0.01937545347152094  0.03108776262790201
  0.04274495679841235  0.05273477355774794  0.06301300389419637  0.07363271377419121
  0.08417444970087425  0.09510609996790277  0.10624443899250977  0.11784528078706112
  0.12874790586497784  0.13896666272752836  0.15003937245145577  0.16141628414755416
  0.17253273889581422  0.18301817024915487  0.19392330171150018  0.20559660618044456
  0.21618327816388547  0.22641482491391263  0.23622483865590857  0.24611923626181470
  0.25617521091031847  0.26700050443244738  0.27944798792095144  0.29195275067716736
  0.30289774758971888  0.31227710030993083  0.32127568601321094  0.33002279419992092
  0.33943249513682122  0.34908142449427498  0.35897210505335342  0.36849688601495140
  0.37739315386679495  0.38636901325192946  0.39552708436425243  0.40574068981292993
  0.41571226066014028  0.42462866042885639  0.43357751556726237  0.44368188527635088
  0.45359443417188838  0.46337411566991016  0.47254831960714355  0.48236268278128569
  0.49376042144449417  0.50599771752457046  0.51837508936170629  0.52960019105911826
  0.53940798805312384  0.54928773133446795  0.55829542285457978  0.56911688441480290
  0.57924929078962328  0.59100169222311416  0.60219556005458263  0.61411516494738083
  0.62578089814256532  0.63668166068185705  0.64731070208557928  0.65855915298435908
  0.67050305970147872  0.68250797349248915  0.69488650125540607  0.70785141156436593
  0.71972454662585561  0.72803626735265425  0.73631758824914362  0.74571406679370633
  0.75595561634843000  0.76897782391499458  0.78180188620936231  0.79339011047348151
  0.80546234159075991  0.81889811778165900  0.83186890111110001  0.84343170303452830
  0.85290241232253172  0.86203265938856311  0.87113204307082204  0.88117903303614997
  0.89213687284613008  0.90359832484178393  0.91525713512028850  0.92690896155034130
  0.93839085966858404  0.94873957150862187  0.95899127649703009  0.96911616812899959
  0.97942485786640865  0.98751779114540683  0.99389404054665087  1.00000000000000000
 -0.00136643441454056  0.00473207652835145  0.01144270831202706  0.01842071444077523
  0.02707099919352600  0.03536403991471027  0.04387868539890049  0.05260323922631702
  0.06144854677351510  0.06980117029500688  0.07783472739012748  0.08609109967927125
  0.09408744387114158  0.10208063213872691  0.11003573232483832  0.11860165255469818
  0.12790394808048369  0.13789357844755470  0.14756609748837771  0.15694394559449487
  0.16642268192753137  0.17557621804711451  0.18435845641871618  0.19331011763271419
  0.20316443300031478  0.21399610090596333  0.22330488959223321  0.23186224207333522
  0.23937365627416313  0.24749905096080477  0.25582668737745773  0.26466268869837739
  0.27403363568287448  0.28425413390071624  0.29478661464823513  0.30496005566306528
  0.31478478868579984  0.32362894107801937  0.33191354420108643  0.34006326431863049
  0.34827024994243100  0.35806002700499884  0.36805347267561633  0.37748755230762249
  0.38602596634772041  0.39443687425936264  0.40293437690839046  0.41138822970220612
  0.42064880472233179  0.43035617480903798  0.44021465119744907  0.45290682604835325
  0.46714324468886093  0.48043955213355144  0.49243556966261331  0.50429139719886640
  0.51702804066835650  0.52881890863317582  0.54047162761822354  0.55211623958876543
  0.56380679638915643  0.57540207511306041  0.58629799499545243  0.59800392066640085
  0.60976534132913862  0.62327579189233062  0.63601659059572724  0.64725195363973065
  0.65754647597377236  0.66632811624830612  0.67612298535895243  0.68511655473479338
  0.69406334223002630  0.70266383489508855  0.71088348470339335  0.72022183324135425
  0.73046549324127230  0.74168064827164570  0.75170789811849792  0.76232803000337768
  0.77314575925414575  0.78508366881785863  0.79615940163114018  0.80628743068587039
  0.81825863581579927  0.83245233827395904  0.84745737603204652  0.86237812099830602
  0.87808109860851002  0.89503739488938805  0.91242725424883031  0.92993761792600316
  0.94685043403629476  0.96367934085891016  0.98203325973000044  1.00000000000000000
 -0.00316544172958379  0.01246873287749455  0.02495815403647507  0.03513708338282925
  0.04454200218780786  0.05362222523777740  0.06260680548923067  0.07142956739562846
  0.07935503109566754  0.08786641091293133  0.09771634203005868  0.10910873599030918
  0.12108819002025001  0.13294437685749846  0.14491783011812959  0.15673886555687302
  0.16919030730174156  0.18123802802472341  0.19288449552102649  0.20237539905114701
  0.21083442899666482  0.21879570280738597  0.22770544465319140  0.23733329735602221
  0.24697569009869713  0.25676207505834869  0.26688781277418760  0.27912908167168582
  0.29156855882781740  0.30450899592533326  0.31610563524841989  0.32585092314828279
  0.33418661549655965  0.34282590472231184  0.35279485742731426  0.36443993216280673
  0.37610085661316817  0.38706790548401232  0.39759269395783697  0.40755790675500297
  0.41734013967365940  0.42743236436979537  0.43784305986414440  0.45044099914107649
  0.46193981901496284  0.47248018873025588  0.48292397852002233  0.49315307446265966
  0.50310897905748397  0.51307306135111996  0.52365063026498060  0.53373115025904938
  0.54291539440752512  0.55125078517883674  0.56024347697605603  0.57046232381427242
  0.58157465973051126  0.59253038942050051  0.60147995249557273  0.61212160123096260
  0.62348402909197531  0.63454048141448716  0.64586590951956913  0.65746207791903466
  0.66894234693509125  0.67888974224544574  0.68862425741480560  0.69842445543688503
  0.70927665734183454  0.72005871801600674  0.73099166333945420  0.74168887504450842
  0.75247504320898617  0.76309803279039812  0.77269881511949545  0.78205594158007596
  0.79229991558648172  0.80393278314653138  0.81579778684556770  0.82710857502918822
  0.83710264069660245  0.84607468354874993  0.85528818603086154  0.86588515307645031
  0.87760790247895892  0.88882217958097232  0.90011705484084681  0.91234835667038405
  0.92506400198071470  0.93648845750716803  0.94700285540802032  0.95675796894651144
  0.96610114298246530  0.97631751125041100  0.98754313429121121  1.00000000000000000
 -0.00196144654674997  0.00974523721487635  0.01779763041825360  0.02555498548437627
  0.03324463397468934  0.04231430363894065  0.05270773499448873  0.06380849842013299
  0.07424835022738638  0.08437865262943665  0.09623518036753857  0.11085430702957925
  0.12392734840090733  0.13618825008039245  0.14798122483685794  0.15710970750195985
  0.16593215664159139  0.17472129784756138  0.18408335920551386  0.19717183222505522
  0.21027811178939365  0.22018488968729497  0.22895190427426487  0.23777832943734153
  0.24710079248672598  0.25586674699343076  0.26455264206584295  0.27448335527071954
  0.28616261814964339  0.29720771942473628  0.30767316759452279  0.31799999008964186
  0.32881321644289385  0.34046712886495833  0.35120580866847206  0.36129741151465172
  0.37137069001989703  0.38197054136252567  0.39253051314198711  0.40318441213189027
  0.41435862531603718  0.42517821004562573  0.43547285773551686  0.44495641632788152
  0.45350186297769973  0.46184700597295320  0.47077549032412885  0.48040951348574756
  0.49214726879028520  0.50373506231384202  0.51377483752912645  0.52473654587505170
  0.53384649702873210  0.54309871354153827  0.55236329706227216  0.56078865183078608
  0.57009923604848500  0.58099005517781810  0.59272163162796487  0.60463368376160609
  0.61565119464680429  0.62604138986790858  0.63643851904850945  0.64664938204563593
  0.65726780070844149  0.66898056718181209  0.68078632151551122  0.69179179174970040
  0.70190778815912158  0.71182599937226332  0.72192049077655551  0.73225753768296997
  0.74260213980826983  0.75315135974728220  0.76379542579083604  0.77528631983205254
  0.78724885116380117  0.79815896759653648  0.80830577772804157  0.81931335891704105
  0.83172936061232305  0.84259219427408405  0.85307917968921843  0.86458467155493635
  0.87715478372091427  0.88924138567877620  0.90063598932109357  0.91197062837453857
  0.92319817847849528  0.93472841040611077  0.94667272738910924  0.95792611043930875
  0.96764827961983280  0.97767391135217663  0.98796779829131642  1.00000000000000000
 -0.00227758862744484  0.00902510130881230  0.01889988952491461  0.02929724508546632
  0.04014567070427673  0.05009491359535946  0.05990067621458546  0.06993087142505576
  0.08081162550427901  0.09318110063782836  0.10443768972222450  0.11494891098907850
  0.12497011535264041  0.13434136754046086  0.14433490249243561  0.15464189837553236
  0.16507008498075054  0.17637266369828741  0.18780950237194866  0.19832596842707387
  0.20879801593840086  0.22019269836990910  0.23308720812134237  0.24481906269263423
  0.25587527427238571  0.26685992980139800  0.27772659754310103  0.28805139655774847
  0.29823225661048719  0.30838817770154475  0.31983257543668991  0.33128566507504065
  0.34222858236779091  0.35238285741283765  0.36258327551633879  0.37314771273009351
  0.38428899778076553  0.39622266384328853  0.40692894539218927  0.41658398199802915
  0.42586041268803160  0.43493707722018587  0.44453772365701633  0.45505849312525287
  0.46570753460233105  0.47595483881003292  0.48607095411219170  0.49566035979400397
  0.50555984279367072  0.51591844816065524  0.52793470905798801  0.54150214775264716
  0.55446445019161716  0.56709443302553375  0.57918376245561110  0.59073043881750487
  0.60154736113159701  0.61270991295431732  0.62417043051268095  0.63565788124478728
  0.64795620838280388  0.66000054411545772  0.66942170416990143  0.67884269263222630
  0.68800703612894865  0.69896416646279280  0.70917082010955368  0.71842067092929307
  0.72769906352338409  0.73732260353277679  0.74734909709583353  0.75787247261907420
  0.76865551440078606  0.77952228750757857  0.79089825703350380  0.80228980491242463
  0.81356826110344793  0.82494008547626285  0.83477853132900159  0.84360896208362546
  0.85285936930889661  0.86221405279870011  0.87175752734583278  0.88183820198611740
  0.89167418737462145  0.89938150312297727  0.90682268812817679  0.91420605857384940
  0.92137989186431446  0.93028696906824004  0.94021059038460097  0.95045856751674740
  0.96184343903320646  0.97439330262680857  0.98748313463972481  1.00000000000000000
 -0.00190418824743477  0.00690444721574314  0.01330550871392922  0.01926908021689487
  0.02525962110161829  0.03144588440420524  0.03800054796961707  0.04493584828217758
  0.05200548820510074  0.06009982185921240  0.06728397014041031  0.07400184260119205
  0.08044576896957782  0.08711308205266152  0.09477958614634291  0.10383209610484595
  0.11303478279180137  0.12196828574850323  0.12937730944682063  0.13725874339229405
  0.14570759425241481  0.15396536246401660  0.16243504953246232  0.17123123134858417
  0.18041452649503767  0.18891227478039985  0.19726797826968145  0.20503192799919515
  0.21368032669468692  0.22337644940307166  0.23339543560271070  0.24393864933443174
  0.25517583346982353  0.26636824430748657  0.27795777477347849  0.28894234513710076
  0.29904319707213323  0.30892858480666724  0.31907786595344934  0.32790827319361515
  0.33613857572827249  0.34442447960947742  0.35375459527239927  0.36523523954803760
  0.37743663718744597  0.38891379806537818  0.40003528848264275  0.41117016002731199
  0.42273992462476306  0.43520316231876816  0.44693411016033929  0.45928066582059296
  0.47183940313602185  0.48423668677369436  0.49477296785616676  0.50494464247953219
  0.51509655551370503  0.52556344323848336  0.53649418548358740  0.54941569486557329
  0.56465508788759577  0.57865246624299171  0.59323218191043514  0.60661448332006629
  0.61916163395848545  0.63272348144635870  0.64719593440437950  0.66162777513768289
  0.67558176377421653  0.68987597896137676  0.70428244866294265  0.71807948200853378
  0.73093637676517331  0.74507320289702794  0.75832567356929848  0.77275339704660906
  0.78792419907789046  0.80269993635341796  0.81639321863306913  0.82983906930818085
  0.84384851775761383  0.85835650932700902  0.87202310971107655  0.88500916359449255
  0.89672166685161014  0.90784797186920607  0.91855163606322565  0.92879990079811636
  0.93906992152506830  0.94891278621850783  0.95872080663779702  0.96649197381939123
  0.97447348103347986  0.98205000390912744  0.99109711285463065  1.00000000000000000
 -0.00200014348492558  0.00854899907234259  0.01777276085821420  0.02738726461867810
  0.03655058293390524  0.04567100166557294  0.05348077906322292  0.06310949234186015
  0.07337824244351564  0.08369758847320648  0.09385191851389187  0.10269756547143317
  0.11275233471737782  0.12334059387760901  0.13496432409379319  0.14635563639634044
  0.15763289927698013  0.16823983081799784  0.17871669735502710  0.18915734970640713
  0.20080412642989251  0.21245597105810182  0.22282842862617933  0.23256675615848260
  0.24131873739069673  0.25054769879012728  0.25983318960595997  0.26890001539861397
  0.27870046408016175  0.28982416450661014  0.30406431862997413  0.31921266008787519
  0.33317972554696745  0.34442492602407798  0.35549814965462823  0.36696837639836882
  0.37605894407100093  0.38547334159252894  0.39578015211041101  0.40811022197834118
  0.42049367077482119  0.43201791503647419  0.44266592802497245  0.45250759907955557
  0.46253133187471351  0.47196567224946767  0.48086172377869824  0.49037029206663008
  0.50083567961324260  0.51284190385743400  0.52576916721797573  0.53861564152695729
  0.55019084798720241  0.55926041917964076  0.56802670092072283  0.57670323206905472
  0.58521497847379411  0.59530390691802237  0.60725660449409924  0.61951890748882399
  0.63291601569954437  0.64632891589683439  0.65864826089391548  0.67047872866499136
  0.68131263190250013  0.69100271284761305  0.69837973688790367  0.70717489251370746
  0.71683006060563736  0.72676420978989809  0.73610180658974367  0.74561357245676185
  0.75650353320809849  0.76702733330262884  0.77667526918024365  0.78576445639972237
  0.79522363338832602  0.80488555263191530  0.81479883445379775  0.82517997877399174
  0.83616003248381721  0.84725005288374899  0.85901643678425899  0.87136200900339733
  0.88329776752450984  0.89332066296459978  0.90352966199258156  0.91339155925725990
  0.92425743601418253  0.93481443567751843  0.94557365452186171  0.95611387796725833
  0.96646947663601712  0.97698075294518394  0.98804665115255574  1.00000000000000000
  0.00307240222797567  0.01378077557442538  0.02439152171351229  0.03403399437217670
  0.04413477418276503  0.05379070974279043  0.06219494187510755  0.07014938850427509
  0.07893254979930361  0.08841406139520207  0.10021945406523727  0.11185879227161956
  0.12281509491508678  0.13392515334445224  0.14494917681546271  0.15597698055778653
  0.16692080575399740  0.17787449008741815  0.18946729163394052  0.20143367210142843
  0.21245759368109599  0.22251055732765751  0.23253580788040301  0.24335698457866992
  0.25501448079227840  0.26573899277008978  0.27508598087807484  0.28416400921350676
  0.29380111083974148  0.30593641497453700  0.31852111118994919  0.33042851659549760
  0.34141838954305048  0.35158961973714697  0.36048019454637947  0.36899141371344646
  0.37750726755637182  0.38564696361161049  0.39317554254747611  0.40108701440413624
  0.40873014700048743  0.41642659938163801  0.42544358783074582  0.43565720780368139
  0.44700086215084744  0.45726224692938650  0.46683006628989882  0.47610211824886622
  0.48494123792795391  0.49328622179493459  0.50214698171268735  0.51202964769904480
  0.52309290682622855  0.53508314602118157  0.54654995023837338  0.55727702368467158
  0.56750026269546106  0.57754093182339683  0.58772744572667213  0.59765219419117022
  0.60762122849533251  0.61801414856780423  0.62843747848951470  0.63862431141536524
  0.64849768487207626  0.65809509418845458  0.66773683886562263  0.67802040329490199
  0.68878235602081095  0.69938029378465205  0.71061809192752012  0.72175642134143625
  0.73077390384273422  0.73937993029804716  0.74785244539754181  0.75648789213879164
  0.76730045199916386  0.77828815490111158  0.78898561755973851  0.79977537297172874
  0.80984705109521149  0.81961356248324158  0.82994288094488211  0.84115872651102275
  0.85190152047429268  0.86245449074665270  0.87414468686996083  0.88739857559900737
  0.90042461529711304  0.91322539435055494  0.92627887813484033  0.93886517956914317
  0.95124837406976370  0.96473285422107868  0.98101153434438126  1.00000000000000000
 -0.00270219221517007  0.00851649518867399  0.01861719281814692  0.02956124620218741
  0.04104619216271467  0.05216433449846476  0.06303424039476201  0.07386687555596964
  0.08496731255256683  0.09682734955159286  0.10750361528671119  0.11716258822180248
  0.12663096332882626  0.13635876346778966  0.14577604330107599  0.15536134127214413
  0.16549986466805261  0.17763730420380702  0.19071790138628042  0.20304917117957416
  0.21344186165876286  0.22307877579612889  0.23254826300024120  0.24370693202176810
  0.25473830363945493  0.26659126152459672  0.27879883064053002  0.29068826158117622
  0.30196990191486972  0.31210387789367366  0.32170210217834866  0.33070153832607813
  0.33959873847946015  0.34937686544387325  0.35979037111487744  0.37062606813783777
  0.38208589418216649  0.39484549210511261  0.40829111576374894  0.42211661729550348
  0.43441968359558919  0.44589887296133179  0.45630432565608603  0.46714814391088771
  0.47901855598453946  0.49118623906159464  0.50476164124793366  0.51696319544122360
  0.52885129383662688  0.54049853076871712  0.55200305876509614  0.56298362675472913
  0.57396398640750346  0.58472762356298225  0.59560483903397965  0.60596099672790393
  0.61684925613176711  0.62794498897887008  0.63888786222825433  0.64894191839299253
  0.65808199375288168  0.66716962001716007  0.67663028516410029  0.68621410139746830
  0.69727313964494020  0.70871407232971695  0.72054416527963039  0.73194520377239070
  0.74300563665036579  0.75372602065400629  0.76444067603868082  0.77563913035587273
  0.78682575875442562  0.79674549293132368  0.80671272058610588  0.81602839366590940
  0.82563714211839756  0.83507732872740958  0.84382603686076652  0.85110521315606291
  0.85945139818494021  0.86876218748927736  0.88173765135460869  0.89424469584451038
  0.90353864622408653  0.91214773516947878  0.92187161610691115  0.93047463597199853
  0.93889719695561136  0.94778946624201499  0.95722811252667306  0.96757125713108083
  0.97638690796290384  0.98465267789315103  0.99224367932048041  1.00000000000000000
  0.53540415183407397  0.64944538719297085  0.65858790669773482  0.66975432903438215
  0.68137358000374482  0.69048208342280548  0.69714309543154640  0.70334674512367279
  0.70978873209311732  0.71652978362749342  0.72350935583505094  0.73045904053921418
  0.73738272183956655  0.74420529448861994  0.75064853148060129  0.75678674396563517
  0.76284923531837845  0.76879370149310167  0.77553012685493217  0.78199260771368961
  0.78823772616154864  0.79393316933874947  0.79951391612619915  0.80560849099360798
  0.81122119367357926  0.81616749078291462  0.82075540605808217  0.82547755898248987
  0.83037038336054092  0.83488169909168242  0.83903005798739816  0.84283975615242235
  0.84671316188989865  0.85049351685592167  0.85421869078040924  0.85804449108121850
  0.86171224172775662  0.86530377124878299  0.86863049901856149  0.87187776686496943
  0.87513475633763482  0.87802954176086878  0.88068227277453071  0.88329415414546941
  0.88598598490488856  0.88883248182080099  0.89193655246146852  0.89526063994229454
  0.89836156809942813  0.90109176102128030  0.90382766337470988  0.90649306145226849
  0.90901204382694090  0.91132742717014503  0.91358861210640330  0.91588887982702694
  0.91815174117465570  0.92037274502188882  0.92262798392261813  0.92488516389692810
  0.92708739764617842  0.92918529878900791  0.93113106264897993  0.93296855279900448
  0.93477344717361199  0.93651588677624287  0.93851384331373400  0.94062110009802036
  0.94251308107995158  0.94434758670537056  0.94619337493683520  0.94788401552852009
  0.94977816251264746  0.95165420604647777  0.95362282856702218  0.95564437225649801
  0.95769515105920444  0.95980855955483513  0.96195688297568793  0.96400747838490697
  0.96593696400906282  0.96789711939985701  0.96968227582752675  0.97151908020959321
  0.97337482195058622  0.97519896352271440  0.97701689021929539  0.97890326732881217
  0.98095288206427522  0.98307574480981619  0.98530179341659396  0.98775102624525402
  0.99038544185005328  0.99319187697870526  0.99639674221418106  1.00000000000000000
  0.00823167891723135  0.08513510069106833  0.10811431804200529  0.12542450462281182
  0.14013027815100326  0.15223975468367626  0.16191585310144757  0.17123802953335682
  0.18052677924090754  0.18898536827713722  0.19587753609686934  0.20162505670244779
  0.20708667204831671  0.21247357148871213  0.21763330498996700  0.22250693538567132
  0.22756329727825245  0.23254165153758427  0.23764183324481855  0.24305028906353968
  0.24870490065703407  0.25411021294966291  0.25866301472574249  0.26307627875690676
  0.26743953297590972  0.27180907864200493  0.27635158856941994  0.28068687386620372
  0.28455291225052587  0.28803235910877173  0.29161198024214957  0.29528392325196517
  0.29920230762613931  0.30367466267501120  0.30776717289995908  0.31194163843223860
  0.31626384073348529  0.32082761733750498  0.32584046669673061  0.33115828699491545
  0.33595900720704158  0.34084379029332146  0.34607317154927791  0.35120313552388110
  0.35562872875609419  0.35973970658793486  0.36376639973964481  0.36807643084297720
  0.37269665515678235  0.37691457514696469  0.38138974380029711  0.38592283361830071
  0.39106668623490209  0.39656820091021489  0.40205531623928492  0.40743199873320585
  0.41282485908244793  0.41851444009435151  0.42464857500971215  0.43099028450350840
  0.43753310804699563  0.44346276284125868  0.44871035612121207  0.45379201202765634
  0.45921871516444079  0.46634609872790322  0.47453433877502194  0.48327720624699022
  0.49238098148657461  0.50080275935928009  0.50939665444148596  0.51835066309282263
  0.52716063917695188  0.53577061207034926  0.54411081651746329  0.55223246156366157
  0.55982861387491756  0.56730630634062273  0.57523402160217441  0.58431200373986414
  0.59512783255962465  0.60541769349003638  0.61602118077512547  0.62699548507731062
  0.63986514313810350  0.65372320330202272  0.66718197085482600  0.68294485598865462
  0.69777871397875646  0.71339190653274820  0.72863838261431746  0.74409303532189908
  0.76165896521567211  0.78742249362315986  0.83263138796316205  1.00000000000000000
   1.7036465050659909E-010  -1.0000000000000000     
 F F F F F F F F F F F F F F F F F F F F F F F F F F F F F F F F F F F F F F F F F F F F F F F F F F F F F F F F F F F F F F F F F F F F F F F F F F F F F F F F F F F F F F F F F F F F F F F F F F F F F F F F F F F F F F F F F F F F F F F F F F F F F F F F F F F F F F F F F F F F F F F F F F F F F F F F F F F F F F F F F F F F F F F F F F F F F F F F F F F F F F F F F F F F F F F F F F F F F F F F F F F F F F F F F F F F F F F F F F F F F F F F F F F F F F F F F F F F F F F F F F F F F F F F F F F F F F F F F F F F F F F F F F F F F F F F F F F F F F F F F F F F F F F F F F F F F F F F F F F F F F F F F F F F F F F F F F F F F F F F F F F F F F F F F F F F F F F F F F F F F F F F F F F F F F F F F F F F F F F F F F F F F F F F F F F F F F F F F F F F F F F F F F F F F F F F F F F F F F F F F F F F F F F F F F F F F F F F F F F F F F F F F F F F F F F F F F F F F F F F F F F F F F F F F F F F F F F F F F F F F F F F F F F F F F F F F F F F F F F F F F F F F F F F F F F F F F F F F F F F F F F F F F F F F F F F
  <DiscreteSampler_grid>
  grouped_processes
  1 # 1 for a reference and 2 for a running grid.
  10 # Attribute 'min_bin_probing_points' of the grid.
  1 # Attribute 'grid_mode' of the grid. 1=='default',2=='initialization'
  0.0000000000000000 # Attribute 'small_contrib_threshold' of the grid.
  0.5000000000000000 # Attribute 'damping_power' of the grid.
 # binID   n_entries weight   weight_sqr   abs_weight
    19   10   2.863115175152039E-007   5.313485012285824E-013   2.863115175152039E-007
    20   10   2.863115175152040E-007   5.313485012285837E-013   2.863115175152040E-007
    22   10   2.863115175152039E-007   5.313485012285824E-013   2.863115175152039E-007
    23   10   2.863115175152040E-007   5.313485012285837E-013   2.863115175152040E-007
    25   10   5.655226216913502E-008   1.399025646695376E-014   5.655226216913502E-008
    26   10   5.655226216913495E-008   1.399025646695375E-014   5.655226216913495E-008
    28   10   5.655226216913502E-008   1.399025646695376E-014   5.655226216913502E-008
    29   10   5.655226216913495E-008   1.399025646695375E-014   5.655226216913495E-008
  </DiscreteSampler_grid>
