  0.00389570441860238  0.00959057928654238  0.01778058918677190  0.02574263273474189
  0.03417260712943618  0.04364212575248740  0.05494681277879583  0.06638849214218520
  0.07810625284745841  0.09059529998864406  0.10216930409737547  0.11276734475689701
  0.12334897886775914  0.13428298312638234  0.14515740119334963  0.15524807378421351
  0.16491585796029246  0.17337729275197764  0.18190413524256460  0.19149837032692307
  0.20228604023769559  0.21344986516716227  0.22382414696600042  0.23460438264165115
  0.24642989186494452  0.25911638228174511  0.27215094158870423  0.28451329255690727
  0.29525767527804703  0.30495975942441783  0.31475561481894654  0.32374009001684567
  0.33449755192666436  0.34619007521041539  0.35720686261978524  0.36850354056687357
  0.37895935385153706  0.39187427068778136  0.40331702092979993  0.41429474864981430
  0.42479282525646311  0.43534370975728698  0.44558799789731285  0.45543495513307647
  0.46563413577218815  0.47612588821616264  0.48680664763737230  0.49783742653932123
  0.50891906082177041  0.52008897725317738  0.53209318831899288  0.54372740263122066
  0.55448215673858881  0.56506619344740394  0.57498002633214185  0.58442469275539888
  0.59342226812905874  0.60238116838769595  0.61237465956996695  0.62322079597773550
  0.63551326066104108  0.64746271523850518  0.65910308742965740  0.66989235210687414
  0.68127597536734918  0.69259415188037432  0.70468503929060033  0.71552956989221084
  0.72600874106110269  0.73602963012851197  0.74629384461956061  0.75578482841624162
  0.76539314372256206  0.77504112079701848  0.78523105490726086  0.79568440590791645
  0.80663594278746520  0.81750591257249217  0.82789608706099349  0.83810882589570745
  0.84864285203447920  0.86019944502720824  0.87273526603800999  0.88491035459136713
  0.89614016639375493  0.90686672764423015  0.91708861347978721  0.92657760663353150
  0.93622261064380985  0.94518750875446367  0.95360355913403527  0.96233977083410838
  0.97133728127908558  0.98095345322346650  0.99018325013148734  1.00000000000000000
  0.00376632797883778  0.01114562507214299  0.01893556936713930  0.02802236472766528
  0.03817910464218679  0.04813728374941279  0.05757177487842988  0.06722702594386296
  0.07622112812896108  0.08525502877675749  0.09457711807360068  0.10475836310629286
  0.11755552091967006  0.12991551425489653  0.14218449010645953  0.15087384845593310
  0.15894096087153364  0.16658890130152015  0.17571986943366608  0.18575776506987424
  0.19659328996707839  0.20713310281248776  0.21775626530956124  0.22799394577755747
  0.23804915026380424  0.24847579323364966  0.25875527084207128  0.26947443041178853
  0.28018523911157317  0.29193532345242756  0.30454881528586475  0.31674762479457841
  0.32877376295020494  0.34021246501046837  0.35072502659467192  0.36163490424788508
  0.37231091484247852  0.38358868980355953  0.39321343978609646  0.40371068879636507
  0.41393588434146117  0.42450128077085836  0.43423751523481235  0.44422434345129552
  0.45459490044990863  0.46505076325749595  0.47552175924030521  0.48504345809065591
  0.49418681610040377  0.50446447689222185  0.51406803094817211  0.52387045189344261
  0.53340501928105322  0.54326164423774459  0.55387054009790637  0.56545797880713522
  0.57780473246306963  0.59011306739942204  0.60174917964835961  0.61248718913111633
  0.62277504712017306  0.63309341720807677  0.64348012692083589  0.65373879206238317
  0.66422291663772604  0.67525870103637176  0.68500509243002694  0.69384778764072141
  0.70257781263334496  0.71274349989964125  0.72418488021978678  0.73592231803805508
  0.74703976939404027  0.75755288647604013  0.76776110111441309  0.77869691111571204
  0.78912968678052775  0.79888135438834385  0.80890919811652084  0.81997436962073322
  0.83189583744282702  0.84241133501351395  0.85260259752084455  0.86229688808603178
  0.87245413881716805  0.88264789610049232  0.89344882993688590  0.90478592232619770
  0.91656875238255320  0.92871962500047256  0.94079810680368992  0.95270850802766216
  0.96475388469719570  0.97668433416782985  0.98821271056359394  1.00000000000000000
  0.00013598351747368  0.00014394067184272  0.00015582680373084  0.00016886142905878
  0.00018168666992391  0.00019485909762492  0.00020550502525573  0.00021426938933092
  0.00022230178520167  0.00022962024284863  0.00023683824566890  0.00024403880290287
  0.00025105153233451  0.00025785824466139  0.00026477851555325  0.00027165310133749
  0.00027849109574292  0.00028541779880495  0.00029244325994410  0.00029936891331667
  0.00030711506552030  0.00031514856784980  0.00032349452916591  0.00033207996138846
  0.00034037446920407  0.00034839827604588  0.00035679480366936  0.00036581386130479
  0.00037534828639243  0.00038562735177253  0.00039652367238253  0.00040739397147410
  0.00041799551995231  0.00042821646689092  0.00043817130132457  0.00044922318752430
  0.00046124000340421  0.00047355183149134  0.00048700192963025  0.00050036214243588
  0.00051316698572287  0.00052621091198716  0.00054014193831080  0.00055574059228784
  0.00057294957828574  0.00059109813229926  0.00060924376772447  0.00062984111329881
  0.00065079856932239  0.00067132252531927  0.00069458033465723  0.00072001713337790
  0.00074527032539603  0.00077088015578275  0.00079746183554228  0.00082410211607627
  0.00085321546764064  0.00088156546395336  0.00091330504811285  0.00094638262221425
  0.00098198198716326  0.00101805060198058  0.00105691205883137  0.00110050612504807
  0.00115076855985127  0.00120361035833701  0.00126001189526528  0.00131491794765253
  0.00136842547917338  0.00142238252155030  0.00148116846962256  0.00155104130572255
  0.00163136221397045  0.00172108090034776  0.00181720680405311  0.00190809263138297
  0.00198689568996611  0.00207310568183976  0.00217447803664529  0.00228350809223117
  0.00243388268711308  0.00265219827419450  0.00303606531348488  0.00343259920932021
  0.00381473733097503  0.00408443263312666  0.00441253869947339  0.00476881333044928
  0.00516107675305462  0.00666824762915368  0.00782263950949422  0.00841843872165699
  0.00909999328762379  0.01042257775794892  0.09315831446425490  1.00000000000000000
  0.00019128584180810  0.00026035585751757  0.00030099471937987  0.00033333809048652
  0.00036323757603699  0.00039096172787159  0.00041757407984128  0.00044427191944839
  0.00047166295426438  0.00049891409319339  0.00052481118955943  0.00055049231607263
  0.00057699813244868  0.00060352713033193  0.00063047670248793  0.00065760732187012
  0.00068485770049027  0.00071488925025336  0.00074516462119708  0.00077518582307256
  0.00080421368972641  0.00083416352211183  0.00086358589153925  0.00089501797860348
  0.00092801775135279  0.00096040364567625  0.00099732829216242  0.00103263232177368
  0.00106972571027792  0.00111258226847883  0.00115221859317880  0.00119232201528811
  0.00123207342661444  0.00127269603698377  0.00131378739064030  0.00135538980444866
  0.00139965270105714  0.00144552495120504  0.00149609639375499  0.00155417743140265
  0.00161327552874107  0.00167228191800697  0.00173250779168268  0.00178829003250741
  0.00184658900479468  0.00191082518468792  0.00197858268231555  0.00204502499045369
  0.00210932887671265  0.00217077380105343  0.00223522771942101  0.00230127901412974
  0.00237669416562283  0.00245890731716871  0.00254876383265026  0.00265104026944021
  0.00275830627070075  0.00286895456507369  0.00297164443957538  0.00308499543774637
  0.00319366836000227  0.00331035550034884  0.00343162140378486  0.00354781153406538
  0.00366913955757171  0.00380292126362332  0.00394845192790954  0.00411830637469868
  0.00432018262353976  0.00454924651751272  0.00480100648766335  0.00506289738096648
  0.00530340398506302  0.00557774122237082  0.00584628290401878  0.00612339302371048
  0.00640358170941332  0.00671898963755840  0.00705693325824812  0.00766084576189873
  0.00826187250172517  0.00894415881668233  0.00964423495069606  0.01031074857146862
  0.01091902592655755  0.01151468297941100  0.01211197791315439  0.01272011657989012
  0.01413394523827269  0.01585103361194473  0.01690391985754106  0.01804974199267987
  0.01937587783297845  0.02395735907569186  0.17560485457306640  1.00000000000000000
  0.00000303353093844  0.00000338279407746  0.00000358499384693  0.00000369171732850
  0.00000380039303620  0.00000394072425442  0.00000411881140816  0.00000431595991641
  0.00000453258580248  0.00000479110525381  0.00000511743855194  0.00000542733944371
  0.00000574783296849  0.00000609823220100  0.00000648832823516  0.00000691365968697
  0.00000738223634048  0.00000787981807861  0.00000842408314134  0.00000899800201821
  0.00000963259033269  0.00001033739727258  0.00001108552848175  0.00001187836975874
  0.00001270834723528  0.00001365266885205  0.00001467253362011  0.00001586117792127
  0.00001725231201967  0.00001867552552635  0.00002015554197663  0.00002173118415320
  0.00002353358279470  0.00002545411786677  0.00002747824857426  0.00002979845497848
  0.00003222129678764  0.00003476493772597  0.00003747339709307  0.00004036421427016
  0.00004346877534493  0.00004702230911735  0.00005114744893051  0.00005579823887811
  0.00006099950391001  0.00006706249539715  0.00007371613455192  0.00008052192225611
  0.00008769475577073  0.00009535032847780  0.00010360685204739  0.00011200551567847
  0.00012094342364694  0.00013030987773771  0.00014052384778310  0.00015191909612046
  0.00016475168915813  0.00017954429399587  0.00019606720199536  0.00021504157330934
  0.00023583825732231  0.00025738503133952  0.00027979655006701  0.00030612582811229
  0.00033593233585792  0.00036704985592696  0.00039813200665245  0.00043480926219446
  0.00047198054738120  0.00050667718371618  0.00054628640144502  0.00059412255877577
  0.00064684523405572  0.00070836792526423  0.00079034371530891  0.00088368793257947
  0.00098974123861545  0.00110024491550014  0.00123132650821510  0.00140106868778293
  0.00161415546158427  0.00184730325477238  0.00214708534714823  0.00253231939151162
  0.00308831151399205  0.00357780661487019  0.00413798162642159  0.00457147536954848
  0.00508110918860178  0.00556996047343370  0.00601950197832526  0.00681862414509657
  0.00762354297711640  0.00886739922773080  0.23497885093566170  1.00000000000000000
 -0.00233807147112717  0.01238923364010297  0.02442829030035338  0.03635235148694167
  0.04709404408971139  0.05824801763403124  0.06980282737029682  0.08188343580565577
  0.09465543335830250  0.10679429076805802  0.12133799229944205  0.13379828856578971
  0.14631280584329684  0.15816648285693119  0.17004558364363551  0.18172033098004248
  0.19342624615529050  0.20537403625279904  0.21598356981251829  0.22689175910793064
  0.23607919548943254  0.24638428444216487  0.25691084827051602  0.26782159675578376
  0.27845201807018166  0.28805883245066388  0.29728140315940871  0.30667770243582743
  0.31704046493039262  0.32799374257599906  0.33882001432775494  0.34927960483695120
  0.35997351831322266  0.37137030429466422  0.38292748125786297  0.39389149209770097
  0.40376142957978778  0.41401526391517496  0.42507402004861394  0.43579667596324206
  0.44494268912300283  0.45409079150810711  0.46310195370176377  0.47261624509848110
  0.48203368748120906  0.49114700127764205  0.50043749212797328  0.51036852326905202
  0.51988405593579823  0.52901691731155842  0.53796028587570444  0.54665491093039242
  0.55645640881928737  0.56656239150595566  0.57758609296917862  0.58843166767292499
  0.59946073637620090  0.61036556979781220  0.62063958901444061  0.63080934630241514
  0.64053426920932210  0.65041321348292658  0.65997112255160273  0.66988390886064142
  0.67855154171218590  0.68847718050534046  0.69799672443696381  0.70699755784527096
  0.71612315244732139  0.72549190016105336  0.73573467641273826  0.74629879700821045
  0.75593998896672554  0.76505126810742585  0.77380895803417016  0.78288310205571032
  0.79205828865083161  0.80203134782619179  0.81243997169725846  0.82252959550738913
  0.83236367708966685  0.84235039623322006  0.85367115587758036  0.86506813099956270
  0.87565110810467761  0.88555868915345060  0.89570704256132605  0.90701600526616566
  0.91761408000052935  0.92839741241192830  0.93829265306986087  0.94951095008717368
  0.96060383672922933  0.97280176241384664  0.98566707676630672  1.00000000000000000
 -0.00221332169545685  0.00784429931694164  0.01736860560936285  0.02786634689297775
  0.03911248313909467  0.04978391372825869  0.05961055687221820  0.06967765068852916
  0.07912914056691230  0.08949778086139844  0.10058592507918519  0.11205658503790036
  0.12357719031738437  0.13469273833323056  0.14564283077020149  0.15651008064569291
  0.16741296087147059  0.17888433829497438  0.18953979887840972  0.19885812175944448
  0.20784083822726815  0.21659888624733981  0.22514535666016802  0.23380006516831989
  0.24264597642599850  0.25201865916286775  0.26245951551563329  0.27307138131683184
  0.28316247405693523  0.29364832210158459  0.30483720810598058  0.31631965320260574
  0.32654807952976800  0.33657478533584267  0.34632177301842770  0.35544461540378697
  0.36416184482866004  0.37390733646489771  0.38546206863609589  0.39773176752266437
  0.40974972948788896  0.42117334858437738  0.43221913744114482  0.44305087623902417
  0.45366421488623715  0.46537985747574473  0.47678023484249188  0.48874975419572236
  0.50087997841438558  0.51172859944788740  0.52396464046070923  0.53650054410741510
  0.55177589468049870  0.56609256240602535  0.57870342206434677  0.59014666089822598
  0.60141194247895802  0.61336859520600495  0.62483466033764989  0.63504770088575091
  0.64472305545911768  0.65446946564315367  0.66496592962048817  0.67561506210655886
  0.68692991811719717  0.69786610134817983  0.70806658446722748  0.71778393582178679
  0.72803159013167962  0.73899363358811265  0.74927481824484254  0.75867283303513500
  0.76709106789528769  0.77585928306334728  0.78530492793568663  0.79459886233909227
  0.80385418150788923  0.81310797226880849  0.82280907994951513  0.83239391472446489
  0.84218960457584480  0.85234073211802341  0.86181564502029229  0.87016593858245639
  0.87847180910352152  0.88699277052477055  0.89736961736744114  0.90903393801102916
  0.92067566918890742  0.93165367270358168  0.94306238968555389  0.95434046224659475
  0.96483288596920291  0.97517917649896102  0.98717018335291984  1.00000000000000000
 -0.00280712758020713  0.01329383668496347  0.02665542729892932  0.04064791067777133
  0.05453626840154072  0.06701964829649762  0.07849861518654774  0.09008231168463408
  0.10167568848204731  0.11316706385467307  0.12498133733673981  0.13723758286971990
  0.15033890195702215  0.16288505457652425  0.17451175607987471  0.18622271970305143
  0.19730883556426534  0.20839139379937352  0.21920496962881031  0.22986181840259701
  0.24020532186278287  0.25036490139303486  0.26051407385055270  0.27113600432845053
  0.28179289194577112  0.29301573222332961  0.30527277503356676  0.31723507889252078
  0.32875376004107326  0.33935200001057270  0.35027734529312088  0.36103910693872904
  0.37178224063281967  0.38232286420851469  0.39295511959857560  0.40395615821922393
  0.41528657342643244  0.42658850361002221  0.43747798315364228  0.44804131156505927
  0.45825858989296042  0.46817415470685386  0.47814297034966097  0.48723382702088452
  0.49643096144613796  0.50489712008700072  0.51338257568445189  0.52163676806786718
  0.53057412640106771  0.53915873146781579  0.54849118953440767  0.55842712873245859
  0.56910635225354100  0.58041773724901591  0.59148285900583186  0.60229746791615579
  0.61332476353897747  0.62210677504750334  0.63005073861296179  0.63787052765737873
  0.64605129458512256  0.65482954212835254  0.66352286654355264  0.67249197105155278
  0.68123189521763727  0.69023269491743711  0.69978051903930916  0.71037773610326993
  0.72086651382221822  0.73079213450729297  0.74094184690219023  0.75096735740305576
  0.76067236242131520  0.77017876513371009  0.77931834839622005  0.78781482071736320
  0.79635127530030347  0.80518806265096621  0.81460598185410749  0.82520415561154403
  0.83614241382359700  0.84563077639228657  0.85593216937886774  0.86620473649507912
  0.87648387208514067  0.88659501173043453  0.89614905693926472  0.90600575941068151
  0.91601259990566464  0.92588468275855507  0.93602532075196865  0.94701057631428087
  0.95865173465278586  0.97191333654958012  0.98552886972446907  1.00000000000000000
 -0.00354878022028197  0.01358861569457085  0.02749698005384861  0.04024887922917777
  0.04994578694399001  0.05922496135095579  0.06763387106531062  0.07582185970092918
  0.08579109685720114  0.09594702603020724  0.10672999633637936  0.11719310402854569
  0.12718027415911010  0.13679337624669879  0.14647255383128735  0.15639716831761605
  0.16694946011885173  0.17788856081365123  0.18836022463491439  0.19806696227697979
  0.20694939716711164  0.21645265807099989  0.22628161114929460  0.23674173488002515
  0.24640348027225042  0.25568885865118957  0.26502064855508811  0.27453641502294623
  0.28514292799232294  0.29749304627376477  0.30700963605957066  0.31541972954364517
  0.32367672996458330  0.33225617161379367  0.34285953820154186  0.35435314199544893
  0.36586787005209626  0.37773911783157044  0.38966264054650324  0.40120656590643838
  0.41282915215013610  0.42281173358716440  0.43361145577709692  0.44427003168050577
  0.45587206499616190  0.46863154132076740  0.48088354719609244  0.49286304156137839
  0.50363154267420807  0.51434830509278173  0.52472985154681528  0.53486772214546585
  0.54512909132636089  0.55674790245512151  0.56828923418175381  0.57898760234447388
  0.58812380017613930  0.59742603145230322  0.60773286426429751  0.61872250862852018
  0.62888100179622630  0.63787630258441985  0.64690903101592800  0.65665942679737410
  0.66665760763244286  0.67645684623773750  0.68638232156456980  0.69716382119562947
  0.70869726959111912  0.72037058312984747  0.73206724644593746  0.74189275171837354
  0.75149096774634494  0.76062993949025060  0.77045092269345483  0.78004106103776305
  0.78947705868126594  0.79919171119346843  0.80883211637880803  0.81868894753928445
  0.82943137200100914  0.84108539580715747  0.85314772103915937  0.86470004911270659
  0.87542702509959891  0.88551691334667837  0.89516326631335352  0.90504346155122439
  0.91655215860245354  0.92898098161297593  0.94179503460240521  0.95256539707732102
  0.96399675229529103  0.97503285433416531  0.98755922482516412  1.00000000000000000
 -0.00107934840373078  0.00416088916126011  0.00946219970467248  0.01473568557714973
  0.02064626660285553  0.02741793476258090  0.03431266207171441  0.04096553336851895
  0.04767118680108173  0.05442085176572446  0.06173880087551877  0.07040147589109454
  0.07939278553206197  0.08811600358499372  0.09664954746420748  0.10550332725977411
  0.11381995539633702  0.12277427161003579  0.13122561363876561  0.14073592452172870
  0.15026966433047681  0.16028000042154605  0.17104073734986641  0.18291268863123517
  0.19515570118698791  0.20747120867413366  0.21916961232322985  0.23039797282201521
  0.24048257363901296  0.25036334563052920  0.26111788645036454  0.27317629060428156
  0.28519080154540238  0.29777167839981250  0.31001481877038334  0.32241379237929924
  0.33517823252043932  0.34902338628391161  0.36262796018285187  0.37630842831411743
  0.39090329469602375  0.40757184266551499  0.42284157182402327  0.43731095115672391
  0.45290914805853516  0.46913756079395319  0.48418460983671657  0.49879802390464378
  0.51445511130819865  0.53103083836061316  0.54531171936362766  0.55962236697400758
  0.57456244167026738  0.59106188749503574  0.60761850519173211  0.62352585758379198
  0.63838419548410474  0.65335783054635832  0.66807427604342384  0.68157852291893450
  0.69471597319592893  0.70772210041234707  0.71972879196504225  0.73245103369132214
  0.74597505912402828  0.76032119084402605  0.77421428044598584  0.78786514539231045
  0.80063043511772247  0.81236857822979192  0.82402698668677044  0.83482383074941302
  0.84590296191107728  0.85652797912017653  0.86680912112535791  0.87570447505130744
  0.88470625882825682  0.89323343359386398  0.90150599580763746  0.90976495933837664
  0.91726027165965840  0.92439461259539679  0.93131632022430988  0.93786205925786770
  0.94450249890433946  0.95050459329199222  0.95659735509095734  0.96235082200724154
  0.96732399164666727  0.97265457650530351  0.97794316089291355  0.98323907982798842
  0.98813251053651463  0.99221996626937803  0.99607255850825704  1.00000000000000000
 -0.00231064257957156  0.01136208871384111  0.02223126940228369  0.03292681067784285
  0.04337533437339636  0.05459122613417380  0.06628727175909155  0.07840531980349333
  0.09034060386272499  0.10112134762765732  0.11070436257445890  0.12035008244117475
  0.12909951359013883  0.13914246809393549  0.14922326482578058  0.15862382819972740
  0.16885015821028970  0.17930619548303769  0.19017773078920971  0.19967728633961873
  0.20862116085171037  0.21797245283562744  0.22695744087170389  0.23641060063469496
  0.24589374429207650  0.25677953872697912  0.26821378346492492  0.27978035244834287
  0.29116457571793058  0.30249988576341363  0.31344904067755225  0.32372401036686871
  0.33402805828550197  0.34389139245402373  0.35303984925484649  0.36213935251163060
  0.37172037560188181  0.38206011703717457  0.39289640606271337  0.40433081211562177
  0.41758871333512537  0.43031379386302709  0.44205031845238507  0.45280152167645221
  0.46387132293260724  0.47537911767506608  0.48759981805203095  0.49996771329116929
  0.51201549137296154  0.52404607727497143  0.53665467243681186  0.54957599298143300
  0.56188922650539397  0.57318638329817073  0.58365390477744405  0.59366398613222926
  0.60383000023320654  0.61386998978856944  0.62533884644828797  0.63790120591859090
  0.65092330547121968  0.66310811664595681  0.67449305154700712  0.68504124146332057
  0.69493361861594616  0.70462897001384772  0.71461765211422323  0.72510571426969406
  0.73571994993847523  0.74638690255580620  0.75652334242015218  0.76525806824421716
  0.77306779124916081  0.78101030091906432  0.79043964925687071  0.80155288156610982
  0.81209828667663830  0.82267606407201699  0.83369396293955889  0.84497410881502222
  0.85614559410971858  0.86651335288278286  0.87622053968776203  0.88499532918313617
  0.89364135239070508  0.90325664239492764  0.91298528565246229  0.92252906313428340
  0.93157656588866278  0.94066184088750782  0.95110737057017558  0.96132834049813520
  0.97126849039738750  0.98079663685726759  0.99065703382332870  1.00000000000000000
 -0.00209599174398417  0.00979214601724600  0.02045982335686765  0.03053691310243055
  0.04101437070031305  0.05169979619886661  0.06250520009017189  0.07347057286460851
  0.08480572452414224  0.09726584405524275  0.10951662352103531  0.12235872834446616
  0.13266254559423302  0.14194783712425413  0.15063774690301629  0.16082337980974268
  0.17120800516961499  0.18224575618539524  0.19374174656878207  0.20675059775351878
  0.21903728330062203  0.23096172745491417  0.24259928524638152  0.25446816794266847
  0.26672138167499027  0.27906451466593857  0.29197392945949763  0.30241520298049612
  0.31424724241124619  0.32588054889660067  0.33678175502107377  0.34571397442737217
  0.35490285221822704  0.36553632881700426  0.37746811948569603  0.38949797838902822
  0.40111925936471798  0.41324138876396188  0.42479508223480772  0.43710476789067576
  0.45028567984862189  0.46412576835489178  0.47777316509663359  0.49164650327099635
  0.50493566891912378  0.51807448372853337  0.53118105125640180  0.54446053232695457
  0.55779901718171321  0.57048364301601184  0.58276993299024826  0.59443345996895858
  0.60638396737186695  0.61799816373596328  0.63018810950674609  0.64264320160758637
  0.65530630878971674  0.66706971891567546  0.67863369603655199  0.68949702185811412
  0.69995281653466213  0.71069484139988537  0.72107567305988773  0.73088966049119897
  0.74063103030600985  0.75081593903561572  0.76184521385534665  0.77182023140705047
  0.78351729657543256  0.79370427776437991  0.80474396469150156  0.81550641060235074
  0.82574676397155844  0.83541377229578428  0.84452632973749286  0.85331703835112904
  0.86180512760137140  0.87009992866900043  0.87829202786732996  0.88731898221884586
  0.89617079079291562  0.90389118197492702  0.91107896930685950  0.91816170951530918
  0.92609465840670080  0.93480085558343051  0.94209171628666433  0.94830088562510573
  0.95433044806622469  0.96021919963292601  0.96657554136918356  0.97367679218003134
  0.97969548337747270  0.98623941214915500  0.99297277158052077  1.00000000000000000
 -0.00256610380626755  0.01203849698958321  0.02550154176177110  0.03814965104434264
  0.04897642555018109  0.05939577768574351  0.06945115755082455  0.07835723154052142
  0.08656565155587122  0.09428518706768360  0.10295326569833298  0.11353878043994738
  0.12573662542456582  0.13891376222102464  0.15134899146813000  0.16410395068881947
  0.17622620166107061  0.18741289868703156  0.19808066168895727  0.20848291223736018
  0.21924015167664726  0.23015896127224553  0.24116149565105416  0.25281950734839909
  0.26451386911716684  0.27574219221330282  0.28735449346018122  0.29954739168473993
  0.31207749821576747  0.32083009279722174  0.32960034720639858  0.33862537323953751
  0.34878156946667682  0.36027568631123547  0.37142970073805626  0.38206200835556264
  0.39202832465612431  0.40155333061131543  0.41134193484419546  0.42144426884146491
  0.43121622967563633  0.44141086373453459  0.45206551006890539  0.46407317298019918
  0.47583365835995001  0.48638028141913725  0.49681430563712720  0.50768879104993014
  0.51893584461057618  0.53029609855628057  0.54160460627761142  0.55102117255038252
  0.55948549665673342  0.56744149724040849  0.57508381727241109  0.58371475168804265
  0.59268133048280480  0.60240908752632971  0.61303621047577006  0.62401639017210309
  0.63498422897990880  0.64609762722681008  0.65737874507793559  0.66869448914415919
  0.67921250230927166  0.68999348739195865  0.70127067946755173  0.71280451847272264
  0.72252384119387481  0.73206479414884873  0.74081074513600775  0.74948342636170751
  0.75853589436420532  0.76865246845465163  0.78094526899310590  0.79386159188506811
  0.80610827398754004  0.81817585747078758  0.83044710917829334  0.84295004586515809
  0.85461273337000643  0.86680866066580187  0.87824278513448095  0.88847856346679943
  0.89802198524345522  0.90749286435038734  0.91563760067288591  0.92364120927596649
  0.93155250130096967  0.94049846935157677  0.95061030464525043  0.96017626887468965
  0.97005048069757294  0.97955653183124702  0.98982623251919644  1.00000000000000000
 -0.00190690434992752  0.00825945471160010  0.01728170828266853  0.02662841100865817
  0.03758885116611421  0.04654287698157259  0.05561931303744608  0.06463253209260639
  0.07479013655422846  0.08585146964407987  0.09739262513128981  0.10895170028804323
  0.12034524265821764  0.13186113238054911  0.14394110740866251  0.15616777760699349
  0.16682711821774826  0.17633222962581155  0.18587800541132476  0.19616848532199141
  0.20561532653849174  0.21416378194162455  0.22246633777478542  0.23214100388146361
  0.24279410669116108  0.25322229268607976  0.26274127023427157  0.27223346401963122
  0.28229604857939911  0.29277458490171404  0.30397785808420363  0.31525378888699773
  0.32480382143058706  0.33375448542735958  0.34221056624025042  0.35185188873841516
  0.36332021865127873  0.37464524603808308  0.38528774533082166  0.39571053055272265
  0.40668850254862010  0.41774681075880044  0.42774250280672105  0.43720930866436458
  0.44736390191218717  0.45850238858805792  0.47095130356676418  0.48387200901650829
  0.49547569518218110  0.50714304961437828  0.51729332463406086  0.52722913349439504
  0.53739183442405114  0.54882459705014419  0.56079513925599345  0.57190947663145264
  0.58278571186814676  0.59488501031545726  0.60727865504836009  0.61805628106854715
  0.62857832962004900  0.63853767931768568  0.64786059697199661  0.65674349739235316
  0.66593875443560335  0.67631701772862973  0.68714287947037156  0.69698227171303828
  0.70665199367564968  0.71649638484746947  0.72858545007071696  0.74155839385877143
  0.75383868738320647  0.76518950149883880  0.77789900906265763  0.79100386484535834
  0.80286499162686087  0.81383049115080452  0.82446178903941181  0.83478723640373331
  0.84487031386271227  0.85443061110713214  0.86469347140298747  0.87461076780344527
  0.88484660853651220  0.89487264725776017  0.90501989056253940  0.91507403278377897
  0.92503698514157928  0.93577407108664923  0.94808270852613075  0.96030423299457623
  0.97058307132233790  0.98036471004696635  0.99021072118708497  1.00000000000000000
  0.53243550155842079  0.68291999002147441  0.70651647683428420  0.72181029488395310
  0.73489975686756293  0.74637469207405638  0.75715890144446230  0.76701107630513088
  0.77612116499364159  0.78454107750746915  0.79297205810016491  0.80059347768140077
  0.80784224220743261  0.81444538618055229  0.82039577902129712  0.82598907804164767
  0.83126353328575442  0.83606902108765402  0.84051124909000141  0.84462320330872598
  0.84844243738614156  0.85225870757669575  0.85608967002450465  0.85971236071992507
  0.86305998391131400  0.86636438891113710  0.86958427748479894  0.87298016159885483
  0.87613583757638536  0.87924056519060689  0.88214476010521892  0.88499600909774290
  0.88771589591166244  0.89042227727760159  0.89304889064115789  0.89561474354805737
  0.89791330549147719  0.90019196000866508  0.90244477191839989  0.90483293204827453
  0.90734354268111095  0.90976051350020248  0.91199166927352415  0.91414069287738975
  0.91618664057045118  0.91807431202288636  0.91985281063014401  0.92163070590538199
  0.92352618951055565  0.92549128770979594  0.92748215383905297  0.92940939350867902
  0.93130285734498219  0.93315005182184785  0.93492514637092017  0.93662117183082128
  0.93821723765096887  0.93981876165040834  0.94135221634160704  0.94298134959987445
  0.94466330033760226  0.94641207435490871  0.94818750448060085  0.94988432240122234
  0.95150744531318154  0.95302412432766714  0.95439434416246327  0.95574780313471297
  0.95716341818095363  0.95859923127348790  0.95998562532797393  0.96134555619970863
  0.96279585364209519  0.96417402718888912  0.96560543369056173  0.96704788913207429
  0.96849763504852637  0.96999383156324537  0.97152884718367583  0.97297277919843916
  0.97445714257392624  0.97588115128222153  0.97729085989768472  0.97861484372154162
  0.97996181483494749  0.98139823062823650  0.98292126085489873  0.98464058335054327
  0.98637996724163013  0.98810553148915847  0.98988008660412974  0.99173223950474665
  0.99360254948689508  0.99547756795856290  0.99771013132649089  1.00000000000000000
  0.01886688002031751  0.12301424111890043  0.16410214097029766  0.19140187515421767
  0.21097022129907347  0.22689501091043834  0.24049733671942872  0.25290021562294496
  0.26355374249361802  0.27302543567915738  0.28165082687864812  0.29076985779624376
  0.29941758301210608  0.30832619614252965  0.31684152730060000  0.32433180096745867
  0.33156250531228776  0.33830199978796321  0.34489061745718602  0.35114853108861860
  0.35724079447206242  0.36324939968368763  0.36940314878886243  0.37587410726635739
  0.38235283896928401  0.38809751889738181  0.39320538354297707  0.39809551459521397
  0.40316082772811473  0.40836302716897105  0.41334610856504667  0.41814235148914736
  0.42292759216166259  0.42792177571929274  0.43342423595361090  0.43934961714744991
  0.44410749266978689  0.44853130226336579  0.45260587057285201  0.45665676410815376
  0.46099765755105448  0.46531818598180380  0.46975836689007228  0.47443139948290558
  0.47910007638436319  0.48346236319112262  0.48733452405828359  0.49090343335600256
  0.49449993829348060  0.49831019447120262  0.50255580437670178  0.50770333252749633
  0.51269621477908311  0.51806126520255913  0.52352817841711230  0.52916894460427655
  0.53474535390097899  0.54053358633594994  0.54630121032448142  0.55196469062009856
  0.55746686895213149  0.56289425588146946  0.56831500348146047  0.57280487964092031
  0.57735577606580912  0.58206751501713649  0.58714591839103392  0.59316157288994076
  0.59928042346673682  0.60543622569127309  0.61149379856673303  0.61757500844522695
  0.62396962524746091  0.63059231040130959  0.63753020592381859  0.64484955509527786
  0.65175980302946313  0.65863271488124342  0.66501556997781097  0.67192742309747822
  0.67909400729086999  0.68692130361706905  0.69584915921358337  0.70523861959379897
  0.71556824234202909  0.72702812540800676  0.74021034516910522  0.75436615757580072
  0.76869973198338570  0.78347391869192129  0.80214950231128657  0.83077569205438662
  0.86133927276156386  0.88729481918697295  0.94311577061799046  1.00000000000000000
   3.6756545371952335E-010  -1.0000000000000000     
 F F F F F F F F F F F F F F F F F F F F F F F F F F F F F F F F F F F F F F F F F F F F F F F F F F F F F F F F F F F F F F F F F F F F F F F F F F F F F F F F F F F F F F F F F F F F F F F F F F F F F F F F F F F F F F F F F F F F F F F F F F F F F F F F F F F F F F F F F F F F F F F F F F F F F F F F F F F F F F F F F F F F F F F F F F F F F F F F F F F F F F F F F F F F F F F F F F F F F F F F F F F F F F F F F F F F F F F F F F F F F F F F F F F F F F F F F F F F F F F F F F F F F F F F F F F F F F F F F F F F F F F F F F F F F F F F F F F F F F F F F F F F F F F F F F F F F F F F F F F F F F F F F F F F F F F F F F F F F F F F F F F F F F F F F F F F F F F F F F F F F F F F F F F F F F F F F F F F F F F F F F F F F F F F F F F F F F F F F F F F F F F F F F F F F F F F F F F F F F F F F F F F F F F F F F F F F F F F F F F F F F F F F F F F F F F F F F F F F F F F F F F F F F F F F F F F F F F F F F F F F F F F F F F F F F F F F F F F F F F F F F F F F F F F F F F F F F F F F F F F F F F F F F F F F F F F
  <DiscreteSampler_grid>
  grouped_processes
  1 # 1 for a reference and 2 for a running grid.
  10 # Attribute 'min_bin_probing_points' of the grid.
  1 # Attribute 'grid_mode' of the grid. 1=='default',2=='initialization'
  0.0000000000000000 # Attribute 'small_contrib_threshold' of the grid.
  0.5000000000000000 # Attribute 'damping_power' of the grid.
 # binID   n_entries weight   weight_sqr   abs_weight
    241   10   4.315208066725414E-005   9.558273443119860E-009   4.315208066725414E-005
    242   10   4.315208066725413E-005   9.558273443119856E-009   4.315208066725413E-005
    244   10   4.315208066725414E-005   9.558273443119860E-009   4.315208066725414E-005
    245   10   4.315208066725413E-005   9.558273443119856E-009   4.315208066725413E-005
    253   10   8.048740593469836E-005   3.372727434717177E-008   8.048740593469836E-005
    256   10   8.048740593469836E-005   3.372727434717177E-008   8.048740593469836E-005
    265   10   7.971213887339015E-005   3.219715756125482E-008   7.971213887339015E-005
    266   10   7.971213887339015E-005   3.219715756125483E-008   7.971213887339015E-005
    268   10   7.971213887339015E-005   3.219715756125482E-008   7.971213887339015E-005
    269   10   7.971213887339015E-005   3.219715756125483E-008   7.971213887339015E-005
  </DiscreteSampler_grid>
