  0.00362178974963979  0.01300253175872192  0.02488693376644454  0.03625149080631448
  0.04755832071591740  0.05838402949749945  0.06846929385013342  0.07751008543211313
  0.08704691168939069  0.09777096200315823  0.11149278508782022  0.12610713983522620
  0.13842474917648909  0.14952307424865674  0.15842991280884580  0.16656380538075108
  0.17446523810440592  0.18285777934552108  0.19288995726633118  0.20460140079156078
  0.21756431875366011  0.22994966244607301  0.24136577160730338  0.25289637145695443
  0.26460451580470279  0.27581738462553712  0.28593921429857516  0.29713611752398028
  0.30978654608027589  0.32243893979203725  0.33471718584347082  0.34414530437586655
  0.35434567047274734  0.36404164471848938  0.37294781015424661  0.38126421910593261
  0.38877601392525635  0.39711165289949474  0.40665875437680343  0.41699762212223740
  0.42773897386645893  0.43871512314774136  0.44954543473129027  0.46066993951662089
  0.47059369032540932  0.48010015834597497  0.48951933019874089  0.49886591848395578
  0.51018282908533574  0.52005311891650219  0.53011333688897133  0.53953785403158760
  0.55046828794140901  0.56061957514948790  0.56956209560248550  0.57780578273086047
  0.58612665543735676  0.59473646360280674  0.60367221606513366  0.61341510867633509
  0.62215998941746675  0.63088681648527412  0.64042540676197435  0.65024044464760244
  0.66187466108239879  0.67447768764667204  0.68538273139381600  0.69612387636102291
  0.70634750973477023  0.71629515503745611  0.72659840896432903  0.73754000856550861
  0.74952741062054262  0.76343888550081440  0.77793040972522232  0.79103196812957899
  0.80179562554940620  0.81203410979037427  0.82150672434687944  0.83020786088235898
  0.83923500095671633  0.84925961398187710  0.86036894991745250  0.87148643168356021
  0.88150430044488992  0.89080281702974640  0.90050632874378711  0.91076032165146370
  0.92133835710493939  0.93201475327621097  0.94257879000121270  0.95408589308277192
  0.96670538458735533  0.97853950946976798  0.98990138784348458  1.00000000000000000
  0.00292916026099344  0.01366317177419966  0.02522661543272108  0.03798484958602093
  0.04941686416623744  0.05983285746346577  0.06924563451111594  0.07992462961654710
  0.09158348358393553  0.10411847691088416  0.11616023787954596  0.12667370977616119
  0.13703151553226606  0.14766125799705057  0.15821253572388772  0.16839501094168291
  0.17741993616667370  0.18577847076363610  0.19354940462646200  0.20184304079095819
  0.21129025081400193  0.22088006076605091  0.23089386503188905  0.24119601014404540
  0.25219726772015938  0.26367490518209924  0.27691935115773036  0.29047742356831624
  0.30303173953157808  0.31316748537411876  0.32267562891294549  0.33245510985917126
  0.34483973573170129  0.35519441756507941  0.36489366716606758  0.37392622908837103
  0.38344613686162504  0.39409974126968594  0.40453767960822307  0.41563230807579465
  0.42720639627724305  0.43931782625489307  0.45182262871532902  0.46307926531303284
  0.47361895323810677  0.48244374801628581  0.48949886241446494  0.49694244269634363
  0.50506017541558379  0.51375349490626376  0.52349260378268081  0.53382347948097308
  0.54368743069092207  0.55307332976763846  0.56242643376215828  0.57142223485081023
  0.58061653167170446  0.59001709146710579  0.59972602815099585  0.60961383412004511
  0.61984277507996777  0.63065774087819171  0.64221895733468681  0.65399378354899607
  0.66572675262144554  0.67732391452796747  0.68913092498886630  0.69999555050251261
  0.71047169073926497  0.72061236600723599  0.73175255751817403  0.74389517076401079
  0.75508774063367479  0.76557741939465995  0.77666300250084019  0.78930163448984270
  0.80308939277047731  0.81611277920669811  0.82865296954974887  0.84095733231723968
  0.85291713715263118  0.86363577978682349  0.87410099457434121  0.88453600557281586
  0.89521953358724105  0.90577331239242653  0.91628466836333022  0.92778448211895215
  0.93852038124886217  0.95022742482945710  0.95937661199021829  0.96722213821537217
  0.97548924234445711  0.98396254048946508  0.99253358345471077  1.00000000000000000
  0.00000298762389194  0.00001029797654075  0.00001059688054330  0.00001091941395048
  0.00001126817260303  0.00001178581714536  0.00001232420838080  0.00001292011950852
  0.00001358709414903  0.00001433346386639  0.00001492951847685  0.00001557581691669
  0.00001594587301690  0.00001625797541790  0.00001656052034849  0.00001686253174457
  0.00001714991449673  0.00001743729724888  0.00001796854177930  0.00001857207084618
  0.00001925932611268  0.00002008723163306  0.00002117902212220  0.00002222806757705
  0.00002321745327068  0.00002419221621567  0.00002520461709241  0.00002639892159754
  0.00002777835816990  0.00002914439275625  0.00003045131753254  0.00003185815697876
  0.00003330787899273  0.00003501081773440  0.00003717478678222  0.00003968290563218
  0.00004232312386619  0.00004504391064393  0.00004775859924123  0.00005064093712117
  0.00005354478550515  0.00005650265066404  0.00005960119253291  0.00006293657831700
  0.00006657182672023  0.00007050755236779  0.00007492252723851  0.00008008219872231
  0.00008623539299902  0.00009343836532833  0.00010146373480705  0.00010951543680486
  0.00011734582334070  0.00012573283036799  0.00013399263513497  0.00014339863628490
  0.00015285869785239  0.00016362784841451  0.00017592814821553  0.00019004975528242
  0.00020714542023591  0.00022509625135339  0.00024289530684080  0.00026204022245800
  0.00028421469950435  0.00030927701665076  0.00033643034385657  0.00036235231569867
  0.00038626343800370  0.00041290817938149  0.00044173485306378  0.00047249117031990
  0.00050625432478230  0.00054185591731396  0.00058403522114458  0.00063335538982743
  0.00069225285474476  0.00076334532531908  0.00083687768139491  0.00092238193668090
  0.00102332350631502  0.00111298642757329  0.00121418205444693  0.00131594053611140
  0.00144742107488991  0.00160905427702487  0.00178456260813374  0.00199825628978643
  0.00223965048751260  0.00256571774809937  0.00307562347782242  0.00398371167939340
  0.00553228788011659  0.00792048099990674  0.01665041279506490  1.00000000000000000
  0.00000332984601904  0.00000362294446228  0.00000374306084515  0.00000385908062841
  0.00000397816800428  0.00000409903612015  0.00000421350140214  0.00000437120965116
  0.00000451235434841  0.00000466342256662  0.00000487866967029  0.00000516166901393
  0.00000534085596400  0.00000552307523120  0.00000570881162481  0.00000590163469243
  0.00000613064205098  0.00000641919505427  0.00000675748601170  0.00000724153058735
  0.00000770578923350  0.00000816044903311  0.00000859875903385  0.00000905253817898
  0.00000953290916115  0.00001005726244304  0.00001066152280478  0.00001134889679494
  0.00001205661941056  0.00001279510882474  0.00001345346282913  0.00001415065899715
  0.00001494034905615  0.00001585043072752  0.00001687429572669  0.00001801484596210
  0.00001924833584736  0.00002053611801903  0.00002212478791279  0.00002386058951846
  0.00002575227996192  0.00002776015139845  0.00002989370567750  0.00003224292157946
  0.00003489660117542  0.00003786216129915  0.00004130009785864  0.00004518143050562
  0.00004946168645030  0.00005403340881197  0.00005895732080834  0.00006435619886527
  0.00007034445197039  0.00007677675806409  0.00008316316702408  0.00009028349872476
  0.00009844286244436  0.00010754971907232  0.00011765164760124  0.00012909115418262
  0.00014179833973044  0.00015527867292569  0.00017031953190912  0.00018603535363141
  0.00020364528521023  0.00022390824602737  0.00024658652246894  0.00027319164371270
  0.00030313504107675  0.00033743366219810  0.00037726168245517  0.00042126801487608
  0.00046891829997667  0.00052197105422018  0.00057045490054019  0.00062968293999659
  0.00069814805415455  0.00077717592547553  0.00084020916346718  0.00089407065764807
  0.00094952071686973  0.00100144243388798  0.00105400607677213  0.00112682647823159
  0.00123441427942921  0.00141954062171670  0.00158458057106676  0.00180739497448236
  0.00213545275097247  0.00261617141058586  0.00307643820167144  0.00354279335411763
  0.00408623573552896  0.00496343470197329  0.02432994031355649  1.00000000000000000
  0.00000719204248043  0.00000808659006296  0.00000900778792204  0.00001034772539890
  0.00001209362327941  0.00001342866416487  0.00001467809693426  0.00001630155078304
  0.00001776554522231  0.00001912150042293  0.00002105302424877  0.00002336747896520
  0.00002568486983432  0.00002864576688743  0.00003175613744573  0.00003528161931970
  0.00003938017399362  0.00004440715560951  0.00005010889002072  0.00005666448020587
  0.00006360375068072  0.00007004419154408  0.00007660854684154  0.00008377378252081
  0.00009184981516285  0.00010130964182783  0.00011224320296055  0.00012441489687822
  0.00013770514340085  0.00015196459935276  0.00016634232991774  0.00017996393786541
  0.00019379231123232  0.00020845023383751  0.00022476849310138  0.00024306678872264
  0.00026233774921229  0.00028278058218576  0.00030386583392473  0.00032482086504780
  0.00034740994075063  0.00037159578764340  0.00039792061119767  0.00042610932942517
  0.00045503282504283  0.00048647524651539  0.00052012281279333  0.00055641390435325
  0.00059276591012348  0.00063001371427970  0.00066618658443117  0.00070422699048435
  0.00074522801819929  0.00079122446158947  0.00083793512325233  0.00088829205602008
  0.00094093583045334  0.00099781966129566  0.00106289777729423  0.00113432493694856
  0.00121396419301003  0.00130023356659960  0.00139553035478630  0.00150123886730492
  0.00160541174025577  0.00170341336888860  0.00178553607737406  0.00186693873116830
  0.00195072638918072  0.00203649695458064  0.00213840068384144  0.00224440253953799
  0.00235458842269146  0.00247864346863959  0.00262381442084424  0.00278919965057692
  0.00299734648367424  0.00322840681104799  0.00348780395558987  0.00375534764665142
  0.00414620173965953  0.00461579290246484  0.00514942524618575  0.00582847188785165
  0.00642814124354953  0.00677230685725113  0.00711647247095273  0.00761963783863740
  0.00812770173564126  0.00852654369886622  0.00885119837566911  0.00938154773414394
  0.01033475020803926  0.01245596650817131  0.01756169196041062  1.00000000000000000
 -0.00284955283164366  0.01272940001993539  0.02667085429990016  0.04097640027778345
  0.05528293780184929  0.06918403785107234  0.08192016114973080  0.09347410137779059
  0.10377370042916712  0.11405196122155362  0.12455022499815688  0.13624282424879930
  0.14894297392572750  0.16246047987593051  0.17627174486408834  0.19056587840431491
  0.20545139622665884  0.22168574721945325  0.23732116610781454  0.25112769040848515
  0.26376360263215115  0.27497089664779234  0.28470066821278822  0.29499878892330517
  0.30561334061980211  0.31677581547233263  0.32711333069786747  0.33668854968039347
  0.34705216063992284  0.35788917462409581  0.36807802995626793  0.38016395870321174
  0.39249597157541116  0.40396719021598348  0.41415475633143023  0.42428751885523608
  0.43471275889814898  0.44434052463556817  0.45378121964128448  0.46377704538334713
  0.47409527544964314  0.48461025273192360  0.49416581513189450  0.50370121403135693
  0.51347975169738824  0.52389983986949895  0.53351546463536648  0.54274687687095269
  0.55130445404794204  0.55963236401541205  0.56801401055386636  0.57643496232970781
  0.58524153897534270  0.59472030872327364  0.60543560290886766  0.61776589044732499
  0.62951433657549172  0.63924339019853227  0.64933934314755559  0.65989406858415900
  0.67129586339872749  0.68190180279429002  0.69231564749461338  0.70284937488205657
  0.71364243269609073  0.72377959328184749  0.73309703537834014  0.74194504404437855
  0.75072355698058624  0.76041468887188690  0.76901752342712482  0.77712896620515715
  0.78521555870483450  0.79384111417493652  0.80255279005235358  0.81117813320476340
  0.81968748034637129  0.82908670628743897  0.83831413517769793  0.84715530340167078
  0.85626300270773936  0.86523931746156535  0.87586623456392909  0.88607241236753698
  0.89545535390086117  0.90420213957437778  0.91324863172763227  0.92197171320848914
  0.92991506082011255  0.93867179109928744  0.94813732396590722  0.95705869293094148
  0.96637505828799442  0.97638259286765217  0.98812343241735068  1.00000000000000000
 -0.00259980173113636  0.01365374241548309  0.02384468391262903  0.03403488649963728
  0.04317912878884077  0.05232280910978204  0.06234298256142207  0.07300110887810944
  0.08379935392005364  0.09390730095492207  0.10378297318667316  0.11549360783558250
  0.12869820954850966  0.14212301620019097  0.15642122380227594  0.16957861596907259
  0.18125664707718989  0.19228516902819587  0.20303190062807625  0.21340280808012077
  0.22328235574064637  0.23582373091296324  0.24913995467856562  0.26238105873987749
  0.27302126231727875  0.28247596777534545  0.29139571944003906  0.30083111946365099
  0.31111647800755943  0.32221822738648881  0.33327305872673102  0.34409594317984599
  0.35536865149331764  0.36663249105339563  0.37911328352141554  0.39144169375252436
  0.40364103826850634  0.41546205815828413  0.42521345523380860  0.43436142628459057
  0.44350632665349837  0.45242074907345625  0.46148201953489920  0.47069440304629573
  0.48004148572487121  0.48956506006677286  0.49927793391336750  0.50974741898394982
  0.52153590921938098  0.53465603369663295  0.54547602707889498  0.55499901851794142
  0.56502757640637435  0.57549534686505643  0.58489703763830814  0.59401898942305831
  0.60243843119784779  0.61107046524841446  0.62072025466406455  0.62995619061780428
  0.64040140599285966  0.64983716436439232  0.65963200984955450  0.66976743971643926
  0.67957538523659078  0.68946800330340519  0.69960267554549982  0.70974618977535631
  0.71787303268093683  0.72667826480914743  0.73591636427970153  0.74694526675869632
  0.75854433610931338  0.77028765613914674  0.78307344786552335  0.79637413880442520
  0.80854898054478264  0.82039838079320360  0.83207194104886584  0.84263393597233338
  0.85253789167286231  0.86171375137566830  0.87137031931774167  0.88193288076155973
  0.89331014874467929  0.90551887543732523  0.91677327568579303  0.92871341592724710
  0.93976456535085773  0.95022850294338745  0.96061203762395486  0.97035747135338213
  0.97984394003721798  0.98725913787006148  0.99395469372482492  1.00000000000000000
 -0.00176418089631033  0.00925418651849433  0.01882307672702144  0.02904049340643335
  0.03929357567458042  0.04908270295286489  0.05944565565057582  0.07026984215411204
  0.08215429341645611  0.09343505977017365  0.10464635798365760  0.11703644647869596
  0.12990096545110102  0.14344214628580548  0.15280096062828899  0.16151912669812368
  0.17057550063033633  0.18031882026599150  0.19120178848427513  0.20219798751150503
  0.21460174374321192  0.22765815885437224  0.23854195107337792  0.24894112783285802
  0.25876533298338095  0.26921759869328565  0.27985486949938149  0.28997679101537294
  0.30028207862054151  0.31097616188223659  0.32368782176847150  0.33756836686415137
  0.35065620543630804  0.36240972487647455  0.37324769533652047  0.38357747311774026
  0.39411471907432261  0.40607545424715585  0.41885036227192823  0.43097894549035742
  0.44166536936540801  0.45183934210075871  0.46183143544124283  0.47143607603469567
  0.48061913888234925  0.48958190700770832  0.49756209661930473  0.50503043806658521
  0.51292777260529632  0.52152299266919400  0.53211486954355325  0.54353894066137620
  0.55526016251415822  0.56633170336725303  0.57592688668949199  0.58510354718652591
  0.59452001544277944  0.60422239012479850  0.61351849283284610  0.62225968986788571
  0.63110990694135138  0.64035375411701301  0.65016684919638401  0.66080158963925628
  0.67108778280398940  0.68106073114462007  0.69083550563473151  0.70044118378308373
  0.70953711090768334  0.71881641440144317  0.72814345764954647  0.73793689898158132
  0.74755709697831141  0.75679044582010602  0.76608542565011251  0.77740105893993472
  0.79012467048411883  0.80187552888791713  0.81110078877968905  0.82051932432906127
  0.83020654087015866  0.84052953595471280  0.85068099300340783  0.86051352580917095
  0.87217144916592393  0.88227928000192668  0.89281194772853367  0.90392062122584682
  0.91633177901932639  0.92811151483717003  0.93816942337623177  0.94787877420392808
  0.95866691244630386  0.97168791125031762  0.98531338147919778  1.00000000000000000
 -0.00283810911496290  0.01457654617605548  0.02644970426307322  0.03708551784624782
  0.04776919361691155  0.05920220456316010  0.07042726623853521  0.08036173740306102
  0.09066584083501908  0.10146485656356791  0.11387023732003995  0.12725561037213654
  0.14033957828002688  0.15324072378721459  0.16506279896895709  0.17597346206072939
  0.18709936614724212  0.19849432561166669  0.20992607795259466  0.22072857411511204
  0.23066738944242809  0.24063403387908153  0.25068702071923532  0.26106316048184497
  0.27157774208889990  0.28248501707687662  0.29158239696003663  0.29937570096616034
  0.30704381312134837  0.31628601248328758  0.32735105429355299  0.33745901924034194
  0.34683611179151308  0.35596046834559847  0.36495145154256869  0.37411380318637771
  0.38373576725646663  0.39385550522459262  0.40475755786105860  0.41583122164758046
  0.42626296940156494  0.43690115789393386  0.44776824898693945  0.45852655480860927
  0.46786447053111146  0.47611844637402245  0.48385088250328007  0.49223918185619048
  0.50126587012720003  0.51142015744439695  0.52229013059624674  0.53237845053395638
  0.54257026271554087  0.55280141629137469  0.56257666744967227  0.57035185880226780
  0.57862654990631446  0.58788896215982012  0.59694051632034539  0.60854239611245364
  0.61852054153676483  0.62927002271331456  0.63934593198427159  0.64931941729863207
  0.66004611004168745  0.67219046019423179  0.68460637819610093  0.69559176295286596
  0.70604572263286280  0.71692297788764658  0.72716312177568498  0.73707378597193074
  0.74652753121501625  0.75618631695781546  0.76825690970745919  0.77944669134601519
  0.79113515024404846  0.80136589446091433  0.81176840353274127  0.82241005110571719
  0.83402579541894684  0.84648626327925458  0.85905208619075946  0.87101527737169726
  0.88178775335045423  0.89223739917710909  0.90307543213174479  0.91349019818916521
  0.92353017835885631  0.93397780678885189  0.94564899677121028  0.95838974875952976
  0.96890772147835569  0.97910890552645069  0.98968137351931362  1.00000000000000000
 -0.00252515284269129  0.00991733062242653  0.01916445463517271  0.02890930657352422
  0.03896122943905230  0.04901869222656358  0.05841362434692340  0.06936319256429582
  0.08028497141408114  0.09016886238650197  0.09916400410329809  0.10837277159601277
  0.11701655068053401  0.12371991688578551  0.12963754871204519  0.13572707676323617
  0.14290917967006495  0.15191646368435097  0.16163514403059204  0.17312799449186506
  0.18611934197992741  0.19997301243261889  0.21387980180887992  0.22636002905678401
  0.23722913281239494  0.24747164589300411  0.25665787918791261  0.26563658215518277
  0.27492748513117560  0.28429582084964455  0.29339812159142298  0.30289825150200039
  0.31393461893832086  0.32582138445951780  0.33610616683794797  0.34628974927662753
  0.35752660899462152  0.37033855170127811  0.38535359811754211  0.39926644571354969
  0.41181401740854112  0.42300566765937958  0.43406524995590412  0.44642975709345711
  0.46032739119460503  0.47463799230973652  0.48639017472019414  0.49691616066730826
  0.50665332734215163  0.51657495891784166  0.52725945956488240  0.53800658517002642
  0.54896760937753952  0.55914793611386171  0.57038725991876060  0.58192476285269057
  0.59259101088940547  0.60375043620615643  0.61507553000287796  0.62520609858039222
  0.63333294826317033  0.64119467989469725  0.64978911833430419  0.65991907542852901
  0.67015953611092827  0.68035521293663892  0.69099927918275661  0.70200822414603659
  0.71246179049202618  0.72340359757058637  0.73410500044976434  0.74416481333060036
  0.75398147862450160  0.76375046008620640  0.77532749405191048  0.78750345467419014
  0.80202437048534847  0.81265382468278446  0.82202670711316839  0.83165864916967647
  0.84218200304525770  0.85227458759805685  0.86210944772456255  0.87205028290594622
  0.88231910572900629  0.89245685449211953  0.90251415225961606  0.91309879169346919
  0.92387201351739345  0.93496778561169247  0.94725823197838366  0.95940288401207618
  0.97059209367968202  0.98057677407990418  0.99056629131193874  1.00000000000000000
 -0.00003932169656336  0.00026719409258847  0.00054978720951636  0.00078635889890007
  0.00096536126343040  0.00114888210408368  0.00133350310577514  0.00152018532212960
  0.00170909407468563  0.00188240419265515  0.00205582694450611  0.00222444438372599
  0.00238683120473916  0.00255739155020681  0.00273101210743991  0.00290961187637097
  0.00308803457262825  0.00325207292469849  0.00342431831163905  0.00359452549184856
  0.00376790451636624  0.00395590735831251  0.00416253778047457  0.00438005113886802
  0.00460296119608197  0.00482664665078859  0.00504824264705793  0.00528438008000132
  0.00552697126174321  0.00577211637420455  0.00600975018048012  0.00619808244749118
  0.00639354064356067  0.00659240877654677  0.00676539936123243  0.00695234543901935
  0.00716365486311325  0.00737667858741391  0.00759159051297590  0.00780770587555032
  0.00802330850416753  0.00823838061229006  0.00845758837554022  0.00869593733193710
  0.00898245408861680  0.00927406691288268  0.00954745136674518  0.00981306867910225
  0.01008004336985682  0.01028585715986527  0.01043207061409024  0.01057188343421306
  0.01070856741622386  0.01084068909268424  0.01097197621235647  0.01119368028208832
  0.01144478368088065  0.01170813574621736  0.01199133337338332  0.01223084592986869
  0.01237926620670113  0.01249190911794676  0.01259839978584064  0.01270844629830966
  0.01283885289574561  0.01301754741026630  0.01313443842118115  0.01324572625799252
  0.01336155579904589  0.01351427596348226  0.01371110751449734  0.01428727222408103
  0.01500210239310167  0.01562109223543897  0.01626351433536291  0.01682424445637739
  0.01743860734944174  0.01868415954206147  0.01987142342017122  0.02024007130971813
  0.02060442673005358  0.02094623984849172  0.02146316260893474  0.02215114313563303
  0.02357071631870109  0.02524779194282548  0.02689658370532385  0.02802771833426895
  0.02867045529482104  0.02944025146898558  0.03071952388135535  0.03167558901633084
  0.03239483201184280  0.03316596618970367  0.09041270562924392  1.00000000000000000
 -0.00182295535906344  0.00924644899281406  0.01906197461923767  0.02830794394254638
  0.03654444528191867  0.04576911829589297  0.05632333202242437  0.06692293505705332
  0.07585526755628524  0.08510108933624930  0.09485123531232911  0.10461233096574210
  0.11415852710251220  0.12372377681186468  0.13504579676666453  0.14625757997099598
  0.15665389526688214  0.16671931078981075  0.17697906214039305  0.18830823392436813
  0.20110205299421174  0.21417065489193621  0.22655268793252917  0.23843188791111650
  0.24974329654662378  0.26013648463319011  0.27071847434368762  0.28207994945569559
  0.29379332698310462  0.30386407248073199  0.31406752940951488  0.32364923823400216
  0.33157728867252917  0.33935447039553029  0.34739776844463627  0.35682426699427044
  0.36766926800736799  0.37834137612349827  0.38936016231439191  0.39987685509381310
  0.41179180916589447  0.42153780981417072  0.43003207672101146  0.43875118465733215
  0.44701608846066626  0.45438667780777187  0.46168362719493000  0.46932465350576857
  0.47727198224910905  0.48774602572068498  0.50035160328919159  0.51341956554280643
  0.52597948888022694  0.53815818236486346  0.55087027351352813  0.56393925445426563
  0.57638112709205325  0.58742126712449061  0.59728858708378429  0.60754033664730733
  0.61838805248356066  0.62968006905018203  0.64039967321951285  0.65028734057880599
  0.66028959357661432  0.67077315853804931  0.68116020330247284  0.69156461722709417
  0.70095602852692762  0.71076131812121612  0.72225763395135167  0.73341558485063096
  0.74468061655614048  0.75480447241844706  0.76375861157259906  0.77125876254131065
  0.77850867111107547  0.78524697845749880  0.79374575900000721  0.80370278841176757
  0.81429578310320516  0.82610145592054984  0.84012397221451929  0.85538637960711139
  0.87139986835102812  0.88690598873855331  0.90107473877715372  0.91433861575188624
  0.92560361440940264  0.93616579133261346  0.94639407319964208  0.95683427592776726
  0.96732102244355778  0.97773905317418397  0.98860485178566626  1.00000000000000000
 -0.00003445451596083  0.00004453597909785  0.00012352647415654  0.00029548849689855
  0.00046331846918330  0.00056454123033334  0.00066074893419369  0.00074474307190282
  0.00083275679855324  0.00092116208447611  0.00100496352216095  0.00109870597797676
  0.00119833341487933  0.00129917580796355  0.00139951881919682  0.00149892744033660
  0.00159684389706743  0.00169396012254392  0.00179070877176851  0.00188955582983225
  0.00199326530058786  0.00209686828569680  0.00220162485326900  0.00231142265149055
  0.00241908888657446  0.00252698188710353  0.00264312078160171  0.00276153686213759
  0.00288231408531889  0.00300668249838775  0.00313019293024134  0.00325653500793406
  0.00338407733802032  0.00348885357111819  0.00359304099841534  0.00369492687712143
  0.00380048194431182  0.00391525035389413  0.00404941436330024  0.00420291441635818
  0.00435235720154878  0.00449820544718219  0.00465032021608535  0.00481466551884125
  0.00497519480549486  0.00512342755088221  0.00526627012442988  0.00540542626795403
  0.00554408626495812  0.00568721818275191  0.00581206081220017  0.00594721593255904
  0.00609002358409986  0.00624044846131237  0.00638999325013750  0.00651729573836437
  0.00664457027176404  0.00677112796224496  0.00689579208053783  0.00704795482796047
  0.00721409915743589  0.00734522028049293  0.00741748057161193  0.00748974086273093
  0.00757727455666626  0.00768332951910241  0.00778938448153857  0.00789675134533090
  0.00800537791012617  0.00811400447492143  0.00826724104873360  0.00846082044202957
  0.00865927012692094  0.00885913719960221  0.00904631277900886  0.00927803684210843
  0.00953320690371283  0.00974208646119950  0.00994992637732341  0.01014666037750395
  0.01038446629387793  0.01060677390028745  0.01073704159867063  0.01081183303185988
  0.01090301552727329  0.01123415663247384  0.01138576142727297  0.01152637705155065
  0.01168894402924642  0.01189852104134475  0.01217344915270416  0.01277150669578992
  0.01362847851043832  0.01422735504282293  0.03176011945788464  1.00000000000000000
 -0.00231620255570159  0.00882040456070614  0.01796276031783871  0.02628414378787210
  0.03484590311690374  0.04410630394994986  0.05370803747816551  0.06374946751576094
  0.07397819516775514  0.08216747464047527  0.09177031259267499  0.10259134717557165
  0.11635634260265061  0.13175645054716589  0.14542297077613223  0.15676484241064889
  0.16698327500039456  0.17710173712416966  0.18896136353224022  0.20293679114195140
  0.21705380376409300  0.22875667209860936  0.23918544625996913  0.25012480855236824
  0.26248999717144583  0.27441817682562814  0.28456964202905299  0.29453881077208566
  0.30535676518733129  0.31686411927796537  0.32785570207757603  0.33930016623447046
  0.35118847610232012  0.36284274938480393  0.37419658822317270  0.38623488521632482
  0.39844893846694834  0.41041197376430699  0.42213861179925743  0.43262441839253979
  0.44265038542964286  0.45261752536534544  0.46396557115581782  0.47505908770856825
  0.48430327679895208  0.49228246663448461  0.50094733624075727  0.51102241167838325
  0.52322927968318977  0.53534083535928811  0.54708530324146842  0.55852161986787907
  0.56909349832615963  0.57988224112894238  0.59086828308800210  0.60129615655285651
  0.61105885052730702  0.62075130980287541  0.63076685533927535  0.64138882285169363
  0.65120364051571222  0.65902748535824529  0.66627080983416487  0.67452556676887931
  0.68439416606805281  0.69533157203083451  0.70629117930797769  0.71651077395394713
  0.72624896992228249  0.73748523865238713  0.74940108209466227  0.76092180487001093
  0.77134789356825340  0.78223721791990519  0.79266629317055026  0.80243180428784000
  0.81232740656903468  0.82289240024368338  0.83523609149858935  0.84971994868054579
  0.86196618215206755  0.87526759938426568  0.88499160767970630  0.89717306453002332
  0.90792512887105525  0.91750425395489821  0.92545876465420374  0.93319904684469401
  0.94195035413335770  0.95202888183095946  0.96047997630205151  0.96834470008895090
  0.97595728087826317  0.98344059521863891  0.99084736288590691  1.00000000000000000
  0.60264951732511951  0.63072214659634984  0.65315529078440737  0.67396031406440604
  0.68876368279994016  0.70001838605532785  0.71069808459583406  0.72040178755313522
  0.72921783040636556  0.73754727189683822  0.74552482729494873  0.75368878552600016
  0.76188408008370601  0.77042018686424740  0.77791077989247248  0.78508756538482649
  0.79144071184504250  0.79753298613429591  0.80319917565574994  0.80901072696882803
  0.81477101039538902  0.82039739001600076  0.82498145817618340  0.82918337058332781
  0.83328130445326443  0.83745084271587111  0.84196928752332112  0.84656320125897855
  0.85101900359515359  0.85524833856104976  0.85928875913621905  0.86301932445802099
  0.86653767220849121  0.87001707086700220  0.87347287249410088  0.87677995718517343
  0.87985900549389340  0.88282607805721025  0.88582839228208365  0.88875346257332577
  0.89173038350510325  0.89456686802414609  0.89705300218713868  0.89945788793401793
  0.90201171597103114  0.90494550838961407  0.90795769892983880  0.91056312661100702
  0.91276283109026124  0.91488875362202782  0.91683158216522465  0.91865938020896820
  0.92050594198234748  0.92232912422665803  0.92429533344052794  0.92650999782743804
  0.92871362648227374  0.93093173533597906  0.93325920232724979  0.93556576785347190
  0.93786361437546206  0.93962130492856077  0.94116428631136118  0.94275988959907453
  0.94436022685214471  0.94589463337213586  0.94747277795144891  0.94917871402706966
  0.95095927684407278  0.95268950949291153  0.95444501706539031  0.95599700422013489
  0.95773405706934878  0.95947612036508589  0.96121674517634004  0.96302096671194193
  0.96464412966899693  0.96638897528169287  0.96792214715494718  0.96940613939763354
  0.97097674989345839  0.97269914118278911  0.97453611722615852  0.97630368421220992
  0.97792459872489101  0.97951683040032345  0.98112442171961856  0.98282937957642336
  0.98467160204804749  0.98663352243550173  0.98860344474809603  0.99046114405793118
  0.99225789142881315  0.99413330509748343  0.99662453233425485  1.00000000000000000
  0.07087247455701798  0.16502739260844226  0.19037707009439825  0.20706808874775393
  0.22254000165284174  0.23689768282027102  0.24966802315266046  0.26207763927739330
  0.27394444824400394  0.28489391314315798  0.29607791577423287  0.30723967436524796
  0.31765612586670422  0.32669467312912093  0.33509099279147198  0.34310707759595294
  0.35106961113439222  0.35885454236209413  0.36629248112488055  0.37396429598541459
  0.38097107746695119  0.38778612235997995  0.39406342330596617  0.39985435227198013
  0.40552923939894464  0.41130252274712026  0.41702718400305921  0.42273855945056704
  0.42833311377380445  0.43380702568308588  0.43935949575019873  0.44416143624013782
  0.44922725031738509  0.45438306704771142  0.45962598607459459  0.46457086163675609
  0.46938833786431866  0.47424804359214129  0.47910437830548691  0.48466774047181860
  0.48997688977052983  0.49548400551855498  0.50106975497752126  0.50583904451874484
  0.51035748786219548  0.51461754332571974  0.51878601928566026  0.52311743459924365
  0.52757984638011235  0.53203417372926232  0.53665355157739791  0.54101611524995874
  0.54560646711856797  0.54991998704925815  0.55423325864377082  0.55843411169250701
  0.56266270974695665  0.56773238457181707  0.57289457420551715  0.57779276008056879
  0.58236625767295924  0.58701356208032995  0.59177275733557566  0.59684241422474738
  0.60274416344836046  0.60842555651585872  0.61418124697044219  0.61998868407609931
  0.62554873877003003  0.63055784100535484  0.63558835477837483  0.64069627987850697
  0.64644327532374568  0.65121904640194539  0.65603965937327036  0.66095408189414273
  0.66707726972638748  0.67357308877393152  0.67919002633823333  0.68437515566320373
  0.69103342245155452  0.69809070523639438  0.70425406976554306  0.71012508105611039
  0.71637801350740982  0.72315601474040925  0.73132875323881130  0.73980754800171533
  0.74793700132811058  0.75645885829584292  0.76504866035560193  0.77523004750418356
  0.78826654905600047  0.80188581059763653  0.81817322252661506  1.00000000000000000
   1.5537218538032321E-010  -1.0000000000000000     
 F F F F F F F F F F F F F F F F F F F F F F F F F F F F F F F F F F F F F F F F F F F F F F F F F F F F F F F F F F F F F F F F F F F F F F F F F F F F F F F F F F F F F F F F F F F F F F F F F F F F F F F F F F F F F F F F F F F F F F F F F F F F F F F F F F F F F F F F F F F F F F F F F F F F F F F F F F F F F F F F F F F F F F F F F F F F F F F F F F F F F F F F F F F F F F F F F F F F F F F F F F F F F F F F F F F F F F F F F F F F F F F F F F F F F F F F F F F F F F F F F F F F F F F F F F F F F F F F F F F F F F F F F F F F F F F F F F F F F F F F F F F F F F F F F F F F F F F F F F F F F F F F F F F F F F F F F F F F F F F F F F F F F F F F F F F F F F F F F F F F F F F F F F F F F F F F F F F F F F F F F F F F F F F F F F F F F F F F F F F F F F F F F F F F F F F F F F F F F F F F F F F F F F F F F F F F F F F F F F F F F F F F F F F F F F F F F F F F F F F F F F F F F F F F F F F F F F F F F F F F F F F F F F F F F F F F F F F F F F F F F F F F F F F F F F F F F F F F F F F F F F F F F F F F F F F F
  <DiscreteSampler_grid>
  grouped_processes
  1 # 1 for a reference and 2 for a running grid.
  10 # Attribute 'min_bin_probing_points' of the grid.
  1 # Attribute 'grid_mode' of the grid. 1=='default',2=='initialization'
  0.0000000000000000 # Attribute 'small_contrib_threshold' of the grid.
  0.5000000000000000 # Attribute 'damping_power' of the grid.
 # binID   n_entries weight   weight_sqr   abs_weight
    241   10   1.237897956193846E-004   6.633978248331556E-008   1.237897956193846E-004
    244   10   1.237897956193846E-004   6.633978248331556E-008   1.237897956193846E-004
    253   10   1.185207143733206E-004   6.247057360226903E-008   1.185207143733206E-004
    254   10   1.185207143733206E-004   6.247057360226908E-008   1.185207143733206E-004
    256   10   1.185207143733206E-004   6.247057360226903E-008   1.185207143733206E-004
    257   10   1.185207143733206E-004   6.247057360226908E-008   1.185207143733206E-004
    259   10   6.405176316557082E-005   1.672328200050697E-008   6.405176316557082E-005
    260   10   6.405176316557081E-005   1.672328200050697E-008   6.405176316557081E-005
    262   10   6.405176316557082E-005   1.672328200050697E-008   6.405176316557082E-005
    263   10   6.405176316557081E-005   1.672328200050697E-008   6.405176316557081E-005
  </DiscreteSampler_grid>
