  0.00277029747415529  0.01589499324602702  0.03070619652570290  0.04503459973052240
  0.05757585199476128  0.06795095534877674  0.07714833746840957  0.08674136132374594
  0.09770918397818405  0.10977978804238565  0.12139903414279535  0.13218303238703721
  0.14300682998943265  0.15360225530041127  0.16359219092957983  0.17419590047553393
  0.18499795349034470  0.19485020991946611  0.20484324207878074  0.21521592172503171
  0.22646132241453576  0.23694044489993682  0.24737490842157497  0.25724210190519353
  0.26639408554029720  0.27470788599585655  0.28224310214186682  0.28954214094081338
  0.29685759470944867  0.30318371059265853  0.30894553763538030  0.31567842426705417
  0.32373710466624839  0.33534514291713746  0.34782205759145707  0.35981807778694047
  0.37154560223837024  0.38323370667747214  0.39516119351309376  0.40663775892833703
  0.41732860467180038  0.42712044021222700  0.43687031124924913  0.44753321467143697
  0.45882266725178361  0.47105555409201033  0.48326269850870213  0.49518977409752013
  0.50664576065296174  0.51765013097901880  0.52832276048705074  0.53890945913125532
  0.54924370125572741  0.55862755559828214  0.56771205978493278  0.57690378515593133
  0.58681349792628557  0.59797023661175808  0.60789758327718191  0.61809947235661411
  0.62787261164103703  0.63936214025410820  0.65071024722346993  0.66234659896392489
  0.67426014694033765  0.68472472506007453  0.69390818154276124  0.70276934444746242
  0.71321950728470529  0.72605262945702498  0.73974599701469024  0.75299335312447879
  0.76504110219286858  0.77632557170578553  0.78785064321473586  0.79945036067143660
  0.80988634557937633  0.81878318794233040  0.82740573226275294  0.83643461681333098
  0.84613685608852651  0.85628326951726963  0.86646470236624962  0.87687748949648137
  0.88606017164771400  0.89547729732291736  0.90565315386047607  0.91668755772937927
  0.92857689254206000  0.94038412418268558  0.95133113830172777  0.96165582357771384
  0.97179133535789219  0.98156813773493823  0.99103150658658912  1.00000000000000000
  0.00000207359676043  0.00000220685585587  0.00000228916745694  0.00000237941770145
  0.00000246089671082  0.00000254391097860  0.00000263031933525  0.00000271221774809
  0.00000279533275399  0.00000288029939739  0.00000296123676221  0.00000303995741546
  0.00000311153379415  0.00000318718578827  0.00000326239279265  0.00000333795501214
  0.00000341552060502  0.00000349907094170  0.00000359152152291  0.00000368365620690
  0.00000378180989657  0.00000388006997110  0.00000398475294574  0.00000411872410349
  0.00000424049525611  0.00000436515533265  0.00000450274515971  0.00000464022828306
  0.00000477089014997  0.00000489525464679  0.00000501549950416  0.00000516261574403
  0.00000531463662482  0.00000547451729317  0.00000564647421506  0.00000582844866221
  0.00000601413849785  0.00000619705422650  0.00000638505509861  0.00000657757860412
  0.00000678427531823  0.00000700329421472  0.00000725296936431  0.00000749860063668
  0.00000773624486033  0.00000799314221209  0.00000828695961085  0.00000861659545927
  0.00000897714105795  0.00000930918855114  0.00000966396887077  0.00001000019883252
  0.00001034662341388  0.00001073102720973  0.00001120891705173  0.00001185360267710
  0.00001243305982736  0.00001310827157564  0.00001381025892487  0.00001454146612939
  0.00001534085770538  0.00001615155398414  0.00001700306448177  0.00001792980467970
  0.00001889376240291  0.00001994854311231  0.00002103052334648  0.00002220920268179
  0.00002364533968241  0.00002529237880153  0.00002703822412218  0.00002889004379243
  0.00003079517594919  0.00003303381027486  0.00003575290777214  0.00003882946557848
  0.00004219956712871  0.00004609131538633  0.00005091363878760  0.00005680391549678
  0.00006415135887769  0.00007296797939030  0.00008382700762776  0.00009742904168307
  0.00011476637581781  0.00013791929015557  0.00017044258316652  0.00021391090289422
  0.00027789499096491  0.00038272771597971  0.00055848699524381  0.00087164732181035
  0.00174538052145509  0.00749541205332882  0.26110013620257611  1.00000000000000000
  0.00000313518353197  0.00000318851628761  0.00000327624872887  0.00000342313463278
  0.00000361071566540  0.00000381512444918  0.00000402782473061  0.00000430207899351
  0.00000454918255014  0.00000480116431739  0.00000506273416621  0.00000533854085873
  0.00000564593382365  0.00000604313304728  0.00000652694551950  0.00000705546437930
  0.00000764404988739  0.00000830914594866  0.00000901807739915  0.00000981221848204
  0.00001068635557326  0.00001160170440586  0.00001255471970140  0.00001360209479999
  0.00001477129187099  0.00001628121067422  0.00001774242716453  0.00001937828397756
  0.00002119654150979  0.00002328995708894  0.00002559709711327  0.00002786373852840
  0.00003040463562122  0.00003308930266468  0.00003616153004072  0.00003938947999174
  0.00004281637818630  0.00004657043558689  0.00005046160744719  0.00005446887593694
  0.00005857762480311  0.00006285554924821  0.00006736919557302  0.00007214445854195
  0.00007744401329636  0.00008273822574286  0.00008902674621306  0.00009569848966941
  0.00010363863179311  0.00011243671636857  0.00012166106647584  0.00013108990050276
  0.00014099536266605  0.00015204211246182  0.00016494100995064  0.00017933069991275
  0.00019495010908784  0.00021163220684056  0.00022877293495079  0.00024584298208516
  0.00026280261495674  0.00028055126256620  0.00029896343058932  0.00032280022065882
  0.00035100819875067  0.00038080451880653  0.00041315100799629  0.00044798121704420
  0.00048351881374894  0.00051698633351086  0.00054861259921395  0.00058621747246601
  0.00062682091962141  0.00066350865489793  0.00069270138977771  0.00071753505763308
  0.00074347296478007  0.00077042567350878  0.00080093374264517  0.00084552377347634
  0.00089816057482133  0.00095719129203557  0.00102517949367747  0.00115749421509274
  0.00136373655049787  0.00158562257541181  0.00185170836329670  0.00211547669093073
  0.00231113636167435  0.00248551201417493  0.00269028080838731  0.00300316511092363
  0.00362224966101748  0.00489561969331297  0.07264606138422156  1.00000000000000000
  0.00000502584909998  0.00000729278608419  0.00000859486653270  0.00001005523725767
  0.00001152100176102  0.00001293870796094  0.00001431715568394  0.00001592617792740
  0.00001772720907705  0.00001943205135221  0.00002107438527683  0.00002282411489832
  0.00002484750030998  0.00002715466188728  0.00002968251727568  0.00003253266787078
  0.00003590571465874  0.00003962311854112  0.00004359914902441  0.00004768003989657
  0.00005201802371698  0.00005658813924394  0.00006155956545412  0.00006704317302888
  0.00007295284550563  0.00007944329189612  0.00008645958458080  0.00009442851027251
  0.00010244576828817  0.00011121558806418  0.00012000507415673  0.00012966588366701
  0.00014040971569468  0.00015213787258232  0.00016467481168026  0.00017796530526621
  0.00019253373482429  0.00020818242853200  0.00022452249890257  0.00024147922690719
  0.00025876385203932  0.00027739033370765  0.00029709860531749  0.00031704339805496
  0.00034083170680919  0.00036535756121689  0.00039202829465377  0.00041974333952851
  0.00044685535523153  0.00047403259202743  0.00050397891469770  0.00053715169974334
  0.00057279486901707  0.00061092340097807  0.00065445844746748  0.00070029015859716
  0.00074999364875672  0.00080190265613131  0.00085287602996332  0.00090148440580572
  0.00095220493697498  0.00100486227928479  0.00105711953286471  0.00110896756731226
  0.00119117541415684  0.00129543782701966  0.00142192432620190  0.00157409836226418
  0.00174909092708478  0.00194471739505011  0.00213492817989005  0.00232886915487931
  0.00253072726979404  0.00273694727786206  0.00291578878118669  0.00305826199274361
  0.00321240055317368  0.00337248700744144  0.00353962546680542  0.00401015546924569
  0.00430333094510778  0.00454099975019998  0.00474370777407685  0.00492048521141638
  0.00509267389892701  0.00525969834074863  0.00551276971134137  0.00576842712919595
  0.00604552306613610  0.00634483028469117  0.00662732314244960  0.00690446896196833
  0.00718782675543097  0.00807307723813745  0.18242044552588546  1.00000000000000000
 -0.00138555810078483  0.00593616715305454  0.01227471783663328  0.01879505872593461
  0.02549037246399540  0.03234280696042624  0.03881366868411196  0.04548598307064212
  0.05242983341376947  0.05979119709310199  0.06866159305795116  0.07865881241962040
  0.08821718347640392  0.09741954570094262  0.10671403532125953  0.11694674194246069
  0.12731736465782800  0.13743682162796611  0.14691404193718685  0.15434751090362769
  0.16166097514595340  0.16841582894790341  0.17542828577859026  0.18227507456326220
  0.18925664464642616  0.19705101314407378  0.20464369362979618  0.21278397346241826
  0.22103662126096424  0.22946496270774566  0.23732072616910299  0.24491860321052608
  0.25220913567785197  0.26018735411288568  0.26809261086986974  0.27608802553144274
  0.28469185873122865  0.29351878946733068  0.30325779763759658  0.31339091319512213
  0.32354961398689430  0.33385998458462351  0.34431409816541553  0.35462861876002938
  0.36407189848309413  0.37282552201876334  0.38152063923932633  0.39078779177274720
  0.40161454013748460  0.41254569138005287  0.42229922007034304  0.43120180422451176
  0.44098419369597391  0.45216644520520077  0.46513840855788630  0.47748054634535969
  0.48933210270175426  0.50115783128556457  0.51254492046828626  0.52424957660471994
  0.53623049386617117  0.54848372094559172  0.56058632841568501  0.57226274096875274
  0.58428001328242507  0.59642716827307507  0.60873108186367075  0.62122348402659244
  0.63317508473688744  0.64509316516150961  0.65725432374707160  0.67070842756609439
  0.68393477122518709  0.69712529827684500  0.71040651657359666  0.72446606003782688
  0.74063847707659203  0.75683943794353536  0.77127451615018039  0.78479623216097738
  0.79688980278179566  0.81011848969262890  0.82303101972902126  0.83595415271717433
  0.84668219535978273  0.85778888991389646  0.87246209027675659  0.88635437005234630
  0.90114136077456997  0.91633143730679045  0.93011128521326258  0.94362314002040393
  0.95878905752004029  0.97195240524219828  0.98567470681235347  1.00000000000000000
 -0.00262678701094660  0.01001209537985596  0.02123200422753909  0.03293820032879175
  0.04651674163158020  0.06129052875147269  0.07323869151324582  0.08502493337057122
  0.09629299040866607  0.10455810104962357  0.11236033705108277  0.12051314072613685
  0.12980310408979348  0.13936722104944702  0.14909503830183440  0.15986891639052195
  0.17239172781599363  0.18431976555320745  0.19640486260275916  0.20798366460430595
  0.21868004733746085  0.22834001812215921  0.23704192824911188  0.24565003744308508
  0.25505050922679634  0.26582413230234359  0.27684705036349971  0.28699963058528233
  0.29647058603448861  0.30603357443279205  0.31621295010679135  0.32811616206638017
  0.33907085702710138  0.34791249707349631  0.35622041007918342  0.36449973778048439
  0.37346819948282872  0.38212216688850154  0.39035896516248031  0.39943753945760518
  0.40959362212743733  0.41977449424732372  0.42984608687720932  0.44077468083899318
  0.45266170471040129  0.46458513148305658  0.47565072089838040  0.48619470358517325
  0.49649714065062805  0.50642895640732333  0.51563837568036708  0.52470086499747870
  0.53444691274434442  0.54467621139574496  0.55603779655474783  0.56748375863553158
  0.57923392433704735  0.59084567750412298  0.60106546132280481  0.61049761891785637
  0.61920220065401277  0.62868671626942907  0.63922196593267233  0.64944355306327706
  0.66029545739781403  0.67042189458920376  0.68058604757543284  0.69108725291712358
  0.70244458905598228  0.71403541925774727  0.72452749474716371  0.73431636388476285
  0.74451706547536167  0.75627436759216526  0.76899461354741017  0.78011677902546039
  0.79198898531852291  0.80366969634136576  0.81507126515461015  0.82441377977650421
  0.83431741393608405  0.84534060137929656  0.85719953473440358  0.86944410668340821
  0.87968834964462139  0.88853425076340864  0.89696343356227026  0.90524159541534799
  0.91481443996675582  0.92557524623666021  0.93743219420125001  0.95024732860438099
  0.96378871466593619  0.97641231163474707  0.98805269118598382  1.00000000000000000
 -0.00214503854582175  0.00810368783429937  0.01619007934749234  0.02428402803397740
  0.03122937283570428  0.03855360996152117  0.04572736218610907  0.05332252645496321
  0.06041408977439577  0.06816782057837990  0.07547604570345812  0.08225323052428496
  0.08940462291327214  0.09679731895162746  0.10426928237134531  0.11194449262351733
  0.12004525302246523  0.12840201299316334  0.13707370239786684  0.14654137708370171
  0.15630712574258840  0.16659359631024215  0.17774835388546392  0.18881039064753724
  0.19862266880636284  0.20826413475248604  0.21832451231421365  0.22947055986321294
  0.24124007428628252  0.25294206974765493  0.26447932427973753  0.27603672546776342
  0.28782276978752153  0.30006067322448304  0.31300558876754131  0.32566369277007307
  0.33794222238754118  0.34922012925245421  0.36090273086570418  0.37411095187046312
  0.38842383413157594  0.40163677660697189  0.41291844894550433  0.42411896595181064
  0.43480334246554286  0.44582998482077285  0.45663116362165224  0.46986040220228964
  0.48271695456247560  0.49517902982301154  0.50817009333974494  0.52303258926308771
  0.53975252257384432  0.55624227281499317  0.57030483603469906  0.58266273196571705
  0.59682197161546946  0.61033430278749323  0.62297778821834648  0.63601663153321941
  0.64975583150509919  0.66175877235985359  0.67451726226200448  0.68683076344982752
  0.69760967802439555  0.70779538045114809  0.71847208653281158  0.73074532381302004
  0.74371235273417735  0.75615014632219402  0.76807389350605892  0.77955048559960805
  0.79135982840206232  0.80376652529616699  0.81606067098923640  0.82763357079076616
  0.83763900811197900  0.84772879992360561  0.85680813801633116  0.86602379438043375
  0.87494966375975658  0.88408959617524363  0.89311275129240741  0.90146186890142854
  0.90953560291957292  0.91795301009898544  0.92709522158013657  0.93643626338043306
  0.94508229963000556  0.95334551831591996  0.96095467514198363  0.96842923508082168
  0.97611294792353642  0.98362429462734347  0.99155971440018498  1.00000000000000000
 -0.00231924011384665  0.00808017641991107  0.01694563820351170  0.02652371376661978
  0.03748334972472493  0.04793293820941345  0.05868383253487511  0.06854200019174754
  0.07938948794678037  0.09107645028685439  0.10335904352663855  0.11607663768237719
  0.12882042046577843  0.14109609230909334  0.15196018508484327  0.16062070035951292
  0.16913320688293784  0.17751945396619542  0.18622484233554260  0.19526963566520220
  0.20454766471269420  0.21423715016958375  0.22414513036951755  0.23471654134035502
  0.24596750900201883  0.25534378960759380  0.26313557850549496  0.27073979247035834
  0.27969414971633566  0.29114479030724094  0.30261209569913666  0.31310961803883575
  0.32434364356944995  0.33559863100444437  0.34684593128833585  0.35837707712046651
  0.36909116793519076  0.37893478214207998  0.38860243642788089  0.39860358343826879
  0.40908095104054870  0.41939566350653301  0.42992547184693364  0.44121592061577009
  0.45431832834835983  0.46748793012117662  0.48088054978286465  0.49318526672355351
  0.50543983911038559  0.51760553994246972  0.52736885070360695  0.53567886347615079
  0.54421936170172558  0.55321917815437383  0.56276560499840111  0.57135317701442678
  0.57921203303554258  0.58715861538970138  0.59809260363472205  0.60790588471631335
  0.61849924254066702  0.62954992376664154  0.64150323728597725  0.65298544799218461
  0.66406814899071420  0.67413072733705692  0.68344089982442324  0.69271413105050683
  0.70233346146208864  0.71289113903680679  0.72413126812668560  0.73543421582900759
  0.74686024535163587  0.75854497388362052  0.76994653296022675  0.78085579530447924
  0.79132239152032435  0.80106673183917243  0.81095441017485947  0.82086704797205623
  0.83157417067246708  0.84192228717688045  0.85165285930256585  0.86196955835191158
  0.87275726295447342  0.88393627182739021  0.89559085838753061  0.90772326337750620
  0.91977804133226304  0.93165374494417885  0.94342985238759458  0.95563562935924806
  0.96740139071856235  0.97831495800819679  0.98921316068788145  1.00000000000000000
 -0.00232982023857646  0.00894860572998135  0.01793160218928454  0.02698181629369256
  0.03652019349677027  0.04556655337620399  0.05429922454622771  0.06328908995588763
  0.07303189704212204  0.08192568367726207  0.09078211278356858  0.09997842291395236
  0.11061220977846929  0.12195149213795287  0.13303666904491643  0.14306863870266953
  0.15121095124794226  0.15895883117535689  0.16743217106652522  0.17639317754009454
  0.18598158462618464  0.19711271606769934  0.20771642141185015  0.22011466187654077
  0.23266887606125619  0.24492997022104698  0.25618562964482550  0.26650264073687530
  0.27678038505358477  0.28787795743355987  0.29991300111493652  0.31182815859773405
  0.32258100012629065  0.33303379778406350  0.34367880051931005  0.35355863663338799
  0.36438355937195821  0.37572440019031367  0.38941147690208844  0.40258360812974431
  0.41461009802544102  0.42432342228407571  0.43300558058455291  0.44191522946092909
  0.45199762038797620  0.46415739663219685  0.47689412782807861  0.48837320550993679
  0.49903171140769687  0.50936163428087278  0.51821554791974977  0.52799542057679272
  0.53740742255877461  0.54741675301555659  0.55907822598044021  0.57096233842189714
  0.58307059377495041  0.59602146985070625  0.60936663873794628  0.62363745976603402
  0.63727066540052757  0.64985664897858875  0.66148807557768774  0.67281675569029376
  0.68396890392646459  0.69437533124751039  0.70485233769424993  0.71623192000984826
  0.72797611553096664  0.73934431899304720  0.74996222280011771  0.76105323059210739
  0.77150141810782513  0.78205550887429720  0.79278667081192977  0.80365813812566222
  0.81483747640239390  0.82589101102137341  0.83682513006077341  0.84703440919733564
  0.85692121850672454  0.86648891477229795  0.87646721875889921  0.88641767962362839
  0.89551470662819332  0.90470298056339105  0.91475573104493646  0.92452667786718745
  0.93456166335773760  0.94267181103116582  0.95085591592151908  0.96008247794270773
  0.97095342992165423  0.98180665798794986  0.99128860417358255  1.00000000000000000
 -0.00002628475489285  0.00021744222669550  0.00043390567537962  0.00057445872564700
  0.00069966806687250  0.00080104897668976  0.00090308321848740  0.00100541608499405
  0.00109994077504635  0.00119462365628069  0.00129002559531442  0.00138507723713798
  0.00147970428925516  0.00157883786494774  0.00168009592807066  0.00178238485731841
  0.00188565259024883  0.00198991369383797  0.00209654409189373  0.00220631853269298
  0.00232011880083798  0.00244302052011599  0.00255153050250392  0.00265605216412123
  0.00276396842374161  0.00287464235136693  0.00298749803437852  0.00312172910152689
  0.00326638157098943  0.00341997546607307  0.00358920328786203  0.00375123690060594
  0.00391695479557617  0.00409410389182583  0.00427150152532129  0.00440902709126803
  0.00453566110408301  0.00465340732219098  0.00475933505033503  0.00486485045557351
  0.00496657162703688  0.00507757152000524  0.00520122151636634  0.00531240944210873
  0.00538252620041755  0.00545322038272641  0.00552556750953822  0.00559769444514642
  0.00566925863241789  0.00575745580552378  0.00589780484887813  0.00608264891529103
  0.00627527424790700  0.00644234817689498  0.00658222898798883  0.00671003133782376
  0.00684087035873305  0.00697301254410022  0.00711495153800847  0.00729140937405225
  0.00752843959485146  0.00778992558358472  0.00804661192426556  0.00830594508659285
  0.00852931280554482  0.00876543730102161  0.00901988820512366  0.00929502854475325
  0.00960957632093524  0.00996232658188933  0.01032850427530234  0.01149540608259367
  0.01187608257112388  0.01235635893071042  0.01272865218669782  0.01313351765779058
  0.01354717654193418  0.01429239820927961  0.01481388229888033  0.01510964607312641
  0.01540366605616432  0.01578531987022423  0.01659539561723056  0.01748241103320887
  0.01800204293502365  0.01848911074950308  0.01990755169734559  0.02414499330651641
  0.02533923249063013  0.02628668647600466  0.02831238385060739  0.02948745151169593
  0.03089006711805379  0.03758970874721964  0.44287388396814770  1.00000000000000000
 -0.00378324203525347  0.01783504785133589  0.03582327407988233  0.05430767957738539
  0.07157004065378618  0.08920965301592490  0.10672306902835044  0.12463286503067725
  0.14159659072084158  0.15727960246026024  0.17215391756526549  0.18589772271377630
  0.19748781819207281  0.21033844004306465  0.22247349594750337  0.23469656149541540
  0.24601085119075200  0.25841368410289228  0.27119249255777284  0.28319795753338450
  0.29388383498575582  0.30345228519015577  0.31301219527067486  0.32244538385398430
  0.33218767835218860  0.34162137004513737  0.35063351096818141  0.35952547278086322
  0.36876998033527431  0.37608164702940872  0.38212061047966084  0.38760033068952032
  0.39373845579368327  0.40089466176024213  0.40853102804322994  0.41556839664809259
  0.42216229930342131  0.42841789750414161  0.43442290723154181  0.44211630945249003
  0.44963469336294298  0.45693676076576834  0.46418791302527052  0.47110350745875507
  0.47868970879788042  0.48551436869069220  0.49199864257764975  0.49862229975679689
  0.50533659835263967  0.51264542083051079  0.51931229382749311  0.52552831090613328
  0.53143549459291439  0.53764083648045369  0.54446422628938063  0.55157717588530308
  0.55851354112715246  0.56540969711192635  0.57237983093611478  0.57910589580723770
  0.58647392755887118  0.59464468388509173  0.60354643914157080  0.61354770232219380
  0.62385071003333947  0.63351868204305006  0.64227966000712600  0.65093759166772180
  0.65956245265451474  0.66797600716870098  0.67667684051765853  0.68540005333062415
  0.69450663548952041  0.70430984109143469  0.71442249594238250  0.72440959607882904
  0.73573400063641825  0.74813338442033461  0.76013620047706443  0.77133491772112528
  0.78266326911724260  0.79420431131003155  0.80641172378450698  0.81969569532356157
  0.83418094531588505  0.84700112509243741  0.86013970834994180  0.87499366453745619
  0.89040868618443747  0.90870172336137622  0.92436635065629713  0.93763195567892688
  0.95020025136456321  0.96449796963235845  0.98085248266078073  1.00000000000000000
  0.52472043585015804  0.53417216306742410  0.54348644855192396  0.55448083386558578
  0.56299526307382786  0.57194540541334926  0.58146818295768932  0.59342005248640706
  0.60588924915577791  0.61557320518670511  0.62571413645862273  0.63464437240073912
  0.64278823594095469  0.64972216428168406  0.65550172573425780  0.66100883666692578
  0.66669117970718683  0.67271529280577813  0.67901381862126897  0.68453395828442254
  0.69022949555655710  0.69649201642244563  0.70316512961738198  0.70936572144459786
  0.71531250451919526  0.72127733087039492  0.72723572499894518  0.73308246007559408
  0.73874433776965798  0.74387104880046728  0.74859203016293296  0.75367392572783243
  0.75949939498397834  0.76519273011947497  0.77037187156901732  0.77518679244224664
  0.77988682179340474  0.78512019613480122  0.79021997177659742  0.79545271907627912
  0.80082906917620877  0.80657635620491208  0.81186880132531114  0.81644321465959080
  0.82058236398460327  0.82474457054004746  0.82880257849111238  0.83301236798144773
  0.83710604305538994  0.84147064571023378  0.84578399555721029  0.85032196722541697
  0.85431637070568700  0.85842660824461792  0.86244000508232221  0.86672588557676011
  0.87075673918553564  0.87456654098787023  0.87822663700957482  0.88182206079439984
  0.88542736029574109  0.88897818372120707  0.89229837034315462  0.89536471454693889
  0.89831811510680759  0.90107164007676455  0.90386672955121461  0.90679413319793312
  0.90993902157073525  0.91318803050641117  0.91644906169828266  0.91977377975911767
  0.92310117422022597  0.92647707822992242  0.92997827851773118  0.93347603979398175
  0.93668991726423567  0.93981559502034795  0.94301271309368606  0.94613089086594337
  0.94921021326605670  0.95192443890027278  0.95448053499776597  0.95706678679639989
  0.95977271408118692  0.96261807390576626  0.96579152026501558  0.96924825906741574
  0.97300680706689480  0.97679040084249236  0.98036669047221103  0.98374168545231067
  0.98699263152798777  0.99051631239419935  0.99467949330139460  1.00000000000000000
 -0.00095815618738510  0.05322648623192961  0.09543611191492594  0.11659561229820554
  0.12341292022615397  0.13217100547527894  0.14039104233985686  0.14624302935062641
  0.15195148084895860  0.15763410923401580  0.16360602836919710  0.17032699885236757
  0.17899824520759983  0.18617776586250212  0.19260219108705537  0.19846067296008407
  0.20448337560272184  0.20941298969329819  0.21515462995195409  0.22045155079072293
  0.22553727855564468  0.23024454169108283  0.23489135939445316  0.24039426948035145
  0.24444456914292084  0.24810236512496300  0.25187604398344116  0.25573602749853708
  0.26028463251463718  0.26487244586410214  0.26949299074166200  0.27418763284704983
  0.27906252331566550  0.28375749787731530  0.28852839733195540  0.29361664517802849
  0.29865263281064913  0.30354893320172915  0.30837440883982786  0.31350070928727164
  0.31858401812900949  0.32401221723248769  0.32904602927102722  0.33415145685322789
  0.33917756438100144  0.34434434009352893  0.34952094311323229  0.35449424654007028
  0.35938482720993076  0.36453174020309231  0.36949224078438181  0.37484474382445293
  0.38059074645729318  0.38632781577143638  0.39255125558070042  0.39877521874999744
  0.40520004418242433  0.41141662064300860  0.41783805547587599  0.42447666399981543
  0.43116137946765504  0.43706564397734371  0.44235822467460489  0.44759670034856253
  0.45315421241643322  0.45924103352744583  0.46578269287329965  0.47272828305822800
  0.47936926896539167  0.48617921901751987  0.49316820243890963  0.50065407109798676
  0.50824164915128733  0.51555136076807739  0.52297248401200458  0.53137479528210574
  0.54016775487755875  0.54890401675865530  0.55840620115478379  0.56795698892496249
  0.57936986056161677  0.59070674003119483  0.60200471268780298  0.61341999888367571
  0.62570722387500821  0.63911592812839590  0.65339980304855017  0.66868211146113132
  0.68472600988828691  0.70117365720066493  0.71838653065420677  0.73657238459418828
  0.75866069390346358  0.78827670206017963  0.83087379266901007  1.00000000000000000
   4.2212679712518687E-005  -1.0000000000000000     
 F F F F F F F F F F F F F F F F F F F F F F F F F F F F F F F F F F F F F F F F F F F F F F F F F F F F F F F F F F F F F F F F F F F F F F F F F F F F F F F F F F F F F F F F F F F F F F F F F F F F F F F F F F F F F F F F F F F F F F F F F F F F F F F F F F F F F F F F F F F F F F F F F F F F F F F F F F F F F F F F F F F F F F F F F F F F F F F F F F F F F F F F F F F F F F F F F F F F F F F F F F F F F F F F F F F F F F F F F F F F F F F F F F F F F F F F F F F F F F F F F F F F F F F F F F F F F F F F
  <DiscreteSampler_grid>
  grouped_processes
  1 # 1 for a reference and 2 for a running grid.
  10 # Attribute 'min_bin_probing_points' of the grid.
  1 # Attribute 'grid_mode' of the grid. 1=='default',2=='initialization'
  0.0000000000000000 # Attribute 'small_contrib_threshold' of the grid.
  0.5000000000000000 # Attribute 'damping_power' of the grid.
 # binID   n_entries weight   weight_sqr   abs_weight
    13   10   2.063071433376167E+000   1.499695920835827E+001   2.063071433376167E+000
    14   10   2.063071433376170E+000   1.499695920835832E+001   2.063071433376170E+000
    16   10   1.367930811421922E+000   4.628297699070124E+000   1.367930811421922E+000
    17   10   1.367930811421923E+000   4.628297699070128E+000   1.367930811421923E+000
  </DiscreteSampler_grid>
