  0.00000197753980482  0.00000217414628529  0.00000236817197837  0.00000247069640689
  0.00000259139127151  0.00000275022186478  0.00000293225369119  0.00000307420909658
  0.00000321281568266  0.00000336784800056  0.00000353079605098  0.00000370952787761
  0.00000388056358773  0.00000403660701309  0.00000416841538375  0.00000429749206177
  0.00000443622513980  0.00000458144511395  0.00000474648825298  0.00000493852153823
  0.00000512994096857  0.00000531968072738  0.00000550566666790  0.00000568536740811
  0.00000586282902799  0.00000605380223421  0.00000627290349616  0.00000652058578594
  0.00000678629760060  0.00000705602297858  0.00000733773096494  0.00000758658269603
  0.00000784126519251  0.00000812168603941  0.00000847158925036  0.00000884770332273
  0.00000920217771707  0.00000958551765996  0.00001003268729916  0.00001047253045673
  0.00001091587529736  0.00001133819961761  0.00001179892613980  0.00001227316451572
  0.00001272502732639  0.00001324730211519  0.00001378046319007  0.00001434080950684
  0.00001489434462321  0.00001553117974401  0.00001622330814687  0.00001698392404225
  0.00001796425493570  0.00001907634127606  0.00002025077402520  0.00002159236682756
  0.00002279335340646  0.00002426324476900  0.00002591104470777  0.00002794296189265
  0.00003040376452879  0.00003290430057665  0.00003550311219714  0.00003852317252904
  0.00004212339470927  0.00004615920536818  0.00005050504761822  0.00005552444920302
  0.00006158996150941  0.00006867090002078  0.00007584209629338  0.00008396969793682
  0.00009307345614748  0.00010297481874316  0.00011419742326481  0.00012821353599726
  0.00014582894865356  0.00016723465930265  0.00018978781461052  0.00021713831197039
  0.00024806308515586  0.00028503193130381  0.00033417835759105  0.00040421507783406
  0.00049377658045047  0.00059258668734603  0.00071777954847252  0.00090543828878463
  0.00122672862081442  0.00162180349948546  0.00209987791387334  0.00262959094355561
  0.00342892870456229  0.00458281059767617  0.02563099407182777  1.00000000000000000
  0.00062694664297699  0.03117968024043118  0.05156255714429578  0.06645771533516294
  0.07981242717952371  0.09232457156526706  0.10528000731236413  0.12096501449507484
  0.13557503932062351  0.15039045803312950  0.16383207389893306  0.17584430831024556
  0.18684507082330262  0.19770238676898719  0.20778162371193898  0.21723319020878726
  0.22655864618743363  0.23551845092988274  0.24604658242064348  0.25513387841035695
  0.26451477554092828  0.27353838284475707  0.28337550279186224  0.29215817206569733
  0.30249056277561398  0.31272786564058791  0.32505167440568999  0.33575176316711275
  0.34472170306080613  0.35470723997448583  0.36499629147556711  0.37462109107800678
  0.38307221182041568  0.39068310893814406  0.39810929884218199  0.40592210087343755
  0.41420138649043381  0.42270450704891699  0.43207947219637222  0.44183748121380828
  0.45481209314080184  0.46578778941133953  0.47679826913975559  0.48794151664806329
  0.49899153696398624  0.50942056462150997  0.51995478161904929  0.53011951210846608
  0.53908508812058553  0.54760572905997074  0.55667646363236400  0.56726947199279609
  0.57803097063893283  0.58874396646449900  0.59886434712920733  0.60771191625785315
  0.61715159827493238  0.62620479749966118  0.63533612056575495  0.64615225752483962
  0.65689079856912025  0.66854926147218485  0.67959969675670040  0.69106722089878803
  0.70217781898995646  0.71400196366309587  0.72598640423958860  0.73683285519700470
  0.74716325966994790  0.75784978468253594  0.76915250531636148  0.78049660801409293
  0.79186567610331438  0.80340146690628067  0.81523632302157456  0.82629232841241407
  0.83615269467678799  0.84482447281633710  0.85371978270650684  0.86344373569605748
  0.87339581344983930  0.88393082068164563  0.89384119673515738  0.90407143592629480
  0.91477347646259599  0.92534109562250355  0.93476609550848111  0.94332250800774864
  0.95064498680270393  0.95835926451041109  0.96561060999787518  0.97374807047816436
  0.98127913988306825  0.98749619909964048  0.99179871360823613  1.00000000000000000
  0.00000363752898366  0.00000391383170252  0.00000415748302089  0.00000439359735238
  0.00000459242221393  0.00000490791970954  0.00000527487933555  0.00000564020478135
  0.00000595041761616  0.00000627470188260  0.00000666586433743  0.00000715968795234
  0.00000783309365461  0.00000844492743355  0.00000897090104844  0.00000950695293431
  0.00001011905043873  0.00001077195755748  0.00001155010732641  0.00001224780189680
  0.00001303995333491  0.00001384914484252  0.00001473718165434  0.00001569486620020
  0.00001671777608372  0.00001792312580604  0.00001939636580686  0.00002125782158696
  0.00002360696272090  0.00002625672941410  0.00002920834052438  0.00003237947543230
  0.00003555489264120  0.00003860751707952  0.00004145964862768  0.00004453361425351
  0.00004802381923684  0.00005223754973104  0.00005643815161107  0.00006057297473390
  0.00006454312535965  0.00006863219250981  0.00007332717008513  0.00007893810288078
  0.00008501239290687  0.00009150079426112  0.00009823243930850  0.00010530513536161
  0.00011270968287921  0.00011992326817483  0.00012689762528467  0.00013403899247447
  0.00014091447217493  0.00014820789182637  0.00015585224851231  0.00016475678050918
  0.00017644661543033  0.00018707305900719  0.00020122240262201  0.00021596681683554
  0.00023053112719959  0.00024675188619308  0.00026379427920615  0.00027850842633685
  0.00029638962679461  0.00031459727573730  0.00033673547849504  0.00035897961556983
  0.00038212968643780  0.00040327824821095  0.00042675719177953  0.00045497516295334
  0.00048942871617758  0.00053478870867184  0.00058220151520287  0.00062805920723988
  0.00067810152843264  0.00073408118577232  0.00079146136661153  0.00085659810687426
  0.00093536361371323  0.00104266210791701  0.00114453710731021  0.00124651410366914
  0.00134907790046636  0.00145164169726359  0.00156585972324898  0.00168481286267761
  0.00181651195511803  0.00198582528658703  0.00218549674261016  0.00243061050373821
  0.00269883717340502  0.00306765278842697  0.11446575357930047  1.00000000000000000
 -0.00202573236030502  0.00773329599345930  0.01666863966246934  0.02475093877114568
  0.03186187490889199  0.03961403967168552  0.04652873202733893  0.05377987505012301
  0.06247605938304975  0.07292029638924158  0.08429012807180597  0.09766862927904385
  0.11058083170780654  0.12247710040506288  0.13313909408170244  0.14264387898923353
  0.15157413222792293  0.16177544703757496  0.17231292416642735  0.18276630475040775
  0.19338358520208537  0.20393985974612405  0.21439209337520160  0.22330557094252962
  0.23226956874193327  0.24122629661041045  0.25134641053194573  0.26287526440674652
  0.27452664614489852  0.28324709566740436  0.29119591499606268  0.29941979805805669
  0.30856917770036302  0.31903374658534589  0.33044524962859223  0.34163818416627034
  0.35208856538737038  0.36118218433388599  0.37125304843560680  0.38053913190058486
  0.39102645227162991  0.40160963360551682  0.41240330721493490  0.42374331134023624
  0.43576953993678741  0.44753570793557018  0.45951960314480539  0.47143369331965379
  0.48346694407907320  0.49582739129233505  0.50849874448422094  0.52227874073475644
  0.53535059961481357  0.54660293917509906  0.55646817702046725  0.56613679528145078
  0.57504437931642860  0.58415440115064177  0.59311425962018749  0.60245961601135067
  0.61192160382691785  0.62292224979378263  0.63613284939107329  0.65118164612132468
  0.66487185732005205  0.67510637567540555  0.68511765957189730  0.69553792884996646
  0.70669183841942285  0.71732644162798043  0.72756289654069950  0.73783377180575205
  0.74830566246854691  0.75987802577856700  0.77140046948960306  0.78283115171026219
  0.79339407734817202  0.80493598315121506  0.81525465213934545  0.82600871996608327
  0.83784264278030596  0.85171014340235141  0.86706786042741368  0.87995221558463899
  0.89018432596664820  0.90075558250335375  0.91041118867182835  0.91855844427027200
  0.92573785719944457  0.93259664107698814  0.94014092115302250  0.95044488440544805
  0.96169287649143365  0.97568531255465751  0.98804421731731917  1.00000000000000000
 -0.00223594742343787  0.00599212217556103  0.01464094274189555  0.02335352790608947
  0.03236702483053789  0.04328191596609825  0.05347201973346642  0.06323995943231070
  0.07428285891559519  0.08583462231773686  0.09715494050312878  0.10816279826040832
  0.11874748976159126  0.13030708934931579  0.14349459364297623  0.15593750613519020
  0.16729244760138587  0.17807356726129961  0.18873109801184160  0.19967916167834812
  0.21113344595510214  0.22272806932297984  0.23324214641151514  0.24329224172755229
  0.25353032924555180  0.26278474654211581  0.27244435941722406  0.28322236321885585
  0.29428060759871777  0.30744236850506901  0.31994941189928366  0.33198955515914241
  0.34246287438806600  0.35277277540454360  0.36293988448067110  0.37314759981358486
  0.38439437437480883  0.39551092065116034  0.40641133433318555  0.41755291011715340
  0.42984600969692727  0.44266230004945734  0.45449754181664243  0.46704508445407844
  0.48015353736907868  0.49369373451688936  0.50648741987123846  0.51748911328978264
  0.52641342015556436  0.53477238469894794  0.54503533747731436  0.55812102344588999
  0.57147241334981547  0.58013520726300749  0.59003499688076633  0.59955989957030098
  0.60965138891457116  0.62088721715966544  0.63231796686236486  0.64286701856009754
  0.65324091681695429  0.66243516272345571  0.67252856251980908  0.68198567070559901
  0.69459201021588524  0.70697682449685151  0.71713018051160815  0.72669854172173021
  0.73659853899724048  0.74772123108733712  0.75953602212985527  0.76996027131953260
  0.77964987403803465  0.78823876354558098  0.79594297030545946  0.80316685569072233
  0.81211035928440078  0.82231605826172693  0.83350196553393563  0.84366327683255948
  0.85356850863845801  0.86336826563486391  0.87308850299911567  0.88171519405648202
  0.88958856948297405  0.89738696723793132  0.90492771653293902  0.91232995452065546
  0.92228849601533525  0.93372355056342238  0.94575877326175084  0.95717766705987395
  0.96772571850019340  0.97904756726882458  0.98922629416560770  1.00000000000000000
 -0.00184880435689114  0.01137784690382722  0.02116013078092085  0.03098796061837291
  0.04081218335928186  0.05137108557311990  0.06273360074557209  0.07395245085638018
  0.08483987062964024  0.09610841251970985  0.10712521092442506  0.11941729561884537
  0.13098254804117232  0.14307909930275728  0.15505781655663795  0.16702195328447986
  0.17872751279138033  0.19054607514338465  0.20289668048064385  0.21573066358106907
  0.22852316582219229  0.24171470389973990  0.25494284766569719  0.26860327147725771
  0.28210147960945398  0.29563710160530787  0.30867295004483480  0.32191696137238174
  0.33569803752276889  0.34920835395872474  0.36199129217341935  0.37431987674573597
  0.38727910222068246  0.39919623994617520  0.41000798048750253  0.42102881323819924
  0.43306117878561134  0.44473875189116385  0.45584862948223609  0.46663632989649112
  0.47759803913962395  0.48964910729226796  0.50088153333955854  0.51231896620709694
  0.52267364937023708  0.53311952276762808  0.54353599439529365  0.55327321217526015
  0.56258620107223345  0.57225587302321168  0.58312310731597761  0.59488467955863433
  0.60736660625279559  0.62000621976257997  0.63234483015736165  0.64416131093811124
  0.65526357257320333  0.66572148532953435  0.67589033997389558  0.68537235821947773
  0.69440435103566989  0.70348666457312137  0.71365489514420599  0.72357523251406020
  0.73259715263993042  0.74128946523218864  0.75035785360519747  0.76060254613592126
  0.76927526359560350  0.77730186348643115  0.78528690964052639  0.79343678436927201
  0.80233758715318471  0.81277611385168436  0.82493059364986798  0.83611592067752050
  0.84606961531956626  0.85502126164543257  0.86392211037080946  0.87237980390331471
  0.88202147715386447  0.89389220514767109  0.90939095695884886  0.92666770287511091
  0.93817594057743936  0.94454445272623611  0.94918833526691115  0.95360183601116211
  0.95820104009073170  0.96355385107903535  0.97027697073767050  0.97767185570714132
  0.98332262511615998  0.98926227371206887  0.99478879825755551  1.00000000000000000
 -0.00273767032059586  0.01289606717723886  0.02606741919887564  0.03661568765520938
  0.04589104582440323  0.05565689964393008  0.06546923427865492  0.07824576015470359
  0.09156574709386095  0.10411881222080577  0.11659908747452537  0.12884407532801667
  0.14048924919389613  0.15165127779290111  0.16277055211270003  0.17419944315821112
  0.18556041786858521  0.19657397357953568  0.20610799063642582  0.21555038052649836
  0.22605742281324692  0.23760892291575716  0.24851752378973299  0.25814594213979070
  0.26694908329294836  0.27569890056821555  0.28515048347959143  0.29438583269052426
  0.30378597290092463  0.31356686574405807  0.32430489558412273  0.33690425679801833
  0.35115632057756663  0.36396412733104189  0.37454776362177100  0.38472772497780361
  0.39545163593415500  0.40776758937097352  0.41902926618083081  0.42882169833110106
  0.43762259652913760  0.44638470904986677  0.45646790565154116  0.46643357066292135
  0.47495287172240552  0.48380092734386948  0.49212986150748789  0.50149422046962333
  0.51119566076938006  0.52227264489752234  0.53249228963430162  0.54159382879114515
  0.55003824854952121  0.55857252368738297  0.56798703139947149  0.57869226097666560
  0.58796787557845143  0.59689985438026250  0.60606392433139800  0.61803553336756778
  0.63193448999898594  0.64447153189811046  0.65505383575484877  0.66523097088306016
  0.67669007770509892  0.68944105212822260  0.70295067815974566  0.71671467225081964
  0.72981363744455996  0.74158156529661401  0.75386729888342108  0.76512408537284071
  0.77361360498804144  0.78219066708932661  0.79146383251896590  0.80179788923480400
  0.81289985097180917  0.82264375480920349  0.83256892731973842  0.84168818823862224
  0.84961163300720599  0.85705338834107991  0.86385395471175919  0.87034417712090417
  0.87780653808910547  0.88667318816235841  0.89717772667541329  0.90896130320374535
  0.92122433003898252  0.93406672889124209  0.94736861237044601  0.96009022940645083
  0.97253142629412881  0.98217884042212711  0.99159776022643908  1.00000000000000000
 -0.00219740688348424  0.00861814644484702  0.01836939492387846  0.02834105285989780
  0.03889838880830784  0.04946453702438434  0.06021513665118818  0.07183348992164519
  0.08405091114262921  0.09598368762159458  0.10919576033480372  0.12166728313150452
  0.13295465323649305  0.14323356440533178  0.15435658095121577  0.16432144637038340
  0.17384574310583853  0.18342894429240517  0.19330074746640566  0.20379068919835805
  0.21547384137343883  0.22679591489396395  0.23970904278683830  0.25080766073228400
  0.26144594073081395  0.27189749643226158  0.28208383305728640  0.29317362037887540
  0.30442490079793694  0.31577144690523190  0.32674804995942608  0.33686788190576589
  0.34671063880428138  0.35667657834927641  0.36679573396823423  0.37621288869383607
  0.38455463259727002  0.39305725591904372  0.40298499372847352  0.41469648551134003
  0.42755884831504887  0.43912781488964742  0.44937330360359501  0.45957494637689139
  0.47031472203950203  0.48175599833458982  0.49295910417586980  0.50467933356990202
  0.51613373208896041  0.52835369243770436  0.54001731453633484  0.55058224041369408
  0.56066619049202859  0.56931508073895565  0.58066188056566959  0.59133827799291427
  0.60143168126251223  0.61127816895362264  0.62117906455801342  0.63121361211093463
  0.64202927577124114  0.65273500792577388  0.66286678265524912  0.67366433060702469
  0.68467766764126492  0.69615013841314077  0.70729144617234962  0.71716516353257187
  0.72667653914309760  0.73638045987139877  0.74818156797674551  0.75973780337579822
  0.76943147733465134  0.77762280581900034  0.78666614731255724  0.79632948361486600
  0.80789666088289747  0.82002023939586444  0.83020290597391866  0.83859743986420043
  0.84728459861579786  0.85657014056595460  0.86755895625541013  0.87924018544688232
  0.89024063327430669  0.90056708535481655  0.90978782914595790  0.91781817678424826
  0.92548151436258563  0.93337478075685332  0.94308623592619789  0.95326472410122953
  0.96365191154112928  0.97363017940203900  0.98533286173815582  1.00000000000000000
  0.23174601690652194  0.40341652162824093  0.49165484448622654  0.52875525470310836
  0.54524670053222124  0.55560307913185047  0.56501062148507541  0.57529581657266771
  0.58343450177997147  0.59094432102508021  0.59848774298734830  0.60533020999717368
  0.61201864618549107  0.61906040066340262  0.62642222382000601  0.63437759100629609
  0.64243106731545374  0.64801224919069511  0.65179192619657811  0.65562512370210613
  0.65943149623351338  0.66324577601333079  0.66716870948751950  0.67110075180521522
  0.67476553416426532  0.67825724609332916  0.68217942324587166  0.68685043113918620
  0.69210765946159636  0.69692732172134808  0.70079838922125859  0.70473373986591903
  0.70859554947581505  0.71313913168178089  0.71867770141415022  0.72435038315845179
  0.73072570317813468  0.73721545278639589  0.74323162684312094  0.74830591437196770
  0.75271039624976388  0.75677333363311738  0.76088906049254690  0.76536399563289714
  0.77024432579504643  0.77541157716854159  0.78028391771894057  0.78539643287188288
  0.79035141654258467  0.79540020600362793  0.80027724230328368  0.80457827530679504
  0.80836806620677593  0.81184005319832497  0.81534556987309081  0.81906791598437123
  0.82293375680439218  0.82741230526133724  0.83212083702395367  0.83642324847120397
  0.84037837022652984  0.84409929191023803  0.84814813885651197  0.85260167163574407
  0.85689651513024978  0.86097397904375983  0.86498679847390303  0.86897306782183470
  0.87290777827880595  0.87666893266414792  0.88066673542791496  0.88458219439543484
  0.88811090980864571  0.89153890535764413  0.89492219855930610  0.89835196421504215
  0.90196478932448820  0.90566756477796651  0.90924166197011924  0.91305976779943498
  0.91718121691974142  0.92149050562581014  0.92589920801267966  0.93028585668661479
  0.93485606839994073  0.93945143309466650  0.94414355371509906  0.94886560154615762
  0.95391466225290589  0.95932573998160398  0.96478572076488522  0.97018602666452092
  0.97579717638098218  0.98219611277470953  0.99064006112821257  1.00000000000000000
  0.03899328335666247  0.14222940196120865  0.15304532993983877  0.16299848804082273
  0.17296967453947340  0.18241537946038205  0.19130806027657690  0.20000598001675504
  0.20951977904703273  0.21869777973004997  0.22723241312644515  0.23546945087004975
  0.24322199328771996  0.25219893237448199  0.25773805659359267  0.26214601651318153
  0.26641167424888351  0.27051916544926485  0.27508124626091557  0.28101902276358631
  0.28688160610025792  0.29208364527489006  0.29746014366319595  0.30288430907024816
  0.30805999188977928  0.31289950646664166  0.31750928209798274  0.32231983735313091
  0.32754878908436436  0.33284840649133812  0.33815460466672032  0.34315266600675126
  0.34781894434297816  0.35243865904747040  0.35718405981826179  0.36235663338771723
  0.36790782756300217  0.37358008519635366  0.37914673255999126  0.38429977566250945
  0.38959108799521613  0.39508253965940154  0.40032567125362406  0.40539372391899259
  0.41001052415630945  0.41458831423358244  0.41950363315897138  0.42455993660065333
  0.42941309976926717  0.43397476888126668  0.43874423829241932  0.44392214856496892
  0.44915883601831974  0.45458387462471556  0.46015411184447524  0.46620597389913765
  0.47138682218338657  0.47668122924104228  0.48181230953918841  0.48666676458788621
  0.49147862090809152  0.49639059567726856  0.50123971643454657  0.50689817847025820
  0.51388554554111143  0.52082693330348717  0.52823891642769361  0.53438448786817405
  0.54095261600730171  0.54724340164593355  0.55355781287068373  0.55975383454642225
  0.56575219111204589  0.57149762932575898  0.57818838481216783  0.58530247942731339
  0.59337745394090913  0.60108689944670790  0.60850436361008309  0.61623746188303863
  0.62490159250464050  0.63508628011093804  0.64428159287330311  0.65364069965197968
  0.66311914788317905  0.67279093813019886  0.68215705007116501  0.69219980700473871
  0.70358414232555011  0.71681854406265955  0.73008864102188620  0.74526095612101551
  0.76474214318682265  0.79306884027652247  0.82879686229616401  1.00000000000000000
   8.9473760136687442E-004  -1.0000000000000000     
 F F F F F F F F F F F F F F F F F F F F F F F F F F F F F F F F F F F F F F F F F F F F F F F F F F F F F F F F F F F F F F F F F F F F F F F F F F F F F F F F F F F F F F F F F F F F F F F F F F F F F F F F F F F F F F F F F F F F F F F F F F F F F F F F
  <DiscreteSampler_grid>
  grouped_processes
  1 # 1 for a reference and 2 for a running grid.
  10 # Attribute 'min_bin_probing_points' of the grid.
  1 # Attribute 'grid_mode' of the grid. 1=='default',2=='initialization'
  0.0000000000000000 # Attribute 'small_contrib_threshold' of the grid.
  0.5000000000000000 # Attribute 'damping_power' of the grid.
 # binID   n_entries weight   weight_sqr   abs_weight
    13   10   1.736267938340985E+003   7.411853901380206E+006   1.736267938340985E+003
    14   10   1.736267938340986E+003   7.411853901380219E+006   1.736267938340986E+003
    16   10   1.980716179762267E+004   2.726352869207608E+009   1.980716179762267E+004
    17   10   1.980716179762250E+004   2.726352869207551E+009   1.980716179762250E+004
  </DiscreteSampler_grid>
