  0.00264966822393658  0.01508226467175598  0.02833882422531700  0.04050054622016117
  0.05143084557103901  0.06183750625739576  0.07237685609028850  0.08326488786916848
  0.09446115829239396  0.10647369425129774  0.11833609577246079  0.13010044491272110
  0.14239692662559189  0.15402257610666178  0.16568540086728706  0.17710473184478140
  0.18970866445435541  0.20101563568921077  0.21159230717636435  0.22222419378034872
  0.23276851394948589  0.24290737990820266  0.25323365156171213  0.26363820749404254
  0.27472595180851139  0.28554477519331251  0.29700893810219792  0.30770208063368321
  0.31804671684369573  0.32751082678972882  0.33667686434063399  0.34611099880963114
  0.35520386176243635  0.36531347374745171  0.37513121990804121  0.38489918953725155
  0.39352031040867630  0.40182415179289027  0.41026124523230606  0.42011431852108344
  0.43078077991113872  0.44159711824077974  0.45253334838709980  0.46425928662503796
  0.47611375337081741  0.48673546025660935  0.49636377039465812  0.50566170593051241
  0.51503112438745247  0.52494268603558059  0.53525319025949858  0.54535418458504037
  0.55572693900116421  0.56693952594569275  0.57897925455476085  0.59048112693166510
  0.60121245843213000  0.61150375836692694  0.62160139692366234  0.63127634837613700
  0.64076074831547136  0.65033549999349582  0.66010871020446249  0.67025225813242906
  0.68030083228432725  0.68985850791598291  0.69861664906028575  0.70738287922779131
  0.71641345776880361  0.72604694985704699  0.73617773249413587  0.74717651076667146
  0.75944344025128752  0.77161475920517686  0.78254172071289285  0.79232094965597522
  0.80183771766359779  0.81176992717246022  0.82221154173855382  0.83288140012373602
  0.84322822662596464  0.85341237296248951  0.86399645091796795  0.87584730857319948
  0.88820758837357672  0.89906141633806280  0.90880647356234467  0.91854323466080934
  0.92886286285410746  0.93924478428146863  0.94956886442557698  0.96017422817725961
  0.97092007833114979  0.98089046089695853  0.99077195203776292  1.00000000000000000
  0.00327091870352723  0.01364880428382374  0.02535908499797195  0.03815223657224797
  0.05014688720304646  0.06097747382926900  0.07095644164318264  0.08088553890737381
  0.09062215656625844  0.10083056514386096  0.11116630539836408  0.12197555298747367
  0.13295340523147808  0.14364055734066750  0.15382700561040774  0.16346632914406078
  0.17342416617167836  0.18380032299994914  0.19438839706633665  0.20495348758087614
  0.21650129301680493  0.22868387742968946  0.24112183705275325  0.25286941516921996
  0.26505588771807859  0.27729505711507452  0.28902025019735633  0.30020437509269987
  0.31143627442724064  0.32200088022554429  0.33158278927361062  0.34131933266938069
  0.35173851947473694  0.36389557425094382  0.37715780244882857  0.38994432095395370
  0.40165034796111870  0.41236102519747569  0.42219524787487306  0.43163582018889152
  0.44147858034978771  0.45231474207020300  0.46351202751132070  0.47343701825278423
  0.48265980640165274  0.49210781534952941  0.50250478425688838  0.51333301472467729
  0.52391014469813413  0.53409441594001372  0.54431806561066642  0.55459911898819825
  0.56476276955988558  0.57466560797930422  0.58408514689717483  0.59359994880028055
  0.60352176669858315  0.61389876662734300  0.62422557313564753  0.63561166999614838
  0.64677858502110919  0.65784335548443207  0.66835761296380403  0.67921298924821849
  0.68948733894805148  0.70007325951133703  0.71054660178931872  0.72139319909198896
  0.73263366974619548  0.74440158726443728  0.75622551775847235  0.76744042834285431
  0.77781800120003897  0.78739723075835533  0.79675016114684338  0.80638783957424043
  0.81609912046750677  0.82566592887517343  0.83453409961048297  0.84340954522817269
  0.85214336996089202  0.86023055110901880  0.86897535142782145  0.87767410758530429
  0.88715945618213532  0.89728195812811884  0.90747911946248638  0.91744738742268972
  0.92684936882934932  0.93586557759973610  0.94568610348887028  0.95563214737013735
  0.96646858836435490  0.97704803730266954  0.98788451215625661  1.00000000000000000
  0.00000340636165608  0.00000371584143298  0.00000410391371137  0.00000448334504701
  0.00000485283041303  0.00000525969783875  0.00000579366598837  0.00000651719940622
  0.00000734067253882  0.00000820891217799  0.00000916699215979  0.00001027167470516
  0.00001155356710691  0.00001299236465786  0.00001465309602704  0.00001662766608318
  0.00001897748564325  0.00002150479148530  0.00002420611755403  0.00002717090835494
  0.00003062561383892  0.00003440039774983  0.00003859982966432  0.00004300287518989
  0.00004748485220865  0.00005220471537583  0.00005736482623540  0.00006315814268323
  0.00006980781855478  0.00007704748863771  0.00008468990424406  0.00009274801120539
  0.00010091943540533  0.00010959931804590  0.00011870483931329  0.00012832809523410
  0.00013792313250428  0.00014807909145433  0.00015861788999580  0.00016967262018521
  0.00018175360386073  0.00019468152965281  0.00020909972842519  0.00022469306951139
  0.00024033665109928  0.00025604867948982  0.00027232497354925  0.00028939037805226
  0.00030917469453468  0.00032952599414961  0.00035322994162152  0.00037570782520032
  0.00039746759619709  0.00041901049256470  0.00043973295992026  0.00046030182340166
  0.00048133306672453  0.00050287159651406  0.00052469545506951  0.00054566815953444
  0.00056818146217232  0.00059930171109956  0.00063191942321433  0.00066411946519940
  0.00069792129158141  0.00073515025762422  0.00077723380394028  0.00082664691011520
  0.00088134723644449  0.00094575784146731  0.00102749534238849  0.00112097687322992
  0.00120169753928033  0.00126336378807063  0.00131778524253882  0.00137166094409762
  0.00142523104503238  0.00147834986947208  0.00158108143839484  0.00171295645673668
  0.00184258435264281  0.00196230836633504  0.00208683247502257  0.00222495789168690
  0.00237251709424462  0.00252880122808470  0.00268717884090938  0.00284839782173657
  0.00301670683638702  0.00319826917089092  0.00340803527738943  0.00366048706947290
  0.00394925350094733  0.00424942203335624  0.01820053521875839  1.00000000000000000
  0.00000522621507553  0.00000632327397449  0.00000751591219203  0.00000859182651678
  0.00000965009822994  0.00001083253239329  0.00001213674518439  0.00001329656317163
  0.00001447794016637  0.00001579768453858  0.00001732235969134  0.00001898314110315
  0.00002069065028572  0.00002240466885098  0.00002419633213869  0.00002614810367574
  0.00002832405639699  0.00003087238472995  0.00003393008392640  0.00003742540500312
  0.00004141630713275  0.00004594878703354  0.00005107598110421  0.00005680187336933
  0.00006278339755494  0.00006896782155492  0.00007557689941647  0.00008262549669661
  0.00009011956066346  0.00009793939952176  0.00010590713065907  0.00011416034802974
  0.00012282534501175  0.00013186874807110  0.00014108850113520  0.00015034521252118
  0.00015973331663942  0.00016895342927691  0.00017812343716186  0.00018740684036748
  0.00019688592854683  0.00020697069254828  0.00021768688850242  0.00022953728792131
  0.00024142341651501  0.00025360050745696  0.00026548660439604  0.00027746811900440
  0.00029006516624486  0.00030328560315739  0.00031703438781658  0.00033237174041925
  0.00034829655260710  0.00036407993800405  0.00038222673215140  0.00040256120862512
  0.00042468752702901  0.00045132485030943  0.00047998166990143  0.00050861473586221
  0.00053740707934910  0.00056975881719558  0.00060192710654278  0.00063244307172476
  0.00066228511730668  0.00069316584600822  0.00072317780931916  0.00075245510094070
  0.00078358175760557  0.00081562264182461  0.00085686419143936  0.00090382007944289
  0.00095803406773034  0.00101883552710817  0.00108373018568440  0.00115406083077277
  0.00122738539786841  0.00130470820327990  0.00138404479470226  0.00146021135765304
  0.00153069544093857  0.00159828417403018  0.00166865994169498  0.00175039960681247
  0.00184860144873186  0.00196811351238577  0.00211687441165548  0.00232224727600579
  0.00251118737186829  0.00271235063920369  0.00295398341016027  0.00326572388554282
  0.00358913398217119  0.00390754927132512  0.00886796320209514  1.00000000000000000
 -0.00144400918749704  0.01187545255398383  0.02303140930309250  0.03265985071835083
  0.04152276457996527  0.04961904832714043  0.05822517235988482  0.06772518109700677
  0.07809074742926375  0.08800048797944418  0.09691245623865578  0.10548060364533364
  0.11426985797666926  0.12392940256624864  0.13440595513474840  0.14550339896531209
  0.15610614362229761  0.16565914612347679  0.17502043194952743  0.18483569639254493
  0.19427016501523997  0.20417493617467994  0.21399971052523606  0.22463420010904309
  0.23590231629131442  0.24641649313216427  0.25718670864629162  0.26741936854620485
  0.27755620390555291  0.28776469028398660  0.29853389109658407  0.30923587436132732
  0.31932892279842867  0.32905762764505003  0.33893209177406253  0.35014235548006251
  0.36210029574141356  0.37374882165719064  0.38426152999212837  0.39425379574685926
  0.40492629165253868  0.41575528245659810  0.42670619631370466  0.43781604776645566
  0.44872969058284806  0.45957714047806969  0.47069108332155940  0.48281336694214305
  0.49563354466120196  0.50827828504826378  0.52054874809057039  0.53207490491431642
  0.54278827617430914  0.55273138183144854  0.56232823730340409  0.57211158183099964
  0.58228562029927466  0.59315568652409156  0.60444856068425346  0.61581660813074990
  0.62746169017937825  0.63880924269528594  0.65060921452912202  0.66251002929070579
  0.67418491631912014  0.68568645863687183  0.69655041111153682  0.70663091396441668
  0.71659556593461982  0.72625307094337876  0.73599887225581562  0.74617596333820424
  0.75795748494604720  0.77080984200113689  0.78266137687941340  0.79386644822883823
  0.80368893753524706  0.81264057098337483  0.82178459202510501  0.83138450020409427
  0.84194122891092094  0.85257983409686144  0.86283834754682409  0.87369073651292717
  0.88447831528246101  0.89588266970788344  0.90659726665512141  0.91694060611073969
  0.92678203373103962  0.93718545100613893  0.94725345182027143  0.95706287672204926
  0.96667025311685384  0.97670542655975945  0.98843026921201038  1.00000000000000000
 -0.00199769965983881  0.00833308087325980  0.01807909484848767  0.02672689541114232
  0.03588706989991324  0.04599905090565795  0.05678946372245738  0.06738984262743376
  0.07744427242559215  0.08770287239709865  0.09856690180844239  0.11003317626109953
  0.12236763600354522  0.13293410969852607  0.14312837825310498  0.15306469777062928
  0.16311070944522255  0.17420171223677314  0.18557859758692508  0.19716262552700253
  0.20859756344568312  0.21917911655904948  0.22986226894368098  0.24018764032939469
  0.24997979255852135  0.25897709488226434  0.26862871673905825  0.27962094055296149
  0.29235806233642264  0.30497371874237600  0.31715321006502306  0.32884027455946058
  0.34056726530512405  0.35233734198682048  0.36437503461528420  0.37622688027012968
  0.38724801658108099  0.39658608201181922  0.40497049104776944  0.41304656024481884
  0.42139457411981451  0.43045773567210638  0.44188370885510042  0.45403491370307875
  0.46527857785654253  0.47631652627915438  0.48757994883695882  0.49904911683313374
  0.51012439407715171  0.52087881600646802  0.53140418268112788  0.54143174671033023
  0.55161824607018661  0.56193036555577469  0.57195607819483640  0.58192812106753578
  0.59080498658875547  0.59993888315067123  0.60876278279473039  0.61818362194259024
  0.62860090873021257  0.63985513575044872  0.65080273398046762  0.66166684927309194
  0.67206307711378244  0.68222654415679085  0.69220451691750828  0.70342745918611149
  0.71516555104630841  0.72698522189249049  0.73853369432465943  0.75041948458318619
  0.76247221603337945  0.77435413346850601  0.78498250789150559  0.79510915898366619
  0.80489840510159483  0.81514066423034837  0.82583378886864289  0.83741378158202118
  0.84934210006324951  0.86070544957027650  0.87173528265095013  0.88235880258544697
  0.89198430649855653  0.90058648155162302  0.90897955810629383  0.91825618102277262
  0.92836497234175663  0.93858889588989003  0.94811214723197978  0.95787348350273671
  0.96730167969110470  0.97732637839767689  0.98788119090720239  1.00000000000000000
 -0.00254328259619023  0.01213130575555737  0.02501853423927554  0.03723115923061054
  0.04981717470618280  0.06083849823260516  0.07186076251969042  0.08279838033088295
  0.09472125675376246  0.10856862300697709  0.12241770377270807  0.13452480703167125
  0.14567257666464678  0.15613090758222825  0.16616856068695843  0.17647844807542834
  0.18724983323695304  0.19883275893115704  0.21055778930928631  0.22231131762918929
  0.23441669467380999  0.24722191839490573  0.25996312587440412  0.27204499639854907
  0.28328890950930641  0.29456159846858487  0.30544582564626815  0.31592181825449711
  0.32626446623050298  0.33703521126516478  0.34818943334285418  0.35943844161425320
  0.37067739440634678  0.38195697578954591  0.39285032163845224  0.40308065230969192
  0.41290210937087474  0.42264229889479171  0.43278172799023057  0.44326786222857717
  0.45461931132330047  0.46623099233627563  0.47731852253949281  0.48795618699365434
  0.49851824941218925  0.50884508397238026  0.51875016742307434  0.52848917683892793
  0.53850727512494367  0.54896586610849607  0.55954508533045533  0.56995829140022458
  0.58021542322896680  0.59010038820546618  0.60004301576217001  0.61055409880809097
  0.62081085855325813  0.63041402334486973  0.63978209845464162  0.64964564082131204
  0.65954735064451930  0.66938842097843498  0.67894117778977581  0.68980482370608631
  0.69967450405381193  0.70927803607765383  0.71891067071072112  0.72965055245264698
  0.74014989783467977  0.75054029948410328  0.76009513086192537  0.76904732392499975
  0.77694997668144905  0.78490416521085971  0.79314135960921694  0.80222793088843503
  0.81145166145550252  0.82071734789222062  0.83009498973052231  0.83977217630977374
  0.84989497783616974  0.86058663434656801  0.87149551552927607  0.88179321643260056
  0.89165159402103789  0.90131116365399655  0.91143563384877202  0.92111355165340147
  0.93055139312587742  0.94016258966778055  0.95053445115816770  0.96141196574588339
  0.97157572419626181  0.98103219652659679  0.99047347615677794  1.00000000000000000
 -0.00240032575592863  0.00958601682414383  0.01984231002595061  0.03018586310076666
  0.04027114228463571  0.05003886101087054  0.06004169988498038  0.07032133701383557
  0.08133926563408188  0.09294725775246235  0.10436463564723339  0.11525044006686293
  0.12569547961131672  0.13633085059394395  0.14747625929360675  0.15848510659854750
  0.16869481337832171  0.17839552574008347  0.18767203132094468  0.19683667155083015
  0.20606961304249466  0.21559206807740566  0.22588328805325594  0.23622705763704824
  0.24631640620422454  0.25523476915559867  0.26392472456533245  0.27275404385072766
  0.28223104536243138  0.29375873466198454  0.30656206010241455  0.31892059366916292
  0.33043250269041891  0.34172703876681149  0.35257261885005964  0.36399448425639330
  0.37527462762276903  0.38664168834558194  0.39821757103413558  0.40988738975837768
  0.42143260786384606  0.43178142596834146  0.44095014269020133  0.44963588046087549
  0.45881670905563238  0.46910452191757873  0.48053824632874165  0.49181564509257270
  0.50276397044667842  0.51341401914403240  0.52385076414835563  0.53418091770110021
  0.54441226526086917  0.55521403168535843  0.56592792277148851  0.57678185999887133
  0.58695465404130887  0.59705545199220245  0.60685694968910797  0.61589932730860342
  0.62496259100784923  0.63419455446931994  0.64406350490331488  0.65419538328237192
  0.66471236274125667  0.67560357114940250  0.68687651463744437  0.69805878728294590
  0.70880488766220928  0.71963990005957124  0.73066910788498729  0.74125835791108252
  0.75106052257426448  0.76059569191056453  0.77030083289858409  0.78075394917281060
  0.79148611225815213  0.80277068979351740  0.81399387909238119  0.82403170405580772
  0.83348547945575824  0.84365140891370516  0.85411199385936920  0.86584679222117300
  0.87666206328253782  0.88711778789438223  0.89787487578049852  0.90846925091760711
  0.91900618788089727  0.92933849379144673  0.93964557511764957  0.95050480453397046
  0.96212894967563267  0.97440195517121420  0.98725701414814238  1.00000000000000000
 -0.00259017452715034  0.01015395957267797  0.02039984379907463  0.03082223883447448
  0.04179093708614482  0.05295104663586563  0.06386025737157794  0.07494233439247634
  0.08685449942068672  0.09912783395876577  0.11063080930626505  0.12165678475375262
  0.13232459296377480  0.14268147160426398  0.15292153011354109  0.16347511743525189
  0.17422153526767573  0.18475833474532583  0.19535340473137533  0.20608617383961719
  0.21692952693491571  0.22742605467127769  0.23811047987543621  0.24941758069157802
  0.26023634167190163  0.27000319909263798  0.27951645422151083  0.28944438390097199
  0.30094607895763970  0.31287647869989393  0.32418711500059111  0.33595232433575017
  0.34800660583166237  0.36024497642570569  0.37196944245532565  0.38307424484148411
  0.39408753626963600  0.40416508151164499  0.41389207955412854  0.42315004079961172
  0.43312686265327460  0.44330853497830275  0.45315760339582906  0.46218576636863212
  0.47151868292820687  0.48149252960779165  0.49195226932170205  0.50195752540711391
  0.51254258819983645  0.52295421897305905  0.53357782544833632  0.54322405830806197
  0.55264968407231918  0.56219270960541490  0.57217945002863013  0.58259629478458841
  0.59344589484059873  0.60449889512065835  0.61562642232142462  0.62675849210068713
  0.63695029835203543  0.64641084844424068  0.65605532387632437  0.66614831389415352
  0.67643118001464431  0.68686267085800601  0.69707440366667628  0.70690582273578295
  0.71674887697878686  0.72697826071381677  0.73865073735528086  0.75026661167364372
  0.76136546819930317  0.77195654645386369  0.78225602211011025  0.79298697734422796
  0.80382989429891383  0.81468975290623602  0.82525727719910735  0.83618356591648868
  0.84789991102553708  0.85942379536236979  0.87050231803953848  0.88145414038149339
  0.89048523131858082  0.89968204807577556  0.90866321165763086  0.91830157353049324
  0.92858290081382233  0.93900441573684013  0.94896523139395794  0.95872547349621173
  0.96822618258744131  0.97808717877246332  0.98895430389964778  1.00000000000000000
  0.00006043063401780  0.00013475900476066  0.00020908737550352  0.00031921042258575
  0.00043936772989086  0.00052494019926332  0.00059060332948226  0.00065150097541686
  0.00070754750625498  0.00076393318187851  0.00082061121276691  0.00087657187692181
  0.00093205502606068  0.00098680277994069  0.00104110357984953  0.00110004316606612
  0.00116206868180387  0.00122596877057819  0.00129142433340518  0.00135901359551923
  0.00142820378466206  0.00149860795412061  0.00156952560122978  0.00164195343360224
  0.00171458778970129  0.00178554199136118  0.00185640335605656  0.00193101780070589
  0.00200597708746099  0.00208961595949334  0.00217680949720790  0.00227322341859028
  0.00234660499962717  0.00241514743752514  0.00248106872656844  0.00254628275563824
  0.00261159676959116  0.00267696591514081  0.00275335651041475  0.00284258366752665
  0.00294041461747683  0.00304213886566912  0.00314616340885213  0.00326185028608177
  0.00338426530955445  0.00350692165145143  0.00361948552629293  0.00373726967841327
  0.00386807637800727  0.00402090415296894  0.00420078696772198  0.00434047359593990
  0.00446119356997168  0.00457166355162247  0.00468116768465711  0.00479489121654179
  0.00491614059088128  0.00505188793030754  0.00515686720850495  0.00526615709557796
  0.00538160801545291  0.00549715657298220  0.00563670015724020  0.00578414235499183
  0.00588827211091527  0.00602336578924143  0.00618136525870237  0.00633425720476198
  0.00648511047099638  0.00668805577631072  0.00692371157363214  0.00718294760251214
  0.00744302305893184  0.00769517351212044  0.00794999826727856  0.00821386318427873
  0.00853621446114352  0.00887140339161094  0.00918404889485605  0.00980952594616443
  0.01037741968165309  0.01080797492335184  0.01121417514441583  0.01159036721902123
  0.01215426627467690  0.01266753994146348  0.01399302947461611  0.01427005987694617
  0.01454573322548990  0.01482235575963036  0.01499547757628762  0.01515898971629175
  0.01530937650526890  0.02339258256273039  0.07194011987745197  1.00000000000000000
 -0.00244945446360397  0.01004825893665274  0.01940344222715354  0.02932919209578602
  0.03935443877446314  0.05030050073371759  0.06089160709946193  0.07194540858748673
  0.08272405464264913  0.09383531359151018  0.10377784266331941  0.11408180141652396
  0.12441858393423040  0.13593898839893201  0.14762697132185049  0.15891162744494702
  0.16979179547115789  0.18080543535139226  0.19143631166874631  0.20175094969035479
  0.21183774042659623  0.22228116517255406  0.23333154508908624  0.24472570491523679
  0.25601654212531744  0.26676299221918515  0.27684766038840930  0.28664318202420225
  0.29657462820296993  0.30653582220558773  0.31750371345357614  0.32883933824790562
  0.33967385086007668  0.35060414397212702  0.36010185590502980  0.37037844414257742
  0.38117336570373339  0.39279347273457277  0.40394227899875934  0.41446589828240560
  0.42500152969071625  0.43568575828452494  0.44667281077692667  0.45755327363069520
  0.46810260299859613  0.47846801642328352  0.48803522269558997  0.49776632814495003
  0.50782278268788694  0.51804283049426869  0.52777146422570398  0.53716338419965171
  0.54684242680726747  0.55739504122927264  0.56820496644085650  0.57923081250815434
  0.59044529975124482  0.60177450735884241  0.61216810375004316  0.62214599685370742
  0.63241230026228645  0.64375288313184165  0.65499600260081003  0.66749336082087851
  0.67937370002730468  0.69041259981036474  0.70088819700830030  0.71170477347751371
  0.72284237544381125  0.73402349473331285  0.74477769989013076  0.75514680333959194
  0.76554644671852634  0.77634348314600765  0.78672136276808835  0.79554831570150519
  0.80358926769146499  0.81205118013716815  0.82193901312756956  0.83330440069511236
  0.84474980165988578  0.85622626903785737  0.86717906254863419  0.87785841098667194
  0.88835825213399122  0.89881674225068986  0.90967081965081820  0.92061215770204130
  0.93215887917903850  0.94339373080109212  0.95427802590979305  0.96407820432788072
  0.97285423342845179  0.98129476773770363  0.98984580948176715  1.00000000000000000
  0.54456841871424755  0.57945358129206326  0.59488163658085591  0.60888971714846418
  0.62201207603243491  0.63457259865002014  0.64569095978488522  0.65518415796186891
  0.66382980209808151  0.67181506823195625  0.67934237383172980  0.68672848470842851
  0.69358277969276028  0.70020503699107961  0.70676647218990307  0.71289681812327355
  0.71843770518577177  0.72387449501805445  0.72908559121291006  0.73400209099539315
  0.73880193461722243  0.74353871075679112  0.74839288620616506  0.75305411021805935
  0.75756716669830904  0.76209653949487499  0.76656746251632990  0.77082972142479811
  0.77489546292287692  0.77897692257761808  0.78311202294248194  0.78724568764527025
  0.79122978070354755  0.79518306889220713  0.79912197572926413  0.80304665788970475
  0.80688517362668755  0.81058000232855665  0.81417998100400046  0.81781307414339577
  0.82140705169486272  0.82495651391544744  0.82840710128511907  0.83183636999641297
  0.83539798874935445  0.83896802193875075  0.84224131241229661  0.84516837099375386
  0.84788977267027543  0.85053964184219821  0.85323052574795788  0.85605103387384396
  0.85887166324903153  0.86182979242312996  0.86492399798606345  0.86811393402535031
  0.87110827058329066  0.87394111296522314  0.87647798234977436  0.87904932013234260
  0.88152284598512975  0.88412018706286455  0.88673185599245818  0.88932864039450632
  0.89198820995453820  0.89466339696230013  0.89739743899860425  0.90026584664434084
  0.90310146582359785  0.90596395013299846  0.90896930643602636  0.91223994844153433
  0.91560179583955248  0.91905313489214557  0.92239679194740032  0.92549755043235815
  0.92841867972454473  0.93131907118699808  0.93403618947579448  0.93670750289884308
  0.93951916519971712  0.94250979479447128  0.94555377630256499  0.94854908119123937
  0.95151128015056496  0.95463832588442921  0.95801426016273805  0.96170950212874107
  0.96572047912232339  0.96981453348537228  0.97381259718025137  0.97780986184628282
  0.98195706301551444  0.98641588071028163  0.99195312455552176  1.00000000000000000
  0.12460367865029784  0.14910738077085595  0.16690551310744817  0.18056386391436494
  0.19407886442070352  0.20721434620870174  0.21710003071810272  0.22535921659908520
  0.23289136155122706  0.24007948567906229  0.24665132989202648  0.25332674129331340
  0.25976353323679752  0.26639444017161645  0.27254112241858008  0.27887680544385379
  0.28502113002479496  0.29145556427126978  0.29764449781299585  0.30348892178933068
  0.30920267632399046  0.31455130415834770  0.31997589479979127  0.32514247493667747
  0.32978397446274760  0.33472240276959697  0.33961896423523780  0.34478015496835623
  0.35070497987782590  0.35640747729377631  0.36169967140304049  0.36688531361389265
  0.37146440056776470  0.37576134573859726  0.37998496589767611  0.38402832369466888
  0.38834943211245249  0.39305722132807791  0.39803462909571646  0.40322233150487680
  0.40811228005415257  0.41279732167980249  0.41763007937954544  0.42268866398838728
  0.42784690084686827  0.43297502922242814  0.43807223223665415  0.44362934717139413
  0.44916041409990476  0.45460252525413625  0.45995820243942875  0.46537484414721519
  0.47080615435738815  0.47627213545967184  0.48126810722261770  0.48624628353749894
  0.49149304573157659  0.49713634387199607  0.50307631445717560  0.50886052518963965
  0.51434388069472947  0.51973604259482886  0.52545771289323984  0.53152781313575015
  0.53813083025060227  0.54490572077416977  0.55136041922545842  0.55767542731178610
  0.56376964476822433  0.57060249648808536  0.57747920889370963  0.58469449849623778
  0.59242080247032669  0.60008333236417799  0.60735102348777570  0.61404557072611043
  0.62080501578444358  0.62808331490554403  0.63593025167219397  0.64437669381594909
  0.65306332795706168  0.66229691861344342  0.67147873213985920  0.68001793071473760
  0.68849476130630483  0.69748378798179911  0.70773769475536796  0.71962810535183885
  0.73301770523207999  0.74671657989580353  0.76134366054751623  0.77994126883325188
  0.80416937773241115  0.83593263392953854  0.93544783968522383  1.00000000000000000
   9.6237401802683654E-008  -1.0000000000000000     
 F F F F F F F F F F F F F F F F F F F F F F F F F F F F F F F F F F F F F F F F F F F F F F F F F F F F F F F F F F F F F F F F F F F F F F F F F F F F F F F F F F F F F F F F F F F F F F F F F F F F F F F F F F F F F F F F F F F F F F F F F F F F F F F F F F F F F F F F F F F F F F F F F F F F F F F F F F F F F F F F F F F F F F F F F F F F F F F F F F F F F F F F F F F F F F F F F F F F F F F F F F F F F F F F F F F F F F F F F F F F F F F F F F F F F F F F F F F F F F F F F F F F F F F F F F F F F F F F
  <DiscreteSampler_grid>
  grouped_processes
  1 # 1 for a reference and 2 for a running grid.
  10 # Attribute 'min_bin_probing_points' of the grid.
  1 # Attribute 'grid_mode' of the grid. 1=='default',2=='initialization'
  0.0000000000000000 # Attribute 'small_contrib_threshold' of the grid.
  0.5000000000000000 # Attribute 'damping_power' of the grid.
 # binID   n_entries weight   weight_sqr   abs_weight
    19   10   2.806954778379037E-002   2.723235153812158E-003   2.806954778379037E-002
    20   10   2.806954778379035E-002   2.723235153812154E-003   2.806954778379035E-002
    22   10   2.806954778379037E-002   2.723235153812158E-003   2.806954778379037E-002
    23   10   2.806954778379035E-002   2.723235153812154E-003   2.806954778379035E-002
    25   10   3.563126339422645E-002   2.708731070990570E-003   3.563126339422645E-002
    26   10   3.563126339422758E-002   2.708731070990787E-003   3.563126339422758E-002
    28   10   3.563126339422645E-002   2.708731070990570E-003   3.563126339422645E-002
    29   10   3.563126339422758E-002   2.708731070990787E-003   3.563126339422758E-002
  </DiscreteSampler_grid>
