  0.00283387431489323  0.01368248475340598  0.02496861704856121  0.03669234751129369
  0.04790128205712338  0.05878444191467604  0.06915116388746220  0.08007506698028610
  0.09194117231137013  0.10465790514100297  0.11683798267685533  0.12839795596412518
  0.13954338598603863  0.15037663355446010  0.16079964729279270  0.17106970060382787
  0.18121138463145126  0.19233630097377716  0.20353670465200280  0.21440655466332642
  0.22483616822668118  0.23594889741147029  0.24846288521897672  0.25932128356111850
  0.26721249395542124  0.27511115729625757  0.28311335678826377  0.29209370883089653
  0.30347292561773165  0.31482353713788525  0.32599086876712779  0.33675843543821526
  0.34785546999433681  0.35967191779869695  0.37179429809333514  0.38353769572473762
  0.39313586445687893  0.40129347924380243  0.40926145700496180  0.41621682074991873
  0.42552503184778706  0.43486369152789084  0.44533991045901128  0.45689443569243576
  0.46863029393752320  0.48079296411516681  0.49326298720832418  0.50465024023847227
  0.51448745562519527  0.52379935391652299  0.53352096063596799  0.54489585714205913
  0.55741121596333298  0.56857293823476041  0.57955240727428692  0.59047825896232442
  0.60094489074528201  0.61016330218497383  0.61943194808375857  0.62919571160625087
  0.64088756182807749  0.65212719269609720  0.66252084695397573  0.67089677621511046
  0.67979670387506930  0.68858518048021555  0.69882976163785449  0.71011251222916649
  0.71795257543823698  0.72438992217479670  0.73038684109530316  0.73676397088857448
  0.74488657414250858  0.75409386460328420  0.76366856839853392  0.77353178791703259
  0.78294101506352198  0.79304246329583516  0.80351846536926674  0.81433271757528858
  0.82610342134469572  0.83800728042339234  0.84922055063778745  0.86058430689816656
  0.87154757755236745  0.88120920455490936  0.89098125530691674  0.90260860907442209
  0.91598143486417394  0.92891547117206330  0.94047530119342859  0.95031205914679506
  0.96054769909334448  0.97119004074952042  0.98235243543333461  1.00000000000000000
  0.00286196529070707  0.01153671873239356  0.02064284910665277  0.03157570671527106
  0.04406323562737219  0.05593612857629685  0.06870586199727166  0.08193389300910170
  0.09504804310025193  0.10779238234287607  0.12045244694529321  0.13036423437926664
  0.13914829509358143  0.14766107486034269  0.15628969299849624  0.16629379535710992
  0.17681985369256906  0.18773321635950660  0.19939690781884900  0.21167965180279349
  0.22409230648124084  0.23610974106559787  0.24799402218671437  0.26026363455527946
  0.27222754913325281  0.28180284541963224  0.29050840583523080  0.29904634464527807
  0.30819323866205678  0.31880009321721681  0.33016784591527976  0.34158578293624881
  0.35280341397735365  0.36337992396421254  0.37363226735503091  0.38261835483159884
  0.39056687295264914  0.39836345425837127  0.40577087545852242  0.41350266068737834
  0.42242141587016380  0.43224381514343990  0.44392490971242393  0.45667231033509043
  0.46906326788306762  0.48102805107502644  0.49240311771157169  0.50306333353057664
  0.51388736013514558  0.52493367207967778  0.53677394148027213  0.54837122606195920
  0.55985608754483673  0.57119220183587760  0.58238311384476993  0.59343446363985708
  0.60494130393610446  0.61707950006966250  0.62880308576671562  0.63988798574258199
  0.64952835571860545  0.65862972169893186  0.66836448569622087  0.67781487450107836
  0.68622918017394052  0.69469276194099949  0.70400772981757331  0.71480853215403384
  0.72613008090567277  0.73838285262448855  0.74964799890948197  0.76001219464651448
  0.77011795782287384  0.78275323813873632  0.79519910202672917  0.80659843941478515
  0.81803473785201064  0.83030748516077302  0.84264969298588144  0.85394319559401488
  0.86480300969069612  0.87535571290172842  0.88568238069285254  0.89611038351287775
  0.90721308447509719  0.91779696859067927  0.92758360505701765  0.93682099612023439
  0.94726872067303247  0.95784160895183867  0.96796101373536014  0.97709028416796895
  0.98294929124772545  0.98874535634199079  0.99437267817099539  1.00000000000000000
  0.00000407764663518  0.00000512456600478  0.00000543075245001  0.00000573693889524
  0.00000604312534047  0.00000634931178570  0.00000653677189273  0.00000666901911778
  0.00000680126634282  0.00000693351356787  0.00000709662612773  0.00000893394332029
  0.00001077126051285  0.00001202771757297  0.00001310936514928  0.00001395060355155
  0.00001495621645687  0.00001640560804539  0.00001752821995458  0.00001844850046208
  0.00001935862019632  0.00002050308693777  0.00002174747867310  0.00002304477522712
  0.00002441051392531  0.00002583854047118  0.00002747882758525  0.00002913335008164
  0.00003089079768694  0.00003277365406839  0.00003492217349218  0.00003760256776726
  0.00004035847825447  0.00004336623348529  0.00004646530189619  0.00004987339379078
  0.00005396434219490  0.00005948415646227  0.00006608567109869  0.00007386101447815
  0.00008295446709702  0.00009384804670370  0.00010611962187451  0.00012062028477210
  0.00013825478791657  0.00015850504825856  0.00018175251726000  0.00020930070176567
  0.00024102455748655  0.00027645414829919  0.00031289086743815  0.00034984252618536
  0.00039123834103207  0.00044238107933340  0.00049234639364164  0.00054161100226802
  0.00059642297391378  0.00065682892018069  0.00072039643866305  0.00079243151122509
  0.00087528482552281  0.00096342939109224  0.00105172491126283  0.00113555966969875
  0.00121983892825316  0.00131050865484803  0.00141389160199924  0.00153460831998882
  0.00164472710841655  0.00176547919457828  0.00190559624585237  0.00207245804039049
  0.00224760828163965  0.00238648095302153  0.00252055374718044  0.00266445141646404
  0.00285046370859868  0.00302002285915735  0.00315452087476710  0.00329675327998801
  0.00348438651134047  0.00370448728890136  0.00397550743966638  0.00443877410453956
  0.00496173470772558  0.00555502060603771  0.00632231597763896  0.00705399389672101
  0.00803155634691248  0.00906832972117678  0.00971775368161189  0.01000943216922101
  0.01030566148647616  0.01058998634091925  0.01208185885643110  1.00000000000000000
  0.00000270704467248  0.00000472932271359  0.00000507977013273  0.00000542898906476
  0.00000580811105469  0.00000617630043086  0.00000653946280323  0.00000693486321258
  0.00000742567421061  0.00000787519759711  0.00000828894410202  0.00000871693261955
  0.00000918138171529  0.00000968682963965  0.00001027274555414  0.00001089100849623
  0.00001150303665713  0.00001209935157436  0.00001271041977712  0.00001335718902093
  0.00001401111674790  0.00001471449002208  0.00001550472243513  0.00001631894645030
  0.00001712951255989  0.00001796894195783  0.00001884023483738  0.00001975817243696
  0.00002075229736024  0.00002180339372696  0.00002290239896436  0.00002395504124850
  0.00002498641900300  0.00002607736457015  0.00002726317986490  0.00002859779807704
  0.00003008872771970  0.00003159583240262  0.00003321879141087  0.00003494285813154
  0.00003680848144166  0.00003865108952854  0.00004051602334998  0.00004248772494633
  0.00004463717675168  0.00004726446623202  0.00005023378150127  0.00005325527096308
  0.00005652279801132  0.00006001768800482  0.00006386646701827  0.00006820141301612
  0.00007277466338249  0.00007760796434470  0.00008275408496941  0.00008823234105155
  0.00009417433932708  0.00010064766666026  0.00010790982121949  0.00011589713681949
  0.00012443386421878  0.00013363251488125  0.00014346362658408  0.00015325208915649
  0.00016294416976514  0.00017315515163092  0.00018564746271441  0.00020216632648403
  0.00022251603461637  0.00024724752588751  0.00027646902558694  0.00030967688636292
  0.00034143026318869  0.00037457495581186  0.00040708007623392  0.00044254924656169
  0.00048808381537514  0.00054929600906862  0.00062694706236218  0.00071612912662181
  0.00076926751920492  0.00080672528941601  0.00084730490451598  0.00089801839259806
  0.00097823091371697  0.00110441238945637  0.00128089129247476  0.00150866150966146
  0.00172497063299588  0.00193874598148798  0.00219136858753124  0.00248293033021244
  0.00294155040930854  0.00390237200713190  0.09595751638048231  1.00000000000000000
  0.00000924121228173  0.00000986515196713  0.00001054918119468  0.00001130594524920
  0.00001219899801327  0.00001294130845915  0.00001368782462525  0.00001436151973979
  0.00001510613140232  0.00001593590912038  0.00001686654064174  0.00001783719736710
  0.00001862359024613  0.00001962159038510  0.00002081829194175  0.00002216403925113
  0.00002367415565978  0.00002540978802370  0.00002713411938172  0.00002916320548401
  0.00003061918048846  0.00003214100231909  0.00003382110803143  0.00003557939123062
  0.00003739550731245  0.00004035093262981  0.00004368072146202  0.00004720419524587
  0.00005109129437060  0.00005529101385328  0.00005996884917422  0.00006559723941626
  0.00007202335742173  0.00007978897307026  0.00008893143720921  0.00009974734054590
  0.00011211917752400  0.00012584356228308  0.00014001302081508  0.00015651367374899
  0.00017625759645663  0.00019782906597073  0.00021828825479246  0.00023774791822280
  0.00025731062996154  0.00027890014795296  0.00030310913447869  0.00033035815781192
  0.00036083013267390  0.00039540185361446  0.00043035487122523  0.00046987892248579
  0.00051822309849714  0.00057083678786634  0.00062541296899772  0.00068413762705699
  0.00073856882672676  0.00078987337181916  0.00084279331272188  0.00089287527286212
  0.00094337553176506  0.00099204868413543  0.00105045997989947  0.00111890374049563
  0.00119237134853364  0.00127507426482983  0.00136681154787914  0.00146648817336382
  0.00157198408541840  0.00165787662628473  0.00175603680614490  0.00186428094488957
  0.00198977392460938  0.00224276078250240  0.00248481083635224  0.00269725342257598
  0.00288844433811952  0.00308272712761065  0.00328565158663983  0.00353549274748162
  0.00381134760602111  0.00413782662445794  0.00455316982528569  0.00490208146397368
  0.00520204587897156  0.00539576053272395  0.00560475627594411  0.00583915706091388
  0.00611914090600730  0.00648157710832698  0.00696196477228119  0.00750984833757521
  0.00791501920576940  0.00846617750285880  0.10011694696518110  1.00000000000000000
 -0.00210459440397776  0.00840706042601575  0.01780926095017757  0.02853451007332925
  0.04017583490564476  0.05407150017763957  0.06905390995409499  0.08451161315365534
  0.09639537980242698  0.10988695696348255  0.12294812066943239  0.13489681744241472
  0.14599808987350610  0.15736818978191441  0.16902861231154431  0.18087915906946778
  0.19405789828556666  0.20718948487032221  0.21938369464753371  0.23095953744328823
  0.24300815360662492  0.25560576001876517  0.26666806382081581  0.27742181031156543
  0.28882227525112919  0.30041435009063377  0.31172287719956493  0.32341013417525838
  0.33530682599703254  0.34732233011239233  0.35943145368003471  0.37151240027788740
  0.38217952441048952  0.39183190376146421  0.40165717661334815  0.41228356661159421
  0.42390842432904685  0.43569653902641370  0.44724933405370021  0.45874733696382181
  0.47004259697916068  0.48193275805990049  0.49398328729760849  0.50584082650904649
  0.51788641760659093  0.52778871885437961  0.53715636364548214  0.54548706133262603
  0.55409398729981885  0.56333968591062100  0.57277853097967923  0.58277158933762752
  0.59335942053302393  0.60453197275087822  0.61595518677177530  0.62558212684136350
  0.63482758317802113  0.64408315102291069  0.65166177022112726  0.65949943738416672
  0.66734539817228178  0.67437961325034756  0.68286702032067337  0.69068294680041453
  0.69934654777159311  0.70828294911597611  0.71897502240805222  0.72940073266022021
  0.74025991970840943  0.75080839560301271  0.76044499639750185  0.76929646212152281
  0.77769830103658744  0.78607495757135404  0.79484477802142373  0.80423674059745598
  0.81357052335837043  0.82263408845848962  0.83108104548254436  0.83745767939466753
  0.84380270694660109  0.85032889692127189  0.85742200283917658  0.86838531581511935
  0.87924789932427405  0.88988786344896365  0.90032955915819768  0.91175515139552976
  0.92347186624466060  0.93618438719078390  0.94782855092674445  0.95741435715829293
  0.96647469077382853  0.97687369770093457  0.98765880354808555  1.00000000000000000
 -0.00226884471551903  0.01192385871262998  0.02347411329757652  0.03259256502656740
  0.04213746698911466  0.05106378790591122  0.06073048762309216  0.07175906043541089
  0.08292142733526039  0.09360292882337617  0.10361878596189983  0.11360290617149868
  0.12472825060491416  0.13440837741518383  0.14390865573513162  0.15343190840721185
  0.16310306161531055  0.17490900751021266  0.18608252730957689  0.19773553793551737
  0.20934624076259981  0.22072654705901423  0.23179021272192812  0.24291715128400840
  0.25260162063976582  0.26136190917107999  0.27000649995957748  0.27931794605183907
  0.28917709290245269  0.30018231625330077  0.31147756121825215  0.32192850570981468
  0.33239044143711916  0.34466335266333364  0.35824654835666875  0.37040259426602784
  0.38098256827541183  0.39093755252078111  0.40069057213497350  0.40990201220244071
  0.41924850263473107  0.42896592889486784  0.43942907525608466  0.45074086723908696
  0.46289404134579315  0.47558776762109939  0.48651006663409446  0.49711332867222419
  0.50851152187553594  0.52101053260544417  0.53396364932492757  0.54601682805714291
  0.55718546191251739  0.56705016158754473  0.57682320888764604  0.58707972261909902
  0.59815537196645463  0.60807543187107715  0.61797610400970138  0.62820638449575650
  0.63767498462954486  0.64718823882623522  0.65669624010386629  0.66719124141850150
  0.67787964183503968  0.68908328647500816  0.69977905124014572  0.70988827841962399
  0.71959855882434187  0.72879844329129884  0.73878340537888687  0.74959299874830410
  0.76179990665025488  0.77443896046249971  0.78587093320450541  0.79766865350501093
  0.80889807053659901  0.82017374751101957  0.83085096043893047  0.84176338039548826
  0.85087146489266552  0.85938895847469920  0.86805923244038075  0.87749525750456037
  0.89022685691769965  0.90269014176488693  0.91404896778858835  0.92446653276709700
  0.93544941779013002  0.94539407921060892  0.95647950317877517  0.96677771626601738
  0.97580057834545486  0.98425130586294873  0.99229137177280169  1.00000000000000000
 -0.00225209889079970  0.00885115076128003  0.01912002424268534  0.02946778861844753
  0.03919566882959413  0.04731891367374008  0.05427072235537622  0.06146535945915958
  0.06921405291089143  0.07777059775113686  0.08574377786402568  0.09329562444968305
  0.10051670280011461  0.10773537720223518  0.11584144927761611  0.12465919597605545
  0.13361126906191945  0.14196078222176972  0.15040689911258243  0.15941157281006191
  0.16802671162928981  0.17655646863499055  0.18482700084006276  0.19249524151391714
  0.19952990333843412  0.20606899442202814  0.21171732532758697  0.21719528280040273
  0.22331219404127917  0.23033330889270942  0.23781418804227791  0.24476969300972570
  0.25217381269663114  0.26054084721017917  0.26945694306765872  0.27885348947277666
  0.28853858816550121  0.29897356218225479  0.30987320058517193  0.32076866449864588
  0.33167241591215002  0.34271230574632550  0.35350286875728798  0.36378034312302504
  0.37356579462972672  0.38324358933906205  0.39143797780944606  0.39897665640411167
  0.40703481786069934  0.41531140407231176  0.42611904662021965  0.43815063447360530
  0.44923368916520962  0.45991585721433792  0.47023445521854862  0.48172766549054324
  0.49128090429126869  0.50068891447946862  0.50921184083261573  0.51699562365022511
  0.52589304653202174  0.53504040631694449  0.54579247742040893  0.55806307233637242
  0.57071770239095365  0.58343086596819660  0.59590178931153048  0.60783252753552941
  0.61886001203717855  0.62907818261720583  0.63945008946297410  0.65085449420851949
  0.66299047462222738  0.67508189068341740  0.68734612154656616  0.70007294475190640
  0.71317326921226154  0.72644221187323843  0.73848175216342982  0.74874619653659003
  0.75852004968272790  0.76960479730218134  0.78163164445540256  0.79324672048688183
  0.80614525044481000  0.82163987944431893  0.83681043329100024  0.85296257519441832
  0.86892248690419405  0.88624995578111054  0.90227703064691656  0.91762614991863434
  0.93397151915723364  0.95376571161621115  0.97677739527282303  1.00000000000000000
 -0.00226429544144862  0.00956689993241840  0.02039177892229260  0.03256540104173684
  0.04538198215698994  0.05814623927256393  0.07075078369717606  0.08097282568346698
  0.09082750387230966  0.10060728161110533  0.11085491306684711  0.12242498041252760
  0.13365851513437513  0.14480840368898742  0.15607525533560127  0.16722733102063558
  0.17834162933958170  0.18814625234582164  0.19681186487498845  0.20474757774964908
  0.21344121628714163  0.22264822583857188  0.23284332958177265  0.24240455154187965
  0.25204146872155014  0.26251198406389548  0.27400096731465878  0.28622102267434868
  0.29950298198635267  0.31222438025623428  0.32358865329237407  0.33477735005184028
  0.34689253577142060  0.35845356416756113  0.36891646614756324  0.37935725874033249
  0.39004916219320346  0.40008517989698417  0.40895810587699527  0.41841441857574002
  0.42955067699143634  0.44172148196574401  0.45353963744617842  0.46611123779922975
  0.47860289821795088  0.49040656766021540  0.50210824257103914  0.51221612991211651
  0.52181433030832092  0.53130166513342114  0.54032480037002328  0.55083474430502855
  0.56002332463492988  0.56801869376609604  0.57605417892236754  0.58286942241904249
  0.59154166471029102  0.59974984968434930  0.60954496208792863  0.62004622663943199
  0.63137639693256919  0.64311227097163670  0.65383426574480386  0.66479246372284062
  0.67616436928063295  0.68827135999131772  0.69907149105035415  0.71003998580744110
  0.72086507582695614  0.73272790777708996  0.74361202107038527  0.75350181096855695
  0.76269006897288938  0.77050253747441200  0.77857468453498890  0.78692142216650651
  0.79587313833156526  0.80500942703971567  0.81356660012122051  0.82239542432585666
  0.83295277126370337  0.84454385224424600  0.85623931348471416  0.86875791343301456
  0.88019807567829711  0.89102089382014982  0.90142767074160046  0.91295703003929507
  0.92484107238841406  0.93604121326935719  0.94609294580500169  0.95600944277096522
  0.96653199564086079  0.97755383394039075  0.98898844171085809  1.00000000000000000
 -0.00316929142922342  0.00591935080371740  0.01473799192668998  0.02253967410676889
  0.03088793827564751  0.03998034095202132  0.05012180339256452  0.06012568669912898
  0.07014047426518305  0.08001467902321763  0.09029831437017671  0.09971847882386004
  0.10901674063994064  0.11833483619629198  0.12806353702367754  0.13799717299498487
  0.14810518414129603  0.15718211069005170  0.16672215821646005  0.17661564604679506
  0.18688292388366476  0.19788751203997640  0.20947042050593415  0.22102955523818948
  0.23272631863450363  0.24443047240886892  0.25653494644053038  0.26815965835673078
  0.27785958224196255  0.28710632638760725  0.29604010195560204  0.30577283733640087
  0.31581734296614478  0.32560137631514752  0.33561855403732849  0.34527690174328574
  0.35513797258465740  0.36439630420469721  0.37550254282368628  0.38772988867501812
  0.40025015544243342  0.41231603651114679  0.42383165858483640  0.43493518347543569
  0.44504924050912664  0.45483302058288827  0.46489650077940936  0.47647125671855478
  0.48860911523039818  0.49958481782789194  0.50951372667013006  0.51960172813053240
  0.53114237275703058  0.54284384230101246  0.55328192792916309  0.56362086012209223
  0.57430956960453827  0.58523907500406724  0.59613539213866573  0.60713029475228553
  0.61864017495820689  0.62977178135166356  0.64115705962846892  0.65217725181862030
  0.66319749318349686  0.67185753674998694  0.68017023313090497  0.68803179926279945
  0.69567137038184990  0.70461865220076081  0.71414723612696751  0.72471259015131106
  0.73674798757102844  0.74987349421755978  0.76254259938842606  0.77391754458545092
  0.78463591810545208  0.79526403566823034  0.80600371271561178  0.81726027276772828
  0.82728721074435063  0.83562249209590989  0.84414993877724920  0.85247676085525192
  0.86311733253298550  0.87517130942236621  0.88864862592097493  0.89912583006285252
  0.90929885031872892  0.91966210113144109  0.93052503176242729  0.94461588753255410
  0.95811819575042179  0.97158179656671906  0.98530348667432022  1.00000000000000000
 -0.00009798748169616  0.00051936527114255  0.00100719779103546  0.00139359748278288
  0.00171516714535818  0.00202355693574544  0.00231862035246706  0.00259719823525578
  0.00285678714507589  0.00310954203100728  0.00335540209538392  0.00360781428054475
  0.00387337163684389  0.00415506693029070  0.00442953449481024  0.00469490413238012
  0.00495195116200654  0.00521461556629585  0.00550719167327002  0.00579394407178666
  0.00607408318990138  0.00634838275372656  0.00661473546029304  0.00688866680870993
  0.00717039588084413  0.00747232037467432  0.00779452698364930  0.00812316376741124
  0.00831824619058156  0.00849778767290327  0.00866966118633033  0.00884107601718737
  0.00900292584434976  0.00915810814968281  0.00931244851979864  0.00947592140045482
  0.00965409960564682  0.00982101189884235  0.00998187047726018  0.01013972869428337
  0.01030246858103930  0.01047059439015638  0.01063551882851916  0.01079923772229740
  0.01098227606882233  0.01118775478304559  0.01151215405135458  0.01190474978261354
  0.01231354723929374  0.01272936048729928  0.01317269116077063  0.01371945565841167
  0.01424600308841752  0.01462619152130199  0.01499644540088632  0.01535889487757036
  0.01569576125779478  0.01610102272914732  0.01658002946801468  0.01706892938335351
  0.01744810661337446  0.01764800422373624  0.01784790183409803  0.01805263857197551
  0.01826123234708962  0.01846982612220373  0.01876089558096387  0.01907870232139456
  0.01939650906182524  0.02035834896417373  0.02104020227200378  0.02166971134224347
  0.02225286729609893  0.02303081593132135  0.02372895776845986  0.02441852619570957
  0.02497708667543939  0.02541829130819663  0.02583940312211476  0.02615619931840217
  0.02649224602479039  0.02683067754944315  0.02881222476700380  0.03068862678117116
  0.03144536970401542  0.03221318197630079  0.03404215935734362  0.03510463386847253
  0.03557849235356864  0.03673928771181695  0.03812547365887296  0.03899268660077707
  0.03943929867473864  0.04372369218642042  0.19979836683193594  1.00000000000000000
 -0.00272042902861298  0.00629472515271471  0.01506963441611434  0.02420632483543530
  0.03705431095669229  0.04896994152592267  0.05989687386008428  0.07011666686071827
  0.07825451080962942  0.08624699090969247  0.09412902793751635  0.10301813757893766
  0.11231444380538956  0.12234835551563605  0.13360017107220101  0.14258264385098238
  0.15104052414125946  0.15912569427493173  0.16684286039178373  0.17580737176486255
  0.18498919441942249  0.19474525892983877  0.20538481921565174  0.21753589152709046
  0.23014940072191328  0.24233396602832949  0.25356966683857651  0.26385611821165095
  0.27355381863158956  0.28287803543743012  0.29196316762734714  0.30137086944092661
  0.31150595368534834  0.32274647143485580  0.33473214405926771  0.34622730464086515
  0.35612582395818848  0.36558817093114804  0.37567695173099308  0.38632032010255163
  0.40017463295677225  0.41227583497809728  0.42167047610157465  0.42967451458082073
  0.43770836430007698  0.44746094577390777  0.45870222838053143  0.46999914322845415
  0.48182733233559077  0.49364624158435660  0.50474401402677760  0.51513594044209954
  0.52614099686863347  0.53911405705662585  0.55383064757059408  0.56718185874406313
  0.57860693633542637  0.59081765167741052  0.60428247775571486  0.61740684685182468
  0.62891227250840753  0.64172560412922930  0.65458074074272554  0.66633270035406011
  0.67662511298737504  0.68743349986871705  0.69576649434727267  0.70497884001736477
  0.71476008603554086  0.72498407050039038  0.73588134796541516  0.74680777972761425
  0.75802423398311625  0.76962252764444172  0.78105761283537667  0.79185910980105945
  0.80253848948219775  0.81347252841789575  0.82470378788941145  0.83544685090567217
  0.84628245626936738  0.85771015700791298  0.86864949155404481  0.87915558164758445
  0.88969308469225883  0.89909473538718487  0.90808706247981785  0.91723329085489369
  0.92698640940509680  0.93797947307167795  0.94845680271020016  0.95917516659852287
  0.97026172934706112  0.98072028417433921  0.99023437038714091  1.00000000000000000
 -0.00012312989092051  0.00030846002752756  0.00068811947103311  0.00097844409838345
  0.00120822173424849  0.00141780489780492  0.00162387228052591  0.00182845213306552
  0.00203178961029988  0.00223370220401147  0.00242834808920430  0.00260948712370074
  0.00276882027419833  0.00292010818461312  0.00307147316356202  0.00322285034909048
  0.00338295858680041  0.00355090541475115  0.00374631863581386  0.00393900641747833
  0.00411497263884274  0.00425032722013471  0.00438640544587804  0.00452363266925165
  0.00467028325612213  0.00482473785483080  0.00498728873180965  0.00515954212209107
  0.00534757628180322  0.00550818542801563  0.00565680032364967  0.00580051704519529
  0.00593255980799001  0.00606532789294837  0.00624281384719995  0.00641273761984476
  0.00659382661318578  0.00677876510214947  0.00695870865824211  0.00713314911831389
  0.00730697190603700  0.00752060854196385  0.00774197753326509  0.00796676551736090
  0.00818670063301591  0.00830214657515281  0.00842722203876370  0.00854244504943033
  0.00864303204232838  0.00874783028575381  0.00885279181751379  0.00896610183833545
  0.00911900975120962  0.00923558090324848  0.00934001094335071  0.00943604342551951
  0.00952305638053316  0.00962176508237649  0.00972853462641007  0.00984515034935626
  0.01015313003686988  0.01027066264749065  0.01037690756183774  0.01047851631745805
  0.01057827663873375  0.01088397795888105  0.01135576050946300  0.01212405683522557
  0.01248564529349800  0.01277980015039945  0.01307417852556456  0.01374671629945999
  0.01416519840251471  0.01467445166654744  0.01519776203524096  0.01583366691593366
  0.01640070821373397  0.01659890023395553  0.01679709225417709  0.01699528427439864
  0.01718977535205220  0.01738420163117290  0.01757862791029360  0.01775940096563286
  0.01793698435778052  0.01811456774992819  0.01882334351192809  0.01942391661108012
  0.02000873975502738  0.02217583503777030  0.02251772450823898  0.02283196870839813
  0.02474433631612955  0.02550065366200214  0.10628927585655330  1.00000000000000000
 -0.00154544668710209  0.00529092263483617  0.01213749354482749  0.01925213763548625
  0.02623831774127155  0.03181713408206859  0.03765129115413312  0.04331063108749414
  0.04982445964429738  0.05716420155823658  0.06450210435125948  0.07268412661998594
  0.08135359856375297  0.09016939802935069  0.09870491868917186  0.10718713406530381
  0.11708088291695795  0.12742267616588251  0.13772497256590563  0.14778076272392068
  0.15797155954217856  0.16887724290864969  0.18017440716996927  0.19151832779458966
  0.20318744913642789  0.21484730877312019  0.22603371906598924  0.23682710152064318
  0.24751859576122179  0.25832178566467778  0.27043456677367567  0.28283511634577263
  0.29444071173289293  0.30307519213348599  0.31179000986128147  0.32061380136464956
  0.32980171261590469  0.34037750357522134  0.35172958709760838  0.36274149959979202
  0.37466970279375977  0.38768916093445160  0.40069698113858537  0.41430965502392947
  0.42972573095132344  0.44529647082056611  0.46067205220172885  0.47502007831691756
  0.49062615923961878  0.50658356301782859  0.52339291328657933  0.53934431539931926
  0.55473715640630250  0.56907017652193193  0.58129801500783884  0.59266848300589114
  0.60579601880101852  0.62108217909033403  0.63529787883784550  0.64743021828525416
  0.65849009815667259  0.66986689466689264  0.68137908167430650  0.69338143752876158
  0.70618025702207210  0.71968827633205490  0.73173687800013953  0.74324605133143107
  0.75600225213386618  0.77045661612414207  0.78130245664697506  0.78900812555948019
  0.79648051377351181  0.80376623578395223  0.81092091186007764  0.81884332004675975
  0.82682859678326304  0.83615610565775411  0.84701970149855899  0.85811250359094027
  0.86850315041463366  0.87839702714182133  0.88766025235932999  0.89709425384498498
  0.90595882835702701  0.91441614450961883  0.92286294258231050  0.93130014141615747
  0.93968358706984223  0.94823878433118725  0.95684212834164595  0.96566257835861169
  0.97467061827118251  0.98327553927305344  0.99169054933075773  1.00000000000000000
  0.59323002586650464  0.61573496402929240  0.63413776827037172  0.65075135287935171
  0.66863088644830337  0.68226100111264787  0.69321037292346299  0.70427946958825682
  0.71565940994378330  0.72731516882663261  0.73767980428213109  0.74671402904766571
  0.75516419585599948  0.76310142860644026  0.77032349492478702  0.77687464230912440
  0.78322230372256840  0.78953023625103236  0.79564368446402456  0.80129901695742334
  0.80631382799528506  0.81121298249105267  0.81604069093809495  0.82088105308751458
  0.82562972094140852  0.83049408582909223  0.83541603727106373  0.84047206358313287
  0.84507572476878345  0.84944228609932670  0.85364980969754634  0.85811596746014562
  0.86236358015104253  0.86637391309976430  0.87017042645799780  0.87371811952978551
  0.87694624099820406  0.87991092428681972  0.88302670961981455  0.88594887484575491
  0.88909036292272015  0.89227602578360088  0.89555806533614135  0.89868252339029497
  0.90156384499932285  0.90430284426071206  0.90693743463159937  0.90952270143112990
  0.91199992970750132  0.91439146666414994  0.91673765238987959  0.91903084403817092
  0.92123435172385404  0.92340322709066036  0.92545170455360704  0.92745380372600328
  0.92954026294863734  0.93151685578653165  0.93342546383547920  0.93536777459887099
  0.93729303009243348  0.93924517402269514  0.94125605882949415  0.94323700956095580
  0.94520124034423558  0.94724464525955021  0.94941179455516045  0.95180211348675603
  0.95361172863990085  0.95523732818098739  0.95675447386040757  0.95828026146405021
  0.95997770385613945  0.96191535890802182  0.96401422363253253  0.96591958943083878
  0.96769217547316233  0.96950009274872928  0.97098779890033504  0.97239167123984571
  0.97375759098289261  0.97510598584026453  0.97664053803097828  0.97833520034902544
  0.98008083789172229  0.98181161241954218  0.98350745300943687  0.98519975098692958
  0.98696863211067043  0.98861811718699477  0.99017236639457407  0.99169302035648077
  0.99335374468701410  0.99514126120937418  0.99729944578595997  1.00000000000000000
 -0.01452973629994678  0.17101688142784888  0.20670280183279297  0.23586337247439862
  0.26067664696560933  0.28062275804349185  0.29622379112338798  0.30881377592377823
  0.31996781012532455  0.33035491117529919  0.34086895337288664  0.35117080773088022
  0.36171691869817019  0.37146326665853902  0.38007871892972239  0.38793208031441356
  0.39571936555693615  0.40367995209191881  0.41177648160329233  0.42012558919883602
  0.42799704403618144  0.43562263380410104  0.44304574249878470  0.45097747662030241
  0.45889574267767774  0.46671514388548713  0.47432306960427773  0.48139522147314667
  0.48824030623284109  0.49488598877448620  0.50153012687883836  0.50796206155771773
  0.51312124841091633  0.51862193352411612  0.52406902045494907  0.52957173299106419
  0.53531790811920277  0.54083867394304141  0.54619292154686683  0.55131522626736940
  0.55642139671471558  0.56180093094246075  0.56675779547032046  0.57221936499297998
  0.57750672203709974  0.58263777517046600  0.58788929581526517  0.59325640889963716
  0.59860804281896207  0.60391887953965684  0.60966224588922457  0.61448985774176657
  0.61944426758541826  0.62462583172528530  0.63009137732125142  0.63636405775181892
  0.64268016245214454  0.64860523666457948  0.65445126124265607  0.66045989410603900
  0.66673692145865415  0.67279356325929662  0.67798301657754756  0.68338921960948662
  0.68896406006182376  0.69454489615720560  0.70072892787940411  0.70656686688256287
  0.71206753352722274  0.71734184424846270  0.72251287454139934  0.72758307970315828
  0.73279048211870934  0.73822216720512990  0.74367870345476383  0.74896437452492659
  0.75442921706850485  0.76060789882204638  0.76787994554296490  0.77578209694173961
  0.78337440980459749  0.79152033960959278  0.79988613431136146  0.80607393805622196
  0.81025963673349100  0.81467655005852158  0.81975372589894768  0.82439183341545685
  0.82860177605351371  0.83314532659443086  0.84720183542439220  0.85922339972291029
  0.87562801404891444  0.90979226192566054  0.95471077654426961  1.00000000000000000
   1.1411267779750514E-009  -1.0000000000000000     
 F F F F F F F F F F F F F F F F F F F F F F F F F F F F F F F F F F F F F F F F F F F F F F F F F F F F F F F F F F F F F F F F F F F F F F F F F F F F F F F F F F F F F F F F F F F F F F F F F F F F F F F F F F F F F F F F F F F F F F F F F F F F F F F F F F F F F F F F F F F F F F F F F F F F F F F F F F F F F F F F F F F F F F F F F F F F F F F F F F F F F F F F F F F F F F F F F F F F F F F F F F F F F F F F F F F F F F F F F F F F F F F F F F F F F F F F F F F F F F F F F F F F F F F F F F F F F F F F F F F F F F F F F F F F F F F F F F F F F F F F F F F F F F F F F F F F F F F F F F F F F F F F F F F F F F F F F F F F F F F F F F F F F F F F F F F F F F F F F F F F F F F F F F F F F F F F F F F F F F F F F F F F F F F F F F F F F F F F F F F F F F F F F F F F F F F F F F F F F F F F F F F F F F F F F F F F F F F F F F F F F F F F F F F F F F F F F F F F F F F F F F F F F F F F F F F F F F F F F F F F F F F F F F F F F F F F F F F F F F F F F F F F F F F F F F F F F F F F F F F F F F F F F F F F F F F F
  <DiscreteSampler_grid>
  grouped_processes
  1 # 1 for a reference and 2 for a running grid.
  10 # Attribute 'min_bin_probing_points' of the grid.
  1 # Attribute 'grid_mode' of the grid. 1=='default',2=='initialization'
  0.0000000000000000 # Attribute 'small_contrib_threshold' of the grid.
  0.5000000000000000 # Attribute 'damping_power' of the grid.
 # binID   n_entries weight   weight_sqr   abs_weight
    13   10   5.221186756643882E-005   7.033226683515728E-009   5.221186756643882E-005
    14   10   5.221186756643886E-005   7.033226683515737E-009   5.221186756643886E-005
    16   10   5.221186756643882E-005   7.033226683515728E-009   5.221186756643882E-005
    17   10   5.221186756643886E-005   7.033226683515737E-009   5.221186756643886E-005
  </DiscreteSampler_grid>
