  0.00000213230574700  0.00000227308120935  0.00000243234306946  0.00000261725470375
  0.00000283411556538  0.00000307675023354  0.00000334480473603  0.00000362771654931
  0.00000390389067353  0.00000415857840903  0.00000443083725578  0.00000475769837031
  0.00000512568664632  0.00000551634496316  0.00000589672946995  0.00000629419345764
  0.00000668786727861  0.00000710364302062  0.00000753047516608  0.00000798439866850
  0.00000851977236283  0.00000906387334044  0.00000969672178545  0.00001040501965174
  0.00001115055018304  0.00001201990517185  0.00001289059053780  0.00001385608980654
  0.00001499034379172  0.00001630601035475  0.00001770613654884  0.00001911700972375
  0.00002055388302868  0.00002210150242770  0.00002380157719233  0.00002576618313892
  0.00002802438571376  0.00003048551893398  0.00003309117356800  0.00003587276299925
  0.00003884037805699  0.00004212459624051  0.00004588473362594  0.00005011958170486
  0.00005474443496277  0.00005960547544377  0.00006479957764340  0.00007009792590180
  0.00007599067088677  0.00008295436143983  0.00008992631083154  0.00009759893215826
  0.00010622142278112  0.00011643847294125  0.00012870553048409  0.00014203752739823
  0.00015671419817427  0.00017293436601198  0.00019076825388322  0.00020989491625143
  0.00023064637781006  0.00025445640286088  0.00028088068405059  0.00030646847313405
  0.00033580264042858  0.00036858066633063  0.00040485462334066  0.00044778917248180
  0.00049565835657834  0.00054921962303706  0.00061061851908392  0.00068493194007148
  0.00077495438944617  0.00086298283497652  0.00094763991116683  0.00104203758658867
  0.00114245354737536  0.00126351506501815  0.00139689411987820  0.00153929590123759
  0.00169093408197236  0.00188128566606907  0.00210863566301063  0.00240943958074671
  0.00293421600426445  0.00357696682062254  0.00434200686259536  0.00549325736456199
  0.00643066500597590  0.00755453499911775  0.00867362357550697  0.00965594222492075
  0.01749823305810756  0.04343915387729663  0.07946267737038361  1.00000000000000000
  0.00257995208561976  0.01474012648263991  0.02801923238761632  0.04029717849993672
  0.05108107619066218  0.06105964889120377  0.07027285121344269  0.07980161822348114
  0.08986465882882883  0.10133689470774604  0.11227478036301983  0.12356154000332652
  0.13515465809763208  0.14713355237838269  0.15851199143998851  0.16883978358362528
  0.17914409961568989  0.18876492604012357  0.19875488881429368  0.20847241188714302
  0.21851502468809220  0.22839943750726718  0.23845707766386726  0.24850206830609384
  0.25928739483839514  0.27035729257655011  0.28146331049472345  0.29221949563840044
  0.30281947193162578  0.31271353815527547  0.32188939868868810  0.33121101405821984
  0.34087939323785782  0.35066296979831041  0.36077354732402467  0.37118543781794694
  0.38205714652851830  0.39252001365225281  0.40313755282914499  0.41435046122914437
  0.42627936168258851  0.43791310163156422  0.44986474948930416  0.46150338755782871
  0.47385939827054607  0.48522785536894708  0.49635610928155832  0.50603554352962210
  0.51577303516240891  0.52593916624081127  0.53676718628079390  0.54722001924396280
  0.55671224656526619  0.56616152311689305  0.57617644628122422  0.58689045045332422
  0.59750961157773075  0.60754953718484628  0.61752403563893099  0.62746073412354686
  0.63833711635492763  0.64965304035558957  0.66295594083623588  0.67465340836670495
  0.68557014068757982  0.69568374186193149  0.70570493704792503  0.71585408163703235
  0.72574691342160635  0.73609590419776716  0.74689533318395707  0.75822795679573474
  0.76938045363873053  0.77918914501442693  0.78870378756074089  0.79860327275792919
  0.80937256692612825  0.82072812642602821  0.83236711671950570  0.84494240266338894
  0.85797415431509616  0.87045040993798373  0.88163480360859592  0.89176251330469536
  0.90119719756139194  0.91054151913885739  0.92013520584631237  0.92993180963639333
  0.93899553468788444  0.94789774246634373  0.95692496426445706  0.96619460667476165
  0.97538166907108437  0.98384633486523554  0.99183314666128330  1.00000000000000000
  0.00000281169492144  0.00000316436415713  0.00000332392242487  0.00000349998976846
  0.00000365407729509  0.00000381735141638  0.00000404750408992  0.00000429032703966
  0.00000454433074588  0.00000479648987955  0.00000504202420394  0.00000529555634542
  0.00000556979083245  0.00000584455537587  0.00000611674468944  0.00000640655936461
  0.00000670469501406  0.00000702257414204  0.00000738578227849  0.00000780353009750
  0.00000827281478545  0.00000874489231938  0.00000919778191526  0.00000965881997938
  0.00001015001719776  0.00001067194194179  0.00001120016879970  0.00001171795662644
  0.00001225209631464  0.00001281162222991  0.00001351896931397  0.00001424721671737
  0.00001498141277841  0.00001577961451163  0.00001661104853448  0.00001752830371200
  0.00001850750314092  0.00001955061020864  0.00002067231522807  0.00002189689484668
  0.00002319658311898  0.00002455648684385  0.00002600854382000  0.00002755979311353
  0.00002933883858210  0.00003115567851703  0.00003303388027432  0.00003504311830607
  0.00003701410659684  0.00003968675052788  0.00004234922754939  0.00004516736778921
  0.00004807640934849  0.00005112867363672  0.00005455471338554  0.00005839935557443
  0.00006276421178620  0.00006762268652302  0.00007308548688831  0.00007920318304413
  0.00008590805469270  0.00009363308091755  0.00010246318470744  0.00011285788282287
  0.00012436984354553  0.00013646723864802  0.00014929558877313  0.00016347664046317
  0.00017988085298979  0.00019767736019305  0.00021757912479710  0.00024172544149060
  0.00027241062807126  0.00030822575383970  0.00034771340080079  0.00038996117017156
  0.00043118279591176  0.00047623761296678  0.00053253960571239  0.00061766300197407
  0.00071892197296369  0.00082895718610471  0.00095945632157476  0.00114749771026558
  0.00140185110602558  0.00172782011829258  0.00204525503044559  0.00236653308115612
  0.00266686550540244  0.00321919457975567  0.00423084906816531  0.00607579447653893
  0.00851848205968536  0.01329296805528181  0.05687277664810707  1.00000000000000000
  0.00000313538691863  0.00000417577021913  0.00000498211113571  0.00000570767128381
  0.00000645160854767  0.00000721879602794  0.00000791770616133  0.00000881645170569
  0.00000970410670090  0.00001066758255284  0.00001161702865313  0.00001266347014721
  0.00001390770812038  0.00001540204301655  0.00001717813303725  0.00001914272230879
  0.00002137800300111  0.00002383518905524  0.00002664428014594  0.00002986031287512
  0.00003337184531829  0.00003709615031493  0.00004114620223258  0.00004559006494500
  0.00005075623199276  0.00005667952059068  0.00006303941616399  0.00006969390193707
  0.00007681765921251  0.00008435954029832  0.00009235844689486  0.00010074226972147
  0.00010955352471506  0.00011862923335511  0.00012802407199299  0.00013784628244695
  0.00014833379277565  0.00015935526958108  0.00017061694340059  0.00018151805268512
  0.00019329780551947  0.00020487915621105  0.00021822684526317  0.00023184060070732
  0.00024523200067476  0.00025947291142458  0.00027466725880302  0.00029094997307054
  0.00031129823522173  0.00033225098826193  0.00035096806889172  0.00036990040122431
  0.00038989808998370  0.00040932756655417  0.00043028375991036  0.00045377765962269
  0.00047619282603693  0.00049910979181799  0.00052426156039150  0.00055012350722137
  0.00058072736181611  0.00061461362993851  0.00064678940819468  0.00067944621390117
  0.00071001817878611  0.00074003585336743  0.00077021439473379  0.00079890298252745
  0.00082658850339427  0.00086023004115406  0.00089686891939077  0.00093741985606867
  0.00097642900241673  0.00101306771274970  0.00105156407022404  0.00109486667708680
  0.00114686487575222  0.00120646029287259  0.00126623786599511  0.00132506602113131
  0.00138060368263669  0.00144204819926574  0.00151444924899102  0.00161048162366479
  0.00175324087284267  0.00191088517763056  0.00204891462815785  0.00217492298862647
  0.00230683618717383  0.00249851305280885  0.00271708469447817  0.00305714234219338
  0.00356414192582416  0.00443087020939289  0.02952776028113481  1.00000000000000000
 -0.00294831604487893  0.01427026269765065  0.02801808655499098  0.04050246363925843
  0.05308195989514612  0.06622434336519036  0.07949904913399455  0.09143576519714125
  0.10258261475641911  0.11349241767697424  0.12413165967160236  0.13500949479114827
  0.14625141199790770  0.15822153918462409  0.17086404085387882  0.18326478045587521
  0.19572043446354764  0.20901086558122450  0.22285975472871311  0.23597616253619791
  0.24790455041546000  0.25917367933025542  0.27050865615471587  0.28187081821261095
  0.29339318192878017  0.30452673881734893  0.31555887251943948  0.32614382118619034
  0.33698402116529957  0.34783245331060791  0.35893712527356458  0.36959597274920725
  0.37990264900993354  0.39002367486605310  0.40046524992887500  0.41146523242413707
  0.42225611545253422  0.43206147441131992  0.44120945404008777  0.45017597216039146
  0.45968152124637723  0.46908363796830282  0.47808635196427024  0.48741043439479753
  0.49728161370495638  0.50782589853003612  0.51908377375498815  0.53011322595134447
  0.54084811597485882  0.55143938546462290  0.56200441441929494  0.57199683508997068
  0.58130694764028945  0.59006193244086647  0.59860555903510693  0.60760189896416472
  0.61641724257295627  0.62555482738282764  0.63454091907241761  0.64375546777588621
  0.65288700046512127  0.66236820994835111  0.67266418925226767  0.68361264934755184
  0.69451235742539619  0.70383820921403117  0.71263336388652254  0.72141344818046949
  0.73090571116415615  0.74010042862983005  0.74829989862010904  0.75676857474489190
  0.76584940127663081  0.77630569655567983  0.78642112015112886  0.79615096609616420
  0.80622209507895770  0.81666551512713725  0.82758470880190527  0.83820950416815232
  0.84838845412708930  0.85804753534454437  0.86757830128782576  0.87798600680912531
  0.88932970962762736  0.90042813561944213  0.91055383911636645  0.92070214768794822
  0.93096393791387844  0.94036810064198673  0.94964809676240547  0.95906344450317471
  0.96977017358270656  0.98022252347256722  0.99024237494518541  1.00000000000000000
 -0.00265314472479569  0.01017921216839115  0.02089101418665807  0.03215682043684720
  0.04316668539711598  0.05535208366910344  0.06719165303339951  0.07980756286975313
  0.09128805500743034  0.10218804329271894  0.11195371228898919  0.12188673135242806
  0.13308241227328904  0.14363167002629082  0.15402982713583302  0.16396142892592253
  0.17477453848909000  0.18471794483162776  0.19529622051683579  0.20551447871876991
  0.21689373880361909  0.22759662525887076  0.23789728869661669  0.24845504535381921
  0.25934060954980681  0.27053652940183764  0.28044392292597137  0.29038095305809825
  0.30058186668710535  0.31233383125022313  0.32309605943512348  0.33422149736850471
  0.34558279949314086  0.35534818806489799  0.36455623177230811  0.37342233110014855
  0.38339265375426856  0.39460263928377731  0.40508669547841708  0.41467845536566256
  0.42443167383267821  0.43472413453588021  0.44539961656512811  0.45513567139425620
  0.46578447505990744  0.47719958168607929  0.48783972540230064  0.49808483706791401
  0.50787267414734860  0.51764351395753994  0.52797713973771743  0.53756178330294246
  0.54783912824266989  0.55808882711958063  0.56811133006417236  0.57743852084003622
  0.58651655073867426  0.59674283356868751  0.60728593273184583  0.61826428847351955
  0.62957717758741039  0.64138431714436950  0.65290653963140466  0.66406115324762605
  0.67494223488944272  0.68601073411001501  0.69755314014857117  0.70880257181682182
  0.71968307518206398  0.72996216288856752  0.74024452039762112  0.74997067415365803
  0.75960789702305409  0.76929121254340982  0.77982051401696095  0.79102604955379596
  0.80279660873559711  0.81398888169758277  0.82445223260155043  0.83505443721490769
  0.84529346550107609  0.85623606340424374  0.86605620758966306  0.87593458240037481
  0.88616024814258432  0.89692814625252060  0.90823871364712661  0.91951207196508267
  0.93023148832784353  0.93991340090024988  0.94906987361590334  0.95824204350447595
  0.96818264405207388  0.97825481194002206  0.98909224593494294  1.00000000000000000
 -0.00154253493574813  0.00478427959906366  0.01098311620738678  0.01717086308915339
  0.02299191068884428  0.02910695841243190  0.03552352436947927  0.04205492081850217
  0.04894887477859700  0.05637133581226110  0.06413611312134235  0.07175880407157051
  0.07924012970141275  0.08670550842529004  0.09477803803406515  0.10279595826177122
  0.11058133791089185  0.11833016953091488  0.12604958137698591  0.13418609342921725
  0.14266392091620608  0.15133454893606998  0.16048057608514055  0.16950870242334889
  0.17818946279995176  0.18662580177710775  0.19502693022703399  0.20349793559421028
  0.21177771410211138  0.21969146778992982  0.22746830403257909  0.23539986993221451
  0.24332305454057901  0.25173882244619472  0.26033950094523350  0.26972740278298385
  0.27927676986479838  0.28888589263377534  0.29841732280480432  0.30755875554669065
  0.31631942757287396  0.32487372922356589  0.33341981076175775  0.34249007747245214
  0.35182741983397153  0.36136779061937840  0.37117325762711351  0.38070886423839012
  0.38985143430969288  0.39819711994342410  0.40616242215941534  0.41383085128061020
  0.42180666787507404  0.43006941516950176  0.43917713108348372  0.44851372397980860
  0.45755080124248287  0.46695099164757770  0.47665671052308861  0.48610368793302755
  0.49576313690844676  0.50549520837868123  0.51679000061124047  0.52859478678842198
  0.54109816262032084  0.55378362357531763  0.56630635034651755  0.57843933156289529
  0.59055210458486473  0.60215157615179749  0.61306477807788939  0.62381585737136314
  0.63477286546376588  0.64671005190745379  0.66003127215141089  0.67322269318365568
  0.68578845225585716  0.69748365732596318  0.70827603340373690  0.71862789789854786
  0.73143191910604155  0.74499243187226238  0.75823904141867782  0.77091269886464697
  0.78428574677875040  0.79841108409758643  0.81299942530164027  0.82908789859989562
  0.84743795888570528  0.86734919427191737  0.88685299743601620  0.90518674729069559
  0.92556247960778359  0.94830812595652547  0.97264949465580675  1.00000000000000000
 -0.00262511199808340  0.00996420778200927  0.02101617110677903  0.03253876969437852
  0.04388973595517631  0.05491916557051831  0.06573066816034931  0.07688540629899927
  0.08848376084981828  0.10026626828056021  0.11136252884245898  0.12234180696170492
  0.13314856874884368  0.14422347087560800  0.15460447753541021  0.16500802014667340
  0.17600394833812968  0.18780876602665375  0.19997619137578751  0.21223007418292061
  0.22487187515141582  0.23639566281411611  0.24661527877528036  0.25651280101088003
  0.26589823261816242  0.27500856549397795  0.28416232962691401  0.29353816202835931
  0.30351161294483842  0.31328590663296463  0.32267400363673421  0.33276963144449839
  0.34298447046430486  0.35271898730071666  0.36171396576682624  0.37077806373858091
  0.37953435698972982  0.38806396023159467  0.39661266132109013  0.40577039411492238
  0.41570982967085368  0.42727891505571103  0.43856887924050708  0.44924315567932366
  0.45948327029692249  0.46985979370501724  0.48073913119998291  0.49167249748054581
  0.50232869417520809  0.51285908009537406  0.52410806887892458  0.53652965676987008
  0.54839858656800922  0.56036150680825403  0.57128377060730584  0.58261608655612185
  0.59414716618199637  0.60558502325184960  0.61643524519202686  0.62707231330664226
  0.63752452330858711  0.64811067851329318  0.65904326933306179  0.67068141482368693
  0.68190583693061102  0.69200638883877208  0.70155617920933988  0.71057449245044046
  0.71977901879176664  0.72922134685338102  0.73844868313685574  0.74804783733983760
  0.75805458741881260  0.76867823236405719  0.77991872304968057  0.79100423857360924
  0.80172307420631483  0.81185707841464250  0.82160871565821059  0.83235047648723304
  0.84403413890070511  0.85563506967381309  0.86721280195177353  0.87835493399565923
  0.88980037872120565  0.90102277922413898  0.91222965361591002  0.92348934338960864
  0.93424676338877521  0.94444280222705801  0.95387590584378790  0.96265639834574945
  0.97153613739072775  0.98028025709400368  0.99030838821485045  1.00000000000000000
 -0.00217291226497262  0.01388029641163650  0.02641038521156853  0.03754281477593924
  0.04837859113105843  0.05918160264788794  0.06873515403280966  0.07798987273104419
  0.08690670136418330  0.09719862515307209  0.10769983330110414  0.11897235117706978
  0.12992833895799458  0.14130475057136552  0.15299493956499954  0.16293625906472750
  0.17190924949966910  0.18070811762708328  0.19079603652027430  0.20250732676159619
  0.21502679360387122  0.22720195672515958  0.23896249104245043  0.25046189019581522
  0.26223632168761790  0.27365294341478252  0.28490616914754069  0.29647266781903669
  0.30799144212456403  0.31885060731804044  0.32946818748044221  0.34020587086505200
  0.34985549697475860  0.35927262402379034  0.36892091861877935  0.37893426839166433
  0.38895267036891545  0.39885044528933927  0.40995940570916234  0.42111949745562677
  0.43215151807466717  0.44264065993565499  0.45304829669312746  0.46373015134895829
  0.47393987052349118  0.48354427503004010  0.49305108222451766  0.50382612119645365
  0.51362300888894552  0.52329705061561982  0.53282778744424819  0.54376537363184685
  0.55522167122460397  0.56613985362607988  0.57655229410706776  0.58698302560232218
  0.59819092629481241  0.61032528582055168  0.62264561428238707  0.63415440587559424
  0.64474711181032174  0.65510074498488691  0.66522819555166546  0.67517587042210547
  0.68556176008193170  0.69633724468894131  0.70670143314729927  0.71609120250190395
  0.72446091961171455  0.73352913132455733  0.74297824618242425  0.75265208956270735
  0.76232012671799398  0.77288743178167596  0.78322586184634579  0.79356607626098374
  0.80411326758401114  0.81464089759442504  0.82424418748869199  0.83342691516604750
  0.84250948569503248  0.85210860772946073  0.86206328515522890  0.87214868832069770
  0.88305502521371315  0.89345957625333994  0.90419319837777989  0.91574117204280492
  0.92667299387206969  0.93768240769875588  0.94866929392095167  0.95924668376046718
  0.97013473336890232  0.98026864230931554  0.99057840665390851  1.00000000000000000
 -0.00005446753587458  0.00006820948694861  0.00028690768118718  0.00059931660111834
  0.00072572246825164  0.00085197110847967  0.00097804183011330  0.00110096324475914
  0.00122107071514572  0.00133802240411264  0.00145808287087545  0.00157641825558567
  0.00169173671417740  0.00180538119654783  0.00191883014882655  0.00203297063179413
  0.00214358470274214  0.00225169918292425  0.00236068557706352  0.00246946744335357
  0.00257692995586775  0.00269104402942545  0.00281235783927975  0.00295102477162478
  0.00309546303933694  0.00324392520504769  0.00339341283114493  0.00355464083580629
  0.00371247293761840  0.00386362528581782  0.00400776930709353  0.00415468970098136
  0.00430085928335553  0.00444616206846304  0.00461565892429746  0.00478729336249641
  0.00495830022710842  0.00511136071288148  0.00525517822370525  0.00538473281669993
  0.00554380906032597  0.00568340046358955  0.00579956745990640  0.00590942324401726
  0.00601837140228281  0.00612524543043861  0.00624691509144483  0.00639183096990732
  0.00649605841160511  0.00659997199827339  0.00670267957766310  0.00682060764048022
  0.00696966524565587  0.00712425421138568  0.00728725540938209  0.00748175091115366
  0.00772879211320920  0.00797502150656188  0.00821998476893113  0.00853419334100087
  0.00891621975981541  0.00927464547152543  0.00951776465151876  0.00968020202300071
  0.00984277266526036  0.01000546182901386  0.01016550162427572  0.01032222155622932
  0.01051838848544628  0.01079327345557480  0.01110527029955745  0.01146061460301920
  0.01187105042508946  0.01224523814932753  0.01295298429604286  0.01309227725830787
  0.01323157022057288  0.01337274562960433  0.01351463894957405  0.01365778895623488
  0.01380251156748617  0.01398105682125117  0.01433477311520123  0.01472069606598138
  0.01526612946014048  0.01585827007897705  0.01643489197219083  0.01714123326821126
  0.01796805412030034  0.01924318474499341  0.03333213042322253  0.03398506463089317
  0.03442244663639392  0.05580882619209151  0.09742933272801875  1.00000000000000000
 -0.00243676112514096  0.01070724942210564  0.02148070820539745  0.03268610195305209
  0.04406457833776730  0.05510632196161918  0.06618668752207019  0.07785033370696295
  0.08982921503588748  0.10143576451092211  0.11250349390404749  0.12281332055713465
  0.13459016188628789  0.14620372305860208  0.15750247921579638  0.16874928385366592
  0.18074184602435700  0.19303758626247100  0.20378826286330545  0.21330823816556452
  0.22277653911372244  0.23287109197657233  0.24357676094404401  0.25442925836668900
  0.26468988707899671  0.27419156537356659  0.28363644839977092  0.29313631034376258
  0.30295671173186545  0.31308231400986275  0.32361670704853457  0.33347141704867012
  0.34261066458064665  0.35177947709792734  0.36171799762828682  0.37243475257022390
  0.38283922423257338  0.39364649310066174  0.40491392291717793  0.41543813560736825
  0.42537165449255704  0.43464306207908227  0.44256144636538508  0.44964278211069753
  0.45718226108586391  0.46623427767481962  0.47675360517462922  0.48708912577578745
  0.49730385841871261  0.50713043505468602  0.51670961743333754  0.52615494005655272
  0.53568291027413129  0.54588334256516935  0.55656687161512364  0.56684558187682010
  0.57765540451135411  0.58801351715579198  0.59792180874130429  0.60750038928369887
  0.61675340317757155  0.62593095013803213  0.63486905468167132  0.64394941473154910
  0.65386495678578105  0.66429909577278978  0.67481403751174929  0.68512447328034431
  0.69574315412594123  0.70684240832981793  0.71838897252803224  0.72979066017063454
  0.74055343940943064  0.75191270782147057  0.76378891579832475  0.77586808023904097
  0.78678351827210780  0.79823744382773509  0.81020210839214779  0.82133255953578721
  0.83178407826197598  0.84168699540441316  0.85233432506488993  0.86435765974965317
  0.87628282884365494  0.88768537599734687  0.89875454926494003  0.91027320469828044
  0.92172431855314896  0.93331067253432931  0.94512059117339997  0.95674188554006478
  0.96729006463522071  0.97811336297610052  0.98865767721704978  1.00000000000000000
  0.44498648258181489  0.54431335040659368  0.55398489238353743  0.56469556945937127
  0.57881152519653800  0.58939450489021072  0.59686514001119595  0.60310528017136400
  0.60999721788495176  0.61670939367334787  0.62328455595365739  0.62869098474651253
  0.63436003765431770  0.63957866624023985  0.64542292993988470  0.65150307688524378
  0.65861118569257304  0.66489236234347338  0.67071387595114718  0.67641891501182450
  0.68193529306354872  0.68751583743479472  0.69273907629960563  0.69785405617625329
  0.70304902162843885  0.70818673800918275  0.71290592229845573  0.71749216346671552
  0.72215276146501617  0.72737414086043506  0.73266416355141817  0.73786440903506878
  0.74262808888671472  0.74710774510378986  0.75104283572040831  0.75476193203835451
  0.75849014659924008  0.76221475983062981  0.76595181336451001  0.76997632405911620
  0.77416328230629605  0.77853462946068774  0.78281180936446026  0.78710431526654334
  0.79137145843233292  0.79569122259443270  0.80013259674458725  0.80465964906750964
  0.80899665224380457  0.81325869024890252  0.81767771226509312  0.82198019522010890
  0.82621864963851421  0.83051713581966402  0.83471693667259450  0.83872081718696001
  0.84243323301751383  0.84594716504107803  0.84967815898162569  0.85358501143952314
  0.85772080267939954  0.86192387727512276  0.86609807707756359  0.87032477711693834
  0.87467466968457275  0.87909420195254639  0.88342567550045714  0.88771772614995026
  0.89194561558335128  0.89607985968645920  0.89988972341988438  0.90351600592582282
  0.90696390031310614  0.91024552676604631  0.91335639074812003  0.91635223060417181
  0.91943522837472247  0.92270831641022533  0.92597069078818595  0.92935236888350869
  0.93301208470202901  0.93687959245094177  0.94091208766811574  0.94496886814399872
  0.94893600414946044  0.95281929194241199  0.95662880833946340  0.96052767986067866
  0.96453388000336060  0.96847204378126561  0.97243737525418428  0.97676318155632125
  0.98157854801216715  0.98687624894857906  0.99298018164941437  1.00000000000000000
 -0.00740100928521905  0.15187001782214687  0.18686491933568561  0.21029558492688211
  0.23239101866085407  0.24932872951831489  0.26337399496184188  0.27542297485086836
  0.28673014875494190  0.29745598915786886  0.30809447692143632  0.31839953093245466
  0.32872905094193972  0.33865265183921744  0.34761021939250270  0.35570001123321526
  0.36371453141223664  0.37193276047262031  0.37973246261276533  0.38699791763200797
  0.39430528288800731  0.40181145531572698  0.40932995029514985  0.41673976028110210
  0.42383572506120132  0.43061688852715796  0.43697682208837402  0.44316966563633531
  0.44891610803498200  0.45469192834460581  0.46019471711277887  0.46591116891853918
  0.47201340753503984  0.47804773675602136  0.48407257564835554  0.49004867535242991
  0.49613408941019022  0.50235432080897546  0.50859181606174297  0.51457646069038443
  0.52046482147580631  0.52657310860410889  0.53283429030738849  0.53889585464272283
  0.54485615410029054  0.55073067366773831  0.55638559360730211  0.56204851133601730
  0.56776775444446115  0.57331145189766419  0.57859775049094764  0.58362608231642477
  0.58849819137485315  0.59313349282854211  0.59844468343038493  0.60392299406191441
  0.60964286094051701  0.61536736386028323  0.62107008818206855  0.62635489330348293
  0.63125790889203626  0.63600174155338063  0.64071140453166642  0.64527747888854015
  0.64987937731237833  0.65455229986585606  0.65953379510444243  0.66503362156464974
  0.67065268873230743  0.67606618351565295  0.68139832736144990  0.68675441987934926
  0.69215162416529552  0.69761008483393872  0.70313379171208701  0.70885287704527122
  0.71469146208500223  0.72015467474614137  0.72563443537517214  0.73120780932567908
  0.73721103149367495  0.74351081984879674  0.74998391041307078  0.75687036266184005
  0.76369456435949290  0.77006103325516595  0.77680726641559916  0.78408234780592490
  0.79274229707415733  0.80326984927511269  0.81517242457933270  0.82768384045769527
  0.84238219361933442  0.86487928625921562  0.97588200005108550  1.00000000000000000
   2.8722230352897018E-006  -1.0000000000000000     
 F F F F F F F F F F F F F F F F F F F F F F F F F F F F F F F F F F F F F F F F F F F F F F F F F F F F F F F F F F F F F F F F F F F F F F F F F F F F F F F F F F F F F F F F F F F F F F F F F F F F F F F F F F F F F F F F F F F F F F F F F F F F F F F F F F F F F F F F F F F F F F F F F F F F F F F F F F F F F F F F F F F F F F F F F F F F F F F F F F F F F F F F F F F F F F F F F F F F F F F F F F F F F F F F F F F F F F F F F F F F F F F F F F F F F F F F F F F F F F F F F F F F F F F F F F F F F F F F
  <DiscreteSampler_grid>
  grouped_processes
  1 # 1 for a reference and 2 for a running grid.
  10 # Attribute 'min_bin_probing_points' of the grid.
  1 # Attribute 'grid_mode' of the grid. 1=='default',2=='initialization'
  0.0000000000000000 # Attribute 'small_contrib_threshold' of the grid.
  0.5000000000000000 # Attribute 'damping_power' of the grid.
 # binID   n_entries weight   weight_sqr   abs_weight
    76   10   2.903795551022127E+000   2.589925134186198E+001   2.903795551022127E+000
    77   10   2.903795551022059E+000   2.589925134186016E+001   2.903795551022059E+000
    79   10   2.618411673356662E+000   2.567093810069357E+001   2.618411673356662E+000
    80   10   2.618411673356584E+000   2.567093810069118E+001   2.618411673356584E+000
    82   10   3.150171273995572E+000   3.489256122716260E+001   3.150171273995572E+000
    83   10   3.150171273995482E+000   3.489256122715940E+001   3.150171273995482E+000
  </DiscreteSampler_grid>
