  0.00343371183578646  0.01364312104823182  0.02579476351300083  0.03900505280143735
  0.05245946288401598  0.06462079683308258  0.07525354793415626  0.08567303727127613
  0.09623521257841859  0.10649817794457314  0.11735100681261121  0.12856982860270602
  0.14035073797342157  0.15221312047507463  0.16395348838837351  0.17514824995840436
  0.18611264807910016  0.19701715810650924  0.20852137026862214  0.22070818899534198
  0.23132912303093836  0.24144976022286121  0.25134865581153382  0.26122196612744930
  0.27310800940376134  0.28476242785944955  0.29634058940225355  0.30747391602619129
  0.31872310312946395  0.33069932329602136  0.34349465232918741  0.35557279676603748
  0.36670499546041790  0.37695935276577419  0.38806113767027278  0.39959346203179003
  0.41078085225290939  0.42254423047791656  0.43388451478169404  0.44546735058658155
  0.45563102917230675  0.46531285446990117  0.47482898139059937  0.48574775278681681
  0.49762342652326985  0.50976300771343508  0.52120919514985620  0.53168963964504834
  0.54153020899281179  0.55124593298370783  0.56110244518559260  0.57030621054079733
  0.58034604656521038  0.59041700925032492  0.59999126201176467  0.60896078068246662
  0.61798393757759484  0.62763952061860651  0.63816331105189938  0.64911408043995411
  0.65980679919799501  0.67000214381964640  0.67926463761807665  0.68851857618887680
  0.69813600516446828  0.70782397663460772  0.71739646511971344  0.72732287721613420
  0.73738386588898264  0.74730018386978214  0.75674937560612154  0.76666794436669450
  0.77719666885595529  0.78884542512437839  0.80050515227134766  0.81109934553500951
  0.82107134015763639  0.83099951780131542  0.84122537063668534  0.85155673148020328
  0.86186174822842188  0.87195004076704719  0.88182365128670337  0.89174614793963680
  0.90200298156760739  0.91224548566413421  0.92223932192287150  0.93257304334715585
  0.94362652890248633  0.95337453280285278  0.96137181348083078  0.96861744448895426
  0.97596255039455160  0.98434579715207515  0.99208587900254575  1.00000000000000000
  0.00000209682088407  0.00000215065082777  0.00000221820396169  0.00000229494360115
  0.00000237968494888  0.00000246981102585  0.00000256235414678  0.00000266851915230
  0.00000274729284506  0.00000282657557579  0.00000290680433361  0.00000298977915761
  0.00000310050161149  0.00000320964574131  0.00000335504606950  0.00000349321838935
  0.00000361770608811  0.00000373382340967  0.00000385622848316  0.00000400054951379
  0.00000413517436494  0.00000426741628910  0.00000444533052647  0.00000463715664616
  0.00000483695351287  0.00000504289007717  0.00000526112284943  0.00000550496327520
  0.00000573208041204  0.00000596225557536  0.00000620826660777  0.00000645783318646
  0.00000673278000527  0.00000704296201446  0.00000734234864705  0.00000763612876315
  0.00000793350191841  0.00000828513077282  0.00000867636253883  0.00000909859143071
  0.00000955124608762  0.00001004682942213  0.00001054462632664  0.00001104569765409
  0.00001159523977311  0.00001216433520954  0.00001276392162509  0.00001344633921381
  0.00001414953788376  0.00001486514239062  0.00001556128515151  0.00001623023987413
  0.00001691912886049  0.00001770811102448  0.00001863785804268  0.00001968510016353
  0.00002080810282634  0.00002191284330985  0.00002298595106522  0.00002424856205689
  0.00002571976353550  0.00002725640049881  0.00002950407164083  0.00003200180140408
  0.00003467914020499  0.00003752010045737  0.00004060758527515  0.00004398845085906
  0.00004749289811317  0.00005101709118263  0.00005464447120380  0.00005863472580816
  0.00006339409492919  0.00006939030175157  0.00007603506631418  0.00008353399886074
  0.00009190198388465  0.00010168347600915  0.00011277715192431  0.00012593146051816
  0.00014374907288003  0.00016402660298233  0.00019023564975450  0.00022099984224391
  0.00025650624804492  0.00031615624885759  0.00040268562442356  0.00051604430278143
  0.00067273861496359  0.00089999585783776  0.00118874128458459  0.00162137488161493
  0.00248877418276100  0.00483020127874883  0.05798247478304877  1.00000000000000000
  0.00000244367959444  0.00000308906001535  0.00000360713255320  0.00000371488385887
  0.00000384393535773  0.00000400603034950  0.00000416672797867  0.00000431972699586
  0.00000448449387332  0.00000467858247929  0.00000487208522202  0.00000508322242566
  0.00000532084427624  0.00000558952222613  0.00000583427398390  0.00000605080887859
  0.00000631202983594  0.00000656596798344  0.00000679289826983  0.00000707466810821
  0.00000738602128693  0.00000774650676331  0.00000812067392726  0.00000852764234740
  0.00000894701477921  0.00000935420588332  0.00000976458621784  0.00001018902654671
  0.00001060908059816  0.00001103600899916  0.00001150752120899  0.00001204358415376
  0.00001263700228217  0.00001331738607820  0.00001406355739456  0.00001485241899845
  0.00001569280056642  0.00001657599782017  0.00001754469065667  0.00001865087425554
  0.00001981394264021  0.00002103620298912  0.00002228560248285  0.00002355026774103
  0.00002488075242747  0.00002619701852071  0.00002764781658844  0.00002934599139446
  0.00003100894233992  0.00003274500783351  0.00003464895796768  0.00003688524232540
  0.00003943682742582  0.00004179794688204  0.00004408254626936  0.00004635848157648
  0.00004880428164863  0.00005166792910668  0.00005502121478243  0.00005887692305065
  0.00006288259556422  0.00006689267538256  0.00007113911813860  0.00007589904307357
  0.00008150452218002  0.00008788571572768  0.00009457149932601  0.00010164508693706
  0.00010955424122195  0.00011880714604924  0.00013008137838167  0.00014219054039075
  0.00015432255130186  0.00016705484179447  0.00018199054904915  0.00020122714707339
  0.00022169621407165  0.00024127691745226  0.00026147220537559  0.00028547971487787
  0.00031844740851770  0.00035334237525779  0.00038720452083529  0.00042200013639909
  0.00045953311806048  0.00051383421817712  0.00059587671774759  0.00068118858344752
  0.00076703875811028  0.00086877155152099  0.00098631682760272  0.00131268490278969
  0.00214093465781391  0.00343621244992844  0.08174379659998914  1.00000000000000000
  0.00000560245440679  0.00000612236459572  0.00000656422758220  0.00000697046693313
  0.00000739331023114  0.00000794734711874  0.00000848459424672  0.00000896582474380
  0.00000947505265608  0.00001012009388538  0.00001076439516067  0.00001131499974732
  0.00001184497132758  0.00001240233169338  0.00001305794217180  0.00001373447469836
  0.00001446641668941  0.00001519222210103  0.00001592149869672  0.00001670984960622
  0.00001753555856177  0.00001840134988032  0.00001934704407725  0.00002032985990710
  0.00002140369807015  0.00002257707930569  0.00002383909232404  0.00002515911226071
  0.00002648250535731  0.00002785471395955  0.00002936160462812  0.00003111148844855
  0.00003302473142730  0.00003510757248425  0.00003746261897769  0.00003989050926038
  0.00004251111006501  0.00004535078854451  0.00004834843167314  0.00005176513252582
  0.00005526132990676  0.00005893321334989  0.00006294796851158  0.00006703517026678
  0.00007137619008278  0.00007597239517531  0.00008041594841763  0.00008497758644731
  0.00008975678275487  0.00009478677570952  0.00010039547782909  0.00010692018576872
  0.00011390440538118  0.00012087319530935  0.00012800735654917  0.00013506078312033
  0.00014251813424280  0.00015101907294047  0.00016040032843130  0.00017069105433650
  0.00018002174478214  0.00018899991805274  0.00019831621580793  0.00020807660797499
  0.00022075619673205  0.00023535007820140  0.00025110373667877  0.00026722145788866
  0.00028241478442684  0.00029919268063142  0.00031836531605627  0.00033690095976203
  0.00035907023283588  0.00038617700748700  0.00041525319413629  0.00044573841084959
  0.00048005006504121  0.00052020555701335  0.00056631038005696  0.00061801371365190
  0.00067364769057141  0.00072807246619417  0.00079040977447163  0.00085795919875718
  0.00093080330524332  0.00102286378942786  0.00113326754618419  0.00126832196062335
  0.00144357852885888  0.00167373606735828  0.00208033153477141  0.00274748136686331
  0.00350649609117743  0.00463233749326920  0.05602905558006613  1.00000000000000000
 -0.00181764567671418  0.00644523434797114  0.01448877347296409  0.02297550660063449
  0.03266444682938323  0.04270070747269289  0.05289102819483169  0.06273485983266502
  0.07209049819964357  0.08152515083838138  0.09064851324632099  0.09939840529462989
  0.10832484100521263  0.11645304633619684  0.12611580215528340  0.13641624641554809
  0.14718731571739599  0.15690558241611835  0.16621737321558611  0.17522916170019481
  0.18431634660860996  0.19391684842772400  0.20404496386826892  0.21475593384743893
  0.22594129203102806  0.23700850004244789  0.24912833297063680  0.26112484215409382
  0.27299587584517199  0.28377492395550419  0.29463941534956445  0.30523323694925847
  0.31600113816088454  0.32608014917994477  0.33576755316229079  0.34454385110083663
  0.35338468559306568  0.36234448629214810  0.37256635860769471  0.38386301279178187
  0.39484035104231063  0.40579513891488661  0.41667108444604933  0.42796058776021034
  0.43953508650642142  0.45042058483068442  0.46122029912453738  0.47215620426005467
  0.48357049293525495  0.49484065622418788  0.50657008811070159  0.51831280505389510
  0.52967795583574973  0.54055767487934558  0.55128091234951215  0.56198418110759218
  0.57399182543837057  0.58584244664235285  0.59811820806181160  0.60877327893680389
  0.61952269598464615  0.63086061260934312  0.64276743577261219  0.65406831515629549
  0.66510342728649707  0.67706844092086516  0.68991243623165877  0.70287071348247232
  0.71626234574248338  0.73007981130861432  0.74344401971525353  0.75585003736080170
  0.76714104983141052  0.77794420953697430  0.78919693607873675  0.80027304769036323
  0.81029765487997718  0.82202213816981695  0.83517542251902877  0.84849958408851678
  0.85984910545576332  0.86980132291755796  0.87910754785266065  0.88860041228982245
  0.89978808307100844  0.90848817533215220  0.91589740646830253  0.92260644833883876
  0.92812828619061238  0.93450024090731998  0.94235056173987275  0.95035287849219041
  0.96137127012341927  0.97488733727022481  0.98761832203642252  1.00000000000000000
 -0.00249146712036970  0.01017552594279630  0.02141331497532636  0.03171972220047432
  0.04151537701876523  0.05108476296755816  0.06048305705563899  0.06916059374289092
  0.07729008572924709  0.08519592425400010  0.09270722289353117  0.10113916157823906
  0.11030027938511103  0.12133795328120725  0.13372285357553107  0.14275579197833363
  0.15196272641230210  0.16170457042863665  0.17309708000941995  0.18534808652327892
  0.19738465959591922  0.20944714852921006  0.22013808983425004  0.22958585290265671
  0.23860621340025034  0.24822256380397872  0.25910036749736853  0.27040420333258203
  0.28168623981560453  0.29283334936817573  0.30365601290549987  0.31465248666601475
  0.32672832751812730  0.33886665424924128  0.34914315856129097  0.35882263337717879
  0.36893403023287702  0.37880716349913807  0.38849291622752402  0.39857928812324483
  0.41035881865665097  0.42263240820874193  0.43388336725285409  0.44478091278867909
  0.45556977680656874  0.46674184860375151  0.47792223026837688  0.48956774411626031
  0.50105006492997384  0.51207992313909123  0.52300006482117634  0.53425480559812433
  0.54537767597743203  0.55595025617835681  0.56631993694012528  0.57820046539504910
  0.58935411221181755  0.59932948250792406  0.60919827804286797  0.61974589445581152
  0.63147407779799336  0.64283555708295148  0.65361107979358124  0.66444996736948292
  0.67576046682439250  0.68815890026622539  0.70008273534558974  0.71029591069980935
  0.71960747732403185  0.72873201519166531  0.73832922406805979  0.74921554957780157
  0.76115653494253710  0.77272963876338052  0.78388347672590919  0.79455369395821929
  0.80501793527831622  0.81506206997404052  0.82515365745147407  0.83500241784827400
  0.84504503260685870  0.85569020959285447  0.86711720094027755  0.87944527819844898
  0.89201451348955907  0.90579245127373187  0.91869039506329186  0.93047047726775145
  0.94057026289617163  0.94936582004698011  0.95817975299506009  0.96713644337990945
  0.97554054037335336  0.98350094943435884  0.99131795611256379  1.00000000000000000
 -0.00117898296385173  0.00788540698428433  0.01576567419982023  0.02429480438293949
  0.03313981048063266  0.04018263955216827  0.04604703035653652  0.05137541189283689
  0.05658010782024232  0.06115952496451833  0.06693425187383389  0.07421487849465214
  0.08316088233262992  0.09314856288801224  0.10289869943970689  0.11222788953600900
  0.12140854576873422  0.12991028149941733  0.13839773036562589  0.14757037130640807
  0.15682850839972567  0.16764690073968003  0.17677420604516639  0.18554359415218408
  0.19435295096185962  0.20410666912687231  0.21415540808370953  0.22411052853192762
  0.23425950320369798  0.24407883923975626  0.25405132722969281  0.26388625593383652
  0.27408625103883649  0.28484346274402356  0.29602867106919278  0.30731992497832050
  0.31809375812844293  0.32827221890889813  0.33773810789991876  0.34760150435395770
  0.35815553118447091  0.36991786936586912  0.38137900612714520  0.39227432555354919
  0.40298989110116723  0.41307139548904498  0.42264544889717121  0.43237106755946958
  0.44327354534766877  0.45493447678200577  0.46677200533350927  0.47884616419124310
  0.49104447631440584  0.50316261633317338  0.51553259502761872  0.52852874455393872
  0.54160941334139068  0.55334051521360139  0.56405300952321580  0.57536745229045538
  0.58745102798052573  0.59887539291017466  0.60918656381649994  0.61969443715530248
  0.63019596018719559  0.64107464089256250  0.65202749335236798  0.66388837498439013
  0.67565330822157865  0.68720098995471368  0.69902740525376583  0.71120684162223902
  0.72352986288038523  0.73530403439847869  0.74616838311521438  0.75750352203648519
  0.76969246166016314  0.78308014419414007  0.79706015520678308  0.81108395020317359
  0.82543489543807202  0.83888299278098588  0.85057285902495894  0.86179933996666480
  0.87267160329998250  0.88505458322272645  0.89827546494996635  0.91170541277524786
  0.92530777690829924  0.93831538167452710  0.95075200456725217  0.96202283753004325
  0.97124027493322262  0.98063927035145015  0.98932553204839591  1.00000000000000000
 -0.00166717440976220  0.00920133512316346  0.01876848590386360  0.03062457539465428
  0.04304797476899078  0.05771165486985282  0.07253926904236099  0.08503671227061213
  0.09517828731843286  0.10488090827212308  0.11509027776042476  0.12543188457537685
  0.13516544717214987  0.14323050032609180  0.15200640994606857  0.16128950081804147
  0.17338105594458833  0.18544241064039574  0.19726327605781921  0.20968450773351471
  0.22261642056388539  0.23458516686160510  0.24455749923124612  0.25465134714924997
  0.26497403747892639  0.27644416545311973  0.28470438620703087  0.29283330714891431
  0.30119179389258371  0.31124714849842755  0.32254239708805588  0.33275347089454155
  0.34296348457643266  0.35259438560784850  0.36134091189139239  0.37057415911050218
  0.38003406486923524  0.39099853035272919  0.40256303250118031  0.41408845710219122
  0.42638022056427161  0.43645784312496494  0.44603240713778675  0.45559209267253031
  0.46484933297384373  0.47471472235980872  0.48411075349728250  0.49410439562965824
  0.50432724436185861  0.51331116757195161  0.52272240239662005  0.53282440404110909
  0.54352600741490631  0.55387489006375612  0.56383568777004278  0.57437621954977847
  0.58548467312051278  0.59697366172270250  0.60684729800283099  0.61545323218521597
  0.62361918609390954  0.63195839506158591  0.64226048291654603  0.65545925259803395
  0.66772348814824634  0.67958033132496953  0.69070152031005994  0.70065618768279747
  0.71059026811464832  0.72027692641653485  0.73005424749472525  0.73947079416041617
  0.74950593505794860  0.76021157931395822  0.77195666704137955  0.78407734802760376
  0.79690314637031845  0.80932275746500848  0.82056396772185647  0.83090130274531182
  0.84076101835811146  0.85195600355274992  0.86286519287345576  0.87436479664664057
  0.88626428325137463  0.89837887712329190  0.91026379547783676  0.92146691619973853
  0.93162701305693196  0.94137537327060206  0.95161283869320523  0.96185569274185967
  0.97227939823946574  0.98179602135186772  0.99122769196628624  1.00000000000000000
 -0.00220127618694521  0.00959875657490118  0.02017843343510425  0.03186598957181481
  0.04231199397747237  0.05278956166313733  0.06274278990041116  0.07268085948000048
  0.08223454829658666  0.09149408752923903  0.10079874628046769  0.11051594327792143
  0.12085607599077695  0.13149125044433599  0.14261975977602231  0.15233158374082020
  0.16224398152537423  0.17375305226820195  0.18558427584976034  0.19498535584732540
  0.20433122337545803  0.21367991793212907  0.22429128975212126  0.23576024790244451
  0.24697270080980094  0.25806344477850673  0.26924467168622351  0.28070960153541147
  0.29100023019006183  0.30039448163433968  0.30888348072865685  0.31768525353377458
  0.32706940927098455  0.33707536494683321  0.34778107977204065  0.35919603015894691
  0.37244234240508145  0.38504224170752865  0.39493897286203278  0.40443486210344770
  0.41346928197298688  0.42287838487613999  0.43171572016444520  0.44060035968389205
  0.45004740557083944  0.45901820068995619  0.46978075419063009  0.48089293750928397
  0.49354472315004894  0.50587639425616970  0.51633642794629464  0.52630060251236754
  0.53611843158234174  0.54689159620870087  0.56000745773019034  0.57315543595216933
  0.58565015735423964  0.59737513289209510  0.60893135574852775  0.62064520693570224
  0.63317003776174874  0.64683804743344064  0.66036243226902380  0.67204956083149892
  0.68236689997126176  0.69266958912326038  0.70395626041166126  0.71635432432611690
  0.72543842769135014  0.73422319415927473  0.74238994465546138  0.75105325071705586
  0.76057764959396101  0.77028705420926957  0.78067363939219014  0.79110266868722934
  0.80153064974736477  0.81177589364818781  0.82231120394536250  0.83165628908062772
  0.84238897869723717  0.85305588189144488  0.86348800826195793  0.87451893989609253
  0.88514681752911795  0.89600051939961489  0.90677304011502091  0.91773613301677825
  0.92798564952585028  0.93832950182816632  0.94850132757737515  0.95823103075301708
  0.96804523154094191  0.97780720089207473  0.98884905388671740  1.00000000000000000
  0.00001429878835277  0.00006153338396338  0.00014725654831632  0.00029459857067008
  0.00043686183230956  0.00055530593275189  0.00061825809552544  0.00068486279190531
  0.00075245883282447  0.00082009987001018  0.00088587576136867  0.00094955668869102
  0.00101154577559018  0.00107093286338551  0.00113176145471120  0.00119440048024122
  0.00126161017463640  0.00133416257785066  0.00141171559668528  0.00149195507315619
  0.00157304069581027  0.00165635532422021  0.00174196767872069  0.00182471877322116
  0.00191087095636892  0.00199823921906317  0.00208999189897104  0.00218689632977477
  0.00228567708762732  0.00238488703788951  0.00248593983390247  0.00257618555374726
  0.00268944319867053  0.00280332944403978  0.00292267656608819  0.00305104990623648
  0.00316417373085946  0.00321951117563202  0.00326381989308259  0.00330812861053316
  0.00335230260763986  0.00339629252175200  0.00344028243586413  0.00348427234997627
  0.00352938616900760  0.00357452214834442  0.00361965812768124  0.00372068817648905
  0.00383716679055187  0.00394101705866294  0.00404570452993072  0.00415023553891247
  0.00424988983141869  0.00434533064319864  0.00443928974717661  0.00453377225227861
  0.00462999541329761  0.00476618471169376  0.00492725190339163  0.00508899074684805
  0.00527166077822594  0.00550250538083017  0.00574327820875214  0.00595768010527686
  0.00614198758716908  0.00632033797424475  0.00649079853525354  0.00668053143297904
  0.00687381836095827  0.00708210014131714  0.00730681968947340  0.00755934492603734
  0.00773884637159511  0.00797279052117658  0.00822775609749350  0.00845359116772915
  0.00871034586101558  0.00896651269333232  0.00923491525860997  0.00961294990651331
  0.01001610739397009  0.01038256075233624  0.01075875202777519  0.01124539527671242
  0.01181805954379378  0.01243010693746929  0.01633698943345522  0.02012977962406918
  0.02070420061341745  0.02160481803763998  0.02274723413698270  0.02420659342078305
  0.03452075845176819  0.03486904510361309  0.10133782780815816  1.00000000000000000
 -0.00235147604019511  0.00914911995559860  0.01956267179260533  0.03138899048115135
  0.04386793769470729  0.05714309895284937  0.07114874512654967  0.08775668888428081
  0.10394784458605445  0.11718216372802491  0.12983678229828921  0.14228488365881303
  0.15510729150754388  0.16768518511103980  0.18013635216922994  0.19284163369858501
  0.20495828625042253  0.21624722219255882  0.22738708195505120  0.23985261158225007
  0.25253923376782478  0.26378532098067303  0.27464252826271235  0.28504884734392016
  0.29451909197677306  0.30340775614405036  0.31232185133648549  0.32187091250653216
  0.33233691177028313  0.34336716949888696  0.35458647833742218  0.36642230931224085
  0.37813089551068613  0.38908431023288287  0.39800536236166922  0.40573604795582491
  0.41336656007491251  0.42144746005558853  0.43038732576806843  0.43922435649619052
  0.44850098895870810  0.45729716668400078  0.46551244856024881  0.47337818648686386
  0.48159511554112383  0.49093644394652219  0.50031810102552543  0.50940004796295191
  0.51812235751049585  0.52686882631237464  0.53585347697114594  0.54451664609286710
  0.55305310807225938  0.56118168327740647  0.56915297858427993  0.57757160504693195
  0.58670487644888658  0.59632683186562585  0.60573639068552609  0.61460015138274116
  0.62337401307572138  0.63197585707293624  0.64040154462130849  0.64953676024973128
  0.65795396454333688  0.66618649811643982  0.67453561933761785  0.68297357264020275
  0.69244150640872615  0.70267360292468550  0.71360287857916127  0.72529904051491467
  0.73805424283217658  0.75125295930245251  0.76324676679312564  0.77451955453968091
  0.78435539345685767  0.79356248211561398  0.80306823310676545  0.81375340623929759
  0.82633497096866204  0.83850532263901256  0.85098338811897589  0.86257334774984484
  0.87477585014921944  0.88651090135016364  0.89797534025187098  0.90972742869936363
  0.92257417813553733  0.93330430060054448  0.94485535262163223  0.95606177632148825
  0.96730420760946578  0.97821800770327627  0.98871321895627129  1.00000000000000000
  0.52551695403665111  0.54805252240007130  0.55293388461613158  0.55760025707129690
  0.56295786072455922  0.57051328061746021  0.57859516553320833  0.58681926499469694
  0.59447306183239446  0.60037194615482237  0.60640561235239809  0.61334934856669920
  0.62023592530786187  0.62692125515936503  0.63335189581192219  0.63919040924059467
  0.64565169888646923  0.65256326904855477  0.65933914186286291  0.66663511234151185
  0.67273478301092793  0.67821874164696994  0.68382260285641927  0.68901840298276507
  0.69489415314178393  0.70101658071063655  0.70735464620018840  0.71343779378615246
  0.71867028466678506  0.72381809656181606  0.72890932632973826  0.73372307940225157
  0.73828716737359978  0.74299162301100452  0.74782321046045197  0.75306388014785797
  0.75795823069358792  0.76241143583684290  0.76620775856119705  0.76995856830046716
  0.77379654855006330  0.77855665284934406  0.78311624904232990  0.78717429019273855
  0.79106122215666907  0.79503090022155565  0.79920893211079935  0.80344281369578407
  0.80770115192705227  0.81225815556051895  0.81704134509781490  0.82110811141610685
  0.82483611031967330  0.82850424169149051  0.83263812650600499  0.83691513065613099
  0.84109702894506655  0.84503236725942488  0.84864692764377792  0.85223182940275510
  0.85585743263389147  0.85980408502671035  0.86358653935325025  0.86727622841763086
  0.87095021829167285  0.87494094635644004  0.87923344493003663  0.88326279954416564
  0.88648598301979809  0.88939654459279249  0.89219587989126237  0.89491103482496304
  0.89772084999002733  0.90071235375578440  0.90365205092024847  0.90648905885939612
  0.90939662023287315  0.91268313580177640  0.91601767366509512  0.91949694430930828
  0.92329579924671079  0.92753630176715318  0.93215533214802959  0.93655113993925976
  0.94106746025633081  0.94529453599189939  0.94936453384909791  0.95331070173184951
  0.95724669904265058  0.96198962477457384  0.96694958697904132  0.97223601158041262
  0.97754633098881372  0.98335701912988693  0.99062278751336352  1.00000000000000000
  0.00408187804089056  0.17351604458054465  0.19026568890334880  0.20213966170745601
  0.21514187623241249  0.22842613457572933  0.24187618592225052  0.25396190127465457
  0.26274691805436906  0.27039910077538459  0.27744769027209809  0.28472312299915098
  0.29229323972294163  0.29956699301578854  0.30665840728542881  0.31371248486147341
  0.32000223469874584  0.32623494589039159  0.33300764884560352  0.33952902870235435
  0.34568143370877946  0.35160224045945992  0.35741418717913453  0.36350504229622449
  0.36968075225950742  0.37548898225401844  0.38120406947759367  0.38690850261897225
  0.39264593506330614  0.39863271700042530  0.40417904391001991  0.40960921998271338
  0.41515527997511148  0.42039362655819074  0.42592897513288402  0.43134433920297072
  0.43633669408327769  0.44068285303946908  0.44501112030145729  0.44956109542444272
  0.45474698030288313  0.46044233116145555  0.46609963285634171  0.47145017545216777
  0.47693200077144460  0.48252097312914377  0.48835843974828508  0.49423755562830163
  0.49988311171079525  0.50551041861309831  0.51114753880095054  0.51696561059369162
  0.52268135582527420  0.52821383190004156  0.53294954016388207  0.53774568077990281
  0.54262311253698114  0.54800308501126949  0.55366275109167828  0.55927822165010677
  0.56498007694801766  0.57096202566830601  0.57644820654783846  0.58178922483061968
  0.58722430839163031  0.59295142329942341  0.59878486404598341  0.60449034462229745
  0.61045337805882915  0.61653238993968285  0.62271330703815830  0.62908907312686602
  0.63530391046938361  0.64171766084058857  0.64788874643825856  0.65428151741338048
  0.66036377448563066  0.66670173603692018  0.67256064643431812  0.67920854665774277
  0.68615325443779218  0.69349259748189118  0.70145135914620316  0.70844544094854822
  0.71570239628156707  0.72288942200650519  0.73155692640692371  0.74096499210568334
  0.75096251519852464  0.76303789908516140  0.77555263098200544  0.78791610950587521
  0.80033717674859239  0.82170654086052286  0.89568276865337793  1.00000000000000000
   2.8650450368895242E-005  -1.0000000000000000     
 F F F F F F F F F F F F F F F F F F F F F F F F F F F F F F F F F F F F F F F F F F F F F F F F F F F F F F F F F F F F F F F F F F F F F F F F F F F F F F F F F F F F F F F F F F F F F F F F F F F F F F F F F F F F F F F F F F F F F F F F F F F F F F F F F F F F F F F F F F F F F F F F F F F F F F F F F F F F F F F F F F F F F F F F F F F F F F F F F F F F F F F F F F F F F F F F F F F F F F F F F F F F F F F F F F F F F F F F F F F F F F F F F F F F F F F F F F F F F F F F F F F F F F F F F F F F F F F F
  <DiscreteSampler_grid>
  grouped_processes
  1 # 1 for a reference and 2 for a running grid.
  10 # Attribute 'min_bin_probing_points' of the grid.
  1 # Attribute 'grid_mode' of the grid. 1=='default',2=='initialization'
  0.0000000000000000 # Attribute 'small_contrib_threshold' of the grid.
  0.5000000000000000 # Attribute 'damping_power' of the grid.
 # binID   n_entries weight   weight_sqr   abs_weight
    10   10   6.165506288779241E+000   2.860035806079459E+002   6.165506288779241E+000
    16   10   8.773402298679963E-001   2.460236669658534E+000   8.773402298679963E-001
  </DiscreteSampler_grid>
