  0.00319936396150975  0.01218824167280415  0.02301447731078532  0.03367405519481412
  0.04486317175911893  0.05502381030470414  0.06495308483292496  0.07425925349744648
  0.08348650106532059  0.09236078026841185  0.10100314248134519  0.11000837326991515
  0.11971432977208581  0.12965746286636903  0.13917623619025243  0.14889907094824570
  0.15867559039221810  0.16924824125566842  0.18061942616452453  0.19072029651527245
  0.19974127630242011  0.20943050386490414  0.21897904376039240  0.22849302493968887
  0.23728572380250298  0.24598917932507855  0.25573854444168692  0.26768328316662138
  0.28022360002054658  0.29106642895073842  0.30109176944133209  0.31113074210360903
  0.32169756688873735  0.33214861885417984  0.34244446788380711  0.35300816772431504
  0.36341583941765138  0.37266895613129331  0.38261227886872728  0.39292985135257497
  0.40390088793940643  0.41491106022039886  0.42479833491642621  0.43475991571275274
  0.44513431310306883  0.45854104187720918  0.47294883294200496  0.48647899324750438
  0.49932679755179049  0.51294916417987257  0.52733006558294149  0.54140397649835281
  0.55345679373653733  0.56483401857232429  0.57460107253558423  0.58399505757727932
  0.59339904917854269  0.60290974478929182  0.61239872145462426  0.62119002236956922
  0.63052712954130385  0.63893672065837892  0.64761933683305439  0.65618820164153135
  0.66541896360754227  0.67496833591954986  0.68523455968469860  0.69591345455397513
  0.70726141091894368  0.71824850589446476  0.72873568651585052  0.73886535155546640
  0.74940276360946090  0.76065351701975070  0.77256415327728922  0.78241292126938000
  0.79109162171551961  0.79967222544905403  0.80857706490715142  0.81791127374868411
  0.82695981737856550  0.83559419273361590  0.84506622153131716  0.85576672844129553
  0.86648157541387139  0.87698905945966199  0.88798393847453061  0.90076719588276677
  0.91441964264855646  0.92679422058225758  0.93790191574802584  0.94904703211664554
  0.96091275383194064  0.97437125245174616  0.98700348162414731  1.00000000000000000
  0.00004587784796195  0.00006531725299410  0.00007927499110521  0.00008946039446015
  0.00009892077289279  0.00010816985430059  0.00011723873903986  0.00012662034943624
  0.00013665689933565  0.00014721985304583  0.00015795978712360  0.00016794766594018
  0.00017751913025138  0.00018718002765824  0.00019793049905278  0.00020992425525246
  0.00022229482115097  0.00023481897428113  0.00024809720730200  0.00026169694236645
  0.00027566772020781  0.00028899536718827  0.00030230534327146  0.00031568095360603
  0.00032940988649186  0.00034388229411510  0.00035854925461799  0.00037408384833725
  0.00039263724870451  0.00041313273704336  0.00043550821905518  0.00045972333873046
  0.00048451480617625  0.00050912296339172  0.00053394931810003  0.00056016486871328
  0.00058622960037188  0.00061287343560306  0.00063851353267162  0.00066094070195101
  0.00068441190307171  0.00070875997872893  0.00073701230534398  0.00076912117457994
  0.00080597647258107  0.00084659857646101  0.00088523495556664  0.00092250420732129
  0.00096162748319705  0.00100073487913528  0.00103889052984264  0.00107446576477551
  0.00110692509197180  0.00114144771771304  0.00117837088945376  0.00121906894203550
  0.00127441674738431  0.00133865313123892  0.00142609428930118  0.00151228769470390
  0.00158785173306526  0.00165555560685319  0.00172215072277113  0.00178676605268924
  0.00186883347248670  0.00196472552886897  0.00205255673604163  0.00213232017576012
  0.00220956697928239  0.00227376644956803  0.00235432957082214  0.00244228960318998
  0.00256502366384702  0.00273603453608543  0.00294536541446429  0.00316239289455108
  0.00335061323027134  0.00355931215838150  0.00379240348799490  0.00401855555024952
  0.00425963986549634  0.00448600697781618  0.00472965099098683  0.00502428660531581
  0.00537538812614460  0.00569871871292179  0.00600200879352881  0.00636776294994151
  0.00670743000798320  0.00701244659996418  0.00736005001363650  0.00774537589295887
  0.00840883332063844  0.01097717954474018  0.02132405727467041  1.00000000000000000
  0.00329145241866884  0.01621969713962903  0.02954507137570526  0.04214972413296732
  0.05457299238768894  0.06679201720520740  0.07846972186194333  0.08992862555968793
  0.10143961370240492  0.11301192687962715  0.12344005088337598  0.13189884982418240
  0.14055148703209047  0.14847187303811837  0.15944432747077933  0.17076062837210695
  0.18157204487432160  0.19026590754094616  0.19800719050171114  0.20616648285001091
  0.21621313929056690  0.22872624725420140  0.24041570590426423  0.25268176539733245
  0.26349292098578059  0.27376941966990243  0.28409193728242171  0.29462249150385800
  0.30506906682847995  0.31621187970936676  0.32781601315429743  0.33912511844649046
  0.35125891380845015  0.36289699308517509  0.37494801427060265  0.38686159866101183
  0.39805176314741941  0.40897153306808998  0.42024001093714353  0.43144255535391085
  0.44202990182820107  0.45201788510300339  0.46330955636483245  0.47552746012968272
  0.48906198573057752  0.50165325544685391  0.51445068293220941  0.52639838120169891
  0.53724840913335159  0.54689028039202126  0.55644650077939684  0.56590550488974922
  0.57638990899249265  0.58671367094535998  0.59810548737923208  0.61021027772187075
  0.62130993834742088  0.63209859079086217  0.64285086789173218  0.65386453108428977
  0.66619449067599423  0.67779420871474438  0.68749941779485435  0.69613541703413817
  0.70446268619609143  0.71319472912980175  0.72239252727498537  0.73202976826789146
  0.74240806094076350  0.75355522628532401  0.76582221489735380  0.77841126958513940
  0.79062339720543651  0.80154803878895797  0.81163498495644903  0.82133864827928083
  0.83089700586982262  0.83992578869012879  0.84981890379142100  0.85927651504334579
  0.86958654225072940  0.88071037785507611  0.89232872058975099  0.90319536636512265
  0.91324153994478219  0.92194051947285183  0.92930966655069225  0.93625642980916435
  0.94339773710943742  0.95206955149735628  0.96138942120605708  0.97013226421943921
  0.97878801481715494  0.98683075607552517  0.99203047435455871  1.00000000000000000
  0.00003939239966125  0.00005882923419469  0.00007519780798870  0.00008969294793317
  0.00010353703764278  0.00011622572079387  0.00012910929821050  0.00014162804533569
  0.00015465976301716  0.00016839876339244  0.00018211905812428  0.00019614692018488
  0.00021135889386599  0.00022772203070645  0.00024474899350710  0.00026207618804983
  0.00027816081823085  0.00029381172111620  0.00031043909710262  0.00032820316579717
  0.00035022414296615  0.00037193903045504  0.00039453448479536  0.00041805391922340
  0.00043992179822685  0.00046367872745251  0.00048749142568135  0.00051153937658692
  0.00053470645467262  0.00056007339213578  0.00058835256313975  0.00061941900354747
  0.00065358045801678  0.00068695066335052  0.00072106807613939  0.00075637952277541
  0.00079324734141058  0.00083602146873580  0.00087892247644860  0.00092853116893611
  0.00097541851442634  0.00102358990491898  0.00106733558973110  0.00111019849482663
  0.00115471647725102  0.00119886046166461  0.00124579634906252  0.00128940453322422
  0.00132896800505472  0.00136611540108900  0.00140430841019069  0.00144452198763975
  0.00149220501759743  0.00155404722933966  0.00162616125917969  0.00169771312469819
  0.00176553160480921  0.00183459988246925  0.00191226946610751  0.00200338103750119
  0.00210227844228083  0.00220236275917916  0.00231038766974098  0.00243691015599975
  0.00253912251485011  0.00262522286586186  0.00272121096991302  0.00281565450634692
  0.00290747090179944  0.00303148301763411  0.00316860124291170  0.00330898772397833
  0.00351305400509449  0.00373218695153018  0.00387068599875717  0.00401067666860001
  0.00419887632906830  0.00439863587358736  0.00459711872588494  0.00481485687633640
  0.00504962683381900  0.00528760007524395  0.00550383918848823  0.00574110425817811
  0.00609190762393857  0.00659419249454113  0.00752046142310525  0.00908814866554628
  0.01149600875250517  0.01389795051710266  0.01748436568547429  0.02143023127483141
  0.02483419011382912  0.02857548041942343  0.06466370504440139  1.00000000000000000
 -0.00273466513359271  0.00857910529819517  0.01884694302752321  0.02939622168183118
  0.04178543080561934  0.05554712950475870  0.06875489518088326  0.08155231478791572
  0.09542696381100883  0.10893695302964479  0.12056433837237752  0.13153986405765847
  0.14326117026310192  0.15639445142237499  0.16871448644018300  0.18164095241037728
  0.19375737254550293  0.20530795601110699  0.21494462379880055  0.22387768039698391
  0.23323806386110721  0.24334165664539487  0.25380748749513199  0.26443546243346211
  0.27523514162810209  0.28732734291593554  0.29880180090703778  0.30902883273913778
  0.31855239116013351  0.32610402286419260  0.33420782167836022  0.34197916853633037
  0.35012287158782268  0.35903701113963449  0.36929680708444612  0.37896144433421547
  0.38794732974041662  0.39683717659010476  0.40591197414066443  0.41526256363030822
  0.42373632047742404  0.43146886134048096  0.43915736500506669  0.44715952785005642
  0.45613754361709269  0.46535249161283582  0.47446236317366514  0.48404896860155677
  0.49399473214092510  0.50393212314821667  0.51337822798740118  0.52235376224005059
  0.53244543112294873  0.54348557084817217  0.55429624294497837  0.56474724742564641
  0.57510778663219886  0.58612875928384900  0.59722538528729485  0.60798239310148927
  0.61852314410034392  0.62905512009134468  0.63985373709253257  0.65051956914869713
  0.66120191665313843  0.67070068482942946  0.67991882628125277  0.68912469774659857
  0.69795485446159589  0.70633051898270438  0.71389341404374917  0.72131112833325239
  0.72930682484633180  0.74096835783889003  0.75154631405745242  0.76366522645349788
  0.77385389016224060  0.78288284337287672  0.79174902010755988  0.80097492296787076
  0.81164407226002155  0.82159070812025048  0.83168039099779689  0.84257863863540006
  0.85431776622772648  0.86715914098899360  0.88129400676350766  0.89656372821251362
  0.91243689639204473  0.92886570172139882  0.94250341338988652  0.95278834415442670
  0.96309749272856482  0.97296964051549262  0.98665347560798244  1.00000000000000000
 -0.00244769518699469  0.00932139303354032  0.01989472796996467  0.03248718401562577
  0.04629105401891379  0.05809613175244546  0.06941902493203214  0.08134295249344332
  0.09297828441318493  0.10460654119451322  0.11464915336336749  0.12540469166359097
  0.13597764888222011  0.14615112422397425  0.15422818453597234  0.16201863275554704
  0.16967669851829872  0.17709093014323948  0.18633374386982940  0.19683651905911387
  0.20824044790024354  0.21923618366011155  0.22875953236009236  0.23807921699953050
  0.24763712175834215  0.25688512526719826  0.26546875570026107  0.27548204161161988
  0.28701872149071334  0.29932342512639931  0.31211550623366319  0.32442196994820705
  0.33601291095822172  0.34697559788966725  0.35747689970524976  0.36884964336936160
  0.37924862092481149  0.38883594976755476  0.39904913774833811  0.40943726977168365
  0.42013951314880943  0.43086147637164801  0.44076466759219807  0.44994347747997515
  0.45936753940762359  0.46900422985609708  0.47812478498289512  0.48659898290372039
  0.49489395421649318  0.50537084306266078  0.51725747052274407  0.52879521564162313
  0.53971583757795782  0.55017217338050506  0.56057503579489765  0.57127922205772919
  0.58207372032488114  0.59327311330325039  0.60534302329305889  0.61670239297826124
  0.62757682900315059  0.63897374574274579  0.65119696076207745  0.66315314161689287
  0.67403524780664714  0.68375026460318133  0.69255686275238426  0.70132616365338840
  0.71026636288013001  0.71952311343936370  0.73022155546500400  0.74245827209443083
  0.75573260905987028  0.76869097261410013  0.78066373214155660  0.79203324612569481
  0.80326922778466381  0.81434111455507330  0.82495866217268243  0.83504649857449820
  0.84634903261363303  0.85746530308613045  0.86786645456759226  0.87764032654728552
  0.88683597247205559  0.89604517583278576  0.90471640945191234  0.91344626897345482
  0.92345027489900045  0.93432278975037453  0.94482273002285422  0.95469545004422340
  0.96467341301397214  0.97496000482566225  0.98744287865252967  1.00000000000000000
 -0.00124285683757305  0.00406937530207694  0.01031102167251860  0.01638272172327274
  0.02532139790776821  0.03462120299926669  0.04261081324936464  0.05079012976574776
  0.05934310495665789  0.06862913660481322  0.07883370850099369  0.08864709353177121
  0.09883725042904629  0.11025728993297880  0.12288117447388337  0.13559532216558318
  0.14719509549177692  0.15920850921317259  0.17042233768693685  0.18207070865897096
  0.19262216421833300  0.20372311236656523  0.21508797663148088  0.22567217626999148
  0.23621068307311244  0.24685521476981212  0.25776217594224443  0.26948250924659817
  0.28200269862168481  0.29531546362838057  0.30848032090026556  0.32046597185277997
  0.33200189440702543  0.34334208974963926  0.35467586631479642  0.36636407682689548
  0.37869539040453604  0.39323533469018862  0.40743037606329063  0.41888379977160223
  0.42910300116143080  0.43868349172670124  0.44922716789472961  0.46083117658053607
  0.47227125901453287  0.48459437326621152  0.49777954203122565  0.50787344541081725
  0.51833797933934767  0.52857574129850560  0.54047414630960466  0.55097513421087585
  0.56031513567284863  0.56895605602965427  0.57666467499910490  0.58542770438615555
  0.59337964021332590  0.60234413694819700  0.61148678492456432  0.62072379814537981
  0.63143615436684686  0.64303678172526324  0.65637043526844963  0.66935407282949755
  0.68164635531754825  0.69312060723998292  0.70379188819317628  0.71432333271226034
  0.72513969794088251  0.73644246846074990  0.74751341946473504  0.75813912449501530
  0.76885344419602974  0.78000761140346775  0.79167581448159485  0.80122606202308666
  0.81008599117443369  0.81876794731031788  0.82826010176967435  0.83922581344909941
  0.85163013538184074  0.86467949952770506  0.87377597843950472  0.88305551382868774
  0.89142383103882605  0.90183823585867140  0.91231980659804468  0.92341082882944414
  0.93499981818372457  0.94566338019422136  0.95540305747606857  0.96462215014503694
  0.97345068695937587  0.98214247644282582  0.99090610831189507  1.00000000000000000
 -0.00246329673073848  0.01146258787395647  0.02362421039155281  0.03396447342594289
  0.04181473013868645  0.04959845902670266  0.05782268438453245  0.06723442470379570
  0.07812239705791447  0.08861451953435341  0.09867080622371760  0.10864809642048544
  0.11871556841429287  0.12857742921540619  0.13881452271953679  0.15099257978061326
  0.16477801725913463  0.17677199334438673  0.18759785945195478  0.19811372403628347
  0.20908996378623557  0.21977778967795028  0.23127515755912090  0.24434627392592734
  0.25580006146128170  0.26805739309354654  0.28035386684684160  0.29340295937605443
  0.30797638838586677  0.32161837676131161  0.33416473889142800  0.34503837193426190
  0.35610212715586798  0.36641268575411534  0.37883052507113496  0.38981054195221648
  0.40067960419801635  0.41051498364415978  0.41987444236170385  0.42824981451106436
  0.43559033106173545  0.44351223162679965  0.45082266170443863  0.45762385303522873
  0.46519200135969069  0.47498502327228098  0.48550466932466285  0.49709049387095350
  0.50868856532119444  0.51892888674282012  0.52860939892020042  0.53826978645244061
  0.54869184765576773  0.56104392445850682  0.57377889450745223  0.58643690804827320
  0.59828804055170215  0.60987435378887300  0.62163610563690630  0.63501748820892334
  0.64835517736673609  0.66064035709261681  0.67316826194706114  0.68402981375925043
  0.69439614084452150  0.70424746175160768  0.71487696481109886  0.72491194993269792
  0.73481369994243173  0.74508577796100661  0.75595783022310614  0.76789966951159327
  0.77948894674852742  0.79150259420813962  0.80072039070083956  0.80909109833807669
  0.81710054318369540  0.82635043856311230  0.83652695096240970  0.84638689809785961
  0.85573446388899643  0.86433153930822193  0.87192561069674068  0.88015979236364894
  0.88847777982049159  0.89749911358443446  0.90665524963804800  0.91551561429167361
  0.92451549263049748  0.93391396569217289  0.94490487113692534  0.95772020210231712
  0.96975677788070369  0.98059979582336776  0.99078575174606232  1.00000000000000000
 -0.00175902549588213  0.00749271050411784  0.01676498538201152  0.02695025019955508
  0.03806376586393186  0.04858891945989532  0.05911877779445719  0.06987133842343980
  0.07956454336407461  0.08896961905214575  0.09779654015053420  0.10701322794515121
  0.11562779088133709  0.12392852123866890  0.13147889834516027  0.13831762344643003
  0.14595536776406146  0.15573698682736992  0.16423201086093597  0.17259810346161952
  0.18156945467506536  0.19074017670241039  0.20028101880614868  0.20970012115551698
  0.21886834251922507  0.22828155974027042  0.23860212669350925  0.24989162407213775
  0.26159151067953917  0.27314016022764998  0.28290995096887789  0.29217412706998575
  0.30136074615191560  0.31138514895043429  0.32192333023503850  0.33273193309278520
  0.34369521573140238  0.35403177258833013  0.36363990954746733  0.37274072612191461
  0.38228658391748410  0.39168762729497386  0.40150425937574846  0.41013023137865717
  0.41942837652171361  0.42948492288509971  0.44106330442797409  0.45173531739234873
  0.46264169988381360  0.47407765865778351  0.48609652951243171  0.49771944218583464
  0.50799721995209313  0.51842638243724160  0.53060434731463069  0.54325280535176168
  0.55665416350987318  0.56988257522088204  0.58275116706815888  0.59490235399664237
  0.60661250756926310  0.61778153203070463  0.62915626194802365  0.64121934787603818
  0.65371887599634559  0.66786425601704336  0.68246749078899771  0.69543474380880976
  0.70730813771041401  0.71629628953603275  0.72460819424604672  0.73258398925614265
  0.74128780124278759  0.75155470645860967  0.76294964154239475  0.77436173233202676
  0.78573587370370601  0.79676381884736536  0.80748933023284630  0.81825287952196024
  0.82919092362430780  0.84047976556534887  0.85126552855002424  0.86212599521455002
  0.87336087678042296  0.88400711330873183  0.89383400897815390  0.90393900734334198
  0.91454293347952320  0.92687436676642665  0.93959323560982555  0.95206796422045203
  0.96415799922678680  0.97600491592085414  0.98748758944502790  1.00000000000000000
 -0.00248445190697763  0.01037254482648531  0.02038579749417429  0.03023442939825136
  0.04137084821410841  0.05406963116044552  0.06528058528851152  0.07547086214636958
  0.08418560229569075  0.09281568930286534  0.10165111036826600  0.11188672003074850
  0.12148113827037214  0.13073133959440197  0.13969536134822430  0.15004863339976390
  0.16042530044344988  0.17022501449617175  0.17893448068522816  0.18810167261310795
  0.19616897554138146  0.20541923272488213  0.21510281117024582  0.22562390384086611
  0.23675225920967813  0.24712979695880632  0.25764344987702720  0.26857309819024838
  0.27969915902380715  0.29028570878626181  0.29951147372801140  0.30833522868392343
  0.31827740360490953  0.32932430350737507  0.34123079712779003  0.35291441090429332
  0.36403386204220028  0.37447342556097413  0.38456879865687538  0.39539770378620476
  0.40600691249982007  0.41762853313136417  0.42939664476202394  0.44138089305343303
  0.45249100745403759  0.46311551529016376  0.47344124359757672  0.48490143481664144
  0.49726043959497163  0.50998018578878812  0.52238817943288729  0.53400591598458158
  0.54494794468566221  0.55584239611208142  0.56635386042495817  0.57556882500628959
  0.58452390004894172  0.59430588185664657  0.60456972253841745  0.61578689989736080
  0.62850180830262670  0.64197371172525508  0.65503151881023969  0.66681167982669398
  0.67760026803371443  0.68773402483136215  0.69743202355373857  0.70737697261640353
  0.71713501944845126  0.72750184529534379  0.73646807788995805  0.74583509253569835
  0.75270926134818661  0.76018044888380121  0.76788182893991708  0.77670993922518894
  0.78579431327420879  0.79423773327684632  0.80308415554779988  0.81356676826559327
  0.82673211290720228  0.83990426853615918  0.85209276074629203  0.86411901204658881
  0.87621966728090817  0.88762119962797648  0.89933902331539439  0.90996538071669597
  0.92068280230893984  0.93162685577961579  0.94295719649369836  0.95488514602159080
  0.96692726089445535  0.97839644254724567  0.98920438961025092  1.00000000000000000
 -0.00297197688963472  0.01024521006333509  0.02192791188178143  0.03254400485324278
  0.04352204084168639  0.05394277740148175  0.06420315834674431  0.07487860434520055
  0.08528955376532654  0.09563642793388064  0.10491980778577682  0.11520896657062989
  0.12468882829528558  0.13609517473060737  0.14794408851539220  0.15908577619025885
  0.16843394090256347  0.17779700069512802  0.18705705335367337  0.19616406737686734
  0.20476995975774706  0.21356389357556652  0.22291476165104862  0.23230736746042396
  0.24238810919674139  0.25136149538313340  0.26144792464987365  0.27190203841008143
  0.28387230990811563  0.29326111032426833  0.30234487596532694  0.31187804135526548
  0.32367701559900092  0.33570859305286754  0.34676108696868319  0.35752380690741375
  0.36812108043781705  0.37886705294981415  0.38911703318942348  0.39977668023016499
  0.40973801660438125  0.41957428103544053  0.43033656857598374  0.44013624341681973
  0.45104081625420878  0.46155023074423773  0.47145795739690877  0.48209203039076348
  0.49263728708543253  0.50276965528884754  0.51299193103005813  0.52320067058909803
  0.53276676546636137  0.54184614763059702  0.55111145350140767  0.56210431584664045
  0.57412296547270325  0.58757117194530406  0.60068590298367974  0.61178751657214692
  0.62270007842327657  0.63283918953345031  0.64385866222692734  0.65527733778281028
  0.66681921971784841  0.67815986279119855  0.68871969256808352  0.69945767052241370
  0.71068401859382568  0.72237528857494082  0.73421710930123596  0.74566491499168597
  0.75670306331122283  0.76726206021021015  0.77735501648557215  0.78782943869276001
  0.79867606671832214  0.81093141706782212  0.82512737642096956  0.83928988250419534
  0.85190665850699554  0.86273929672696326  0.87250984608414928  0.88252457490037362
  0.89265485989414761  0.90290647492337983  0.91300483027765400  0.92260780155050837
  0.93222487360166284  0.94172326705003973  0.95124138578183159  0.96065179869588635
  0.96902107891214806  0.97757205287170779  0.98783376541622991  1.00000000000000000
 -0.00305767655106534  0.01172474715696063  0.02316823814079637  0.03365984131237833
  0.04564231485193866  0.05777301760432758  0.06934690402877465  0.07873736969892665
  0.08739208194440479  0.09729732553311435  0.10817726950907608  0.11970364200599934
  0.13163296762726281  0.14330710313079820  0.15450548223324267  0.16514335706929639
  0.17606797060531612  0.18712263798427534  0.19722245341743966  0.20728867228982770
  0.21713216904902993  0.22731566163799230  0.23712323164420376  0.24646255229042852
  0.25631454947517723  0.26649552224681539  0.27645773796388340  0.28587519291267294
  0.29558788706771816  0.30583447359697369  0.31621759000142818  0.32872560441864634
  0.34106161286968267  0.35297818196970765  0.36502287277679130  0.37765535393938043
  0.39074858534939971  0.40299436052289717  0.41459848392046911  0.42611139552966104
  0.43678637084291611  0.44796879659440747  0.45764027320855033  0.46732716348282222
  0.47688617879451589  0.48655558059386123  0.49678716105648718  0.50825752843213345
  0.52066482418727178  0.53369883455881362  0.54637387282522554  0.55818602059929912
  0.56942479832479209  0.57901582372084515  0.58818002810877057  0.59700998810562367
  0.60610878744228358  0.61486176741618370  0.62477839144723690  0.63493640949961172
  0.64452729785556340  0.65321011274713381  0.66204267180580356  0.67141226090917128
  0.68148200590494790  0.68947393832069026  0.69744011707221876  0.70556699256918032
  0.71443626332637200  0.72501604900418404  0.73549581293752397  0.74610364705031396
  0.75760900856189617  0.77103423485648348  0.78534621462939058  0.79858999092477601
  0.81072856977086805  0.82184870182042313  0.83255483877070802  0.84368566931979871
  0.85445101828665171  0.86517917167794922  0.87487823141493071  0.88571313000544016
  0.89612869386191396  0.90700656922676204  0.91729768159710823  0.92702327277766861
  0.93547192330081252  0.94359845585450852  0.95179084870955899  0.96037438402330622
  0.96916425982688581  0.97786334638469163  0.98910255459168883  1.00000000000000000
 -0.00102658325381587  0.00409973885998545  0.00952312719042198  0.01457687201193119
  0.02164983863187130  0.02960890294664307  0.03811163283589319  0.04701114683826015
  0.05613690774024678  0.06579589734154555  0.07582744609997646  0.08488665512419682
  0.09400876301120596  0.10312253417530111  0.11309001498708801  0.12340938448913177
  0.13346004891774299  0.14368338375686748  0.15369745372506541  0.16498616978979119
  0.17740169215861656  0.19162519362058605  0.20413786619367047  0.21640815849550782
  0.22820679378101688  0.23892699570431081  0.24896866491554817  0.25932401853031278
  0.26956530515450566  0.28205117104629168  0.29454538043572637  0.30675267758037428
  0.31848174209118169  0.33030454085680039  0.34016849525962184  0.34930908704889913
  0.35897756067613440  0.36974278197037586  0.38143567179349724  0.39357446856040190
  0.40659645737222638  0.41941044796599208  0.43216859588932960  0.44373008294378558
  0.45386605453495099  0.46442268353429855  0.47647397211869236  0.49055939449405972
  0.50611771418440510  0.51999834278939350  0.53204282635091094  0.54268160488318917
  0.55226560443713468  0.56283533890336013  0.57375501387140104  0.58465181636578567
  0.59509527611625779  0.60481521089114576  0.61462381218145357  0.62519753660490818
  0.63779208629929895  0.65081302603157909  0.66380129510480945  0.67673668536156939
  0.68915782528290259  0.69960981332021555  0.71052413879263188  0.72144988528724563
  0.73294920665482888  0.74467668812551913  0.75615502853436345  0.76810347905481624
  0.77915375008351617  0.78970576846757201  0.80152998888817240  0.81361252236840564
  0.82542280231400433  0.83668562138668434  0.84813222734665306  0.85752871389780549
  0.86763576915587515  0.87767482152357446  0.88755194604997878  0.89891544931535605
  0.90808454607552114  0.91719439179636975  0.92670520145997959  0.93672106890355178
  0.94549252146397134  0.95369581196492104  0.96088165475324594  0.96870638641006801
  0.97669740332936894  0.98443460518093873  0.99244360665731690  1.00000000000000000
 -0.00368726534430351  0.01231113894436615  0.02577471484049865  0.03953966190683521
  0.05322911559419281  0.06448934760667585  0.07444386971403412  0.08340076201821588
  0.09191841249971659  0.10056725230347109  0.10921658057237044  0.11853020154706526
  0.12915011470325044  0.13927738574097662  0.14961005238645519  0.16151343662429804
  0.17165811612398738  0.18175883464533793  0.19223452127552104  0.20495731319869925
  0.21754956778536025  0.23028601118103692  0.24372743519311590  0.25813511396927807
  0.27197810947739254  0.28440625054732299  0.29504789066117437  0.30464340088406350
  0.31430955016690737  0.32512040930004726  0.33557743189405503  0.34493000871448670
  0.35405516469869674  0.36189958595955152  0.37254639043979781  0.38343624839394752
  0.39320086869229776  0.40262661980078757  0.41210691430374313  0.42357166684978009
  0.43605396525435619  0.44938124722452727  0.46233080432863283  0.47533076958696513
  0.48759677686811670  0.49887648312313104  0.50866738819861190  0.51741351306134953
  0.52617577822918304  0.53617094883276839  0.54703483098249550  0.55744687351212507
  0.56765154584727562  0.57747024016293036  0.58672043969584153  0.59522566263124277
  0.60428420036720698  0.61336163969009783  0.62226934425144276  0.63073529731316491
  0.63928328006408008  0.64933315590157703  0.66099996441197517  0.67096584999195485
  0.67898130433854909  0.68809798981934467  0.69764157529118354  0.70738797648342933
  0.71688216623575662  0.72666530233421289  0.73802178697298981  0.74962562108567388
  0.76219549450767743  0.77343238407286519  0.78467083287374984  0.79525920483125978
  0.80705361560182798  0.81935692733478072  0.83072604422768503  0.84138559768750032
  0.85088618643276392  0.85989635964304501  0.86840426068207555  0.87784739915172438
  0.88779636502613279  0.89830837433652999  0.90815259460282005  0.91819270162883038
  0.92922393078507959  0.94099681206435026  0.95203645204162857  0.96193278814342298
  0.97080322152301812  0.97964271353558896  0.98911216976936067  1.00000000000000000
  0.52983971925527529  0.66058629715605466  0.68272065284513783  0.70031535026448788
  0.71549977993874103  0.72988812799296288  0.74118738491914016  0.75088210378297826
  0.75968236494481056  0.76837653442179743  0.77686975320836249  0.78534374658909012
  0.79314368503063026  0.79973493631905568  0.80575724497091283  0.81155781092134716
  0.81738652543321377  0.82291192091281551  0.82811863321236301  0.83303111804504337
  0.83766728616787389  0.84185035049601187  0.84587097060643157  0.84994676228195798
  0.85462336613440459  0.85829309474855930  0.86192512448059078  0.86532646648087774
  0.86863873397709845  0.87188979966291669  0.87528446204900556  0.87878369682843516
  0.88221680966912586  0.88561111464881204  0.88880396063845157  0.89199159724064891
  0.89515074531221284  0.89820555794393420  0.90085919855327923  0.90313842759688834
  0.90526972422172847  0.90730093741203321  0.90934561129723845  0.91136868663998238
  0.91346854584943993  0.91568832641169973  0.91795124286038576  0.92010508561148363
  0.92226204517181387  0.92439704758322827  0.92653645075026081  0.92851938140688961
  0.93046419614657216  0.93251841634277433  0.93466787115582717  0.93679497448570292
  0.93880972892726844  0.94060096153307127  0.94231908662171970  0.94400489149206035
  0.94561248166747036  0.94720477443822881  0.94875426524051065  0.95022594949914851
  0.95164415031881655  0.95299701462262487  0.95435101401934974  0.95579623309775663
  0.95726883362366466  0.95882884927085432  0.96044482437620038  0.96208724190589379
  0.96373683823181300  0.96536778724540995  0.96693759410111080  0.96847467252532193
  0.97009508575749070  0.97180118525206527  0.97346711775337724  0.97509746297525357
  0.97667173466385271  0.97834985766077387  0.97986199887918346  0.98124737011652274
  0.98257387807221352  0.98388418799654453  0.98503905362071675  0.98624649049355184
  0.98750501462494855  0.98878667700658329  0.99014247430439806  0.99158486447760952
  0.99302684201013691  0.99469165659943293  0.99674661913894158  1.00000000000000000
  0.00005636270185086  0.15910071120339084  0.20630160841613004  0.23146790184912758
  0.25064369562394379  0.26917709534916801  0.28796836037314127  0.30439020503641079
  0.32013026424456231  0.33511621687400095  0.34835306480574529  0.36012244079327810
  0.37071490147929115  0.38185410597819908  0.39207467667276985  0.40126611930669814
  0.40934308496117422  0.41747959275125646  0.42591807673252197  0.43480421189075913
  0.44327102608085311  0.45145453816380043  0.45909303646787242  0.46665622394018919
  0.47384369816931843  0.48036737546332581  0.48725998912288043  0.49391405009380135
  0.50064359434550754  0.50612949751742120  0.51082753330919961  0.51528964553059753
  0.52005268072246125  0.52559906963175096  0.53202644042428371  0.53843085399093904
  0.54423024826192035  0.54965889542861013  0.55480810344831999  0.55997166908995732
  0.56536351310022304  0.57073708396915013  0.57668770232811617  0.58221133227248434
  0.58822742742825784  0.59461186768117880  0.60098798891383054  0.60728801232071550
  0.61347809750498439  0.61991447973413938  0.62554412928758329  0.63053094477364002
  0.63532544135426194  0.64024351169949401  0.64580793709098927  0.65174985642103933
  0.65741322814035186  0.66292497277733109  0.66819151931332299  0.67333757189123999
  0.67773078020055122  0.68175961444960753  0.68578589251581701  0.69027108453744590
  0.69505616057188546  0.70009260576080068  0.70543918062495292  0.70987221625296582
  0.71401053864471176  0.71801830313630122  0.72168338451855152  0.72603545189093555
  0.73079146829564068  0.73564920166082892  0.74072475310699282  0.74620989221651157
  0.75176773818844711  0.75734574096336149  0.76271767632371135  0.76818016082210694
  0.77475728737467942  0.78181986122933300  0.78882654479159997  0.79521978144310468
  0.80153770603864449  0.80843887821308758  0.81668839663448611  0.82676733802135782
  0.83647284305738911  0.84598503254362079  0.85236350155867158  0.86037529143389546
  0.87059017383001425  0.88596783879187591  0.91832330058547584  1.00000000000000000
   1.1483780553631118E-010  -1.0000000000000000     
 F F F F F F F F F F F F F F F F F F F F F F F F F F F F F F F F F F F F F F F F F F F F F F F F F F F F F F F F F F F F F F F F F F F F F F F F F F F F F F F F F F F F F F F F F F F F F F F F F F F F F F F F F F F F F F F F F F F F F F F F F F F F F F F F F F F F F F F F F F F F F F F F F F F F F F F F F F F F F F F F F F F F F F F F F F F F F F F F F F F F F F F F F F F F F F F F F F F F F F F F F F F F F F F F F F F F F F F F F F F F F F F F F F F F F F F F F F F F F F F F F F F F F F F F F F F F F F F F F F F F F F F F F F F F F F F F F F F F F F F F F F F F F F F F F F F F F F F F F F F F F F F F F F F F F F F F F F F F F F F F F F F F F F F F F F F F F F F F F F F F F F F F F F F F F F F F F F F F F F F F F F F F F F F F F F F F F F F F F F F F F F F F F F F F F F F F F F F F F F F F F F F F F F F F F F F F F F F F F F F F F F F F F F F F F F F F F F F F F F F F F F F F F F F F F F F F F F F F F F F F F F F F F F F F F F F F F F F F F F F F F F F F F F F F F F F F F F F F F F F F F F F F F F F F F F F F
  <DiscreteSampler_grid>
  grouped_processes
  1 # 1 for a reference and 2 for a running grid.
  10 # Attribute 'min_bin_probing_points' of the grid.
  1 # Attribute 'grid_mode' of the grid. 1=='default',2=='initialization'
  0.0000000000000000 # Attribute 'small_contrib_threshold' of the grid.
  0.5000000000000000 # Attribute 'damping_power' of the grid.
 # binID   n_entries weight   weight_sqr   abs_weight
    169   10   7.893466591907208E-008   1.575981527865062E-014   7.893466591907208E-008
    170   10   7.893466591907205E-008   1.575981527865062E-014   7.893466591907205E-008
    172   10   7.893466591907208E-008   1.575981527865062E-014   7.893466591907208E-008
    173   10   7.893466591907205E-008   1.575981527865062E-014   7.893466591907205E-008
    175   10   2.517088944979835E-007   2.231756726345692E-013   2.517088944979835E-007
    176   10   2.517088944979834E-007   2.231756726345689E-013   2.517088944979834E-007
    178   10   2.517088944979835E-007   2.231756726345692E-013   2.517088944979835E-007
    179   10   2.517088944979834E-007   2.231756726345689E-013   2.517088944979834E-007
    223   10   8.254705210687582E-008   1.625399514445663E-014   8.254705210687582E-008
    224   10   8.254705210687581E-008   1.625399514445663E-014   8.254705210687581E-008
    226   10   8.254705210687582E-008   1.625399514445663E-014   8.254705210687582E-008
    227   10   8.254705210687581E-008   1.625399514445663E-014   8.254705210687581E-008
    229   10   1.618684857737476E-007   5.646579027993540E-014   1.618684857737476E-007
    230   10   1.618684857737476E-007   5.646579027993539E-014   1.618684857737476E-007
    232   10   1.618684857737476E-007   5.646579027993540E-014   1.618684857737476E-007
    233   10   1.618684857737476E-007   5.646579027993539E-014   1.618684857737476E-007
    304   10   1.574163597050064E-007   1.220792084909368E-013   1.574163597050064E-007
    305   10   1.574163597050065E-007   1.220792084909368E-013   1.574163597050065E-007
    307   10   1.574163597050064E-007   1.220792084909368E-013   1.574163597050064E-007
    308   10   1.574163597050065E-007   1.220792084909368E-013   1.574163597050065E-007
    310   10   2.332796700637300E-007   1.678897777008269E-013   2.332796700637300E-007
    311   10   2.332796700637300E-007   1.678897777008270E-013   2.332796700637300E-007
    313   10   2.332796700637300E-007   1.678897777008269E-013   2.332796700637300E-007
    314   10   2.332796700637300E-007   1.678897777008270E-013   2.332796700637300E-007
    358   10   4.356253144312337E-008   7.660313569509768E-015   4.356253144312337E-008
    359   10   4.356253144312334E-008   7.660313569509759E-015   4.356253144312334E-008
    361   10   4.356253144312337E-008   7.660313569509768E-015   4.356253144312337E-008
    362   10   4.356253144312334E-008   7.660313569509759E-015   4.356253144312334E-008
    364   10   2.427767816622806E-007   2.005094516239586E-013   2.427767816622806E-007
    365   10   2.427767816622804E-007   2.005094516239582E-013   2.427767816622804E-007
    367   10   2.427767816622806E-007   2.005094516239586E-013   2.427767816622806E-007
    368   10   2.427767816622804E-007   2.005094516239582E-013   2.427767816622804E-007
  </DiscreteSampler_grid>
