  0.00218450500624756  0.01718529907162071  0.02985388151912420  0.04264778307442130
  0.05404382842015739  0.06658355105736233  0.07968748788989395  0.09289064306682722
  0.10596881914538724  0.11855741369976017  0.13041063645034259  0.14252056823853601
  0.15399679372539563  0.16616537627385294  0.17665823289647009  0.18668472848017956
  0.19683523485136517  0.20697174807723648  0.21725483829983627  0.22649630071197119
  0.23489603677077550  0.24337449154233870  0.25248066569582517  0.26282855970096947
  0.27286627824181620  0.28380835101870727  0.29393293164464201  0.30402190135559803
  0.31445906010025632  0.32597878767784827  0.33822797724364811  0.34999916847020873
  0.36078293298146386  0.37127012231282164  0.38239646182474502  0.39504315162941150
  0.40924008156084257  0.42365950549588827  0.43582373893443405  0.44694209306140842
  0.45738648661909986  0.46679646356001525  0.47626464421332870  0.48695389480877443
  0.50034129806239525  0.51251982056857004  0.52434136097217598  0.53453810988295269
  0.54519282932940050  0.55420538140247821  0.56442987211039264  0.57599619388406842
  0.58628583735956752  0.59364996389925184  0.60097317116725257  0.60861728441905238
  0.61745093942490281  0.62650328741859673  0.63540874997425301  0.64443435977488717
  0.65438299946714296  0.66473072808837019  0.67486144200175657  0.68476308893003623
  0.69438370321088383  0.70380771446062640  0.71385871632091080  0.72470690752682132
  0.73618835647447245  0.74778254920894049  0.75780772370868343  0.76680540081104087
  0.77496977388627852  0.78315522686416394  0.79382405648694643  0.80374820735684871
  0.81343977714760862  0.82306478588892684  0.83282365686537618  0.84405152927208782
  0.85544102917451137  0.86577277199558322  0.87526043600683301  0.88370579546687134
  0.89173832838196243  0.89924813942824811  0.90690418433524778  0.91500690171230148
  0.92451926008745355  0.93560568470641681  0.94743210615360041  0.95977064361030795
  0.97173110341412428  0.98293798675397526  0.99252072187930929  1.00000000000000000
  0.00344645582234571  0.01207190987337204  0.02143878471838290  0.03090326131352626
  0.04104379680621460  0.05158844479650558  0.06297414309803590  0.07480078430740100
  0.08613948067364939  0.09867890064098862  0.10802790473178425  0.11679585012011585
  0.12542845346849560  0.13510162502728335  0.14538241353388848  0.15478216070417003
  0.16368339893716102  0.17174455378598280  0.17981492345110747  0.18761056869360679
  0.19646102200664453  0.20551910000422152  0.21727222803390475  0.23043981665290530
  0.24258776905536258  0.25444012481314232  0.26496109989260125  0.27460394762682622
  0.28384935858687715  0.29434588548608986  0.30641656638704429  0.31842848563009452
  0.32793157182167704  0.33746603303765088  0.34742173236094254  0.35753032244063404
  0.36722386694775616  0.37569792594659296  0.38338843544321582  0.39126724982767591
  0.40026850627538074  0.41057610177056064  0.42161457735528324  0.43211162394896668
  0.44220808401716777  0.45289359818058900  0.46249677838527470  0.47180209807902362
  0.48054991292245935  0.48894636564640437  0.49776930822785276  0.50719045915135741
  0.51764142366124022  0.52850447170547987  0.53926762923157168  0.55007563260524051
  0.56057077421367141  0.57054587742418339  0.58131065767219914  0.59203807893923899
  0.60319935630230959  0.61492298800352718  0.62694951361529150  0.63808743207573160
  0.64832591888426794  0.65920706033177834  0.67047688739300226  0.68142798709453378
  0.69234899507967351  0.70336201161579326  0.71683980198033159  0.72926313287456213
  0.74197420740889997  0.75467115837743193  0.76904394262214659  0.78176030314806622
  0.79323667648986929  0.80439950380776348  0.81412842232479266  0.82373579730008828
  0.83125278443159767  0.83876154283022863  0.84692196984101997  0.85599711319713023
  0.86646610187405260  0.87788999771547938  0.88979170295633858  0.90170095312396570
  0.91290159542340932  0.92436091490783878  0.93597929225683740  0.94781594127289548
  0.95918715999557813  0.97199417269868826  0.98517203571443179  1.00000000000000000
  0.00002878376384449  0.00004476646496523  0.00005378605605239  0.00005970897337260
  0.00006493485317690  0.00006986486349119  0.00007458910261419  0.00007902497632290
  0.00008315544832200  0.00008749325998501  0.00009197392719711  0.00009652332768112
  0.00010111961702089  0.00010580183801279  0.00011124563595539  0.00011644054048067
  0.00012150776353423  0.00012650632355989  0.00013143855395127  0.00013632694665901
  0.00014118507631384  0.00014588173484877  0.00015028074399689  0.00015536854524868
  0.00016066458097742  0.00016654970599289  0.00017399211145980  0.00018253142318962
  0.00019078311612956  0.00019916812855231  0.00020771338144050  0.00021641555635560
  0.00022587418480201  0.00023539551300577  0.00024416249566941  0.00025313758614615
  0.00026283578364624  0.00027277143870735  0.00028275725142033  0.00029400249155309
  0.00030630435586585  0.00031944664006694  0.00033375002404676  0.00034813401885460
  0.00036289005273563  0.00037842439778051  0.00039467231748751  0.00041190879506280
  0.00042901960485496  0.00044673101915210  0.00046624344552727  0.00048546776171106
  0.00051126332831191  0.00053471133136818  0.00056120916196467  0.00058787616207883
  0.00061400237379677  0.00064209886228544  0.00067158438743770  0.00070443656955953
  0.00074238634350002  0.00078299187543180  0.00081748826651469  0.00085356573481636
  0.00089015523634455  0.00093583535140222  0.00098348453797015  0.00103486375167030
  0.00109719604428499  0.00117239892340945  0.00125905075443504  0.00135133126398760
  0.00144219870569013  0.00154368577986216  0.00165292288178391  0.00177184055712974
  0.00192272328906832  0.00207729381820971  0.00220065836081377  0.00232189517720108
  0.00247662450383164  0.00266958794028205  0.00285304369144588  0.00306092390704064
  0.00331533750709035  0.00357760365103256  0.00386965852224616  0.00418988108154867
  0.00460762842800663  0.00549310778312830  0.00717481891618324  0.00947778687921006
  0.01195587602307612  0.01630710950808436  0.08231589724414674  1.00000000000000000
  0.00001066972146564  0.00001463694508581  0.00001495407203389  0.00001555820450807
  0.00001615617498914  0.00001669127669967  0.00001699208381127  0.00001720871207587
  0.00001742049406795  0.00001762282855324  0.00001780596593152  0.00001799925657832
  0.00001857803779574  0.00001931549203480  0.00001993819496596  0.00002055773457608
  0.00002107567826056  0.00002151123833228  0.00002195663136921  0.00002264823704584
  0.00002408722822857  0.00002563662907287  0.00002725920698756  0.00002862650492851
  0.00003038734000019  0.00003202850432207  0.00003358764305896  0.00003515924496978
  0.00003686750189769  0.00003868548476721  0.00004026130183977  0.00004229259973046
  0.00004464985083277  0.00004724404416399  0.00005033113696369  0.00005408060781799
  0.00005824673984082  0.00006284436154471  0.00006878580324370  0.00007583072107932
  0.00008316496037127  0.00009151293880921  0.00010126267797105  0.00011245998220624
  0.00012598834175114  0.00014223449760275  0.00016030972150938  0.00018007569261717
  0.00020133288278972  0.00022484509787971  0.00025202018959932  0.00028626106396704
  0.00032271955484072  0.00035899203977732  0.00039718414250869  0.00043853333827960
  0.00048701829984779  0.00053946509106157  0.00059301084978986  0.00064852228391949
  0.00070749116956596  0.00077058829522754  0.00083219194581228  0.00089924622208257
  0.00097267721511831  0.00105653285478028  0.00113601938399828  0.00121994302450173
  0.00131029502463665  0.00140424083755790  0.00150254921515712  0.00160621832672955
  0.00173083460905898  0.00189343641924149  0.00214503036149954  0.00247653236309105
  0.00271962293816925  0.00292348292508833  0.00312952557044910  0.00336085645550659
  0.00359824917588105  0.00379869849755639  0.00411365515603433  0.00445245511326003
  0.00471209139038368  0.00503038983576270  0.00536540919579165  0.00565873138682389
  0.00606875907033501  0.00653020052032900  0.00753173464325501  0.00904316628978527
  0.01085635692872453  0.01339397331591217  0.01692031562470969  1.00000000000000000
  0.00000903291311585  0.00001074041237048  0.00001221314508237  0.00001347267070084
  0.00001443222355410  0.00001533885109904  0.00001630654809394  0.00001733978310799
  0.00001897153408649  0.00002054078892464  0.00002232680962860  0.00002421704495517
  0.00002561261459822  0.00002690448592514  0.00002821128861863  0.00002940945124895
  0.00003059552001073  0.00003203513399902  0.00003352150999763  0.00003502452205043
  0.00003646207294084  0.00003786023371460  0.00003940287351962  0.00004091774464075
  0.00004240976338944  0.00004494718255761  0.00004808254171094  0.00005149281004802
  0.00005516969894209  0.00005880167808465  0.00006291995675839  0.00006697630448215
  0.00007120795554221  0.00007522196879153  0.00007959163019380  0.00008461121096789
  0.00009046305160272  0.00009738113683993  0.00010549141429429  0.00011462720925768
  0.00012442000495033  0.00013476441008725  0.00014580376375384  0.00015751491633104
  0.00016996311820136  0.00018285088515664  0.00019724299967176  0.00021382976777936
  0.00023257488849469  0.00025363309163744  0.00027792132595393  0.00030137672032594
  0.00032568778663155  0.00035193234507154  0.00037741822354681  0.00040474178382136
  0.00043223442857611  0.00045875859108428  0.00048710395485997  0.00051844626366357
  0.00055480761560960  0.00059298054733634  0.00063438674009905  0.00068427058665570
  0.00073665413134721  0.00079243459979372  0.00084522980880648  0.00090016947592440
  0.00096142343138902  0.00103489232903624  0.00111988267568954  0.00121340561044575
  0.00130698778744097  0.00139813874013943  0.00149718975317271  0.00161119826795104
  0.00173690528626946  0.00186848492641346  0.00200876179684493  0.00217493524671459
  0.00234581451344094  0.00252486095195468  0.00273036545867836  0.00297938874098381
  0.00328389159400310  0.00364996436088453  0.00403907126942408  0.00446564091896940
  0.00498016782440408  0.00563570551795261  0.00654059178544588  0.00761046795120782
  0.01060563568348304  0.01343747615021923  0.07232228895428236  1.00000000000000000
 -0.00304319444926272  0.01350515628909530  0.02523696962579275  0.03756890177445298
  0.04803195502584424  0.05756303882400299  0.06745429019066598  0.07602453510774622
  0.08427188549943304  0.09227632806063760  0.10066693938511755  0.10960777186485654
  0.12004761601199525  0.13037868520289567  0.14164567495856853  0.15185595265272803
  0.16075831661042828  0.16942470277922447  0.17830824910686915  0.18747170351291861
  0.19703870593878700  0.20702170879487303  0.21789566367808261  0.22937692221923786
  0.23926644759635635  0.24824837499254010  0.25604388600104383  0.26379187286892281
  0.27154083350791691  0.27885799229894481  0.28643664665124779  0.29549088954757446
  0.30559474508546552  0.31533074604843148  0.32382873199359197  0.33274149223460392
  0.34297139872735583  0.35429469721401052  0.36532972833138144  0.37634490596963843
  0.38637900516559465  0.39551958056741321  0.40455343743643973  0.41354241561142485
  0.42332089122001293  0.43410811199717120  0.44562000245652117  0.45751951632889953
  0.46942935851402467  0.48058418858291985  0.49151110643409540  0.50222442231171993
  0.51312256917542398  0.52399308753184726  0.53441229671891322  0.54485502834625099
  0.55508233830023257  0.56532628667549856  0.57627616408925675  0.58730111743981761
  0.59849636775276649  0.60935567042452643  0.61999602925590014  0.63157643881146863
  0.64375979799607763  0.65563256767861744  0.66650678489903004  0.67759496519388096
  0.68906726383923222  0.70101932779141451  0.71404694616414832  0.72496093523016558
  0.73639454915531644  0.74753431565760609  0.75959128353884009  0.77080956115249510
  0.78289465639078248  0.79328317849890817  0.80349767194042954  0.81349678267386250
  0.82408116734322434  0.83548488243386343  0.84762731148800907  0.85992730336161283
  0.87201519597162513  0.88464645905028161  0.89731680445926476  0.91011609584845965
  0.92262924371362309  0.93403989821634414  0.94403341957897202  0.95275567706157493
  0.96193253361067399  0.97299923179481362  0.98692969011031972  1.00000000000000000
 -0.00156604359039413  0.00522983248731359  0.01356476822542166  0.02221065960639180
  0.03302272816917767  0.04454614579764238  0.05594366506265464  0.06698809784140440
  0.07773735659396069  0.08853064462998766  0.09908904100818457  0.10918649995774619
  0.11892062369922410  0.12893678442359080  0.13997539116345839  0.15045489542778573
  0.16222032231086811  0.17343110215958901  0.18583527412239303  0.19514061410103173
  0.20365011430490598  0.21168550571800238  0.21942591796550945  0.22795715499293356
  0.23670966444001526  0.24594275742153884  0.25627041961162039  0.26724075312946033
  0.27931477050500469  0.29194072475234301  0.30368623687471469  0.31588246035406431
  0.32686564789461792  0.33826546201081314  0.34927574533052458  0.35958068463211040
  0.36741146840165728  0.37538281763511333  0.38461443972661669  0.39502022225815975
  0.40585724149775509  0.41794928812782839  0.43059107314331901  0.44198485727709441
  0.45159150946270199  0.46054248670922582  0.46999871311152036  0.47970598435040107
  0.48981580043496298  0.49989033517444958  0.50963422156708305  0.51963619295814534
  0.53120643453371008  0.54438740120509999  0.55710889638669137  0.56887763938927560
  0.57982433620195684  0.59106432013300081  0.60419778817976066  0.61846315956146614
  0.63148898000437748  0.64263564672062712  0.65374248077958630  0.66474458861804586
  0.67596532839020040  0.68647933720025434  0.69605137112683835  0.70631043016327366
  0.71677809148793858  0.72615844514063843  0.73476180320995199  0.74263487675537254
  0.75084513473374404  0.76047975709074245  0.77148510321757968  0.78321273383293799
  0.79441217090049709  0.80574086689315227  0.81702633247198242  0.82983335686116522
  0.84048243517546595  0.85202622517207371  0.86347679609489369  0.87473933489391620
  0.88485365782042014  0.89454322845417367  0.90481260413152609  0.91494728512484924
  0.92488366005075917  0.93482340363005390  0.94552013453409800  0.95678320762047919
  0.96767707491921762  0.97840701646121686  0.98926543986589155  1.00000000000000000
 -0.00283900977094460  0.01401652613860908  0.02753736443750530  0.04112173068793809
  0.05454471359203135  0.06865835487385227  0.08384101818826654  0.09913189910848724
  0.11419912357811918  0.12884631938758034  0.14332193314385480  0.15641860376406203
  0.16885025864298206  0.17970114642716442  0.19020148248139282  0.20056484921597501
  0.21075756357518916  0.22009853725011500  0.23007822513957954  0.24165994736070082
  0.25303927717095265  0.26321082148695019  0.27416609051506557  0.28665677988945615
  0.29907716934666684  0.31033261323302608  0.32127538758834828  0.33307698944165781
  0.34368186096641640  0.35496965360345728  0.36374215491461076  0.37366210718998338
  0.38351348343844727  0.39295854181501633  0.40177015520087289  0.40991076863930709
  0.41706272320369897  0.42472756394668637  0.43370785904158698  0.44249020664470040
  0.45286704887205076  0.46323839065283196  0.47281694090739773  0.48212166100518405
  0.49129165183452517  0.50179623594839762  0.51118572855645739  0.51907364193517769
  0.52650484195875946  0.53384392248427737  0.54177917991226332  0.55075268418860601
  0.56086834072381619  0.57244911647280428  0.58370824342183092  0.59518375541731949
  0.60618155787351347  0.61751504604280572  0.62798580029212814  0.63855860320455637
  0.64979696658479658  0.66198711330827464  0.67433372634737621  0.68595259587052348
  0.69657921212813279  0.70592700468730807  0.71472608511267743  0.72247936005472080
  0.73018514270368029  0.73793324887515788  0.74612129115103842  0.75529714403285708
  0.76530668075414932  0.77603804632582285  0.78631578802347257  0.79599732077184260
  0.80497022769765403  0.81406127088972813  0.82294563284623135  0.83208071032526787
  0.84101284531430420  0.84985643970337310  0.85887435786273358  0.86837371238853911
  0.87738449281787656  0.88688113127644308  0.89619511169840360  0.90648594778370362
  0.91668908922248060  0.93004084522470876  0.94223774489519718  0.95410958004612079
  0.96549496693923820  0.97744359605513687  0.98909497165467863  1.00000000000000000
 -0.00239415574751063  0.01249727351615461  0.02453508785482852  0.03610629865437476
  0.04690662792597178  0.05679151612766065  0.06723663138546207  0.07875564156082046
  0.08973604511140738  0.09962139209291368  0.10940206132453732  0.12017764542952607
  0.13192523172848447  0.14314129394683309  0.15379421414471905  0.16431899538641398
  0.17476697519249557  0.18516172287123298  0.19529958005047060  0.20525891626016396
  0.21390911276718846  0.22322273348199570  0.23340181787014860  0.24409490852371843
  0.25529657678533091  0.26553344566696724  0.27420204550923533  0.28309099617871331
  0.29202586928919133  0.30224697105972820  0.31365547779676106  0.32516084280926683
  0.33567696441213657  0.34450453772521727  0.35358953308384056  0.36388338469551051
  0.37489761359876211  0.38651538122894402  0.39879517866077063  0.41150813112839840
  0.42284267827079280  0.43247479014360379  0.44165269921423522  0.45138123639371919
  0.46066541505211106  0.47001644364893286  0.47932721471433670  0.48982690468861667
  0.50062639772098483  0.51053877124839275  0.52000664293362375  0.52895656717790007
  0.53879595933358337  0.54835583310843872  0.55759524547805173  0.56714449248593635
  0.57707585469676870  0.58784620947904476  0.59976077114940740  0.61263734165510098
  0.62488510257641927  0.63668074821712717  0.64722305350582354  0.65674780850095338
  0.66595747227619206  0.67650793859713110  0.68911249992745716  0.70239772242068155
  0.71508608480680314  0.72640925721144867  0.73676947559456074  0.74733856123707121
  0.75933155234789029  0.77172463059188812  0.78283468295737779  0.79378229345675011
  0.80477492287238972  0.81531204410494873  0.82519877695680599  0.83523674968277684
  0.84525242725756744  0.85471678630638293  0.86402530150997525  0.87298048647002036
  0.88294591752995655  0.89232306235425563  0.90299234976196219  0.91425091528004154
  0.92488682975199632  0.93580132804923499  0.94664029328946897  0.95784925989853453
  0.96887521304830038  0.97939545133822870  0.98983295825487450  1.00000000000000000
 -0.00236743697438101  0.01030575832469170  0.02053571128762213  0.03080649396772258
  0.04104932806134012  0.05155311388251958  0.06109316902400755  0.07032468425403714
  0.08047776565653038  0.09293272911938583  0.10683835321372631  0.12183652048449523
  0.13419021454416702  0.14488498047231288  0.15453928124753294  0.16534253742652913
  0.17736805523363677  0.18952404073214901  0.20318118684114006  0.21516806783255035
  0.22539242560019848  0.23476414849316693  0.24440830363606961  0.25469710510181831
  0.26635487025449234  0.27918681028441278  0.29169521196985271  0.30269759700302573
  0.31370286976160844  0.32524040386709252  0.33758895334308414  0.35046661158257947
  0.36324811282236524  0.37563553516919906  0.38785676764692689  0.39978714134353593
  0.41153871532385428  0.42477082426757445  0.43800213921534192  0.44890760805762653
  0.45755762333780015  0.46660691962033196  0.47543516290584686  0.48419552979586422
  0.49279326778322002  0.50438898756658890  0.51896690972055681  0.53329362922179246
  0.54734751685561467  0.56068286816073687  0.57379365517994296  0.58715334560041854
  0.60033524596017596  0.61282918876443770  0.62469737441915230  0.63569837770970639
  0.64675487611637827  0.65760383178610282  0.66802396158126376  0.67821127606870835
  0.68867373575912483  0.69956815651862092  0.71076810685569980  0.72119208194536977
  0.73189401294041467  0.74286327473131530  0.75365562958133570  0.76446865226110239
  0.77579171916127210  0.78754619822153149  0.79786504293304972  0.80642845987611178
  0.81437792442177714  0.82207666074131813  0.83085454145213433  0.84028466381814326
  0.84975176441295208  0.85839346119411197  0.86735915588480061  0.87576528572640444
  0.88414699751336812  0.89250038527663300  0.90073992737373820  0.90921827597358229
  0.91689907705791873  0.92386355644311158  0.93116728599085874  0.93942822609430887
  0.94834270986345792  0.95735227098136855  0.96562835788383239  0.97264044100453639
  0.97920894953977755  0.98664879995408927  0.99363719040230181  1.00000000000000000
 -0.00339557391959478  0.01454643353622315  0.02777498857854973  0.04035757854080740
  0.05229624530315757  0.06361751348854884  0.07457491138727383  0.08557714756479842
  0.09682262888177320  0.10803603996954905  0.11867560648406097  0.13009018625562271
  0.14354112210665942  0.15690251952309286  0.16874573159306366  0.17897819126340450
  0.18918101211096619  0.19980556731168145  0.21023177396708162  0.21957163304721658
  0.22788416947293669  0.23640160940657579  0.24424196080384961  0.25326276836199929
  0.26328114515117707  0.27486255045130253  0.28805994580150585  0.30054413348019654
  0.31247712796301952  0.32405715582907491  0.33525261211806295  0.34758771081483747
  0.35780825988110176  0.36694222316437269  0.37582455415471427  0.38484154408105320
  0.39405898912432075  0.40419176040565102  0.41426372195980110  0.42374661652497392
  0.43264551849179406  0.44056661252004770  0.44755675816479484  0.45467795190974369
  0.46191672589221960  0.46904585429296053  0.47710025398187428  0.48754132379290310
  0.49819788833003109  0.50861628309039963  0.51948664336997497  0.53020450452558932
  0.54218040206489282  0.55139587972594450  0.56022648160928712  0.56912085236817944
  0.57753617887205999  0.58697012565674922  0.59600011808715325  0.60602194184455971
  0.61780936395084718  0.62891740899250692  0.63971789159885806  0.64998558542575990
  0.65947765364301614  0.66921480948883172  0.67916736486324158  0.68896271782778817
  0.69842574907313137  0.70781852488158059  0.71863320087362503  0.73108110025793405
  0.74289348256278431  0.75387566991779398  0.76509515540429684  0.77592586258138907
  0.78757442924286747  0.79915531513589588  0.81210053193285570  0.82423256584688687
  0.83697141033474909  0.84895324306122555  0.85925335801985570  0.86813653088157217
  0.87625952670520380  0.88506101836523443  0.89485506826617411  0.90704203160904129
  0.91889873684177903  0.93107256579110764  0.94298302118049659  0.95516069322226271
  0.96675562468551790  0.97817737289777518  0.98938205360028941  1.00000000000000000
 -0.00214819351054390  0.00824282963697143  0.01723092782942148  0.02823467352760487
  0.03918910974834178  0.05079218848317448  0.06237439398768040  0.07515463599947586
  0.08895029275548740  0.10345280725407725  0.11831545130747068  0.13116294827913574
  0.14306987754915804  0.15410088552704707  0.16332852338462858  0.17210713700530078
  0.17925199295406066  0.18666605814307807  0.19445378064502997  0.20350673257199414
  0.21474207665244463  0.22727172622064312  0.23841971518246380  0.24881606247010979
  0.25922255824355350  0.27001928841261996  0.28252629181366529  0.29577887681352660
  0.31013458969853069  0.32256026646145824  0.33407788747435974  0.34530508888202160
  0.35654841041535418  0.36670458606326711  0.37624173769233332  0.38615772504907836
  0.39705990884790054  0.40964255269466060  0.42091963179197456  0.43079850115551632
  0.44027603226528533  0.44950899071493577  0.45939590332343011  0.47004207825630179
  0.48195468207102532  0.49318046162929002  0.50245396514967611  0.50982104520115390
  0.51801697907356659  0.52683238451925274  0.53642318091171348  0.54518246633722534
  0.55367154311811240  0.56328877162339897  0.57561258583967068  0.58806420846435781
  0.60033129683954467  0.61241725751143661  0.62596559256835560  0.63869653415296057
  0.65066290994255715  0.66107584394791086  0.67177339258733093  0.68167495858212701
  0.69099740211424066  0.70037361781614094  0.70972118089330638  0.72160580588908507
  0.73367787254909400  0.74574395158281948  0.75788386602562552  0.76999766249941692
  0.78073297689434729  0.79138618086460499  0.80261695871489747  0.81451597152009370
  0.82661966866548842  0.83907751606198255  0.85107618815815655  0.86084582924930864
  0.86909704761639084  0.87688315044537857  0.88453603405410997  0.89270579899003044
  0.90078476592903101  0.90822027570553077  0.91554696360648979  0.92321945828821650
  0.93275377443240304  0.94292923872657641  0.95315023413286126  0.96367381714920908
  0.97375579055758898  0.98239387498467956  0.99103534060174514  1.00000000000000000
 -0.00010880578949416  0.00065183675656832  0.00103377550318229  0.00132350088899186
  0.00160644328323765  0.00187987062748320  0.00215441868645420  0.00242428752854026
  0.00268344261185079  0.00294422244876902  0.00320510657521601  0.00346839494072090
  0.00374591073928040  0.00402111805709070  0.00428387194961059  0.00452966891625755
  0.00475569071695013  0.00498496275884422  0.00520987283834547  0.00542699419945700
  0.00563144802557987  0.00583478329461391  0.00604167132139662  0.00622804415456655
  0.00640930761969948  0.00658674615420355  0.00676342057476638  0.00695238472888475
  0.00714431901425031  0.00732953086833491  0.00752114498990770  0.00766296409998833
  0.00779254337790675  0.00792510320028394  0.00805819861182457  0.00818910235771770
  0.00831970981943110  0.00863052593828988  0.00897503479513697  0.00931839473526695
  0.00966195873277503  0.01003520607515120  0.01048117252990069  0.01086071675876874
  0.01121043470808446  0.01155062638393171  0.01186069351126940  0.01215420027568362
  0.01244355580911798  0.01273124458800410  0.01300858555423671  0.01328272271046741
  0.01353438793269808  0.01381513818557901  0.01414010785242771  0.01452470428092865
  0.01497557554548903  0.01551720418106864  0.01619266102373715  0.01686017815009096
  0.01719574406523097  0.01759826365906668  0.01796825775484926  0.01832465886706677
  0.01860062259975360  0.01886824939711204  0.01915215630834921  0.01942581278902869
  0.01972021965839621  0.02007370804802060  0.02043952098397091  0.02081700318177428
  0.02140374147086994  0.02196733263891051  0.02249810891906268  0.02301870290491406
  0.02357188156396621  0.02440280780439442  0.02539394311978540  0.02599473820605575
  0.02659553329232609  0.02704454231470313  0.02747586292094616  0.02787997852779666
  0.02823344871882829  0.02858691890985991  0.02967683421107278  0.03056038120579285
  0.03168563869056780  0.03354193719504838  0.03518985342985405  0.04028961140727935
  0.06803435784481777  0.08400111976605558  0.11574299524551289  1.00000000000000000
 -0.00287417864675038  0.00935396821808119  0.01959625771107278  0.02996373568926721
  0.04097874472549268  0.05189390773541764  0.06238345435280589  0.07280016338876852
  0.08320899945791549  0.09082664746961097  0.09758141050624795  0.10437535548550993
  0.11186066518425808  0.12123485279883005  0.13100127857336341  0.14052189188729694
  0.15000189446004558  0.15934275155457928  0.16796259152507034  0.17626979981942120
  0.18553408654649917  0.19592915522661811  0.20710627427431269  0.21937767366714025
  0.23122841020914031  0.24472993591033890  0.25674545649043518  0.26912764065988359
  0.28087856531180527  0.29287232618471554  0.30390573111998886  0.31569301640193026
  0.32633588181811757  0.33604605165383361  0.34378121774434711  0.35134927938143656
  0.35914678948667361  0.36711678169812706  0.37530035303693116  0.38477647378032254
  0.39496733762987840  0.40615340632935221  0.41734814436280826  0.42867014304167345
  0.43798243602913373  0.44942463596419263  0.46241195672817836  0.47870004763402429
  0.49544321454665435  0.51009899785294732  0.52431764296921990  0.53966024764313425
  0.55464586293374929  0.56825213687424458  0.58032378791714578  0.59245655294187383
  0.60471091450325054  0.61645124361555514  0.62753127927552288  0.63748817128081703
  0.64751676812331416  0.65700747977708907  0.66534294093578583  0.67423402240476660
  0.68430233721039824  0.69508116922349250  0.70580302497488900  0.71600134634540935
  0.72643270987163278  0.73771788182846743  0.74948428791144162  0.76077502893705551
  0.77168704483078887  0.78228039756436352  0.79262526726954730  0.80347910873947959
  0.81519140311477656  0.82747791382186286  0.83928500886577706  0.84984158042134472
  0.85936015328480320  0.86881794796888923  0.87881913111210486  0.89071006995279112
  0.90336097410899452  0.91486810859567647  0.92440785513532209  0.93352300834106428
  0.94265215326130924  0.95179612291231086  0.96145740066698560  0.96964352081808769
  0.97857344455063211  0.98588083054093545  0.99319922713188080  1.00000000000000000
  0.61708560243005250  0.65934214560804372  0.69338323789989065  0.72131648382515068
  0.74140544644250683  0.75786683916214226  0.77335613775820233  0.78697580684187884
  0.79753834961009873  0.80662559965467984  0.81424997236779051  0.82136557277218369
  0.82838304739881108  0.83498365363338178  0.84077964752131895  0.84602477375487339
  0.85106803172499601  0.85580104058461948  0.86010037293981245  0.86375380369157329
  0.86742905298212203  0.87128021401811417  0.87556512770896799  0.87968720429133085
  0.88351241179746076  0.88718329045447186  0.89077407657740137  0.89424369483986521
  0.89732693652759699  0.90011915373887830  0.90285823015838496  0.90555521956187668
  0.90817688029538213  0.91087735469848718  0.91350641878055738  0.91588735122826170
  0.91798963793738386  0.91985589783223498  0.92180128278930151  0.92413389006889035
  0.92638692560652836  0.92855234123115182  0.93047828646251829  0.93229608273887032
  0.93421240179197085  0.93607853662404839  0.93800489295101774  0.93957722468608362
  0.94123811089274501  0.94286026308276338  0.94451749241448824  0.94600654336687329
  0.94743234246887775  0.94880779585648578  0.95019945351330126  0.95169316597624853
  0.95337963383595237  0.95513097311068906  0.95681235830719846  0.95835431354000766
  0.95963575067258533  0.96072373236663688  0.96180017270633011  0.96285699468847830
  0.96394398671636872  0.96510215134746913  0.96627109460106120  0.96739200364432487
  0.96846673136818950  0.96953260556625886  0.97058261419437564  0.97164804900523971
  0.97282522898500701  0.97401925036360471  0.97518123864162687  0.97635135183063770
  0.97750916509781094  0.97867187304583891  0.97980865197582989  0.98086063831497072
  0.98186742577300301  0.98290906353497587  0.98390958095738146  0.98486845097583908
  0.98581292671483767  0.98673205514914208  0.98778607104437610  0.98876141981761279
  0.98975483444517987  0.99077633153268341  0.99184204071377069  0.99313241650904749
  0.99447420376373985  0.99595949936911621  0.99781844232310879  1.00000000000000000
  0.01700445676155626  0.11558248775359881  0.16084243658461922  0.19009920702755106
  0.20953548547139045  0.22471905231790171  0.23987499605125298  0.25385163722500864
  0.26642658034210087  0.27752880148245829  0.28763324486933373  0.29758350524770749
  0.30691500217853374  0.31584120800636145  0.32424868336069307  0.33249569515121924
  0.34047303944655444  0.34824443081129991  0.35603651333342551  0.36307518669129224
  0.37032449379519627  0.37689415817366811  0.38298621982733450  0.38845584405672495
  0.39357384766089265  0.39858497666213094  0.40362828919807558  0.40906664623712463
  0.41492484393996248  0.42023801256075283  0.42544479880637193  0.43036440844640955
  0.43503149456321627  0.44016968975509341  0.44568337140402864  0.45126592921219005
  0.45686801814175243  0.46206513702153368  0.46771762142444173  0.47305148749446652
  0.47846222500061075  0.48458779844929256  0.49067560377418257  0.49646437971385765
  0.50182640301160497  0.50597530185912809  0.50985762170575410  0.51383791218918651
  0.51777919384678328  0.52196552055435208  0.52656472505832053  0.53181983704432323
  0.53703158412153884  0.54209775847327790  0.54719811606472957  0.55235679425318385
  0.55776263111061442  0.56331685150313415  0.56845662140936248  0.57343086647965180
  0.57837011178709374  0.58372165822775313  0.58933879469760020  0.59557539095846657
  0.60115483120887403  0.60630130424998507  0.61096624029200897  0.61554699566715609
  0.62096103513626522  0.62619114914776186  0.63172200135485024  0.63698443205398236
  0.64188514270302977  0.64735022396993691  0.65345081784090919  0.66003371360327534
  0.66673838582664591  0.67399610044266811  0.68119180310476635  0.68877146763640484
  0.69668972555129693  0.70519962707950068  0.71431940822083295  0.72406358182878039
  0.73403911821352430  0.74355416302646438  0.75459101836892783  0.76677184046742985
  0.77656067343413038  0.78530063981789255  0.79584248318879713  0.81156924738083980
  0.83120097478507238  0.85155180384760132  0.88634352418180007  1.00000000000000000
   8.2557567635774840E-011  -1.0000000000000000     
 F F F F F F F F F F F F F F F F F F F F F F F F F F F F F F F F F F F F F F F F F F F F F F F F F F F F F F F F F F F F F F F F F F F F F F F F F F F F F F F F F F F F F F F F F F F F F F F F F F F F F F F F F F F F F F F F F F F F F F F F F F F F F F F F F F F F F F F F F F F F F F F F F F F F F F F F F F F F F F F F F F F F F F F F F F F F F F F F F F F F F F F F F F F F F F F F F F F F F F F F F F F F F F F F F F F F F F F F F F F F F F F F F F F F F F F F F F F F F F F F F F F F F F F F F F F F F F F F F F F F F F F F F F F F F F F F F F F F F F F F F F F F F F F F F F F F F F F F F F F F F F F F F F F F F F F F F F F F F F F F F F F F F F F F F F F F F F F F F F F F F F F F F F F F F F F F F F F F F F F F F F F F F F F F F F F F F F F F F F F F F F F F F F F F F F F F F F F F F F F F F F F F F F F F F F F F F F F F F F F F F F F F F F F F F F F F F F F F F F F F F F F F F F F F F F F F F F F F F F F F F F F F F F F F F F F F F F F F F F F F F F F F F F F F F F F F F F F F F F F F F F F F F F F F F F F F
  <DiscreteSampler_grid>
  grouped_processes
  1 # 1 for a reference and 2 for a running grid.
  10 # Attribute 'min_bin_probing_points' of the grid.
  1 # Attribute 'grid_mode' of the grid. 1=='default',2=='initialization'
  0.0000000000000000 # Attribute 'small_contrib_threshold' of the grid.
  0.5000000000000000 # Attribute 'damping_power' of the grid.
 # binID   n_entries weight   weight_sqr   abs_weight
    241   10   5.540444076412080E-006   1.881212002246680E-010   5.540444076412080E-006
    242   10   5.540444076412088E-006   1.881212002246685E-010   5.540444076412088E-006
    244   10   5.540444076412080E-006   1.881212002246680E-010   5.540444076412080E-006
    245   10   5.540444076412088E-006   1.881212002246685E-010   5.540444076412088E-006
    253   10   2.088881054544097E-005   3.562242954350104E-009   2.088881054544097E-005
    256   10   2.088881054544097E-005   3.562242954350104E-009   2.088881054544097E-005
    265   10   3.030469570691457E-005   4.655219140497140E-009   3.030469570691457E-005
    266   10   3.030469570691461E-005   4.655219140497152E-009   3.030469570691461E-005
    268   10   3.030469570691457E-005   4.655219140497140E-009   3.030469570691457E-005
    269   10   3.030469570691461E-005   4.655219140497152E-009   3.030469570691461E-005
  </DiscreteSampler_grid>
