  0.00285289374182411  0.01787325108236795  0.02920222977374697  0.03847869325607667
  0.04764087450143443  0.05688509744882175  0.06636061885907077  0.07478211127172280
  0.08394608755792081  0.09390417793465447  0.10259871717743030  0.11209815609320584
  0.12117023951820534  0.13486502972871964  0.14747864222813004  0.15782085382100161
  0.16799432275211215  0.17757132257644911  0.18921586308089150  0.20285317370147185
  0.21575130033684523  0.22744814863638432  0.23870329261092610  0.24961521689918029
  0.25891438672554179  0.26830412362613387  0.27862400106950819  0.29121515735626957
  0.30336470907669599  0.31495753625663753  0.32581162908321409  0.33709879517215841
  0.34879999990406163  0.36005071070694794  0.37150115287539953  0.38323534136134407
  0.39472892067338833  0.40516391729517220  0.41398673194456670  0.42299053654454066
  0.43349961602654791  0.44626282493730313  0.45822867500371517  0.46862547427670531
  0.47895669484236486  0.48959783959880226  0.50041561643718913  0.51128689356776935
  0.52085421066782700  0.53065411366663151  0.54056964102746685  0.55363961944481721
  0.56826468122791662  0.58150497381970190  0.59208196573807848  0.60191420430289899
  0.61169724439219464  0.62137797392508831  0.63091602308752870  0.64070520580173473
  0.65171084659826939  0.66114261183414402  0.66951328217347938  0.67759057419424196
  0.68568515282546028  0.69559817809755486  0.70553774916556433  0.71408313202463503
  0.72136045685386530  0.72840471170521559  0.73704414258427486  0.74585302356080174
  0.75512428070901638  0.76492975546274067  0.77453753011515014  0.78531489632857399
  0.79560618947158290  0.80618106929076350  0.81763507661132839  0.82649504061896562
  0.83608514413444834  0.84676657623910334  0.85867339014218713  0.86949541996240087
  0.87947819521980153  0.88961447648950720  0.90051965706341364  0.91016165706724517
  0.91894071043799497  0.92742773507929810  0.93707887248704680  0.94883952740825395
  0.96016167955856746  0.97194495295963435  0.98435445246341424  1.00000000000000000
  0.00003195775342122  0.00003899350820686  0.00004442138289328  0.00004789559005403
  0.00005042811448051  0.00005256625885533  0.00005454675608361  0.00005659283737362
  0.00005890343950756  0.00006155954578110  0.00006463378933835  0.00006821400485325
  0.00007210937544302  0.00007584266103968  0.00007929704505127  0.00008247613472006
  0.00008555391577357  0.00008873353690632  0.00009213440024640  0.00009594250492394
  0.00009968660279909  0.00010343412713964  0.00010704341993616  0.00011034530554287
  0.00011344765903978  0.00011705148668397  0.00012132110272720  0.00012576314615666
  0.00013017906041188  0.00013464678586200  0.00013957792044850  0.00014541618096718
  0.00015192580569547  0.00015844193692871  0.00016532901041703  0.00017263323523417
  0.00018137592721604  0.00019086297733511  0.00019904235837258  0.00020690146699445
  0.00021491034849245  0.00022407838827322  0.00023445647460136  0.00024479568277198
  0.00025556257811802  0.00026693453116163  0.00027900662676163  0.00029102193342107
  0.00030304376762547  0.00031632773182331  0.00032960764453673  0.00034632038171053
  0.00036505403235282  0.00038044549766388  0.00040092509036262  0.00042186658127107
  0.00044624058159737  0.00047231085510037  0.00049871174891779  0.00052484127238847
  0.00054992172704782  0.00057807566250605  0.00061210185417273  0.00065381702221669
  0.00068927022527568  0.00071663561820513  0.00074214161727013  0.00077593299546831
  0.00081093430781165  0.00084962756131188  0.00089792625810438  0.00095554519873950
  0.00103352384441862  0.00112518612261497  0.00123549600522960  0.00136890308637794
  0.00151447300083415  0.00164365532847454  0.00178641286147567  0.00196107993025280
  0.00222302188946481  0.00248874681060537  0.00274359195739582  0.00301040586073398
  0.00330095481763858  0.00357129583103062  0.00381963805134394  0.00414319953921693
  0.00463752535337861  0.00549084132583728  0.00654833038192428  0.00769639382271752
  0.00938951520321150  0.01302235324554589  0.12110008238065738  1.00000000000000000
  0.00000307101957616  0.00000316777798459  0.00000345309919539  0.00000380524689861
  0.00000412222854770  0.00000443768357326  0.00000474186076198  0.00000506982461028
  0.00000536107467760  0.00000564047670073  0.00000591579826303  0.00000625455923851
  0.00000662235058383  0.00000694148306532  0.00000731059407321  0.00000769293573118
  0.00000811432706941  0.00000859535143130  0.00000905164030827  0.00000950862035868
  0.00000999057609219  0.00001050831127007  0.00001104857171326  0.00001168804452534
  0.00001229869334205  0.00001286513170904  0.00001348356652779  0.00001408243903941
  0.00001460231037735  0.00001507955769515  0.00001556008018930  0.00001603603243411
  0.00001658933413751  0.00001728256094363  0.00001806801661066  0.00001881922558160
  0.00001950352415029  0.00002026079875180  0.00002115615217308  0.00002220077527219
  0.00002343876775014  0.00002479033886707  0.00002626502034047  0.00002776162176656
  0.00002934714742462  0.00003101633075056  0.00003268982352349  0.00003439996695789
  0.00003618330451678  0.00003800898330034  0.00003983941656213  0.00004170968944754
  0.00004380136812517  0.00004629580353115  0.00004869420699125  0.00005144393293489
  0.00005389043569219  0.00005674355480113  0.00005994730693598  0.00006382400527568
  0.00006819148998366  0.00007294206283311  0.00007739845805933  0.00008169513396834
  0.00008640605671970  0.00009221282838727  0.00010021132073193  0.00011012083021977
  0.00012134104604405  0.00013301985316423  0.00014514157627953  0.00016067523362851
  0.00017803235248379  0.00020052945674300  0.00023072415739398  0.00025660220563370
  0.00027846473074766  0.00030043432690871  0.00032844847407911  0.00036999271216386
  0.00041561432931869  0.00047550188415943  0.00052885470051479  0.00058287126916991
  0.00063683101445701  0.00070804969207332  0.00086723848757584  0.00115675263845642
  0.00141227251869057  0.00171805639613410  0.00224539459242737  0.00303692167061229
  0.00436980750921854  0.00673043455443494  0.10826016867878077  1.00000000000000000
  0.00000523602754423  0.00000555440354396  0.00000580412303203  0.00000603389292333
  0.00000624664320354  0.00000642196307316  0.00000662174243702  0.00000685071974049
  0.00000706077536634  0.00000732608226849  0.00000756397208748  0.00000778299915053
  0.00000800886022962  0.00000826483792672  0.00000853955569859  0.00000880214335822
  0.00000906421178495  0.00000931898775597  0.00000956899845470  0.00000983429890802
  0.00001009931773585  0.00001038368631483  0.00001069824544591  0.00001103415477360
  0.00001150177304730  0.00001197330762881  0.00001244124045986  0.00001303144625015
  0.00001364720460775  0.00001433388889579  0.00001498316678569  0.00001563694334082
  0.00001630530948498  0.00001703947022394  0.00001789086755016  0.00001882883146909
  0.00001984351083612  0.00002098162598106  0.00002207774924314  0.00002329238639586
  0.00002459207908810  0.00002603512591331  0.00002778258795984  0.00002965490120204
  0.00003167221947503  0.00003403787034136  0.00003671253311251  0.00004010686813906
  0.00004251661436006  0.00004523602646506  0.00004788925159104  0.00005071585375765
  0.00005494670678745  0.00005924804412456  0.00006355261113399  0.00006814873450291
  0.00007414770135287  0.00008164352096946  0.00009008888360115  0.00010012755720449
  0.00011126451290888  0.00012284775954005  0.00013450351774879  0.00014690374246641
  0.00016217958963693  0.00018020315324436  0.00019941823282171  0.00022146031574151
  0.00024879845636735  0.00028264420639675  0.00032611562552035  0.00038338447267506
  0.00045010880758902  0.00052001525249977  0.00058937647793170  0.00065502590249848
  0.00072750007217292  0.00081341330642005  0.00092174840886573  0.00107400728613656
  0.00119198219631466  0.00132232638740538  0.00145215980564644  0.00162189394110714
  0.00180436040627059  0.00198984559716531  0.00221493060872348  0.00264923492024108
  0.00315408924329362  0.00394991412356032  0.00543595748978119  0.00804635226494730
  0.01074335874292982  0.02355517762643657  0.05177211879236376  1.00000000000000000
 -0.00342204183747136  0.01225676589236949  0.02662322009325794  0.04114980710456968
  0.05790037691267539  0.07756168021117475  0.09864950388483858  0.12055219757168047
  0.14165460734485777  0.16197999626720477  0.18032124010664094  0.19470827872717439
  0.20713252056351458  0.22046326980361233  0.23596212011823695  0.25251004083480783
  0.26575128606414394  0.28059132882571447  0.29530622886521418  0.31142111718066867
  0.32679596985742859  0.34073412493190802  0.35245948778069258  0.36405081984847365
  0.37733819163226606  0.39225592430550887  0.40989272117130376  0.42594203024352179
  0.44118384684153328  0.45711081634963846  0.47291407620892917  0.48707144524567575
  0.49907274215607084  0.50745157189405232  0.51706671957636352  0.52709773415672467
  0.53816746106554036  0.54966265072529008  0.56065580559293293  0.57207644849641970
  0.58337334163578203  0.59434204254073164  0.60531368557245968  0.61583689395633501
  0.62615011327142100  0.63657934085109746  0.64717239548599581  0.65794695308291462
  0.66853670422163980  0.67875411494558147  0.68840420758959442  0.69728910248210296
  0.70605884725905799  0.71432140706147063  0.72290576988714739  0.73039151164553240
  0.73850229782199672  0.74613762710333476  0.75492824694778216  0.76424798957815610
  0.77270552330406406  0.78055618024198181  0.78767209756942747  0.79419131277556887
  0.80074299828347828  0.80787348468760556  0.81420791170535212  0.82008608282047701
  0.82532194918861734  0.83062164425090557  0.83556097130807405  0.84150627063509398
  0.84957850816439950  0.85715578677803195  0.86314938179491285  0.86834633345083312
  0.87315258390707706  0.87808288091249331  0.88401050634849365  0.89008556843289977
  0.89673342755606766  0.90412840225299373  0.91137518294733699  0.91814188814862030
  0.92449099507597632  0.93077526486869477  0.93772383125795100  0.94404593065524778
  0.94983003272964095  0.95548210425628433  0.96121298821981038  0.96760456080586854
  0.97487858359803836  0.98179419531155387  0.99077327592370379  1.00000000000000000
 -0.00176893736512324  0.00578676576008113  0.01496307864161439  0.02277196703632352
  0.03320874363933232  0.04417583193658011  0.05492956794689715  0.06475069981951458
  0.07404312491084479  0.08353506019027722  0.09309257078938578  0.10400689312812661
  0.11528502533378829  0.12639966576037348  0.13684083393529017  0.14556397228423049
  0.15721320486134308  0.16740637001715983  0.17756931023067676  0.18659214730631318
  0.19496178219732141  0.20327448385224076  0.21244787576700852  0.22054852328871560
  0.22937600726949459  0.24037962218752507  0.25341031240939732  0.26680750870728354
  0.28015313681962473  0.29298003769542880  0.30318595517006225  0.31163708392318268
  0.31973006634056006  0.32817759946884933  0.33859840640767258  0.35139891150446934
  0.36522788266805800  0.37965770256741749  0.39119838396046480  0.40206283716364671
  0.41412367959975965  0.42846306689989999  0.44291279278651080  0.45550641706548062
  0.46663536663502969  0.47756025424265530  0.48977422194026676  0.49969389911899487
  0.50747970215707050  0.51426654696966012  0.52157939149870913  0.53000290182715915
  0.54016340587626621  0.55168574969420925  0.56405042551481888  0.57594175199894548
  0.58666770716407990  0.59680086396286114  0.60529669640567751  0.61397367539473735
  0.62291467178791815  0.63347833861688263  0.64482310772411122  0.65628134968587715
  0.66786478880138056  0.67903369295486393  0.69030342223765773  0.70058732501923615
  0.70990607589522980  0.71936222239826031  0.72772047185179278  0.73560913932622329
  0.74228688068050486  0.74965232146655036  0.75843565940946978  0.76921887101820208
  0.78174823458736775  0.79443798571919910  0.80975651277550109  0.82530520382351436
  0.83869745966900133  0.85097538541398987  0.86099745093627011  0.87148778125472204
  0.88373416804481741  0.89626061314595895  0.90820160285824536  0.91941004546367200
  0.93008693138004239  0.93996332522704484  0.94940699481252089  0.95958178734453892
  0.96996540349474347  0.98018185885587006  0.99008477972938203  1.00000000000000000
 -0.00190746777871759  0.01064551537500727  0.02005004453100698  0.02858901458060204
  0.03691896228519922  0.04515049862142625  0.05356228462401059  0.06261973708137315
  0.07208343151538273  0.08132807662056374  0.09025889946417372  0.09763421767006014
  0.10416732761958636  0.11020190587235568  0.11603549560331715  0.12288486282637627
  0.13114013678212799  0.13957799144716096  0.14721433807723433  0.15367545332286989
  0.15957481352344693  0.16566127111635645  0.17228348957717002  0.17965159786442603
  0.18756061971432345  0.19576133981350338  0.20330825936669147  0.21089307373383304
  0.21897807665770688  0.22805091198238558  0.23827596079410909  0.24870433266047773
  0.25783065958564405  0.26658333756688796  0.27640343495033171  0.28653601497545828
  0.29704917426791072  0.30754695747529409  0.32100619227672345  0.33404097715595471
  0.34622268110994725  0.35749355290240925  0.36730966402538912  0.37658285136840913
  0.38577340102934299  0.39486168753525391  0.40583991781380491  0.41710418086577350
  0.42930058105420904  0.43947632021685623  0.44977608812537601  0.45986909650720798
  0.46931601677925822  0.47733867603043995  0.48522819448789511  0.49365879107051919
  0.50540900675576383  0.51971305587679273  0.53206719543124004  0.54323640817588592
  0.55321540098319044  0.56235449921334280  0.57108791070831766  0.57984747774890733
  0.58995193264579582  0.59969265241683689  0.61015966386065512  0.62061614659546827
  0.63103391244644980  0.64144875557303493  0.65073019102918117  0.66067229282132656
  0.67192215503508257  0.68365750216388976  0.69366789039944055  0.70381531433978595
  0.71611040037973717  0.72884764704606719  0.74201045263037813  0.75584101949229721
  0.76940129783089573  0.78099835417576480  0.79335466697732981  0.80835139405382628
  0.82255227674070841  0.83756045386775790  0.85304778293981709  0.86853189795341024
  0.88477914426848192  0.90222280400053878  0.92083226528265294  0.93794807424488080
  0.95332880543952925  0.96902363961299431  0.98427504870467319  1.00000000000000000
 -0.00318964801855090  0.00937507094107251  0.01886844165032641  0.02772121513437487
  0.03666729279652366  0.04571285653060436  0.05519437766104185  0.06380050479527057
  0.07293644505481911  0.08289708906172512  0.09507841564527775  0.10689088638112597
  0.11919343328805383  0.13021262411948714  0.14035381646467790  0.15079542563703882
  0.16122303174081776  0.17235280802615671  0.18456026475477666  0.19598137458147993
  0.20779543305751202  0.21898578716995681  0.22681827391539208  0.23444870443565996
  0.24189494851139495  0.25056588732984914  0.26217070780921153  0.27410916056870416
  0.28630965337628411  0.29858129830165220  0.30978389050693161  0.32058942349671526
  0.33146895103098245  0.34311493800040499  0.35373183283247633  0.36373009472193674
  0.37335257194280042  0.38470844800344522  0.39584075538848923  0.40905226911795761
  0.42295626804132358  0.43415587343067363  0.44485168916822260  0.45509498732298415
  0.46504231307724020  0.47517814021900684  0.48483611533267285  0.49644504697793956
  0.50881916731342192  0.52032364591644797  0.53402843063195415  0.54604308466923279
  0.55749222840527934  0.56735218174626978  0.57425126454691566  0.58116170604675998
  0.58863720506535799  0.59977844437283079  0.61173641385198407  0.62375495320709973
  0.63508965367908732  0.64507686486469806  0.65652158015779094  0.66780202208289652
  0.67900891226739990  0.68782498197706377  0.69610494372105902  0.70489671658208863
  0.71569415026862448  0.72786060844519351  0.73920091253229647  0.74930654517481021
  0.75983580667772632  0.77008774813376657  0.77986719013999783  0.78905449933259442
  0.79716227881319690  0.80745426578069424  0.81654307904724954  0.82647261011818096
  0.83619554203965973  0.84603715940953983  0.85570791297615745  0.86525639597199766
  0.87543684338939431  0.88545605096572111  0.89574961616123472  0.90575807596761415
  0.91722548821685268  0.93083641735342748  0.94484947335946379  0.95738215413297334
  0.96791312065174240  0.97773285115852915  0.98798863317019159  1.00000000000000000
 -0.00155317384060422  0.00994266757572025  0.02045174074456600  0.03110072888869476
  0.04118949748860901  0.05084647789733825  0.06020526819026802  0.06959566165893577
  0.07933272141386398  0.08996950664369008  0.10124351470454666  0.11528480967330823
  0.12647273659476710  0.13704121525898896  0.14745143754775888  0.16034750563560801
  0.17464165117075797  0.18878805125079504  0.20406801924182447  0.21617345826088294
  0.22635802213008346  0.23538561779732414  0.24366773735168029  0.25278013481626821
  0.26198201464247395  0.27274169934321668  0.28347792362651641  0.29368039761717651
  0.30312804983117764  0.31376319832923938  0.32523123503374451  0.33757846636843453
  0.34779811131088623  0.35702828366000600  0.36554861971194708  0.37503213232835414
  0.38545967609525777  0.39785787916061155  0.41031558688670683  0.42266187793187271
  0.43396113348962073  0.44227727898250319  0.44908892986123650  0.45473652518048802
  0.46006131630138564  0.46580620709622311  0.47142616564558371  0.47713136449740418
  0.48396007304648159  0.49355794932716363  0.50569604060061368  0.51630823729579978
  0.52710828999137671  0.53800166563448903  0.54920256479956941  0.56130939988091000
  0.57379746164745471  0.58490533942604572  0.59497214665338038  0.60579175440460697
  0.61712482292444704  0.62766484511246889  0.63908766256368221  0.65368586182654731
  0.66750435653691953  0.67896857377804365  0.68849984008778553  0.69641027891078577
  0.70467556579222679  0.71261243028362642  0.72191364804786629  0.73159360177851518
  0.74150158427670088  0.75223183711256603  0.76313652481716321  0.77421812741410445
  0.78587894030225947  0.79877016915799692  0.81315844977023100  0.82453793686585097
  0.83543985161573198  0.84656465837832218  0.85790808916835648  0.87084866409742079
  0.88181268050150841  0.89184579956984489  0.90115286270974337  0.91008023689495687
  0.92037283958825955  0.93131707057064084  0.94251828914194347  0.95476063595285654
  0.96692609653462769  0.97850133924397242  0.98964863569107087  1.00000000000000000
 -0.00014283068092782  0.00112333020479111  0.00170268676196152  0.00218111861752715
  0.00263961779529560  0.00310849265779007  0.00357578503203238  0.00403760927263657
  0.00446407911416516  0.00483959433897253  0.00516467737909268  0.00545654830262933
  0.00574298026158098  0.00604213983423342  0.00636189654434300  0.00669565535383223
  0.00698613571144851  0.00728869012796152  0.00755584643549536  0.00778107450245711
  0.00801818259116881  0.00826264308031693  0.00860788819671879  0.00900259734463598
  0.00960169340998844  0.01014048222349469  0.01059991827129438  0.01105355020093826
  0.01148193206237472  0.01187362539720352  0.01218499196216267  0.01241064066185588
  0.01269763411105780  0.01294463436970595  0.01316338759953451  0.01337323045066779
  0.01360548551248808  0.01386298314542297  0.01409427739568820  0.01432287912203261
  0.01454751762290904  0.01481953334067588  0.01506851116216951  0.01522689942209646
  0.01538062700174994  0.01555347562302517  0.01582704150426349  0.01632826456889453
  0.01689737338511416  0.01756805707466795  0.01832362142652360  0.01912424045295514
  0.01958467142322459  0.01991642328253105  0.02026331513449140  0.02043580291448020
  0.02057988799458618  0.02072382345819045  0.02087309960291414  0.02105371122407695
  0.02134968011130752  0.02157851902278301  0.02180986733380865  0.02219720550348558
  0.02264658848859447  0.02299901290291829  0.02322476705570889  0.02345663024114956
  0.02370076379934313  0.02393797675032148  0.02416973726784249  0.02459051393734082
  0.02487439112075597  0.02505850878721752  0.02524262645367906  0.02618273331620434
  0.02727429368904084  0.02834162699944065  0.02862649534481197  0.02891136369018328
  0.02938977277521911  0.03158888841929151  0.03216271945063594  0.03272384768453137
  0.03323064686831480  0.03383462165505550  0.03441967257216702  0.03548173566210640
  0.03663264680391922  0.04290919226819131  0.06001614739801320  0.06203756044195364
  0.06412231317908249  0.06713725869652043  0.19907433780685330  1.00000000000000000
 -0.00084133720346178  0.00883677969910105  0.01785166423268633  0.02681802003128165
  0.03661999367400928  0.04689209243205230  0.05732241545877330  0.06744146915215540
  0.07752477139432314  0.08699607215204826  0.09638470916677880  0.10521585317134050
  0.11372867041727201  0.12156498064682195  0.13132899399508183  0.14205710940182911
  0.15307103912786243  0.16397272623585915  0.17677739101989637  0.18815233188991240
  0.19826135716492665  0.20910798253927404  0.22107891641466693  0.23346690421128960
  0.24621525980556355  0.25638794988429925  0.26524467413297459  0.27326541858575559
  0.28167705542543897  0.29530971810977097  0.30840462082835562  0.32171327714084830
  0.33613884909260960  0.35152743884300997  0.36452415996882453  0.37555143554772447
  0.38610386562989568  0.39655964378879971  0.40712954015366132  0.41741387409529840
  0.42981784285504226  0.44157794285295399  0.45292838482034375  0.46414624460163328
  0.47638390785413248  0.48936614175319898  0.50386778646609076  0.51827557065884622
  0.53186576086688409  0.54441066326523413  0.55572592722621517  0.56619100125338306
  0.57608440813935813  0.58577904790966218  0.59541973214739619  0.60323584301461974
  0.61232321144932234  0.62189369059866184  0.63299508292617168  0.64742834900587243
  0.66116999706135582  0.67241324971620120  0.68353044265250362  0.69509268381098066
  0.70745444985648731  0.71929887586534424  0.72835346923935351  0.73727077587084333
  0.74677338503892809  0.75765944322157652  0.76852094471414689  0.78062104382966546
  0.79156079923473732  0.80172213161678563  0.81071307603525344  0.81961767105908123
  0.82909084245263176  0.83851051081974326  0.84819582602206101  0.85754658495900982
  0.86750120185362789  0.87735141406931649  0.88685055014971481  0.89638764846047503
  0.90486747312087379  0.91362431198453342  0.92280117322329069  0.93269111912140856
  0.94149599738588174  0.94933112486862270  0.95689608567643303  0.96533609548094190
  0.97306651536321109  0.98084464683947892  0.98953516665687091  1.00000000000000000
  0.46429922859837502  0.56466385500712446  0.58961380636654526  0.61454716707550494
  0.63890043003594288  0.65619038419928433  0.66981576772064566  0.68347117223116138
  0.69519211143122428  0.70579265697625981  0.71686010628622121  0.72879786000126512
  0.73810882446465897  0.74778999770475718  0.75770436160527088  0.76801484724372382
  0.77901133712777226  0.78800121216116736  0.79519556046158490  0.80269894786246554
  0.81077820421389057  0.81850308664781590  0.82513244675322139  0.83123482782103031
  0.83690460222738627  0.84178341050406780  0.84633802601585306  0.85120902191701830
  0.85619949250129102  0.86095294947074774  0.86568207021507892  0.87023357856604999
  0.87407524072999032  0.87771734761578213  0.88131076063725033  0.88515511573794958
  0.88852167222024558  0.89158182532639996  0.89460943269206006  0.89785749670251536
  0.90167141279587404  0.90537367027755822  0.90841682857061667  0.91119039065538998
  0.91402558394416056  0.91719466920855564  0.92036344315383078  0.92325343038494745
  0.92571613577965628  0.92799879780210348  0.93028175068093966  0.93257765939190074
  0.93519077810064788  0.93780919748119140  0.94033508553352463  0.94262062217000819
  0.94479067401080674  0.94699825033007734  0.94929290081530970  0.95172355491374305
  0.95379692148156059  0.95558974306567745  0.95732713840684147  0.95893309454123654
  0.96038020778644129  0.96170119173782709  0.96289596569992064  0.96414131858380925
  0.96544462616281423  0.96675606952924520  0.96808978871840934  0.96948717191536837
  0.97096497491059608  0.97224282871471901  0.97341316706992176  0.97457997511293037
  0.97584658339581898  0.97725573243163588  0.97878421144893535  0.98035481033349803
  0.98177726639798046  0.98320235478564411  0.98468180218302503  0.98609938035266109
  0.98736832373508121  0.98859257577156090  0.98992591225730819  0.99117434149444239
  0.99235255469327555  0.99354549077810550  0.99468873844219585  0.99581506487486648
  0.99694205685229642  0.99797321870142952  0.99898725038818670  1.00000000000000000
  0.03893504201297028  0.18422931558833586  0.20606172097714562  0.21972930657931172
  0.23643015513539428  0.25450875633231351  0.27163140062048607  0.28222203161840870
  0.29234792470471999  0.30312027927719470  0.31498406912257793  0.32806558883432185
  0.34244422136048158  0.35658414983417108  0.36808025363207769  0.37862736643952338
  0.38937705785493942  0.39928657469982859  0.40753641277626490  0.41517956650706772
  0.42287759606165853  0.43065938494194278  0.43891547394773617  0.44619167730158582
  0.45239914980274576  0.45822320684739998  0.46416420192361352  0.47005363118758092
  0.47578381674766557  0.48245422443816810  0.48959957571096285  0.49735086100672499
  0.50393765521163236  0.50981915253636223  0.51475033707826578  0.51950638771550017
  0.52539932956352287  0.53196094998737420  0.53869403694528473  0.54424028350011455
  0.54948284579341078  0.55486977066312859  0.56071896770976704  0.56544313920508860
  0.57044079360905808  0.57515344570333260  0.57972427556223205  0.58481500979786616
  0.58969324321049044  0.59509019785577411  0.60006939479564658  0.60534930138081045
  0.61099101961171065  0.61695647527558128  0.62369275450163097  0.63028824312338483
  0.63622923997311187  0.64191653989329001  0.64724822785447311  0.65151559062165421
  0.65594008036488349  0.66080669611697085  0.66573060791353589  0.67098460196303178
  0.67581140260237560  0.68007320005542471  0.68422694284494745  0.68858715420624361
  0.69263706151286675  0.69736317030548334  0.70243788039773447  0.70867551349236679
  0.71531728809219308  0.72097977274216207  0.72593563129241201  0.73122132078650948
  0.73654969739982434  0.74218419565290683  0.74825417240591541  0.75466204139656745
  0.76150377877322362  0.76814289189649287  0.77372984502596787  0.77957638093426285
  0.78627969577177048  0.79307763154033550  0.80026225016173258  0.80684712615059873
  0.81289764461210612  0.81997163000319051  0.83028810911582651  0.84316748692414734
  0.85434113929477851  0.86506719372940488  0.88482044958965012  1.00000000000000000
   3.6117805815628715E-005  -1.0000000000000000     
 F F F F F F F F F F F F F F F F F F F F F F F F F F F F F F F F F F F F F F F F F F F F F F F F F F F F F F F F F F F F F F F F F F F F F F F F F F F F F F F F F F F F F F F F F F F F F F F F F F F F F F F F F F F F F F F F F F F F F F F F F F F F F F F F F F F F F F F F F F F F F F F F F F F F F F F F F F F F F F F F F F F F F F F F F F F F F F F F F F F F F F F F F F F F F F F F F F F F F F F F F F F F F F F F F F F F F F F F F F F F F F F F F F F F F F F F F F F F F F F F F F F F F F F F F F F F F F F F
  <DiscreteSampler_grid>
  grouped_processes
  1 # 1 for a reference and 2 for a running grid.
  10 # Attribute 'min_bin_probing_points' of the grid.
  1 # Attribute 'grid_mode' of the grid. 1=='default',2=='initialization'
  0.0000000000000000 # Attribute 'small_contrib_threshold' of the grid.
  0.5000000000000000 # Attribute 'damping_power' of the grid.
 # binID   n_entries weight   weight_sqr   abs_weight
    55   10   1.472521287439030E+001   7.913077757678645E+002   1.472521287439030E+001
    61   10   1.502976918236269E+001   8.367396954947289E+002   1.502976918236269E+001
    62   10   1.502976918236269E+001   8.367396954947289E+002   1.502976918236269E+001
    64   10   7.858255542730956E+000   2.244505009432067E+002   7.858255542730956E+000
    65   10   7.858255542730956E+000   2.244505009432066E+002   7.858255542730956E+000
    115   10   7.858255542730953E+000   2.244505009432065E+002   7.858255542730953E+000
    116   10   7.858255542730953E+000   2.244505009432065E+002   7.858255542730953E+000
    118   10   1.546074850424776E+001   8.652609369517811E+002   1.546074850424776E+001
    119   10   1.546074850424776E+001   8.652609369517811E+002   1.546074850424776E+001
    124   10   1.523161314118477E+001   8.449509243699183E+002   1.523161314118477E+001
    125   10   1.523161314118476E+001   8.449509243699182E+002   1.523161314118476E+001
    133   10   1.623968677035707E+001   8.569798038267397E+002   1.623968677035707E+001
    134   10   1.623968677035707E+001   8.569798038267397E+002   1.623968677035707E+001
    148   10   3.225688849221159E+001   4.961218607302524E+003   3.225688849221159E+001
    151   10   3.260816232631460E+001   5.012791886225208E+003   3.260816232631460E+001
    152   10   3.260816232631458E+001   5.012791886225208E+003   3.260816232631458E+001
  </DiscreteSampler_grid>
