  0.00323471924344987  0.01289463981223502  0.02404607018921333  0.03530874758753316
  0.04582361468457093  0.05739594514977280  0.06809757002434719  0.07867034047261254
  0.08974161427312051  0.10090117305880032  0.11162187642143469  0.12199739845019295
  0.13204671987664021  0.14267988139497495  0.15193157253862571  0.16073191676478751
  0.16986953720535744  0.17960883724532764  0.19028836747266661  0.20126285707048738
  0.21282477759346918  0.22494361361633586  0.23752145997494412  0.24944575404298616
  0.25988933101395806  0.26986668512031142  0.27969077512961393  0.29083174894557762
  0.30228237736505270  0.31286965343280071  0.32327906187045169  0.33340668640037768
  0.34448323392901498  0.35504885189749402  0.36558365839123008  0.37552595233852459
  0.38562605303626452  0.39603332170301769  0.40771150180093557  0.41827208659265719
  0.42814152350391504  0.43787911010079855  0.44768625611387847  0.45682380542970141
  0.46571673684454939  0.47462819991677152  0.48399328160202526  0.49346373916578784
  0.50253149767441385  0.51154975195072649  0.52118370143033421  0.53022168095397748
  0.53863185536619496  0.54621374701670977  0.55408610669767222  0.56171395663421997
  0.57042398902854774  0.57917678507082104  0.58830653176309977  0.59790748224605716
  0.60815883902894263  0.61933205184063200  0.63048090234637089  0.64058329678752557
  0.65010478574246988  0.65958813687464801  0.66977563440377896  0.68086796768940994
  0.69222461773711019  0.70326033693457934  0.71407182048471163  0.72529186297756221
  0.73657615300209978  0.74637181393136420  0.75479693851282703  0.76276917432801317
  0.77227257111952896  0.78422819838666225  0.79646552098858847  0.80778376654485151
  0.81875612222177452  0.82991794575193811  0.84110222148135916  0.85258140419289141
  0.86390541294249035  0.87504488259908608  0.88574679120449862  0.89609387827594544
  0.90761706619378646  0.91960996294239605  0.93255731902864414  0.94725119228435750
  0.96135229223963092  0.97303979815400110  0.98278418205660723  1.00000000000000000
  0.00003350538139894  0.00006126481235734  0.00007160035973005  0.00007964124820440
  0.00008667649522496  0.00009370232895150  0.00010061668036888  0.00010780587328694
  0.00011532028206685  0.00012323434240565  0.00013131801596068  0.00013909380100223
  0.00014643344240636  0.00015314497108707  0.00015986037937393  0.00016670720650626
  0.00017388130071156  0.00018146142020473  0.00018937913251087  0.00019776176389617
  0.00020670121575079  0.00021592534100668  0.00022493031757941  0.00023404087894306
  0.00024305815295036  0.00025232128090258  0.00026211752677929  0.00027259529660046
  0.00028399185672363  0.00029645874765283  0.00030934872724069  0.00032224441412080
  0.00033539644675801  0.00035021174142829  0.00036277750899761  0.00037561252028513
  0.00038944144179958  0.00040358673760714  0.00041834884611665  0.00043591246822010
  0.00045552127624700  0.00047547518952982  0.00049772897731742  0.00052126779045541
  0.00054336038930143  0.00056525606630365  0.00058829894675511  0.00061244292714688
  0.00063755159087268  0.00066430475478123  0.00069091678788881  0.00071567890209620
  0.00074002601254517  0.00076617575483009  0.00079439492375162  0.00082514559262725
  0.00085767676640489  0.00089155707925239  0.00093020239001630  0.00097368298178951
  0.00101147399170101  0.00105531662675729  0.00110731475098140  0.00115956537601109
  0.00121557114814673  0.00128683766379352  0.00137426689935991  0.00148500067114733
  0.00159500365565350  0.00169250412784335  0.00178419574637165  0.00188438133799276
  0.00200826210208000  0.00214956929189231  0.00229066084588968  0.00242768439434846
  0.00256325648715919  0.00272891272514060  0.00288550380568578  0.00303377508333076
  0.00319194092809921  0.00339791213466848  0.00370020322769168  0.00405922748225458
  0.00445227128519529  0.00491712692833054  0.00549107413340529  0.00596195482380305
  0.00636293708667758  0.00672743224139079  0.00710146519913286  0.00758847025368623
  0.00852166274379714  0.01056930889129316  0.03974742004111408  1.00000000000000000
  0.00273802212514525  0.01643062519147399  0.03038270354571546  0.04282441982942548
  0.05414852703564003  0.06567863544675556  0.07806364329070475  0.09021097803842662
  0.10149678147371195  0.11144296315134655  0.12102681700147121  0.13001907222769007
  0.14000603842261097  0.15047157673371281  0.16161744701505718  0.17151166621449018
  0.18080530438293799  0.19012667360801161  0.19934219638524334  0.21013113365091915
  0.21986558819257437  0.22794972277421968  0.23571137031506173  0.24325181532469634
  0.25143206197136153  0.26084939672110891  0.27188769507961524  0.28399617826252088
  0.29644223734631808  0.30857928167459869  0.32027795087935018  0.33193901078124344
  0.34385418710482579  0.35582783474722796  0.36784005701792777  0.37947390986487428
  0.39097178720944942  0.40156190983872814  0.41175092754970788  0.42262550730982268
  0.43368347807747853  0.44456912639949236  0.45450185391482167  0.46417673949536586
  0.47477635674277369  0.48487320043127680  0.49586979131956826  0.50670751345224596
  0.51799461333983887  0.52927361583232602  0.54184328706472029  0.55517237521011709
  0.56895452150995074  0.57777014890441758  0.58611212778287813  0.59435447410198872
  0.60228119242753952  0.61120048914072234  0.62071026204076474  0.63047908337637060
  0.64109694914038440  0.65202870456936657  0.66353786255426983  0.67400004386398549
  0.68326847766929233  0.69208888599616625  0.70108505098335694  0.71173711593799915
  0.72248729826153646  0.73202339784871628  0.74097236490314877  0.75059385760515207
  0.76091864024559619  0.77176639161919680  0.78217882574375786  0.79216941136775032
  0.80159654097626709  0.81124077902018643  0.82029416062375482  0.82930450024545832
  0.83920455185254128  0.85031714549229831  0.86179201793146687  0.87361048039917932
  0.88503137087717010  0.89621961028419850  0.90658687582751130  0.91726927207375708
  0.92785780473134671  0.93747977605985500  0.94590264905719712  0.95380792228613698
  0.96249568283593079  0.97117074070321174  0.98136342215115058  1.00000000000000000
  0.00014007115772347  0.00027115149010677  0.00031116920058876  0.00034382615390235
  0.00037662376575030  0.00040852251064642  0.00044217405458874  0.00047559381250160
  0.00050941585592750  0.00054334982806970  0.00057784699268324  0.00061365108971696
  0.00064948021117913  0.00068436180389828  0.00071885967233694  0.00075363970130257
  0.00079114297937206  0.00083097043393988  0.00087201834635226  0.00091482428326720
  0.00095636638083806  0.00099796002943859  0.00104271498360145  0.00109333324540344
  0.00114967234786858  0.00121095506330162  0.00127267445276225  0.00133607953509863
  0.00141109602836340  0.00149297027605012  0.00157098785946962  0.00164468870938220
  0.00171451920665574  0.00178860334844400  0.00186694581509262  0.00194383413117215
  0.00202325762303380  0.00210188097990688  0.00218812582826493  0.00227954735452326
  0.00237762737458508  0.00248684254717556  0.00261530707375918  0.00274000664381304
  0.00285007647900654  0.00295974845041252  0.00307040711938654  0.00320293435687036
  0.00337002676291146  0.00355615017869733  0.00373927151413877  0.00390261909925148
  0.00405287440356634  0.00419306690581469  0.00433544371845169  0.00450272253516179
  0.00469271885339414  0.00488890414087364  0.00508799279910071  0.00530719888534553
  0.00555922379747714  0.00586142019519755  0.00622768988921544  0.00669051652168676
  0.00719322746464852  0.00765802376449229  0.00809287577557571  0.00854588445712617
  0.00907484533274739  0.00971800808303327  0.01037923634909138  0.01093441380256248
  0.01146707623653104  0.01204200217596104  0.01271999844574412  0.01351977479050608
  0.01433717327128703  0.01496973334254584  0.01555230352288378  0.01623303897934517
  0.01695476551345142  0.01792612666186189  0.01886437691643377  0.01985328719185056
  0.02107300362768546  0.02189526142628149  0.02256466373086961  0.02316131287724851
  0.02391357483905951  0.02491163768514753  0.02658068677399548  0.02851219524994490
  0.03083087483288302  0.04119439969239756  0.19000952343679794  1.00000000000000000
  0.00000354741488602  0.00000392698326390  0.00000418992066308  0.00000437473323350
  0.00000449230133548  0.00000464537286616  0.00000484917875384  0.00000511294527611
  0.00000533008465195  0.00000557707369772  0.00000585788668542  0.00000618423914963
  0.00000653586288018  0.00000688232357322  0.00000723012632314  0.00000759924098658
  0.00000800630148539  0.00000863690489873  0.00000926310374178  0.00000987325928420
  0.00001052956855415  0.00001118580410420  0.00001187152687256  0.00001264911703147
  0.00001350099957513  0.00001445299285921  0.00001557466459178  0.00001678552309670
  0.00001818001669386  0.00001973885086032  0.00002144944020255  0.00002322783933076
  0.00002538900401879  0.00002768317394281  0.00003026146061052  0.00003333859222342
  0.00003657273279691  0.00004070165962329  0.00004511274138104  0.00004993162682545
  0.00005498355959253  0.00006014331389456  0.00006547381257519  0.00007153104278423
  0.00007835391091177  0.00008623243622218  0.00009511662603263  0.00010501542414221
  0.00011636196338422  0.00012786958866574  0.00014103385648724  0.00015656419003100
  0.00017249817305075  0.00018815630476264  0.00020779819592122  0.00022590559355245
  0.00024298601695498  0.00026031759506672  0.00028005637078020  0.00030119403471678
  0.00032454314016311  0.00035536551703776  0.00039442276763826  0.00044082043091371
  0.00049127644676184  0.00054800191453193  0.00061187240213863  0.00068330104700462
  0.00076564957388159  0.00085913993493379  0.00096277422371618  0.00107387006508365
  0.00118706669579830  0.00132046110223028  0.00147858383633206  0.00167374226082580
  0.00185078498122503  0.00205293535637156  0.00225437129355169  0.00248793547907903
  0.00273231122239470  0.00302440261448720  0.00334456262281604  0.00363077285269766
  0.00393527211515762  0.00438305491389233  0.00500480525252937  0.00574747832844669
  0.00666941004394426  0.00815253644021754  0.01009425250518820  0.01251498973825284
  0.01613323859087055  0.02046246494715415  0.48615604939602303  1.00000000000000000
 -0.00349650856844073  0.01525188382199941  0.02973818030421318  0.04298122780233368
  0.05575002749611395  0.06889986183827432  0.08306100462908182  0.09666878164202278
  0.10828095869528895  0.11894695626594398  0.12961090655552118  0.14030081895459318
  0.15033582250030145  0.16036591545272852  0.17048830139345847  0.18073223135291086
  0.19155606784017268  0.20303311125129717  0.21553411239547016  0.22727034261196236
  0.23763739912546308  0.24721086734034975  0.25628496353801200  0.26600076408463585
  0.27470185313117473  0.28331258544800220  0.29252970300771380  0.30245782659180670
  0.31329787511434332  0.32345262339315145  0.33323422797593755  0.34250526917533847
  0.35215199372189843  0.36244197491839253  0.37446214717000426  0.38689534111076113
  0.39877955124072845  0.41003328469082456  0.42074178947999641  0.43100357707870485
  0.44075576794643168  0.45013527109801965  0.45967483444427831  0.47011612605043923
  0.48070789994767499  0.49069019974658995  0.50073963058798010  0.51048651158423264
  0.51975945074085217  0.52875239384194150  0.53769909544515904  0.54725667164446579
  0.55720425682412544  0.56767285843551440  0.57846970984127544  0.58816620594920732
  0.59635323230435167  0.60512523356927228  0.61421203215234221  0.62430421762462740
  0.63509353038671834  0.64483609093351157  0.65482825800654521  0.66553222635774179
  0.67714054443695393  0.68838823757221401  0.69948629793248185  0.70968831023466317
  0.71934756263932831  0.72802598787594086  0.73623496169200564  0.74424269164871359
  0.75339549042649190  0.76311047781519359  0.77335772695001181  0.78414102825276022
  0.79447397878436454  0.80396107116681570  0.81332548371260660  0.82246300282923224
  0.83189115471079256  0.84088083981028117  0.84931798081804921  0.85922486664271347
  0.87178538535355843  0.88354329506031282  0.89411882593288461  0.90447434525642556
  0.91613115491746322  0.92944745383827987  0.94217724381214241  0.95289867617678570
  0.96289767580413421  0.97326281068279108  0.98586566467494152  1.00000000000000000
 -0.00195464002213051  0.00683451603327873  0.01506296959406538  0.02306231525786519
  0.03105933498129391  0.03933916366298327  0.04801880781325200  0.05811765702044812
  0.06877142949959962  0.07941289381922836  0.09014400845554658  0.10100133419358685
  0.11211183647520313  0.12328893362723194  0.13470310151831771  0.14653915524451885
  0.15780532633904004  0.16822218410444384  0.17811648761902601  0.18761363676502199
  0.19624781019846171  0.20474483062999746  0.21368881107984974  0.22225771132377847
  0.23091560316190596  0.23938690088872813  0.24887870694971398  0.25997035950682007
  0.27310071093839050  0.28515873056947705  0.29777331910252219  0.30896612544059998
  0.31835452295597449  0.32745829328508369  0.33741684957176798  0.35002396970792665
  0.36214489660405752  0.37391076972201309  0.38511956735955277  0.39534070989030518
  0.40530913433845750  0.41455200958155847  0.42477180357073135  0.43538789089169028
  0.44617701526575226  0.45684533333286620  0.46687509484178535  0.47837396864911680
  0.49116010043074371  0.50575320851356198  0.51975431885226142  0.53127702456709258
  0.54167048093747572  0.55267912194537239  0.56374250488077826  0.57505769222894887
  0.58609056138493698  0.59746173218617027  0.60891721994668102  0.61914988947195138
  0.62878258844418122  0.63806934765058843  0.64704939499465419  0.65674995462827368
  0.66761305988117126  0.67809772448553929  0.68897845260927126  0.70002836593220441
  0.71123544811608030  0.72223498006710696  0.73279298316365971  0.74457762154895069
  0.75736367726122922  0.77023738672753506  0.78204614276794304  0.79372484164510682
  0.80614652071285342  0.81738712964544225  0.82733854457122002  0.83645784982204618
  0.84540240322990479  0.85577248588852128  0.86645508496701229  0.87728236370939283
  0.88674931727253437  0.89613522069819007  0.90568997100348980  0.91571532371316078
  0.92657782301470615  0.93786539934251578  0.94881394208100500  0.95931103585334665
  0.96909388263842711  0.97962561580135188  0.98930614596335642  1.00000000000000000
 -0.00175247354287391  0.00763727890198725  0.01478384636924336  0.02243863847673121
  0.03014001736146347  0.03858419187437660  0.04617510394778680  0.05370911305698896
  0.06209810230962896  0.07214332559185103  0.08270547972632870  0.09270164795065358
  0.10269214046075920  0.11358244914518224  0.12559836573461336  0.13677804450650616
  0.14716558289250636  0.15719299490967834  0.16685770216917298  0.17649776990961949
  0.18628764243236931  0.19622523303318909  0.20826330360439477  0.22037535003085573
  0.23208220697540544  0.24249470090605937  0.25268533205139432  0.26299890259717007
  0.27322547187194451  0.28350086289572907  0.29474299072692783  0.30713246576726605
  0.31892490345573105  0.33002126049567743  0.34109329355048562  0.35320819156765842
  0.36573883791855316  0.37820187619427975  0.38980886101677614  0.40156878632544907
  0.41375773660114235  0.42648462935105297  0.43898579017844269  0.45073468282635004
  0.46201966635621627  0.47287153082013578  0.48382440289427830  0.49497173642072478
  0.50626807578934241  0.51825107860987563  0.52996310525498846  0.54111722051322531
  0.55249298933184210  0.56396512579132152  0.57564326416534428  0.58768496894437328
  0.59958076838073537  0.61087214305539483  0.62072778912306292  0.62977254857588461
  0.63816125441099358  0.64677097958140839  0.65516769481503079  0.66262809433590775
  0.67104582602049756  0.68039683918750404  0.69155584942815262  0.70266345305184885
  0.71417427269854039  0.72566960619756948  0.73660701689442387  0.74680963467160899
  0.75639459486133565  0.76565487252869147  0.77502951803511633  0.78572291060019306
  0.79642304242533535  0.80748659776435006  0.81798803822355448  0.82964860768738313
  0.83961959117585416  0.85075420576522121  0.86167142018624043  0.87335298400604089
  0.88461517655118382  0.89540289561703823  0.90568715289389223  0.91611429679189305
  0.92687937382610752  0.93807696243067740  0.94835031090145450  0.95867755665324395
  0.96880840272727264  0.97931411621750053  0.98920116549503678  1.00000000000000000
 -0.00305230862232148  0.01138582294359499  0.02311340562597600  0.03345469910793589
  0.04344688972641731  0.05340289345581719  0.06445318377019632  0.07587702177710556
  0.08639758221413510  0.09636914382285527  0.10586539435576532  0.11581737151341523
  0.12627170631673293  0.13715738965034266  0.14878136197904498  0.16122801456908992
  0.17361085637783671  0.18533430014454463  0.19560234922337089  0.20502781575324638
  0.21447255490829636  0.22444054858675261  0.23414017816459176  0.24309671258269308
  0.25178256865527887  0.26002372744131680  0.26934545708078333  0.28012787408474449
  0.29083886385711738  0.30081593166700438  0.31020016944556750  0.32002307766238919
  0.33037160178078118  0.34065989602657182  0.35120540030615105  0.36133553558152415
  0.37088919644329377  0.37988003896363021  0.38903124927317362  0.39899431755746528
  0.40985434293887707  0.42130285326721273  0.43269092741451670  0.44304290753394227
  0.45289944944177185  0.46140871368741793  0.47074287220485622  0.48072544516753801
  0.49073752373680940  0.50057723097313800  0.51100531182037578  0.52232185590421132
  0.53489277465406826  0.54818318711626079  0.56178541194717124  0.57637766518398348
  0.59038712177096275  0.60298856067372497  0.61446264173477760  0.62535838633448682
  0.63548913746412250  0.64451915871204002  0.65252363911770894  0.66004006313205799
  0.66787938317043027  0.67698689365477605  0.68734817729904907  0.69851632717814960
  0.70991562188816526  0.72169973548850597  0.73373047127214719  0.74497611255572815
  0.75597622108530593  0.76674969432339113  0.77723779045558516  0.78791753979863055
  0.79987104778969897  0.81213894727777369  0.82409978620015156  0.83459477280652750
  0.84494279950090068  0.85524205546469145  0.86565049316819942  0.87584914097962152
  0.88497408682897627  0.89345482429002776  0.90207748311739278  0.91205270982554032
  0.92366251689279910  0.93565177761146556  0.94687543663827289  0.95741313388304217
  0.96789833502223288  0.97955950192636554  0.99026501518701404  1.00000000000000000
 -0.00306021730816562  0.01216854280265585  0.02332470604928814  0.03486759956021532
  0.04669205286569623  0.06009543326493433  0.07241194595518202  0.08390098560748424
  0.09504608684190297  0.10703268432980063  0.12146434837592132  0.13627999522393425
  0.15092023825388068  0.16511027462280339  0.17758349164128909  0.18808128656463680
  0.19842922567204899  0.20935858598697521  0.22374454618209766  0.23708157762481033
  0.24886786290539059  0.25939541893234574  0.26961855139505664  0.27982207947590260
  0.29171279708648379  0.30437305595955277  0.31633437427990918  0.32806990111992085
  0.34008096972322804  0.35102725932736423  0.36115072806509146  0.37077257001085195
  0.38099424947726829  0.39219765746958030  0.40382798914699164  0.41561754913069771
  0.42705920096379651  0.43899653257433258  0.45050273155678261  0.46147947448516108
  0.47128214673662500  0.48108678948620415  0.49095737812045298  0.50263244188778211
  0.51601747504229634  0.52705284719044376  0.53552945909533145  0.54372318827790544
  0.55220330836511344  0.56101570518480759  0.56972522959011085  0.57843940383190140
  0.58958686521913339  0.60243593691883768  0.61406549976298852  0.62559745624322660
  0.63661890954021583  0.64639591937370078  0.65525302228510085  0.66381414326396959
  0.67304233083681486  0.68353529841769745  0.69353833126733511  0.70283414413765777
  0.71086707366360535  0.71820075426808805  0.72572893683063322  0.73367563137787917
  0.74183637902537913  0.75090443217889946  0.76038721085085259  0.77076714651350242
  0.78132579233098076  0.79159095023621240  0.80160194695268105  0.81173489609382399
  0.82005325405324880  0.82760289920115770  0.83483317723133477  0.84237534204404663
  0.85135714310532984  0.86130199651577832  0.87109162308361587  0.88038144798109019
  0.89012569285772181  0.90021796878934546  0.91038768605061049  0.91988936316064174
  0.92918252154414882  0.93903467963202758  0.94912961342062896  0.95995643723024382
  0.96985127015776906  0.97976024600628397  0.98950445048694202  1.00000000000000000
 -0.00269411290223670  0.01216637428768159  0.02565897264191731  0.03762348321193866
  0.04847550679430491  0.05864816297836122  0.06860868256277609  0.07947942898953887
  0.09155531792190899  0.10284681698259518  0.11212567448184801  0.11935248616610021
  0.12693453364884291  0.13483132793671115  0.14379130309501961  0.15358977494465895
  0.16317337174786251  0.17356746205996182  0.18468567770020874  0.19567262822397050
  0.20607032491603908  0.21590893240937728  0.22581342239847030  0.23616648533310375
  0.24700492215811112  0.25895894840390432  0.27195296299982552  0.28377683774110501
  0.29378662884973716  0.30346228846562084  0.31350978576372857  0.32322542942827004
  0.33257574940167745  0.34126352263997389  0.35029918475887267  0.36088412270799602
  0.37294978250242528  0.38445367001856529  0.39494015889971257  0.40555311502483687
  0.41653932469014865  0.42743986252093052  0.43783882304226740  0.44804548246952763
  0.45772447301022279  0.46707793303221301  0.47676131095583901  0.48722254791238689
  0.49845183086777739  0.50997114489189843  0.52082970334763035  0.53147102855845130
  0.54223580002676952  0.55341484476622582  0.56442626839240995  0.57432633563699131
  0.58385976149420937  0.59386632745277457  0.60425636523768156  0.61489870612449637
  0.62560987376065780  0.63693272268820678  0.64854248110975043  0.65966972149033587
  0.67094448984865318  0.68234792307632919  0.69327711352445942  0.70351557783834062
  0.71383560441468308  0.72498146180460554  0.73536521521033738  0.74607491123214253
  0.75827432607816581  0.76994234434396536  0.78045219816959122  0.78928383621533815
  0.79827005066150636  0.80765663016105860  0.81796649469024041  0.83012369460492885
  0.84263354948154434  0.85489153280805463  0.86673460867714547  0.87804761880824400
  0.88888293721093803  0.89939416166246300  0.90996855288011369  0.92047690962330775
  0.93060334857597760  0.93970025203478091  0.94971435609718813  0.95999008432103206
  0.97022015397363881  0.98107452585743349  0.99013492770062661  1.00000000000000000
 -0.00257786977028812  0.00909350263178775  0.01837298496945646  0.02756482389775718
  0.03689685913840769  0.04607482041688322  0.05595109411332603  0.06580105225574934
  0.07433141273990219  0.08283753437364917  0.09193130350191191  0.10238007306988543
  0.11308965360573936  0.12190808361025554  0.13102468505704473  0.13985491090701538
  0.14815192072366418  0.15839131021306274  0.16912487497047590  0.17944358022545473
  0.19053405155704056  0.20157267830432629  0.21531340620855297  0.22896962284951930
  0.24257315746109784  0.25666392834629298  0.27106864224026828  0.28577193918489918
  0.29964209854603679  0.31213508585669353  0.32285970061276781  0.33393231984374844
  0.34535882770804482  0.35910120166392595  0.37303933244627607  0.38744303964022714
  0.40263555715372751  0.41768514190115424  0.43202258923075199  0.44396556789837316
  0.45686966278689595  0.46977861562460238  0.48124811173376508  0.49235051624716147
  0.50435932042623188  0.51682020607485801  0.52858718556119266  0.54110063406062914
  0.55364608300810525  0.56619628337424310  0.57858017020861408  0.59251672721524629
  0.60664254748343638  0.61892707392324164  0.63223100213623651  0.64578308186122613
  0.65986325663875933  0.67260464257327324  0.68485316852433087  0.69516539150677881
  0.70553088248780538  0.71633742366444009  0.72696793729842768  0.73617732031269678
  0.74460697598365500  0.75363192374461363  0.76336740391987024  0.77332774552732064
  0.78266208075685484  0.79136969299744608  0.80069976748252913  0.81044032490344564
  0.82141731803417140  0.83256530464860101  0.84334623373466788  0.85373627340756231
  0.86331623515886124  0.87319264816702835  0.88206455697402408  0.88993096444600928
  0.89714182170240897  0.90411153456634419  0.91108637455139818  0.91977771981237921
  0.92790696851730581  0.93569571334011903  0.94290533539329580  0.94963670250449561
  0.95616888860339277  0.96250669023488222  0.96895877563358634  0.97566863023994577
  0.98228064185148778  0.98841751476068751  0.99434667615295791  1.00000000000000000
 -0.00227792809946371  0.01253946187837374  0.02508426634055824  0.03655954870392557
  0.04755536124349403  0.05833623488051316  0.06858686447590388  0.07878506333033947
  0.08913726165016189  0.09989613500754999  0.11089218805246734  0.12163977230653322
  0.13230662133887314  0.14281433408852218  0.15328533586643561  0.16289830032712505
  0.17230564125581885  0.18158500063391184  0.19180731032725040  0.20249656477598918
  0.21350963905978809  0.22336281200031016  0.23256687835531314  0.24132290715424465
  0.25031521578416133  0.26090025030755998  0.27150958091158051  0.28200665952105491
  0.29357620499752513  0.30566700701163391  0.31883420128218209  0.33173520567750203
  0.34439126091292227  0.35717901850860162  0.37011307728826892  0.38239693643195122
  0.39320040373695114  0.40277601604566377  0.41191856472602983  0.42071489904618448
  0.42994237715598260  0.43953075454788448  0.44868391324891904  0.45803522274385011
  0.46857788574126280  0.48056480533824164  0.49259320193337192  0.50273427200737830
  0.51170609123947208  0.52108511780385458  0.53050855138635666  0.53925205560209188
  0.54836507835118864  0.55784269164010891  0.56883287771942892  0.58064307386268244
  0.59227036994234672  0.60450929118943153  0.61675797172081459  0.62789891092857730
  0.63774166327057569  0.64694826611803558  0.65565783226612406  0.66497073235160742
  0.67451403102722907  0.68475120368814790  0.69470670330149742  0.70336447404030922
  0.71140223080862308  0.71950634098228317  0.72847930746431477  0.73900521689433674
  0.75121800887386969  0.76432002398361965  0.77702835080369070  0.78853076801578259
  0.79906165664088136  0.81004005771997745  0.82107762544541252  0.83269496795522846
  0.84437616881040822  0.85571691925260118  0.86700356738663309  0.87860645211231281
  0.89076500074761700  0.90210701873557497  0.91229649466382434  0.92208630383287926
  0.93184102135926428  0.94090842243864359  0.94949556994757978  0.95870833365490771
  0.96868669515869854  0.97915167152169058  0.98991666376918686  1.00000000000000000
 -0.00311928470823107  0.00970232330243509  0.02107363544914010  0.03149477853882892
  0.04243295324482273  0.05445435316797758  0.06623115046450649  0.07700181597582255
  0.08721226234178887  0.09758035269656964  0.10763424516119177  0.11764706131532768
  0.12837135567900604  0.14011220021012205  0.15213343912294902  0.16335568111666948
  0.17457041134977233  0.18622274344950429  0.19774335714351016  0.20927412373507517
  0.21992709991720363  0.23090189594553212  0.24144048781391939  0.24995173890463337
  0.25798573055502660  0.26645371873025225  0.27677131528309085  0.28813125374358883
  0.29929712251711066  0.31042662897688417  0.32227249997850532  0.33414096830500567
  0.34574713250411843  0.35696555482742576  0.36914688457649780  0.38188258213643111
  0.39431644745582517  0.40519511339176623  0.41551732244875600  0.42571636157125714
  0.43613602820086933  0.44720703202465539  0.45825956991537836  0.46921397782195157
  0.47955559550739302  0.48920729582673206  0.49840263335219220  0.50801510100176339
  0.51757222304044848  0.52817264602104719  0.53835559560954838  0.54836029757061877
  0.55859923891665031  0.56821813024657009  0.57892794020618843  0.58807126073934113
  0.59672692965877339  0.60499273441192547  0.61459110980421450  0.62504202974463807
  0.63667901853421938  0.64817138187220269  0.65972720728041312  0.67092671716042529
  0.68088556162228309  0.69097405895694564  0.70222287439235376  0.71372860207385158
  0.72503705527832352  0.73698164914838560  0.74927965995603674  0.76203140744276199
  0.77422260349073679  0.78478687214020393  0.79513429495622201  0.80559793508841859
  0.81697340901154403  0.82816185061256442  0.83811617243350067  0.84666712791535315
  0.85468357902109682  0.86337613745843012  0.87348478060568813  0.88481796268834223
  0.89662521730235778  0.90817645819627635  0.91980095703462450  0.93049102617151147
  0.94090558848633599  0.95066968901340343  0.95974118452498214  0.96830082344794521
  0.97622058367040021  0.98381443423382342  0.99112086937742572  1.00000000000000000
  0.53029545182180471  0.68767961951761636  0.70749712164204737  0.72492599818168391
  0.73837168525718266  0.74949857593351943  0.76007670720240217  0.76994960259351641
  0.77973459926135702  0.78884049538672962  0.79678158068138749  0.80386861136353438
  0.81075254268228525  0.81719311052620014  0.82346357634880774  0.82968495239479512
  0.83553692575042127  0.84110742366773905  0.84644924229625051  0.85110333755942236
  0.85523510729226371  0.85913847405845301  0.86325858133830069  0.86747201269454710
  0.87131886053743168  0.87503471206102890  0.87878473471676122  0.88256564841428620
  0.88622663759343057  0.88991001845581652  0.89368127437160638  0.89717016532206406
  0.90025033604539106  0.90331180587705162  0.90640406815941910  0.90939596247892041
  0.91212455121924063  0.91461451729943954  0.91702854249561316  0.91919088650666170
  0.92141294735817036  0.92362997572694716  0.92593277072513069  0.92816715550961004
  0.93057379437397347  0.93280224296266812  0.93488487554545918  0.93686632458639219
  0.93859156323392567  0.94018176327791070  0.94177153337440311  0.94347538354983718
  0.94529317300035753  0.94702912075802292  0.94873649738654919  0.95044761399473343
  0.95208232510823876  0.95373583427831921  0.95541807614913155  0.95689358593042206
  0.95836248756575881  0.95970338120936649  0.96102174920559613  0.96235589326902471
  0.96367055781586508  0.96505379461575302  0.96642087570449065  0.96769277298755030
  0.96897874452821364  0.97028213835082611  0.97155036353005864  0.97281023951875367
  0.97408992300057851  0.97537132505373381  0.97666694178599678  0.97799577331432852
  0.97935737998203543  0.98063332098954648  0.98184668622293747  0.98296046029580708
  0.98400897796512998  0.98502730170517683  0.98605476188645269  0.98707902985124663
  0.98809754392339821  0.98927888705796596  0.99032832572536611  0.99135680128732540
  0.99233421952534639  0.99330475453065625  0.99430376526270081  0.99531198030561696
  0.99638112627947273  0.99745896727573635  0.99868273812340369  1.00000000000000000
  0.00160745156085614  0.11047427268095489  0.15246872758978319  0.18043681254361013
  0.20275926647171114  0.22116510920951332  0.23728106392677420  0.25310342686316906
  0.26895050610220811  0.28361007038965580  0.29754741558306647  0.31174759554517245
  0.32760738830130343  0.34135393731377811  0.35317206909723242  0.36363401535966211
  0.37341513551814198  0.38254956297986770  0.39116534629701794  0.39988986005812377
  0.40867189933434978  0.41782405048465915  0.42579390318086302  0.43372284073287803
  0.44123616907906993  0.44841202164698363  0.45558909260572245  0.46265229471588959
  0.46933886140810371  0.47526378771271960  0.48094163146245433  0.48684700262132607
  0.49268013829962098  0.49859286343343551  0.50454616325557455  0.51045967409047655
  0.51628735170334139  0.52235816584373895  0.52887636311673203  0.53511367328339021
  0.54128435626094107  0.54751031522915650  0.55340750082950896  0.55987314038372782
  0.56620196534139622  0.57215606245775075  0.57822094274141334  0.58411728241910310
  0.58997227309442890  0.59610820365437311  0.60235109895121119  0.60849970195537006
  0.61460376656965665  0.62053445001416396  0.62651004562564572  0.63247429993972504
  0.63783361375527259  0.64293137010930768  0.64769437807789454  0.65254646639195424
  0.65775921060189924  0.66334836298632849  0.66958986741978155  0.67579191426232843
  0.68181241114137570  0.68728775188285496  0.69251287839693199  0.69755388571615518
  0.70201338060352392  0.70674018826143958  0.71129226288529768  0.71608498999332570
  0.72164443318340010  0.72749140254566524  0.73362425738198589  0.73974459352881916
  0.74621187131430700  0.75259418080989582  0.75896858828164282  0.76516737764387666
  0.77144243898556286  0.77869753740692149  0.78651373099453781  0.79363167866486917
  0.79906729241438168  0.80479021112345495  0.81124603526321204  0.81705852135704293
  0.82313448014043411  0.82992683080132057  0.83666416063529303  0.84501875116422887
  0.85966096361272548  0.88694005792397768  0.93272378658219268  1.00000000000000000
   4.2168170659126449E-009  -1.0000000000000000     
 F F F F F F F F F F F F F F F F F F F F F F F F F F F F F F F F F F F F F F F F F F F F F F F F F F F F F F F F F F F F F F F F F F F F F F F F F F F F F F F F F F F F F F F F F F F F F F F F F F F F F F F F F F F F F F F F F F F F F F F F F F F F F F F F F F F F F F F F F F F F F F F F F F F F F F F F F F F F F F F F F F F F F F F F F F F F F F F F F F F F F F F F F F F F F F F F F F F F F F F F F F F F F F F F F F F F F F F F F F F F F F F F F F F F F F F F F F F F F F F F F F F F F F F F F F F F F F F F F F F F F F F F F F F F F F F F F F F F F F F F F F F F F F F F F F F F F F F F F F F F F F F F F F F F F F F F F F F F F F F F F F F F F F F F F F F F F F F F F F F F F F F F F F F F F F F F F F F F F F F F F F F F F F F F F F F F F F F F F F F F F F F F F F F F F F F F F F F F F F F F F F F F F F F F F F F F F F F F F F F F F F F F F F F F F F F F F F F F F F F F F F F F F F F F F F F F F F F F F F F F F F F F F F F F F F F F F F F F F F F F F F F F F F F F F F F F F F F F F F F F F F F F F F F F F F F F
  <DiscreteSampler_grid>
  grouped_processes
  1 # 1 for a reference and 2 for a running grid.
  10 # Attribute 'min_bin_probing_points' of the grid.
  1 # Attribute 'grid_mode' of the grid. 1=='default',2=='initialization'
  0.0000000000000000 # Attribute 'small_contrib_threshold' of the grid.
  0.5000000000000000 # Attribute 'damping_power' of the grid.
 # binID   n_entries weight   weight_sqr   abs_weight
    139   10   3.106814518796492E-005   9.059883765423798E-009   3.106814518796492E-005
    142   10   3.106814518796492E-005   9.059883765423798E-009   3.106814518796492E-005
    151   10   3.109413335651843E-005   8.874464753735269E-009   3.109413335651843E-005
    152   10   3.109413335651843E-005   8.874464753735264E-009   3.109413335651843E-005
    154   10   3.109413335651843E-005   8.874464753735269E-009   3.109413335651843E-005
    155   10   3.109413335651843E-005   8.874464753735264E-009   3.109413335651843E-005
    157   10   1.611123483316656E-005   2.278371175493207E-009   1.611123483316656E-005
    158   10   1.611123483316655E-005   2.278371175493207E-009   1.611123483316655E-005
    160   10   1.611123483316656E-005   2.278371175493207E-009   1.611123483316656E-005
    161   10   1.611123483316655E-005   2.278371175493207E-009   1.611123483316655E-005
    292   10   1.611123483316655E-005   2.278371175493205E-009   1.611123483316655E-005
    293   10   1.611123483316655E-005   2.278371175493205E-009   1.611123483316655E-005
    295   10   1.611123483316655E-005   2.278371175493205E-009   1.611123483316655E-005
    296   10   1.611123483316655E-005   2.278371175493205E-009   1.611123483316655E-005
    298   10   3.117360524069005E-005   8.714313370358132E-009   3.117360524069005E-005
    299   10   3.117360524069003E-005   8.714313370358127E-009   3.117360524069003E-005
    301   10   3.117360524069005E-005   8.714313370358132E-009   3.117360524069005E-005
    302   10   3.117360524069003E-005   8.714313370358127E-009   3.117360524069003E-005
    304   10   2.933343598453098E-005   7.765894625227213E-009   2.933343598453098E-005
    305   10   2.933343598453095E-005   7.765894625227200E-009   2.933343598453095E-005
    307   10   2.933343598453098E-005   7.765894625227213E-009   2.933343598453098E-005
    308   10   2.933343598453095E-005   7.765894625227200E-009   2.933343598453095E-005
    316   10   2.946750243890910E-005   7.896551351627560E-009   2.946750243890910E-005
    317   10   2.946750243890908E-005   7.896551351627552E-009   2.946750243890908E-005
    319   10   2.946750243890910E-005   7.896551351627560E-009   2.946750243890910E-005
    320   10   2.946750243890908E-005   7.896551351627552E-009   2.946750243890908E-005
    334   10   3.613600061211029E-005   1.261155843522173E-008   3.613600061211029E-005
    335   10   3.613600061211029E-005   1.261155843522173E-008   3.613600061211029E-005
    337   10   3.613600061211029E-005   1.261155843522173E-008   3.613600061211029E-005
    338   10   3.613600061211029E-005   1.261155843522173E-008   3.613600061211029E-005
    352   10   3.438322485183147E-005   1.081409280608791E-008   3.438322485183147E-005
    353   10   3.438322485183148E-005   1.081409280608792E-008   3.438322485183148E-005
    355   10   3.438322485183147E-005   1.081409280608791E-008   3.438322485183147E-005
    356   10   3.438322485183148E-005   1.081409280608792E-008   3.438322485183148E-005
    388   10   4.116650304399488E-005   1.530392440233858E-008   4.116650304399488E-005
    391   10   4.116650304399488E-005   1.530392440233858E-008   4.116650304399488E-005
    394   10   4.149145336122759E-005   1.552587411368438E-008   4.149145336122759E-005
    395   10   4.149145336122768E-005   1.552587411368445E-008   4.149145336122768E-005
    397   10   4.149145336122759E-005   1.552587411368438E-008   4.149145336122759E-005
    398   10   4.149145336122768E-005   1.552587411368445E-008   4.149145336122768E-005
  </DiscreteSampler_grid>
