  0.00000220286944715  0.00000236297032434  0.00000251884984413  0.00000269405089365
  0.00000287427623809  0.00000305623737817  0.00000324355232946  0.00000339723090106
  0.00000351771243768  0.00000364126083673  0.00000376652705649  0.00000390457356080
  0.00000408871489188  0.00000438451747020  0.00000469275415876  0.00000498592105384
  0.00000529215739466  0.00000561570356124  0.00000592355292460  0.00000624396109680
  0.00000653892473430  0.00000684036952214  0.00000716677939601  0.00000753168001501
  0.00000790573267257  0.00000824781184860  0.00000861520486893  0.00000895561510122
  0.00000926776192628  0.00000960270226795  0.00001005034151261  0.00001052778856226
  0.00001102734782632  0.00001155884903744  0.00001212560299654  0.00001267163974079
  0.00001326618114127  0.00001387859886325  0.00001450708372073  0.00001518720880698
  0.00001592507451341  0.00001668108119247  0.00001756266567901  0.00001862539194482
  0.00001986937736276  0.00002127774288410  0.00002262358805530  0.00002395213954616
  0.00002536500457756  0.00002674763365130  0.00002803239430154  0.00002928521906499
  0.00003050501401702  0.00003185436526372  0.00003344183551141  0.00003534788935935
  0.00003743627876939  0.00003947553348758  0.00004130241578197  0.00004313418812637
  0.00004550317254633  0.00004853311076363  0.00005202717694471  0.00005617304999786
  0.00006063487346776  0.00006525286550864  0.00007033617079757  0.00007579521358611
  0.00008387665333934  0.00009268014651349  0.00010239020487918  0.00011436998981003
  0.00012482851750105  0.00013231003317618  0.00013883409642149  0.00014631387372820
  0.00015661837590164  0.00016914238687575  0.00018323558521545  0.00019923231016167
  0.00022250683257970  0.00025808636851097  0.00030483380388351  0.00035056691938797
  0.00040352746188846  0.00047759132112473  0.00059519406089652  0.00077773547319505
  0.00093999214490939  0.00118080891500593  0.00168916888312722  0.00208886708412779
  0.00255244174635123  0.00503435541394943  0.27403935926994488  1.00000000000000000
  0.00364306077633218  0.00882269524556880  0.01563206999197794  0.02489740388950042
  0.03602826536641243  0.05084390265916957  0.06663757384632697  0.08101172626739983
  0.09333467809974513  0.10302958421818420  0.11130771911579357  0.12067450409810868
  0.13208343204986034  0.14163139235264574  0.15056693320497266  0.15940532512410197
  0.16961815197968630  0.18091645411485011  0.19363207488158660  0.20743467276765309
  0.21955048224898663  0.22948256283146792  0.23679071958229908  0.24361653736509897
  0.24976590207674007  0.25589755368474448  0.26373935017632766  0.27430206644765043
  0.28279116479664279  0.29027026402905282  0.30108988742834819  0.31513517666623581
  0.32901941958304987  0.34247516587975008  0.35577537763149936  0.37009540374041333
  0.38542391218534222  0.40184755583010301  0.41729363108086559  0.42888484115008602
  0.43896828227165485  0.44914663540542155  0.45966054583977511  0.47229744054279682
  0.48632345006239314  0.49890706446923777  0.50956028539135290  0.52025011536539645
  0.52955127223859111  0.53842687184654070  0.54774257759746670  0.55739639728465884
  0.56757062520116808  0.57937752886748606  0.59075114124707229  0.60070710733961008
  0.61022618450359034  0.61827066357578986  0.62684962738630368  0.63561800372021404
  0.64310473180995553  0.65030490572444954  0.65683688787762806  0.66493057920494358
  0.67329099205674614  0.68213053787645395  0.69225088505264698  0.70167269722768788
  0.71231319142977234  0.72762589361224228  0.74290456907366609  0.75678395934482956
  0.76779192300390375  0.77816987099833157  0.78909564804089527  0.79720786455913262
  0.80583325249673843  0.81492964244145605  0.82399605917989527  0.83393748767702114
  0.84452371053898756  0.85504672930913306  0.86595342579626600  0.87575035299348403
  0.88872897387110272  0.90047245255679409  0.91211225107633565  0.92433093256142718
  0.93682545832872377  0.94732105805094446  0.95692088180819357  0.96668771414827193
  0.97539687049506107  0.98395775704960253  0.99217730785828373  1.00000000000000000
  0.00001835324214658  0.00004263732078162  0.00004907813664254  0.00005411792194721
  0.00005792394178982  0.00006138380753084  0.00006476727724160  0.00006840172794930
  0.00007251071276780  0.00007700358853764  0.00008103762427002  0.00008504012655029
  0.00008858165427122  0.00009249595305720  0.00009660073499663  0.00010123023564784
  0.00010643029733303  0.00011233408251723  0.00011829787798779  0.00012403121734914
  0.00012984237617074  0.00013591246941874  0.00014268896326225  0.00015029903716217
  0.00015833251388955  0.00016681921113807  0.00017558366167300  0.00018378469258896
  0.00019126316735276  0.00020025608797097  0.00020980100591479  0.00022014964317196
  0.00023071392777450  0.00024107767689055  0.00025181625595494  0.00026257937262161
  0.00027541715191652  0.00028943692278040  0.00030436403046882  0.00032189472789665
  0.00033913276249114  0.00035246150938473  0.00036697919208412  0.00038031379650490
  0.00039261758682231  0.00040384784484896  0.00041340027325946  0.00042299774722437
  0.00043352974734434  0.00044907641257901  0.00046241053907202  0.00047264161669928
  0.00048212678072437  0.00049334065505053  0.00050766875092884  0.00053867022763266
  0.00057202730629190  0.00060808326677940  0.00064585343445732  0.00068959431872807
  0.00074052531168594  0.00078623888187984  0.00082982731496096  0.00087273410217972
  0.00092237415196761  0.00097816217510266  0.00102666465004470  0.00107684696189080
  0.00112003740352881  0.00116943663191278  0.00121891024575166  0.00128413138242948
  0.00136228737217526  0.00144206172984442  0.00152475526910936  0.00161241594491124
  0.00170667285793789  0.00183148188300847  0.00199544040761777  0.00218718755801309
  0.00246279572401686  0.00280607325199468  0.00315502513878966  0.00347585357495061
  0.00375935023012545  0.00416624493973480  0.00465793633221695  0.00496408456382682
  0.00531204418353589  0.00610594521536950  0.00806927990203869  0.01041011442861920
  0.01329512875637073  0.01718121861779315  0.04404107130816520  1.00000000000000000
  0.00000569752869611  0.00000638303823413  0.00000681655127533  0.00000719825419906
  0.00000755451907607  0.00000789506046519  0.00000823213999491  0.00000868207155493
  0.00000903412343214  0.00000925402343980  0.00000945486029017  0.00000967634877239
  0.00000986912145192  0.00001007401488802  0.00001032152393292  0.00001062335233118
  0.00001100039988346  0.00001145080192855  0.00001196583106732  0.00001255203824326
  0.00001306612967149  0.00001356378417778  0.00001406626260105  0.00001458899050352
  0.00001543595833067  0.00001609951713918  0.00001667187297925  0.00001724670234579
  0.00001781776354834  0.00001832071485497  0.00001889859710194  0.00001951775728758
  0.00002009484736795  0.00002069174272262  0.00002128319571647  0.00002236743785381
  0.00002348190074273  0.00002456862653757  0.00002585633166845  0.00002724893731076
  0.00002872791774272  0.00003044765639062  0.00003230904712049  0.00003429664316139
  0.00003651601235782  0.00003897275084978  0.00004166321740404  0.00004460301977819
  0.00004747336316061  0.00005053874075605  0.00005416091049252  0.00005857742237772
  0.00006418214988373  0.00007057727943390  0.00007682355094193  0.00008300548605275
  0.00008874442550047  0.00009471776436322  0.00010136229664665  0.00010801400323435
  0.00011569149240838  0.00012294761150546  0.00013387348478910  0.00014583517093800
  0.00015717793789712  0.00016728326375654  0.00017796020369391  0.00019191202815456
  0.00021294179332577  0.00023496177094120  0.00025949611461887  0.00028863524787342
  0.00032022014511905  0.00035881329357455  0.00040632109828881  0.00045860364488195
  0.00051286813228301  0.00056880852034535  0.00062799083274180  0.00069699533940437
  0.00079455157516102  0.00092801211900998  0.00110682956220688  0.00131432226192196
  0.00159566493950947  0.00192157133584147  0.00224066119878481  0.00261501894076988
  0.00298798287017802  0.00348938000837052  0.00463967369888239  0.00650548041971157
  0.01019267348742217  0.01773441942801048  0.09675832214823679  1.00000000000000000
 -0.00378398041754371  0.02067202428716944  0.04171706807763340  0.06332360665881823
  0.08566921491665691  0.10727558485188642  0.12715239639231468  0.14567938513009127
  0.16561327045227336  0.18651007442419071  0.20672302411820270  0.22590881861726747
  0.24230981562260995  0.25814442820345662  0.27588796434386309  0.29461031979609942
  0.31392369033248857  0.33387754842623124  0.35366790791408981  0.37189689805322557
  0.38942564357154913  0.40935098259607228  0.42764167504229755  0.44479815244815546
  0.46160827526514026  0.47717301951330016  0.49158578569994077  0.50691122509146291
  0.52295023650982453  0.53921496194381513  0.55404895241735752  0.56841608676399735
  0.58070729638988261  0.59174018933742190  0.60236638931479725  0.61317846346703198
  0.62358009590615859  0.63380770199235892  0.64419973842401190  0.65348142497123796
  0.66276263377077038  0.67065340472302171  0.67811956930006001  0.68614990123085184
  0.69478964849891189  0.70295028683105842  0.71080658097759908  0.72072125336411930
  0.73097364724016212  0.74278359240683645  0.75586844291386757  0.76802969467445004
  0.77724644471653137  0.78552804873954307  0.79342640237512896  0.80166086067125286
  0.80993479682031722  0.81776555442779864  0.82466748126639544  0.83126635455462750
  0.83800117791242634  0.84453824041876846  0.84989425320159540  0.85516241280887395
  0.86046212707235281  0.86605298013572152  0.87201358914261029  0.87789358344572055
  0.88428757671515590  0.89033799066934671  0.89589341681375978  0.90186568099849640
  0.90765244247582477  0.91409821437458261  0.91906918376065883  0.92194726949284644
  0.92441762764939028  0.92715095246975598  0.92989873212236362  0.93268134892485077
  0.93651687070385314  0.94198359695812606  0.94831627219788017  0.95452088421533798
  0.95903060346185376  0.96265945781860385  0.96595043778567691  0.96909870376228247
  0.97201441074878969  0.97486996984416685  0.97822399392720405  0.98099112505428676
  0.98490523887705062  0.98950735375832244  0.99488753692991405  1.00000000000000000
 -0.00233340616795447  0.00986093249885757  0.01972913691663301  0.03317645715057651
  0.04329122482300241  0.05096020787185238  0.05883844093380277  0.06879266546320761
  0.07716786818508509  0.08370956744023647  0.09038137701867754  0.09844623560956692
  0.10675216411466062  0.11633072888838351  0.12591203997705680  0.13775876053685548
  0.14639988725926747  0.15505920553137592  0.16430473944534346  0.17496249979838069
  0.18896674048117124  0.20331548421956719  0.21790093023363330  0.22668244172567720
  0.23408757835366362  0.24114137764648971  0.24830014288042182  0.25621444818672767
  0.26551805123517669  0.27655342192105314  0.28638740372183680  0.29801801006109652
  0.31056660990416007  0.32319207820530066  0.33425481383366801  0.34366023429388198
  0.35243827255645971  0.36127280215029434  0.37265195385179262  0.38829030717628149
  0.40483921728953620  0.41843866760327164  0.42930327065264362  0.43967502839604244
  0.45084801897328208  0.46036290710829847  0.46824065431371603  0.47603654900341513
  0.48494731053550999  0.49730835206346974  0.50886166103763797  0.52017091098440538
  0.53056602587208135  0.54038059746713174  0.55083923925583900  0.56253003827766856
  0.57536046834598475  0.58783096751613007  0.60045451451744070  0.61206977943860852
  0.62305127514714331  0.63348838469860613  0.64447112187722866  0.65610271018013022
  0.66745716313286496  0.67877101390834449  0.68897325773264884  0.69978252428383780
  0.71171186153006538  0.72409578699070454  0.73428487304073065  0.74392145874221272
  0.75334125793206053  0.76071091932175683  0.76759269704993638  0.77491779767947855
  0.78345162232797272  0.79172592211218418  0.80212908592642052  0.81236423051876805
  0.82291194980012927  0.83087674708297710  0.84186793033974505  0.85125343837026490
  0.86181699602827377  0.87278834782585801  0.88468216683431755  0.89749496338157275
  0.90859770782939908  0.91960358879011961  0.93129445565017077  0.94461501717532548
  0.95760773850025716  0.97020686257894373  0.98415320784439675  1.00000000000000000
 -0.00360496960019173  0.01956870910784252  0.03895189367887657  0.05675934626352794
  0.07163320107056872  0.08352002523560562  0.09420668059466988  0.10510461190712382
  0.11647613078888844  0.12820693452898366  0.14049353696326364  0.15216001835158857
  0.16332876926862494  0.17359058653157014  0.18197835023818992  0.18822332516856308
  0.19351086830995615  0.20003504077295178  0.20842176405423676  0.22049718616930097
  0.23115908463436946  0.24150811385304277  0.25128283425633918  0.26002402684107395
  0.26979862697276669  0.28081970447034044  0.29116947407101867  0.30189933405898062
  0.31171258030939603  0.32081429351496421  0.32954451411607599  0.33791385964952275
  0.34733147636892003  0.35843914702827784  0.37050552206156373  0.38139008594122187
  0.39062905608064280  0.40074686565671686  0.41128223233002542  0.42431573580235832
  0.43873417611276433  0.45340795418537622  0.46615018149725013  0.47805069389413457
  0.49030591615291574  0.50220320000351437  0.51320040669113332  0.52336491161947463
  0.53183135668283377  0.54064572031484803  0.55117321259214080  0.56130168449057849
  0.57259348587947445  0.58417601746295689  0.59633778054930897  0.60826785651553694
  0.61860345960761065  0.62837603572813416  0.63745222951910618  0.64837978169148791
  0.66313261664970646  0.67729318768664670  0.69021025151999149  0.70251779523944369
  0.71485841737517475  0.72785206554295612  0.73968542780470337  0.75028343474497039
  0.75989420680302566  0.76968425620095360  0.78008477407986998  0.79078810717383607
  0.79801337459574861  0.80378079881633835  0.81011822146431745  0.81817174519373237
  0.82674915910061575  0.83442813152040773  0.84130073220770252  0.84777133133784610
  0.85487490152303691  0.86700336072403839  0.87969821104194279  0.89240426721011634
  0.90476207918535800  0.91488560785702600  0.92564313436412449  0.93506528948440548
  0.94427660052850859  0.95361139516916094  0.96235943462854912  0.97017719907624111
  0.97778034077419329  0.98525089121100284  0.99249317069828413  1.00000000000000000
 -0.00419525348589006  0.01930798395396978  0.03339997447095841  0.04502289924397547
  0.05607754985306741  0.06935229436290567  0.08178631701032295  0.09182464847619340
  0.10147733296060456  0.11251350343859069  0.12229378164075892  0.12947301986713788
  0.13616422720151478  0.14162205317760487  0.14882434156098903  0.15644036436104988
  0.16558885881231639  0.17293622383379634  0.18044878567290862  0.18765832798300380
  0.19570240822358181  0.20386438457047593  0.21157820817115097  0.21750320478395352
  0.22351846735366726  0.23153100006136293  0.23908853944851091  0.24570152734289050
  0.25486377813892902  0.26763964332657803  0.28128648699463815  0.29442699339543110
  0.30547501977339558  0.31453546883828121  0.32352192110671207  0.33247490866381446
  0.34376692731930270  0.35419126492364528  0.36508062695599375  0.37598121540190260
  0.38702220725096970  0.39908177546628698  0.41161188692100470  0.42459192028051324
  0.43820086457856772  0.45216272787381923  0.46514989262124129  0.47570885861373041
  0.48432147873540954  0.49270772698261528  0.50176260263013983  0.51289063789474543
  0.52617557616791255  0.54073933417003517  0.55457009191444673  0.56873712586888669
  0.58258594771393191  0.59424955907541543  0.60530445851368675  0.61667010614297402
  0.62723939640130033  0.63635573887089181  0.64603738030390701  0.65543744919361779
  0.66462078101963662  0.67338417561549058  0.68183936447304627  0.68981746656116782
  0.69859454699096846  0.70872422945535807  0.72128123079553608  0.73278118766410827
  0.74263571830531472  0.75330509668477719  0.76455992776919846  0.77572189752810683
  0.78568006824842240  0.79510368250018204  0.80496258303225598  0.81549136495064545
  0.82724592383697582  0.83977318141630797  0.85091602847503112  0.86233847080540404
  0.87339996661548236  0.88619459565471381  0.89975950423603190  0.91370454280286895
  0.92615273610323068  0.93712124573096700  0.94797152236561244  0.95821978378441708
  0.96885983659538855  0.97825090545546034  0.98888031766545814  1.00000000000000000
 -0.00180534985469888  0.01000735507755348  0.02018679131472849  0.03147054708381564
  0.04256997806406626  0.05268982754272268  0.06342685948585401  0.07488070146510324
  0.08935648549491101  0.10551807237895104  0.12232329104640952  0.13288246328233622
  0.14244888519088592  0.15199064898091630  0.16286577232089203  0.17712918853624504
  0.19109120144491401  0.20147641251162179  0.21181979724817282  0.22207077175030912
  0.23521408563800009  0.25297549495282406  0.27037825362592699  0.28229053979095770
  0.29222075922472607  0.30098047754043961  0.30989963979066448  0.32067054300416464
  0.33193662576026756  0.34327998347448802  0.35517170418859978  0.37110948973789759
  0.38833719646984227  0.40317474379453638  0.41471177142187232  0.42440970783771931
  0.43489882093948551  0.44457247004941836  0.45441318121338087  0.46491773134400505
  0.47657250894129255  0.48937054028600402  0.50298558911590696  0.51723583495669845
  0.53232733097279128  0.54677196630539759  0.55936690327344618  0.57138843335356326
  0.58372925490674898  0.59519147651518123  0.60620451729117375  0.61768383318466735
  0.62863136470155956  0.64117369491619991  0.65226524890773319  0.66136838051126068
  0.66994569146236771  0.67861304844935655  0.68714855381565454  0.69743798633455545
  0.70828195322194654  0.71784901540932999  0.72730893179474387  0.73658109332965960
  0.74725345986053482  0.76115135920300414  0.77597447934517438  0.78988158014108611
  0.80312044928523052  0.81621610771998010  0.82876013460559783  0.84031168637996245
  0.85012916217505397  0.85818762212256317  0.86706337474834527  0.87621644565527590
  0.88574742336469781  0.89495104078199583  0.90160451853560697  0.90763450651875333
  0.91371921157286651  0.91889595591603068  0.92348968523562736  0.92746815923091308
  0.93154814435694300  0.93496799464978209  0.93868150167517972  0.94262024144154477
  0.94883737400923052  0.95449729921096382  0.95976420647915361  0.96688838299940449
  0.97571510242057513  0.98450556156905678  0.99247790280727599  1.00000000000000000
 -0.00208708348313667  0.00730821739928072  0.01696060592203499  0.02598002395123844
  0.03527355077355979  0.04546537397799181  0.05741436108879611  0.06918815485760088
  0.07983516267528099  0.09126385821274886  0.10223996006418377  0.11242045772700351
  0.12400886924070147  0.14002312034003087  0.15562673739921357  0.16817481100237061
  0.17901394038114701  0.18794316051636431  0.19663881569347569  0.20544451073473050
  0.21459504944236998  0.22562513615242469  0.24380977073231880  0.25848566861408029
  0.27173189403165587  0.28332933861940146  0.29566179014895960  0.30763160675170570
  0.32039985788765085  0.33293487182654691  0.34570769939204177  0.35931201150255793
  0.37312322218715005  0.38674724560741297  0.39859900598829368  0.40884582957640264
  0.41882190674792180  0.42922249526731293  0.43884948189082845  0.45096720153741110
  0.46322588571500667  0.47399536891929467  0.48377757910971092  0.49315958671417087
  0.50356128790807431  0.51529470332678395  0.52780419442682169  0.54033733394478733
  0.55161577508826487  0.56157540267399852  0.56923085084285419  0.57601418803229376
  0.58381080028866827  0.59266696810233799  0.60164497914793036  0.61009249743547189
  0.61774394422616175  0.62653634430916183  0.63735431865421155  0.64977823764512410
  0.66285788126094058  0.67300737315216896  0.68179477214529216  0.69092650613566930
  0.69933098149010775  0.70747484590908927  0.71514544048224371  0.72138233331991275
  0.72718319297716993  0.73471881275588591  0.74485843708071653  0.75599821071645146
  0.76879406159477282  0.77949428132168597  0.78871815638366516  0.79804107114858058
  0.80648662143996297  0.81275341507066312  0.81989634656740396  0.82771619581585776
  0.83754626638745122  0.85063090537313801  0.86344739844055041  0.87647902765295083
  0.88950187206048059  0.90136012528081411  0.91213362086882677  0.92157222164755259
  0.93140625164729463  0.94034622006649737  0.95059808666339640  0.96315247132396520
  0.97615217627496786  0.98548527558081822  0.99323260957392601  1.00000000000000000
 -0.00274328814286676  0.01572399139362717  0.02596412698211527  0.03585844860395475
  0.04478958081982125  0.05408145256264393  0.06468021711788055  0.07581724069763375
  0.08693193164110585  0.09761049346637449  0.10921541279412275  0.11932453603440699
  0.12976070413743207  0.14002380505094233  0.15265013006490238  0.16523616749641021
  0.17844216585130812  0.18891836218552266  0.19616678620670583  0.20264066000315323
  0.20871635624710042  0.21473910675955921  0.22154239217963456  0.22968743755247384
  0.23703818872604998  0.24419068182180850  0.25114791405685999  0.25883749553758306
  0.26770138191923232  0.27759163270047321  0.28880658275553422  0.30234369016050960
  0.31530126996123164  0.32797022033511014  0.34076574250526659  0.35301579440221392
  0.36539440085659258  0.37737604905501870  0.38847704112380338  0.39921944939804899
  0.40915195196290277  0.41887057364305791  0.42924308746996304  0.44229885932589552
  0.45754955170751732  0.47129142345744668  0.48495783354991234  0.49785576129604170
  0.50917915681909975  0.52022641879269116  0.53191044390557785  0.54498550093287423
  0.55988523065686890  0.57425963148404446  0.58815257501912821  0.60102821444414289
  0.61310182285832682  0.62424900621971691  0.63363741453372202  0.64309674075369838
  0.65108238080465530  0.65819412846603187  0.66540633992148934  0.67161150576755091
  0.67855768055139254  0.68845615187882392  0.69916467468991428  0.70646190611375115
  0.71451226838331483  0.72319820020110137  0.73322467156955418  0.74541922408720174
  0.76000936002263042  0.77378265325705431  0.78611552205193613  0.79780858424203360
  0.81122114049084115  0.82260451910234100  0.83309403817831973  0.84387251267142760
  0.85465456964722641  0.86504300420506663  0.87431433370965583  0.88244741544425664
  0.89040034836624671  0.89869502534303969  0.90636572044762032  0.91389826074330283
  0.92260913849724779  0.93427369661668391  0.94755176651410644  0.95818088242067678
  0.96889538187013557  0.97946286908756441  0.99019869536287075  1.00000000000000000
  0.40978486782667384  0.61471784109545191  0.63342887878464815  0.65180087060129110
  0.67132751329680307  0.68553630316977343  0.69627902778844408  0.70794756036794337
  0.72140969868468985  0.73276084564605126  0.74216639920133476  0.75162854813543067
  0.76328893648617890  0.77275135635538472  0.78034363697989062  0.78709482108402173
  0.79351048203266761  0.80040896183081189  0.80679617910811952  0.81262895710510763
  0.81813233130607299  0.82454910276904736  0.83135527065159265  0.83745776028881969
  0.84346071154008917  0.84929669163960309  0.85445564957510622  0.85970043417820596
  0.86457270136537345  0.86952016759923134  0.87382131939357921  0.87801211118204070
  0.88200423003803341  0.88677188735727208  0.89132865397658789  0.89566948292595194
  0.89956103177649605  0.90295303352435330  0.90654996433726176  0.91045060513795140
  0.91531614446561205  0.91983458892186221  0.92361575160574916  0.92735249767474748
  0.93125316855566553  0.93534392843640513  0.93826875374133756  0.94001604947639783
  0.94161852709799032  0.94316232549963253  0.94482375313068534  0.94664866442276874
  0.94840067902566583  0.95015593458743164  0.95179525354135175  0.95317110443721220
  0.95442857457179475  0.95588307161140174  0.95751252559935995  0.95936945386518058
  0.96154648631251693  0.96327074599560647  0.96478622183519525  0.96608813030651730
  0.96726559991921024  0.96838597136810045  0.96948270208880183  0.97056318779308792
  0.97185904352399966  0.97328072745657790  0.97479585951011927  0.97647919751841550
  0.97785500924944924  0.97916326378409224  0.98041347102206455  0.98162943003281733
  0.98300425422536319  0.98425388425910043  0.98537378762519412  0.98643360753856302
  0.98752244870022543  0.98866644265435322  0.98979525263876444  0.99076942616467045
  0.99166830121663607  0.99250019037810577  0.99321917893808043  0.99384169241920239
  0.99444764562490773  0.99509024192643925  0.99569842182763135  0.99628947516392707
  0.99700000342710415  0.99774288505519282  0.99862421103875543  1.00000000000000000
 -0.00571253322774870  0.15744506308113629  0.19232571813965207  0.21607326131938859
  0.23130942776868127  0.24582340131708225  0.25982275453812254  0.27536832239639780
  0.28681938438312199  0.29839211581315667  0.31057143962879552  0.32282338966480867
  0.33326256851208069  0.34291426082831361  0.35241960773943742  0.36003570612173930
  0.36793640129822591  0.37583446805811987  0.38467655133429851  0.39341131874029150
  0.40027089489082740  0.40588722468974187  0.41085744495303073  0.41600291889922669
  0.42180636990670051  0.42810571337947972  0.43445337548206059  0.44087005697845039
  0.44669702556639607  0.45198323244452715  0.45773942978913107  0.46325543463037849
  0.46894034407341700  0.47528525407025746  0.48202176714696227  0.48838853291873957
  0.49412489582200975  0.49924440422499977  0.50451320191622195  0.50945236601717625
  0.51459063773923996  0.52008224224447852  0.52624437146804925  0.53195994345902997
  0.53673947520979481  0.54184399321557530  0.54755569507103541  0.55295379509445208
  0.55874025313773090  0.56381523907489539  0.56879150740339979  0.57384928913507871
  0.57934093187150681  0.58518802908284673  0.59057642618111550  0.59558382362371109
  0.60040392693395350  0.60521083676808018  0.60940050876365537  0.61379238285993909
  0.61819419032000789  0.62261948220153118  0.62733917752926738  0.63286791185045144
  0.63861063125120510  0.64387010726196903  0.64934214742643770  0.65518271795049965
  0.66079075289498190  0.66575946077248926  0.67077616908908499  0.67628172290550737
  0.68142707474875597  0.68548576785677673  0.69121308869031128  0.69769001951769638
  0.70408680906211962  0.71327457127037630  0.72427126808489117  0.73575859602373961
  0.74464292729161552  0.75257915289219990  0.76061135510121003  0.76841892577587290
  0.77720633162149844  0.78616527223440646  0.79782111711610859  0.81021552543524467
  0.81940459869957960  0.82782027763128474  0.83831574409365783  0.84918441853314985
  0.86121377155784296  0.88222217539148928  0.98036944897188261  1.00000000000000000
   4.2944164117284040E-005  -1.0000000000000000     
 F F F F F F F F F F F F F F F F F F F F F F F F F F F F F F F F F F F F F F F F F F F F F F F F F F F F F F F F F F F F F F F F F F F F F F F F F F F F F F F F F F F F F F F F F F F F F F F F F F F F F F F F F F F F F F F F F F F F F F F F F F F F F F F F F F F F F F F F F F F F F F F F F F F F F F F F F F F F F F F F F F F F F F F F F F F F F F F F F F F F F F F F F F F F F F F F F F F F F F F F F F F F F F F F F F F F F F F F F F F F F F F F F F F F F F F F F F F F F F F F F F F F F F F F F F F F F F F F
  <DiscreteSampler_grid>
  grouped_processes
  1 # 1 for a reference and 2 for a running grid.
  10 # Attribute 'min_bin_probing_points' of the grid.
  1 # Attribute 'grid_mode' of the grid. 1=='default',2=='initialization'
  0.0000000000000000 # Attribute 'small_contrib_threshold' of the grid.
  0.5000000000000000 # Attribute 'damping_power' of the grid.
 # binID   n_entries weight   weight_sqr   abs_weight
    55   10   1.128594042482141E+000   4.120667446822944E+000   1.128594042482141E+000
    56   10   1.128594042482137E+000   4.120667446822905E+000   1.128594042482137E+000
    58   10   2.003317839830117E+000   1.401517670135706E+001   2.003317839830117E+000
    59   10   2.003317839830110E+000   1.401517670135692E+001   2.003317839830110E+000
    61   10   1.623247248792980E+000   1.309197597362818E+001   1.623247248792980E+000
    62   10   1.623247248792965E+000   1.309197597362785E+001   1.623247248792965E+000
    67   10   1.522056769680584E+000   1.141097697881746E+001   1.522056769680584E+000
    68   10   1.522056769680570E+000   1.141097697881717E+001   1.522056769680570E+000
    82   10   1.459667534896519E+000   1.116210126642926E+001   1.459667534896519E+000
    83   10   1.459667534896505E+000   1.116210126642898E+001   1.459667534896505E+000
    91   10   1.499789830781718E+000   1.088358236480726E+001   1.499789830781718E+000
    94   10   1.492656569123742E+000   1.128542062951315E+001   1.492656569123742E+000
    95   10   1.492656569123728E+000   1.128542062951286E+001   1.492656569123728E+000
    106   10   1.128594042482141E+000   4.120667446822944E+000   1.128594042482141E+000
    107   10   1.128594042482137E+000   4.120667446822905E+000   1.128594042482137E+000
    121   10   1.993586674743087E+000   1.334699521155283E+001   1.993586674743087E+000
  </DiscreteSampler_grid>
