  0.00000207409061669  0.00000218259622486  0.00000228288828486  0.00000237596312892
  0.00000246530731063  0.00000257534080131  0.00000267454139708  0.00000276694346440
  0.00000285809915734  0.00000294642984415  0.00000304415259654  0.00000314688890712
  0.00000325333994051  0.00000336070835956  0.00000346727471026  0.00000357243174913
  0.00000367030555036  0.00000375729062858  0.00000386839665716  0.00000397966867528
  0.00000409642626394  0.00000422937236503  0.00000438342124026  0.00000456228586916
  0.00000474989638652  0.00000491498170165  0.00000505342762757  0.00000519275089292
  0.00000533073705160  0.00000547884856008  0.00000564088681317  0.00000581477210342
  0.00000599435946192  0.00000617606837872  0.00000637099022426  0.00000658302409997
  0.00000680947632411  0.00000705798489430  0.00000726689759885  0.00000747034202055
  0.00000765847499637  0.00000781715456843  0.00000799551378342  0.00000821087051698
  0.00000844255544797  0.00000867661712257  0.00000892326277378  0.00000922505936095
  0.00000956148286642  0.00000992319833227  0.00001029977192286  0.00001072355361415
  0.00001118147210929  0.00001164490534912  0.00001207344599673  0.00001247885876490
  0.00001290131463277  0.00001335900623107  0.00001385378659368  0.00001439099887499
  0.00001499759912336  0.00001566997735302  0.00001635235955398  0.00001700627787384
  0.00001774610660951  0.00001859495382421  0.00001959503659896  0.00002076845190031
  0.00002214928033725  0.00002357679400395  0.00002527064939964  0.00002707467810979
  0.00002894399562797  0.00003085571398863  0.00003294578833513  0.00003537943026800
  0.00003848745502582  0.00004189578540682  0.00004619238888362  0.00005184901630348
  0.00005969733649573  0.00006901192041066  0.00008077019729644  0.00009481254580336
  0.00011083006829649  0.00013030657559681  0.00015625755419343  0.00019165206732263
  0.00024665117371962  0.00032720482423652  0.00043843817397497  0.00069128305381145
  0.00108652985892980  0.00201484797705563  0.13755533052543886  1.00000000000000000
  0.00001300334445272  0.00001518287895689  0.00001640790975496  0.00001781037513195
  0.00001923408546807  0.00002081721154004  0.00002249754051198  0.00002464151462174
  0.00002663416933897  0.00002881141522853  0.00003124273296268  0.00003399365636457
  0.00003682007903279  0.00003985887357360  0.00004292921117606  0.00004651070333364
  0.00005040495120994  0.00005510975866855  0.00006078336617137  0.00006643689609209
  0.00007176702853554  0.00007683093117741  0.00008242294908041  0.00008795572368624
  0.00009378750186490  0.00010021258295144  0.00010708874455861  0.00011426442120708
  0.00012127428812789  0.00012779129431542  0.00013506007316039  0.00014269249080906
  0.00015113324848722  0.00016178669165764  0.00017354837401635  0.00018518837020549
  0.00019678284024905  0.00020870810301639  0.00022060009166300  0.00023481270963602
  0.00025307251414354  0.00027476812902366  0.00029849714135525  0.00032089541154609
  0.00034565542787634  0.00037278839690343  0.00040052419757773  0.00042878829832997
  0.00045812842752979  0.00049193904742829  0.00053492092591170  0.00057990623199138
  0.00062380669539309  0.00067068672034856  0.00071859574819633  0.00077672180475331
  0.00083499352668271  0.00090057519091491  0.00097093729504357  0.00104766608555580
  0.00114563426493985  0.00124004393813028  0.00133946554105603  0.00145443745657169
  0.00158033120409717  0.00170890765849263  0.00183350364526425  0.00197799711244886
  0.00216565596818644  0.00241091582697349  0.00269518814888854  0.00297362162835017
  0.00322722829329461  0.00346017335616214  0.00368628027228337  0.00392963943578259
  0.00420400250363409  0.00451189538790666  0.00474028171364125  0.00491725548953152
  0.00509422926542180  0.00529751286360467  0.00553166039633943  0.00576580792907419
  0.00599634128905642  0.00621323346841973  0.00643012564778303  0.00664835528955851
  0.00735592551796275  0.00817818359157858  0.00933833562001313  0.01131728061333609
  0.01370747274647598  0.01609522303257610  0.26892318059388881  1.00000000000000000
 -0.00000936338268787  0.03403741057145995  0.05496473818803486  0.07192010721793013
  0.08727928849551804  0.10092950015314490  0.11477260456257227  0.12757005544702255
  0.13853520648674944  0.14861059106674832  0.15864709078250841  0.16818557982299617
  0.17865666486390530  0.19032857425953528  0.20524873588426429  0.21883641563431327
  0.22925406926485870  0.23847625629880959  0.24789571251233325  0.25810291238871597
  0.26842560960830253  0.27862027444199106  0.28930103561483161  0.30039036354379844
  0.31247569835334732  0.32513555516764336  0.33773824321044099  0.34999988527401266
  0.36009841919383306  0.36783802935947035  0.37505525612969487  0.38260606980299722
  0.39014800622074580  0.40061813842830579  0.41304411572052313  0.42410494965724832
  0.43411502898852278  0.44407705703282668  0.45284737605523340  0.46183336634459698
  0.47100433825153437  0.47962093533152861  0.48884802620592060  0.49778618102324851
  0.50694609180306438  0.51698779240000992  0.52625372579448182  0.53503296060084615
  0.54309764306881925  0.55068636395956294  0.55861013254413572  0.56683391400402061
  0.57446452017714245  0.58124248789606170  0.58797259149731607  0.59518828687574421
  0.60300782425764821  0.61137014102702103  0.61937821299658291  0.62731357737742854
  0.63596301847470094  0.64527046530783494  0.65461697368327942  0.66303649886334826
  0.67188491605284328  0.68185634678160412  0.69287223436364542  0.70434376731081849
  0.71613082040506415  0.72788633450213147  0.73957471437509636  0.75046073351415410
  0.76156340108424314  0.77344649552369416  0.78687935964042999  0.79956456696553846
  0.81082644195042131  0.82107595911378917  0.83181121900186727  0.84340735261068112
  0.85389639923319793  0.86280186295343775  0.87114988472811827  0.87994256419318151
  0.88981159932723353  0.90048974746232824  0.91131793026981278  0.92195271193220829
  0.93178071044771893  0.94052927113499329  0.94860026283946031  0.95681085943253763
  0.96603304522330635  0.97686097121277260  0.98789545771721599  1.00000000000000000
  0.00000519893741756  0.00000581454073483  0.00000657973003522  0.00000743891024294
  0.00000812804509406  0.00000873590446681  0.00000933690225875  0.00000996821091816
  0.00001052934670193  0.00001114264883227  0.00001175508677974  0.00001245474876646
  0.00001334408869915  0.00001439393810750  0.00001530488616137  0.00001609274449535
  0.00001687086232778  0.00001769497397583  0.00001858071533911  0.00001954287972699
  0.00002047199828634  0.00002145096973520  0.00002241448378038  0.00002345621410548
  0.00002459348422504  0.00002591329155766  0.00002766337091178  0.00002948482435513
  0.00003142531602402  0.00003364548329037  0.00003607876568498  0.00003888445021525
  0.00004205541647438  0.00004531610638644  0.00004927629458548  0.00005359401420056
  0.00005752168969824  0.00006187281074254  0.00006630477795913  0.00007146277368715
  0.00007815852659242  0.00008487499239461  0.00009134857562864  0.00009803691187993
  0.00010474014518046  0.00011176593176898  0.00011919174080889  0.00012793879907568
  0.00013694804619250  0.00014740846424180  0.00015936427233003  0.00017153289981861
  0.00018240120146479  0.00019295728303411  0.00020408534960461  0.00021672583348345
  0.00023170016313856  0.00024773600335190  0.00026434611706923  0.00028311782730105
  0.00030540590052090  0.00033072179876734  0.00035779282808607  0.00038329171752823
  0.00040885995078749  0.00043634474868293  0.00046800164132801  0.00050434564383724
  0.00054302784758921  0.00058796537791490  0.00064556260131937  0.00072022361658382
  0.00081015596684650  0.00091862973340441  0.00102959530611919  0.00112628675057235
  0.00121366243967822  0.00129570156911855  0.00139939986839105  0.00155138104466838
  0.00186851077934955  0.00203824644273534  0.00220386975718799  0.00239939677347538
  0.00264049366353628  0.00297493615630975  0.00334718682324895  0.00381329344422609
  0.00499377331664260  0.00713383016901225  0.01042921166076707  0.01288302328382572
  0.01568497015315752  0.01924103438552854  0.16020864993430875  1.00000000000000000
 -0.00282787215275400  0.01127696237026905  0.02340633734982977  0.03497396355890105
  0.04603073134941707  0.05461773172244250  0.06348623049901655  0.07163076082460244
  0.08034080744874290  0.08906855126895066  0.09754475703615578  0.10615834240117496
  0.11737612177322358  0.12822873723647893  0.13931314942031969  0.15082520410123756
  0.16260773441521331  0.17356826524610250  0.18426650677585404  0.19521412660749976
  0.20602546989498574  0.21699616539467301  0.22806884236782246  0.23876270003279884
  0.24914339775555250  0.26085879196407158  0.27219782439657164  0.28327204855296628
  0.29446288320449376  0.30655860437919152  0.31900158536913015  0.33047896851873326
  0.34076431735311330  0.35126132776795999  0.36164588166736689  0.37267143745299902
  0.38208512452172788  0.38942789561978991  0.39687005036326217  0.40456095287558835
  0.41243462382715457  0.42131296528880385  0.43245019274895841  0.44406332426822326
  0.45574273640129792  0.46558951931623616  0.47386193640224306  0.48212411264096144
  0.49065321203915818  0.49974906593424168  0.51058863420149825  0.52252312037350623
  0.53514638363361688  0.54720607493130535  0.55963979826633758  0.57235576172336056
  0.58482664217418812  0.59635946341255586  0.60747418840465384  0.61805309672327591
  0.62877181116989000  0.63928156815479975  0.64992017848877892  0.66049331036846448
  0.67249853990275210  0.68565393745235725  0.69827064888779200  0.71055524569435857
  0.72288967633525214  0.73489771208872090  0.74640254198380840  0.75748572545300075
  0.76849113725080398  0.77925482520284395  0.79025191950215135  0.80194083960554752
  0.81339758691550779  0.82419294324990888  0.83463330294326277  0.84581376257285612
  0.85729242494724112  0.86843948634988821  0.87879517028969067  0.88923619492037442
  0.90045775551463214  0.91170171439138481  0.92133698610192105  0.92888321602089075
  0.93721688702223938  0.94555508875610894  0.95435757644022001  0.96400332522957111
  0.97440332741920810  0.98442576653875924  0.99255369678764349  1.00000000000000000
 -0.00285640078025667  0.01087862342343914  0.02206714572242565  0.03302722447065547
  0.04337039045312487  0.05276020728110024  0.06193228853839509  0.07150413163107490
  0.08167006017973812  0.09207464155485746  0.10178457121755732  0.11161804300100590
  0.12194943746667142  0.13257689675914969  0.14301527355285967  0.15317353879624440
  0.16327278203186438  0.17410288153202907  0.18761963282225802  0.20204560703705390
  0.21326371752468409  0.22381774747850738  0.23376858857694299  0.24297630600732348
  0.25409023616413290  0.26531605946631515  0.27583133481712863  0.28600720654339035
  0.29588136972435314  0.30567598314096917  0.31720877183215967  0.32910649837888140
  0.33991441649493676  0.34932148738666796  0.35862533223106097  0.36830772451607796
  0.37893876500959267  0.38997514618130663  0.40226677102339670  0.41539959316538072
  0.42880889710578352  0.44154824990273400  0.45410565962107829  0.46648950732993055
  0.47963564293881383  0.49189717952677520  0.50323334994903979  0.51461998923393737
  0.52661239542387617  0.53868462099943570  0.54896163484525418  0.55928243909074293
  0.57042777716150517  0.58131493432178649  0.59221889034793396  0.60337070041254914
  0.61695802539610267  0.62897900043516752  0.64053009706184982  0.65083569530644880
  0.66138852115268298  0.67146297106015573  0.68217253876031680  0.69330964755216395
  0.70571994700552798  0.71834063713336105  0.73078552223747262  0.74311776120467266
  0.75443891822565434  0.76472004074986732  0.77570959466567924  0.78671410176086354
  0.79741823651976862  0.80688585341437702  0.81753817714823240  0.82972766362124639
  0.84059102242961770  0.84923346788680265  0.85812947983734156  0.86727603089281546
  0.87745141461369425  0.88715402709907898  0.89753934813437586  0.90857751016620325
  0.91919908658818306  0.92745759220216673  0.93298519341142172  0.93812776691906297
  0.94323813270105328  0.94816739588420706  0.95480162546473601  0.96344337729277496
  0.97164997489709426  0.98037667807336215  0.99024491932550052  1.00000000000000000
 -0.00176986860399539  0.01414337810605367  0.02776463935568315  0.03798154548052825
  0.04668171082608123  0.05436305823203093  0.06168580775908786  0.07062024456041448
  0.08136859726270808  0.09147920156502153  0.10134257713095367  0.11341101168106330
  0.12686307535454125  0.13761328629350250  0.14621436281036138  0.15494407342624250
  0.16430409043347516  0.17514633857286507  0.18552191759598610  0.19648001934976783
  0.20617093627660130  0.21559668055080816  0.22512036061691035  0.23565356985161517
  0.24641304136467679  0.25650395267859938  0.26634417835618235  0.27556292723818854
  0.28560986021004009  0.29517786570895549  0.30503564925415638  0.31605780511745024
  0.32760396579334639  0.33928873760943051  0.35039985026281822  0.36172887352160610
  0.37279894793457863  0.38271519376472035  0.39220001509552893  0.40173248708249032
  0.41206329784187273  0.42218314821889164  0.43267148226358648  0.44370791301989382
  0.45499736772340216  0.46521594478958961  0.47527386855725179  0.48683064263119513
  0.49959329413884318  0.51327735360081050  0.52717010910424600  0.54102043215915330
  0.55482198330942123  0.56827937394006200  0.58102883362502278  0.59268209945824180
  0.60301640273571988  0.61305058392109035  0.62426831298650376  0.63732595371554024
  0.65048839698619976  0.66351024240683742  0.67719968234578420  0.69038171545301785
  0.70181870143869873  0.71240042923814784  0.72306815514832778  0.73433963509829536
  0.74547811483179183  0.75632204498094335  0.76796917589519864  0.78135343698319593
  0.79575064987982447  0.80931371387089179  0.82133882874517261  0.83253059245849981
  0.84322091206706706  0.85363176301172461  0.86391274628597925  0.87412988171287109
  0.88400212921865817  0.89342662659558103  0.90283045826313635  0.91130168868586148
  0.91933506055465131  0.92680994133850469  0.93453272804089760  0.94272246402523363
  0.95274300456628691  0.96075473875147543  0.96923142513544480  0.97599664926563201
  0.98045178482267514  0.98614115118708212  0.99224898575631304  1.00000000000000000
 -0.00290809947189225  0.01288601428345088  0.02408744566202579  0.03421241898789055
  0.04456802395660167  0.05489932160423300  0.06437015879929797  0.07340403863972268
  0.08232909057843432  0.09344151135486727  0.10498950402535805  0.11670476030526870
  0.12725614905655064  0.13679337319703552  0.14726156730653128  0.15884241361538917
  0.17144436468472835  0.18326592128368338  0.19507959155763788  0.20588510125510667
  0.21565669302383936  0.22541555968873103  0.23560845355573248  0.24623092298529187
  0.25714184883458668  0.26844532020959100  0.28031167973098808  0.29067453179720781
  0.29949415407512908  0.30850005712986506  0.31811170140001505  0.32671478813259386
  0.33443312647421242  0.34227733575897096  0.35115076415920154  0.35921430575532476
  0.36694633493901579  0.37499407529296197  0.38333796860179042  0.39460223749017259
  0.40411597176745478  0.41384028281254764  0.42483726204837030  0.43561112465070784
  0.44459997142054369  0.45213001895110000  0.45950128565604503  0.46820463177146421
  0.47785665522740567  0.48772391853144309  0.49674915685263432  0.50660750255139630
  0.51731754124281815  0.52780491784884442  0.53719446822623862  0.54585556649763500
  0.55427186008696550  0.56313327094119880  0.57266522383449325  0.58263790329771048
  0.59360856385043792  0.60497485001568463  0.61701640155422544  0.62845453171118315
  0.63958805436603583  0.65036531737327130  0.66128876081950339  0.67263378239756955
  0.68380322145534322  0.69378809784209228  0.70360454943479633  0.71379474260927367
  0.72558487202316835  0.73856607826914134  0.75148154247016763  0.76431022280085292
  0.77701385822137314  0.78996951233449098  0.80243507127601843  0.81448314486363005
  0.82630592483922971  0.83751508429984389  0.84818317746703964  0.85891702746459075
  0.86989494796925992  0.88054438155821213  0.89058671902770070  0.90074152131319463
  0.91084776211620955  0.92168934958669890  0.93345090777841899  0.94582628047365136
  0.95886869940945885  0.97110128614004809  0.98510776123747779  1.00000000000000000
 -0.00195130390301413  0.00788577312179503  0.01776113226439174  0.02698642801952677
  0.03829022819179767  0.04779485870307692  0.05720390596411564  0.06599507547680264
  0.07588578733864099  0.08594514867623025  0.09579914764398471  0.10535526497941632
  0.11514676370428398  0.12368289037848422  0.13043683124848951  0.13693767929713116
  0.14401865270151595  0.15147694608494724  0.16221728626300042  0.17484674065349851
  0.18748754715963045  0.19673994204302223  0.20583319761847074  0.21365237187957059
  0.22155686844875278  0.22968048463964180  0.23827451483256615  0.24683914188071920
  0.25542750283854038  0.26419025800848106  0.27332699593669868  0.28315641275074577
  0.29322297231482819  0.30209548001605191  0.31084005192704189  0.32042498928368029
  0.32897928942379573  0.33803750753585998  0.34667107125835367  0.35533315089888357
  0.36481851590893871  0.37476466809714876  0.38550766376416457  0.39720500113165585
  0.40920908550228596  0.42166737384075925  0.43296285285216041  0.44361791379187465
  0.45509009290889252  0.46573247118929118  0.47555821376551977  0.48520593206449658
  0.49531203199459151  0.50598804559574417  0.51690638365541242  0.52815268609019261
  0.53902060425654386  0.54963984376195674  0.56061602600058247  0.57230736359217160
  0.58392572172097890  0.59481626130995413  0.60551297852362229  0.61587132418050261
  0.62685359871456292  0.63768071274450444  0.64873698683585301  0.65956663642230617
  0.67065093487864447  0.68292504789293440  0.69714607926352845  0.71234075932941865
  0.72517127294235495  0.73735786891330324  0.74924140690501773  0.76142604539509395
  0.77240258743052537  0.78329728651046515  0.79400467232550276  0.80487102929684440
  0.81522884138736185  0.82538166443198946  0.83685047097055554  0.85030963205370358
  0.86436011539617885  0.87808781685752535  0.89179812147684123  0.90505058287606566
  0.91800503973104253  0.93109150593839762  0.94350254121348354  0.95469466295923189
  0.96588706235471433  0.97696630533987527  0.98856802252566645  1.00000000000000000
 -0.00197385491363464  0.01048568292357199  0.01971963198717278  0.02922549099139251
  0.03931363351195884  0.05180626855618118  0.06526263864634121  0.07873225616786876
  0.09180309056252105  0.10407259715268918  0.11531153457034263  0.12585733825679798
  0.13670278882721099  0.14800595827776161  0.15922249404725730  0.17041652926380441
  0.18223951970733862  0.19355445025693130  0.20362855909819297  0.21358973136932558
  0.22391054319121551  0.23442564067437871  0.24455210219335966  0.25543043041127306
  0.26668587372201280  0.28004756757517546  0.29330468506702617  0.30434926421521724
  0.31457180359726838  0.32515312816010633  0.33586859501159194  0.34628057274830243
  0.35563080983016493  0.36380073336730012  0.37183959181640369  0.37990156633564764
  0.38815878166700141  0.39682856031189251  0.40640042318144037  0.41596284922213000
  0.42689049959559100  0.43857549987205102  0.45041827180568128  0.46262945923484583
  0.47459986786422287  0.48604954018136765  0.49768068959671230  0.51001041981313411
  0.52235675225901490  0.53341217124912776  0.54392324054433450  0.55386586375199875
  0.56295915926372619  0.57213587081845119  0.58281234952227767  0.59368343674148927
  0.60379469755858350  0.61308072749492637  0.62213982846229055  0.63062896525812040
  0.63890897781300549  0.64726544994245605  0.65613313337656376  0.66608258568326650
  0.67653923932502091  0.68601038929354619  0.69492699646414480  0.70412093210623505
  0.71376968044584055  0.72607374136255509  0.73756307077627536  0.74892165359231477
  0.75889137592422540  0.76824611123239839  0.77813036038655214  0.78870595010736577
  0.80153126421639909  0.81314310543726509  0.82477871209852249  0.83597500737977481
  0.84669819291137505  0.85633673299554447  0.86550839773545496  0.87518889039610281
  0.88545771690227648  0.89514741403536680  0.90431094033689663  0.91387730047288551
  0.92398296506096733  0.93425152677505108  0.94464604293372234  0.95615771888771584
  0.96937127753062058  0.98060484526020497  0.99046634394797861  1.00000000000000000
 -0.00335354483780333  0.00943594293764847  0.01906419514690560  0.02737486530949126
  0.03508762126576943  0.04231915623137320  0.05049144344689971  0.05929057203869308
  0.06889166754974690  0.07840263613106846  0.08731004049656582  0.09542427729762488
  0.10282157975185956  0.11093211226347373  0.11862568885884579  0.12722940699760618
  0.13636639967053957  0.14704667596595608  0.16098019983139017  0.17453445039504920
  0.18640189106602567  0.19666589533909140  0.20733892748145213  0.21918073897289686
  0.23169942142424621  0.24356057185074484  0.25531981257684361  0.26785413491066629
  0.28060619576496842  0.29253606356502060  0.30291525976653583  0.31266227981003436
  0.32276485548941158  0.33311512064569049  0.34305671538531524  0.35335160134056559
  0.36494125493703444  0.37712088548056555  0.38833167612542308  0.39836458662857066
  0.40758261211205193  0.41697145818939618  0.42549670546490492  0.43409572670407454
  0.44322393963641837  0.45364705949105227  0.46444543960078821  0.47581114806185920
  0.48792637828193092  0.50078476570360364  0.51434806183247439  0.52780587684547198
  0.53977604909942156  0.55029029654829986  0.56089399598712231  0.57198378250036075
  0.58237315561496961  0.59281721882564431  0.60399935757643297  0.61424843456997147
  0.62294689623408506  0.63156429507705136  0.63986638009898555  0.64965009418354569
  0.66216977065485527  0.67480596324311859  0.68671973911072637  0.69964242296953505
  0.71265952277169964  0.72492417470501058  0.73488177050346415  0.74428285770958547
  0.75352768524650826  0.76326734020364306  0.77502754317468470  0.78784499507584527
  0.79983778263403504  0.81129370308767246  0.82267147477137481  0.83408221851008479
  0.84584895158441242  0.85773289276983988  0.86917068074762061  0.88013944344342088
  0.89085774847233179  0.90189457668362849  0.91332725561880845  0.92543122917497944
  0.93725624870808644  0.94839552094485957  0.95822662058595387  0.96677048684296807
  0.97526433507959220  0.98334944305841809  0.99136738524466794  1.00000000000000000
  0.41692530707424558  0.53238284138658520  0.56671512357132781  0.58007701315018312
  0.59293994484236157  0.60266941297907772  0.61078460450234406  0.61695095168686542
  0.62470935818359141  0.63311825924638110  0.64177484371147342  0.64928344644841496
  0.65550183177780641  0.66113272667381773  0.66875940288947811  0.67777292471866624
  0.68426244422913596  0.68934801852439898  0.69304490645011463  0.69697787589325022
  0.70070103519294702  0.70522680739071419  0.71045433711774275  0.71512412735898800
  0.71985507648241742  0.72477270845669328  0.72990609842163490  0.73522398731471150
  0.74027667160869670  0.74514644625521287  0.75085650376075896  0.75648665692638961
  0.76219540084012749  0.76761647881468631  0.77282441334453211  0.77757783766153710
  0.78255100705397473  0.78746198145624979  0.79220170053799432  0.79695302881901597
  0.80175613500926890  0.80621638919313732  0.80967803411014105  0.81244882660412476
  0.81541425225162190  0.81841708195996654  0.82130194371349419  0.82495529457576711
  0.82899731343132455  0.83334570127788699  0.83811377175957325  0.84285151268687708
  0.84738323008917282  0.85166445935182922  0.85565717508301453  0.85925976535123871
  0.86288520553678882  0.86635150495765156  0.86996626663875376  0.87360860906318882
  0.87719971772130700  0.88082367362400282  0.88445516820151593  0.88814986612620939
  0.89189560422983227  0.89555461351062449  0.89901697936345615  0.90222267296476244
  0.90537432965100628  0.90857299142195780  0.91171959934888624  0.91485544334285052
  0.91809965367216562  0.92145549275482230  0.92487790894844324  0.92816831512987086
  0.93146741776294362  0.93492901223060687  0.93841050954892269  0.94198305141824090
  0.94544475621033497  0.94889364288525291  0.95263255634106980  0.95631448510391304
  0.95987195877196518  0.96355324015212906  0.96727974186960852  0.97105702261878479
  0.97470959103358079  0.97828242380906294  0.98187871153881312  0.98557710724749403
  0.98953034096380388  0.99312673117808947  0.99660258462333451  1.00000000000000000
  0.01356662565853443  0.13346672656641964  0.15244977220946790  0.16064800549364544
  0.16635335440178298  0.17070520746348383  0.17392926304588074  0.17735131353222230
  0.18142898751024245  0.18565277230920910  0.19122284241795590  0.19713142388143148
  0.20259661487656333  0.20692815040317714  0.21051546686219175  0.21406113490957085
  0.21787679122331288  0.22174429818877525  0.22548333504516202  0.22937638976081640
  0.23384050980638688  0.23818157216400415  0.24245462044286453  0.24657008079216641
  0.25081722248871091  0.25501242710127159  0.25912436495065744  0.26313710261933443
  0.26709866987850156  0.27137795193839498  0.27583276759435038  0.28037948376323774
  0.28489794423394160  0.28944811273308141  0.29430519853004788  0.30026302379930142
  0.30617323448698786  0.31195203648822312  0.31719571625156184  0.32216015329902792
  0.32739045623983182  0.33276778648094701  0.33835490272012542  0.34435921231151806
  0.35022106646750345  0.35619927930614126  0.36195547127755978  0.36805245551820204
  0.37386204447287147  0.38047385575825304  0.38724762473372043  0.39415358920689397
  0.40097298676005155  0.40774374744402575  0.41441384462781383  0.42074546128599211
  0.42694108894251109  0.43260591123128084  0.43769367852050611  0.44314857741171965
  0.44863786829368579  0.45483887356399810  0.46184342590124972  0.46928736607790439
  0.47674006279656561  0.48267281509453908  0.48831762293037678  0.49270825939583279
  0.49780444560901060  0.50352200731538699  0.50966276425415935  0.51689691015207384
  0.52472473729678926  0.53298165461034264  0.54142190666632217  0.55032404905493093
  0.55976244350247739  0.57001776306723040  0.57923163431482405  0.58747055207990639
  0.59556078927167400  0.60481529738089346  0.61601774061977288  0.62678671296148047
  0.63664569054925413  0.64660004327124565  0.65837423280756180  0.67300753177040973
  0.68927360622511413  0.70658463792179604  0.72549037183378218  0.74776372735691532
  0.77268932734979623  0.80039822999349464  0.83940789434949736  1.00000000000000000
   9.0613510861217229E-006  -1.0000000000000000     
 F F F F F F F F F F F F F F F F F F F F F F F F F F F F F F F F F F F F F F F F F F F F F F F F F F F F F F F F F F F F F F F F F F F F F F F F F F F F F F F F F F F F F F F F F F F F F F F F F F F F F F F F F F F F F F F F F F F F F F F F F F F F F F F F F F F F F F F F F F F F F F F F F F F F F F F F F F F F F F F F F F F F F F F F F F F F F F F F F F F F F F F F F F F F F F F F F F F F F F F F F F F F F F F F F F F F F F F F F F F F F F F F F F F F F F F F F F F F F F F F F F F F F F F F F F F F F F F F
  <DiscreteSampler_grid>
  grouped_processes
  1 # 1 for a reference and 2 for a running grid.
  10 # Attribute 'min_bin_probing_points' of the grid.
  1 # Attribute 'grid_mode' of the grid. 1=='default',2=='initialization'
  0.0000000000000000 # Attribute 'small_contrib_threshold' of the grid.
  0.5000000000000000 # Attribute 'damping_power' of the grid.
 # binID   n_entries weight   weight_sqr   abs_weight
    37   10   1.580822411894467E-002   1.194016216181596E-003   1.580822411894467E-002
    38   10   1.580822411894468E-002   1.194016216181597E-003   1.580822411894468E-002
    43   10   1.440470260945186E-002   9.631760053312995E-004   1.440470260945186E-002
    44   10   1.440470260945187E-002   9.631760053313010E-004   1.440470260945187E-002
    46   10   5.515116156186438E-003   1.539806746207633E-004   5.515116156186438E-003
    47   10   5.515116156186438E-003   1.539806746207633E-004   5.515116156186438E-003
    58   10   6.150671132374778E-002   2.851350567564874E-002   6.150671132374778E-002
    59   10   6.150671132374734E-002   2.851350567564827E-002   6.150671132374734E-002
    61   10   8.757169656788036E-002   5.187996462601667E-002   8.757169656788036E-002
    62   10   8.757169656788004E-002   5.187996462601626E-002   8.757169656788004E-002
    64   10   8.861463582115502E-002   5.299714965814205E-002   8.861463582115502E-002
    65   10   8.861463582115472E-002   5.299714965814165E-002   8.861463582115472E-002
    79   10   5.515116156186438E-003   1.539806746207633E-004   5.515116156186438E-003
    80   10   5.515116156186438E-003   1.539806746207633E-004   5.515116156186438E-003
    124   10   6.150671132374778E-002   2.851350567564874E-002   6.150671132374778E-002
    125   10   6.150671132374737E-002   2.851350567564829E-002   6.150671132374737E-002
  </DiscreteSampler_grid>
