  0.00338519054484934  0.01294265793889962  0.02346025311556024  0.03457877043641323
  0.04562262346461587  0.05677519134198170  0.06807705182215025  0.07932973172055299
  0.09011602194033333  0.10017338981436549  0.11047497341281172  0.12062647661903265
  0.13109295653182293  0.14101517464030008  0.15145798527784446  0.16241295412593632
  0.17333693653520646  0.18386734383783784  0.19446956650694952  0.20503447614276774
  0.21559144990362611  0.22603619355014934  0.23645377081500410  0.24725027418197240
  0.25845513904347789  0.26945495889326831  0.28003754659663121  0.29044235040422545
  0.30093946016333833  0.31154881363079490  0.32237987556794134  0.33336665822416994
  0.34413672754132890  0.35407134537509766  0.36345301738956998  0.37295769884124252
  0.38278173752271405  0.39286352982333528  0.40320909541473676  0.41395756712412329
  0.42499351979009553  0.43606667737046056  0.44731983040718992  0.45901599403917093
  0.47047197437056737  0.48110254941746422  0.49089480614755587  0.50070082389333048
  0.51048232436303353  0.52022520415989004  0.53012158431354406  0.54039447749802461
  0.55157050598445367  0.56285611395905133  0.57380693721702447  0.58438885081160219
  0.59500778298538326  0.60566853430044032  0.61598683895100759  0.62596020668641195
  0.63599584018757338  0.64639956939713372  0.65691430921719041  0.66732314315332719
  0.67737803974380206  0.68731102297622537  0.69752931400734786  0.70795095910242056
  0.71873369976815715  0.72938328784480966  0.74009094849617374  0.75096800872682390
  0.76163515871315968  0.77189683724456737  0.78216774456171334  0.79238666696150195
  0.80326462412196165  0.81399310470261010  0.82438731516195340  0.83484042823107385
  0.84428697127812125  0.85383080681786083  0.86279148261881289  0.87165457513416000
  0.88086095641194562  0.89026781183738002  0.90076944952485938  0.91194124529439491
  0.92329540450363823  0.93396288286691886  0.94412541003833184  0.95435845921599805
  0.96446998436300824  0.97425868827564055  0.98337496244326927  1.00000000000000000
  0.00003472166320231  0.00003807971604252  0.00004425734995756  0.00005075230104895
  0.00005657163974571  0.00006178160713714  0.00006667797297340  0.00007140284558840
  0.00007616877648200  0.00008087848661210  0.00008567091577163  0.00009042762347069
  0.00009528488935852  0.00010006274811996  0.00010481311886813  0.00010960786022419
  0.00011448674415055  0.00011946406040550  0.00012452824271414  0.00012957436359131
  0.00013492098127857  0.00014062667307857  0.00014660159770376  0.00015243518447830
  0.00015859686395385  0.00016468813252825  0.00017075546090831  0.00017701236602737
  0.00018385016494281  0.00019077325067626  0.00019773833138889  0.00020490009935604
  0.00021256638148108  0.00022006594071570  0.00022773653627428  0.00023540479340188
  0.00024306872142101  0.00025095726007862  0.00025935209179913  0.00026805019806117
  0.00027681063157062  0.00028556139724185  0.00029498792330906  0.00030522811874558
  0.00031609591667023  0.00032734305487649  0.00033833967524766  0.00034968426466839
  0.00036105061535617  0.00037215409298731  0.00038456885873685  0.00039749100041506
  0.00041097451425581  0.00042506084153769  0.00044220122822302  0.00046180840455089
  0.00048257960201116  0.00050410260640324  0.00052591182321700  0.00054745211565426
  0.00056754140328424  0.00058748507078564  0.00060804891048416  0.00062902809601698
  0.00065371641260973  0.00068120340598527  0.00070794189528151  0.00073546560975899
  0.00076551136163190  0.00079539361172756  0.00082458511724361  0.00085589346126765
  0.00088890229706678  0.00092944424226291  0.00097350383663137  0.00101750716360212
  0.00106413250552491  0.00111719986745136  0.00117215953864412  0.00122912060177539
  0.00128843497136032  0.00136537724474320  0.00145547129612766  0.00156894719455809
  0.00170964619891681  0.00186315711796088  0.00204671701555830  0.00222735592881560
  0.00239484829573886  0.00259395376414429  0.00287119713837209  0.00332193003207505
  0.00425204297969629  0.00525191548446094  0.02885576266240961  1.00000000000000000
  0.00000242078166036  0.00000252221443981  0.00000261345392797  0.00000270278582158
  0.00000280145392439  0.00000291493604761  0.00000303318953446  0.00000315435488918
  0.00000328019535702  0.00000341240948648  0.00000355134546883  0.00000369390238315
  0.00000384501644943  0.00000400121970123  0.00000416653171639  0.00000434989622370
  0.00000456537530279  0.00000479317106489  0.00000502613308088  0.00000527356681013
  0.00000553796715735  0.00000581272534893  0.00000611310777550  0.00000643018818876
  0.00000676489734938  0.00000713221972315  0.00000753794254542  0.00000794894505882
  0.00000841089812760  0.00000888462457515  0.00000937018080372  0.00000987178552803
  0.00001038098775275  0.00001090724643525  0.00001145717216947  0.00001204384343864
  0.00001265871790976  0.00001334253910869  0.00001403869926481  0.00001473664930197
  0.00001550227555787  0.00001633245056947  0.00001726157506818  0.00001829422441186
  0.00001936295490384  0.00002046942777641  0.00002164199400139  0.00002286395291837
  0.00002414655831804  0.00002559432468821  0.00002704598087083  0.00002869567801200
  0.00003033696766797  0.00003213807105903  0.00003410888605126  0.00003624147936163
  0.00003847490543817  0.00004093333097211  0.00004357812532814  0.00004635441001396
  0.00004922359696171  0.00005222048820197  0.00005537707481918  0.00005884149924165
  0.00006262654623667  0.00006664790212453  0.00007098097915946  0.00007582249482308
  0.00008121950424440  0.00008740301506967  0.00009397508438175  0.00010118085600948
  0.00010945070219568  0.00011902169180603  0.00012913366525204  0.00014032751422541
  0.00015236316687941  0.00016638798962348  0.00018276210877990  0.00020126573314960
  0.00022114095765163  0.00024301651645633  0.00026724805640043  0.00030036577127789
  0.00034025011569245  0.00039398172019064  0.00045759329553035  0.00052822769332366
  0.00062314175836535  0.00075529830046487  0.00089692941599877  0.00109845314429975
  0.00163145006584587  0.00275688786985407  0.12039631152342309  1.00000000000000000
 -0.00238456522654605  0.01030119913605557  0.02096002836397675  0.03132903438301913
  0.04146838109034066  0.05136380320954290  0.06167500511081293  0.07260651449180990
  0.08346802585392506  0.09433592082673517  0.10476314425235395  0.11511670409748570
  0.12547709247737235  0.13554028847581540  0.14560939968832920  0.15541747265120953
  0.16538422393112726  0.17546797532043609  0.18540102003780717  0.19513136747740942
  0.20476908730093926  0.21482604379320930  0.22548635525772465  0.23601231406903000
  0.24612111930448977  0.25611105105923815  0.26565993096902102  0.27477127667567353
  0.28323023492029709  0.29190372019702104  0.30138411791871567  0.31160375461872436
  0.32190006132624877  0.33209069880425823  0.34199387453110663  0.35213648619182714
  0.36205097258760771  0.37226438538714740  0.38234828920265662  0.39244888406775352
  0.40204646082433926  0.41172831055348147  0.42134866135465954  0.43096775355739786
  0.44020745548905066  0.44951922310286657  0.45885336350812111  0.46828392516531403
  0.47777295012957344  0.48742886424799120  0.49730930363513287  0.50708299813172220
  0.51668572868548712  0.52669705168426839  0.53709377929829782  0.54742190522898981
  0.55762956480926307  0.56775950586642765  0.57900147370171873  0.59036527092522006
  0.60129670822547598  0.61167154302764160  0.62208395943413974  0.63259232961959244
  0.64340485865174168  0.65444015255603571  0.66532150065556950  0.67558890612227451
  0.68585190361121517  0.69664814639206030  0.70760144589072449  0.71794416988403265
  0.72785879119713748  0.73803463750361376  0.74831753780899113  0.75862208064553460
  0.76911756029023703  0.78002113719002464  0.79159063592232626  0.80364497325311868
  0.81539028705869099  0.82701403191986633  0.83840341441876709  0.84913837398187353
  0.85987435930967837  0.87139645036727409  0.88381617372496635  0.89642143513319983
  0.90896501054125889  0.92151362560391081  0.93458971418983450  0.94845721216477819
  0.96218528707936490  0.97556087182370932  0.98792053006639580  1.00000000000000000
 -0.00184505914553410  0.00840162798703455  0.01729680129833230  0.02755613332927791
  0.03791956519592432  0.04877330609076123  0.05989095178011566  0.07158831198511800
  0.08306355557139969  0.09437834859252318  0.10596526723082755  0.11768442651014828
  0.12891500632250696  0.13911553080911745  0.14905308855010188  0.15865915589435661
  0.16825808259081559  0.17788070840955097  0.18790498980312589  0.19809730960027044
  0.20869370177277705  0.21933881860640372  0.23047115982394051  0.24172372175196150
  0.25267509432294061  0.26338825047712838  0.27391914162919001  0.28508306273876360
  0.29629135096410569  0.30739704286237929  0.31802514414695798  0.32812136309878975
  0.33840014994230333  0.34829979349982942  0.35864286395312672  0.36878463047109528
  0.37930756613966032  0.38961579126779056  0.39953777430903842  0.40943239730996511
  0.41923439284855957  0.43004250083686618  0.44126147546141081  0.45311896917352384
  0.46505571770992360  0.47649951159668563  0.48812649215060605  0.49886762907806531
  0.50973592148093472  0.52043406625252830  0.53142975363540823  0.54276922404111339
  0.55395011468332966  0.56529070536292036  0.57624071182150538  0.58720019629230824
  0.59778910451324130  0.60864032980855653  0.61975171129444828  0.63042590067150317
  0.64068913934093852  0.65093757004796782  0.66141290839741518  0.67181904111905699
  0.68185175414658983  0.69189438629725786  0.70226184589231333  0.71273271229767765
  0.72345422488559408  0.73417715995849675  0.74467779213384322  0.75484847301473257
  0.76499282254384371  0.77522634815510005  0.78611998452298326  0.79687261556451738
  0.80742941447890160  0.81761535485806258  0.82778281862503833  0.83751721525883549
  0.84722658814406138  0.85704086387870659  0.86753955061981891  0.87762241090826265
  0.88750130518561510  0.89719566149490326  0.90704207622205479  0.91709782738816203
  0.92736427584408898  0.93824866955627095  0.94863318524685847  0.95905628556709044
  0.96869644403818167  0.97898523874880317  0.98931945111238162  1.00000000000000000
 -0.00192292469148820  0.01254345853170614  0.02397284132845155  0.03511531414477829
  0.04673987723128016  0.05959432343789593  0.07243249389229289  0.08561830658130724
  0.09921639092932799  0.11286235285474551  0.12599762310148901  0.13863112041690917
  0.15111046311060927  0.16376127430916854  0.17634666796827991  0.18890798364628847
  0.20163307517236709  0.21471062658694864  0.22779320600516101  0.24080327019166398
  0.25395808007112614  0.26739848750517375  0.28027447310010978  0.29351882484501740
  0.30672990138418288  0.31941792051573326  0.33145969695205857  0.34333097281674496
  0.35548631755562921  0.36776212839941630  0.38080967363430007  0.39384957102136514
  0.40710987028654627  0.42022156970074925  0.43352055553087776  0.44669969922305230
  0.45955555884596538  0.47171867680836910  0.48313047011653060  0.49414135161372774
  0.50519192625176135  0.51636310007818420  0.52758667682502636  0.53886544439075967
  0.55062281354656062  0.56272465923174453  0.57465197715533944  0.58613864128913229
  0.59755808762129037  0.60852997721302282  0.61923052614368901  0.63035953434117054
  0.64244400519904554  0.65451673698261381  0.66577314179311664  0.67617780591740440
  0.68671483054159776  0.69696514212950622  0.70712585492656865  0.71649489902762997
  0.72590467811768078  0.73534400168811398  0.74482318766364519  0.75448076641934148
  0.76420618994898859  0.77399155257062346  0.78410750357859282  0.79373417444923722
  0.80312542562159583  0.81193275073173710  0.82045046151266043  0.82861601331021462
  0.83664041196687111  0.84453649991022128  0.85231201453584593  0.86002213007459050
  0.86766916411372308  0.87543096441991175  0.88337589544442274  0.89122005167622942
  0.89878968917404389  0.90606804006001707  0.91303743960800354  0.91948702126736537
  0.92617636257350111  0.93332249191453409  0.94092238636323899  0.94955196684657917
  0.95767613443204513  0.96435416671834351  0.97017684500549872  0.97569202133070243
  0.98122532188307743  0.98685685279303270  0.99348232443169404  1.00000000000000000
 -0.00244310742796370  0.00944806796605654  0.01962107381092736  0.02969415778652336
  0.04026488444456759  0.05079631996578933  0.06141635138154702  0.07227072688357115
  0.08337028244364800  0.09415078987881284  0.10492786843040529  0.11541897812967063
  0.12577241722421423  0.13541414515389719  0.14507906683662464  0.15459284579988256
  0.16433132270423589  0.17459646116434230  0.18549528306894597  0.19653171650074111
  0.20793160799822927  0.21923105607071469  0.23109056293956182  0.24222158337596641
  0.25308709816843628  0.26346026198940770  0.27323479745158719  0.28280117115490161
  0.29223084645717845  0.30259081874124505  0.31338754305782462  0.32474484372689699
  0.33601116559577110  0.34704355280053106  0.35770992218549580  0.36749802392531922
  0.37764511309298132  0.38799267397160531  0.39912650403953387  0.40996279528135010
  0.42046494235399029  0.43040326151738206  0.44047178254532665  0.45066269491860722
  0.46092193532197206  0.47159949658588241  0.48246708929290510  0.49318028123778151
  0.50331594914058597  0.51283891095885337  0.52281316277812173  0.53307304848554427
  0.54383838149478070  0.55528718311550807  0.56613743068646605  0.57689344543908250
  0.58717372318772054  0.59835541548394267  0.60942707144285468  0.62088711103763761
  0.63236152176665494  0.64351688308231525  0.65345998796505844  0.66288751079974473
  0.67194233633722289  0.68167053731429494  0.69178934179426632  0.70320824860405740
  0.71431510100007833  0.72518800424494245  0.73616902520765415  0.74744692068776897
  0.75846608151706896  0.76893039250632866  0.77956349597159291  0.79009385684438316
  0.80070686292379190  0.81113491624406153  0.82237717402169330  0.83367101508563979
  0.84462268239939831  0.85577965374112097  0.86642829561951706  0.87675838429540454
  0.88688290357656951  0.89690758168861340  0.90672606879646678  0.91650557515064157
  0.92645613974228347  0.93698219668967708  0.94791666792666807  0.95896754549848950
  0.96956755959024088  0.97988057112734950  0.98998940424231885  1.00000000000000000
 -0.00220671175071440  0.00890686611671734  0.01864221472675788  0.02875479009613205
  0.03859866251227319  0.04880909760008763  0.05936796710663986  0.06992848807723993
  0.07999174785194361  0.09043155702556149  0.10100674331006587  0.11125324335362198
  0.12067716422185529  0.13001913822340092  0.13964235893379812  0.14952101246779692
  0.15928405502047688  0.16874332046820217  0.17834124378346469  0.18843077718609244
  0.19854630199775675  0.20838485275394508  0.21817179310205548  0.22860629178089523
  0.24012604155158157  0.25126326044494995  0.26166559770913761  0.27183579426320742
  0.28267164402720274  0.29352164620391807  0.30436696988622031  0.31503575626368302
  0.32573880690066614  0.33603504138619067  0.34594634740829183  0.35573915004384449
  0.36576148944602455  0.37596661931230357  0.38651952596449379  0.39726442987554833
  0.40812488481874681  0.41890881257660068  0.42963448212383964  0.44059661940838907
  0.45207121316846000  0.46399376630109934  0.47603245185669063  0.48794522753939490
  0.49949292717781552  0.51038451651242678  0.52086514312984233  0.53135059783830685
  0.54244036431671427  0.55362557940978230  0.56438678409364429  0.57437855504600510
  0.58406940922180939  0.59392625905708263  0.60440269638345678  0.61537233120048440
  0.62670884507788638  0.63782875439672304  0.64895131878935630  0.65994661109970587
  0.67053526321413193  0.68070475942014896  0.69090171960784530  0.70124781671836056
  0.71209443499971203  0.72373953615054487  0.73552947339222352  0.74755398101219694
  0.75890840729932296  0.76975769918745407  0.77981760954084822  0.78984677145877669
  0.79982518455153517  0.81007369729510803  0.82023964082242706  0.83062818656969251
  0.84117268190575400  0.85188294428501854  0.86196400235456117  0.87162665858987542
  0.88126071413323115  0.89119196630618747  0.90166627003537436  0.91231450512924850
  0.92303411697631765  0.93383369874588584  0.94427308853771807  0.95528722016913270
  0.96690182346544284  0.97822760560563737  0.98940217808740227  1.00000000000000000
  0.44185931905838505  0.49852524876854715  0.51172540147128631  0.52404896839809012
  0.53477942517962918  0.54343981643021377  0.55101218854297696  0.55793179848904173
  0.56475340441300526  0.57212651869162734  0.57998856370023233  0.58745108421779746
  0.59492184555801642  0.60241590926638056  0.61020610046467871  0.61766020598630200
  0.62451940170974596  0.63096476508006738  0.63746527673939124  0.64421164296828237
  0.65075361188570391  0.65702244066009807  0.66298459353346162  0.66859288167193553
  0.67394166793829735  0.67928236786945084  0.68486632291599514  0.69055745929878587
  0.69623379320213963  0.70186161640715727  0.70755683580236839  0.71307435540604902
  0.71836437940096520  0.72341095793807741  0.72822723885016249  0.73286821028567017
  0.73752469968530610  0.74223419463134710  0.74696135549840759  0.75154256451320522
  0.75587381663377784  0.76033409510987338  0.76486345974941028  0.76952762014405074
  0.77418873712514436  0.77880531990244439  0.78338780690369558  0.78788076945408470
  0.79236815086160151  0.79681683773271594  0.80112012706121183  0.80537063090495831
  0.80955324859938760  0.81385859697397633  0.81815052865207816  0.82240944097119761
  0.82663592145930265  0.83089314009401427  0.83512879002694707  0.83913138510560570
  0.84310168304717514  0.84712577315999649  0.85116877127316226  0.85519184265011738
  0.85924085208120460  0.86328940472819238  0.86732741492710563  0.87137162142884539
  0.87542460237193687  0.87944941435433133  0.88337815194361857  0.88719462454676634
  0.89106123485828881  0.89510081781232509  0.89939970743116038  0.90369416974652761
  0.90786369939108491  0.91186357741816060  0.91586018233067168  0.91987315067526187
  0.92393548437025297  0.92795301681740683  0.93200720179897856  0.93615759019241107
  0.94033817347835802  0.94450912782425844  0.94872100213846955  0.95299477354197903
  0.95738885761164427  0.96200277519847788  0.96665650199291875  0.97149186607519633
  0.97677668118856686  0.98289995676484276  0.99050564881686076  1.00000000000000000
 -0.03168423770253674  0.18636329511042701  0.20147182565077834  0.21460048363234263
  0.22630692043917033  0.23734021463414007  0.24784800540041807  0.25750011388213384
  0.26622998609663651  0.27421584155591516  0.28187398354831777  0.28932242305666278
  0.29677841237296526  0.30373622399081612  0.31069937395312397  0.31770202779621326
  0.32455593827674944  0.33140477766484788  0.33811112001382876  0.34496893117314537
  0.35164220511556316  0.35818066625732981  0.36431570571221578  0.37059520242178584
  0.37678276504631114  0.38275708007956416  0.38843073553178531  0.39398866617973277
  0.39930121932450879  0.40447512970311278  0.40972289531527867  0.41500112449200988
  0.42025900437426411  0.42548702021348150  0.43073429348332171  0.43602738640714056
  0.44125055242130046  0.44649298730028880  0.45165526165591041  0.45670440113143990
  0.46189184993233734  0.46692589732500850  0.47202505485595520  0.47709748528048557
  0.48209951027495540  0.48698420876703397  0.49191193272398132  0.49674775976337970
  0.50167488080458922  0.50661436404900950  0.51151062223341004  0.51660359586111793
  0.52174353440576438  0.52677666459888728  0.53169095252093390  0.53658042045720133
  0.54159041902047622  0.54675419152231763  0.55184936159320341  0.55671263909441271
  0.56159911249191674  0.56663274099699368  0.57175545168571540  0.57688768878453223
  0.58212845415205150  0.58745127469466640  0.59280067918013868  0.59830403975037960
  0.60402778182744510  0.60980714545828096  0.61554772382754996  0.62125794885313090
  0.62714948851708341  0.63326885262821786  0.63952973947414227  0.64586239487615460
  0.65247009621289809  0.65939880024051867  0.66622285576026330  0.67326939351813397
  0.68030700700078606  0.68749485057575621  0.69498809896241376  0.70256391253582484
  0.71028685422563409  0.71836478699371520  0.72707266957882433  0.73690094691577357
  0.74791927774560063  0.75842714631939634  0.76881813186024273  0.77974893039724114
  0.79246471501661175  0.80617524649141736  0.82414464177840052  1.00000000000000000
   1.8294532374306757E-004  -1.0000000000000000     
 F F F F F F F F F F F F F F F F F F F F F F F F F F F F F F F F F F F F F F F F F F F F F F F F F F F F F F F F F F F F F F F F F F F F F F F F F F F F F F F F F F F F F F F F F F F F F F F F F F F F F F F F F F F F F F F F F F F F F F F F F F F F F F F F
  <DiscreteSampler_grid>
  grouped_processes
  1 # 1 for a reference and 2 for a running grid.
  10 # Attribute 'min_bin_probing_points' of the grid.
  1 # Attribute 'grid_mode' of the grid. 1=='default',2=='initialization'
  0.0000000000000000 # Attribute 'small_contrib_threshold' of the grid.
  0.5000000000000000 # Attribute 'damping_power' of the grid.
 # binID   n_entries weight   weight_sqr   abs_weight
    10   10   4.825587905352371E+001   1.333677144858466E+004   4.825587905352371E+001
    16   10   6.256042829356058E+001   9.364629338131816E+003   6.256042829356058E+001
  </DiscreteSampler_grid>
