  0.00000205021856829  0.00000225008078163  0.00000240851740220  0.00000248311106763
  0.00000257123171421  0.00000266500462213  0.00000275905934797  0.00000286216309077
  0.00000300831676192  0.00000313916868769  0.00000326693720907  0.00000339770396034
  0.00000353674985328  0.00000368180374926  0.00000385243899537  0.00000402013404596
  0.00000418739859963  0.00000435507053031  0.00000452417521834  0.00000469544785124
  0.00000486971092340  0.00000505520411148  0.00000524261384568  0.00000543097404241
  0.00000562326529545  0.00000581958588194  0.00000603694109796  0.00000628565247361
  0.00000654602166651  0.00000681402881105  0.00000707246910692  0.00000734461653662
  0.00000760020338977  0.00000785481096088  0.00000815110062098  0.00000847760077583
  0.00000876808657217  0.00000905314569660  0.00000936161728115  0.00000971315476949
  0.00001005857924763  0.00001044183906273  0.00001087717760091  0.00001136847667990
  0.00001192326651545  0.00001254307171258  0.00001326977681016  0.00001404343540416
  0.00001483926676192  0.00001569588723112  0.00001661187182279  0.00001766873032944
  0.00001884552099655  0.00002002611879350  0.00002130434582657  0.00002270453629460
  0.00002440534630895  0.00002642551476917  0.00002879345425812  0.00003148679414861
  0.00003457657929087  0.00003804965689934  0.00004171762965989  0.00004545870887469
  0.00004944104870431  0.00005424334058942  0.00005966913242512  0.00006611479082305
  0.00007341692498218  0.00008213121929802  0.00009382301693113  0.00010780481159826
  0.00012306120616836  0.00014060499931367  0.00016291784546278  0.00018973366825049
  0.00021891684312249  0.00025505171026538  0.00030117860406950  0.00036469507719648
  0.00043868210880921  0.00052763847743227  0.00063879507141684  0.00075271224184753
  0.00088972608629443  0.00108989216088160  0.00132188644388220  0.00161307210199559
  0.00203919708525824  0.00274192854365170  0.00413381377041787  0.00595404813685130
  0.00831851894328824  0.02016397474718569  0.08981275111934763  1.00000000000000000
  0.00301733402576345  0.01568817686366432  0.02848063298007791  0.04077678945858608
  0.05286138831516464  0.06480336987164613  0.07655774429061168  0.08814306962431484
  0.09805221708458386  0.10724238479730740  0.11624683563328909  0.12718165169399309
  0.13861222191545097  0.14924905480998754  0.15925550847048425  0.16889945034439696
  0.17987996816171539  0.18975671322207019  0.19959102066235604  0.20945815067617743
  0.21970090491142796  0.22913760807516223  0.23848828239600736  0.24790254130808506
  0.25885592263848961  0.27209025276825477  0.28513515737301609  0.29747374975249224
  0.30888476084557398  0.31981409726681514  0.33074072152974970  0.34124438357133630
  0.35096969829988611  0.35951887675569189  0.36833517641551833  0.37777476350537031
  0.38880545618572077  0.39982330243493625  0.41041684458210004  0.42126432005476705
  0.43215766564333224  0.44315452633494079  0.45412984167124104  0.46578157854784430
  0.47856887790535896  0.49174687515889115  0.50386668375562771  0.51446175584231046
  0.52454591072976509  0.53449437372056696  0.54545183166636257  0.55648255676767300
  0.56881077571891847  0.58051341655039868  0.59167187432842605  0.60277774041860532
  0.61322371521934849  0.62432338396805076  0.63518081972450502  0.64708807827120574
  0.65927855336401131  0.67163636662053150  0.68334784566133344  0.69434445169980230
  0.70497339459548625  0.71541552916461704  0.72585425348788746  0.73608864373626659
  0.74667528974908604  0.75736045512005246  0.76892019659279109  0.77903413878776806
  0.78636477493393930  0.79314265594247546  0.79942813137194202  0.80653481823838313
  0.81470488104413108  0.82314220320060616  0.83153251829611741  0.84094115965689054
  0.85046454519223935  0.86109878598964507  0.87172976881912889  0.88300597202639641
  0.89311050177539208  0.90273064328284458  0.91196132438293687  0.92117257657854978
  0.93126781686352367  0.94172421005639562  0.95171648060232750  0.96162163398597689
  0.97106332628323566  0.98010048076974821  0.99020193509472099  1.00000000000000000
  0.00000413610918247  0.00000451153362034  0.00000488346469367  0.00000530992107408
  0.00000566935992245  0.00000594100633921  0.00000618081760214  0.00000641512558267
  0.00000666190240989  0.00000700654654913  0.00000750087635985  0.00000808685003772
  0.00000865028370392  0.00000916282660481  0.00000968044968770  0.00001034434323979
  0.00001097499834351  0.00001163081027180  0.00001231715334303  0.00001300722957959
  0.00001377679553907  0.00001453501508334  0.00001529686954455  0.00001612827182946
  0.00001706348859033  0.00001806164157571  0.00001911860389913  0.00002027324177145
  0.00002144565691308  0.00002280122168631  0.00002428826971640  0.00002598290696211
  0.00002778230179437  0.00002987947002176  0.00003202831617615  0.00003441073460417
  0.00003705429890012  0.00004017398564920  0.00004379773760307  0.00004782242811304
  0.00005218459506678  0.00005698645004957  0.00006216120152171  0.00006812765483690
  0.00007504684093430  0.00008326018844329  0.00009163608294582  0.00010012521067889
  0.00010958480812029  0.00012080675589371  0.00013349557682875  0.00014768245343463
  0.00016307282510125  0.00017966768143096  0.00019716884855888  0.00021543850665650
  0.00023466343161904  0.00025836005698029  0.00028455176799447  0.00031309919116658
  0.00034258382482391  0.00037188218408667  0.00040431799531943  0.00044255102401128
  0.00048629611320692  0.00053137561939345  0.00057486102130424  0.00062038738740105
  0.00066010107488727  0.00069715145567666  0.00073562641297803  0.00077526451074144
  0.00081753906553813  0.00087431830268095  0.00096721598690014  0.00107852591226858
  0.00120703451628058  0.00136196377705973  0.00153606843984505  0.00170110855214427
  0.00188624388439204  0.00212125732521728  0.00253677363925085  0.00328869244434080
  0.00391142140435557  0.00425164798272002  0.00447006818653592  0.00467505863881185
  0.00493934892422222  0.00535655444889438  0.00602150587722537  0.00742108496141077
  0.01001592305818196  0.01450026970225055  0.26846928507418433  1.00000000000000000
  0.00000528076406784  0.00000647327683625  0.00000682489993640  0.00000726228262812
  0.00000781205515516  0.00000836458962512  0.00000893897312805  0.00000958964499936
  0.00001037250918284  0.00001131747682073  0.00001244666172877  0.00001371863124769
  0.00001503751344123  0.00001643205786247  0.00001796473239568  0.00001964031490733
  0.00002146399414269  0.00002344112449424  0.00002555944448642  0.00002789903285036
  0.00003059940901046  0.00003355127962484  0.00003678136942174  0.00004038105104248
  0.00004436192362129  0.00004878686092475  0.00005347504990472  0.00005845965124075
  0.00006362980881644  0.00006936865621974  0.00007580002892349  0.00008282005348926
  0.00009047510089386  0.00009856549381773  0.00010723357431642  0.00011685829944902
  0.00012663169733043  0.00013619370607245  0.00014631214958293  0.00015725613250308
  0.00016850634120870  0.00018012711819457  0.00019287932840566  0.00020460421506254
  0.00021571205106555  0.00022713524792419  0.00024078313978388  0.00025730078420127
  0.00027433882815282  0.00029208461026124  0.00031005882484055  0.00032901128509073
  0.00034837411759276  0.00036940967818495  0.00038938894417624  0.00041016662345698
  0.00043418709991426  0.00046122007585157  0.00049857510237603  0.00053909909708319
  0.00058315669499452  0.00062186713152942  0.00065717225534227  0.00068387283924704
  0.00070812675181708  0.00073576187890366  0.00076031443043312  0.00078450356457459
  0.00080977789766819  0.00083750053532797  0.00087089715130351  0.00091779464198316
  0.00097125170189756  0.00103493867508558  0.00110633637875729  0.00116873923040681
  0.00124185346734340  0.00132077865485185  0.00138921219371619  0.00150249295155318
  0.00165725696934852  0.00182594103346851  0.00202523844275695  0.00218710780375461
  0.00236911015211815  0.00253462637356807  0.00271423066935686  0.00294555540947342
  0.00332313918199801  0.00381006112365767  0.00439513400064368  0.00488161106342119
  0.00526161874921935  0.00557910131654371  0.14316153139467500  1.00000000000000000
 -0.00420040516460536  0.01770158277596398  0.03201532033301913  0.04538435719844464
  0.05944498365551801  0.07456438883455885  0.08888699669539415  0.10146797287392469
  0.11310501781543950  0.12419043894152219  0.13454353657553075  0.14557343282643548
  0.15713136683136247  0.16895661471672324  0.17937957035953755  0.18978805687101774
  0.19996899162940046  0.21144229177556323  0.22345587306274661  0.23445007377404248
  0.24473571031753136  0.25595780559678616  0.26915180667129041  0.28122684424680361
  0.29288247057202621  0.30411848782064643  0.31594834925598325  0.32732109475485166
  0.33855048983012054  0.34884120367181648  0.35853443618442227  0.36804929150810189
  0.37759287317053969  0.38754945532786528  0.39748872867882490  0.40718336246666753
  0.41688762429893722  0.42670540677648511  0.43650125510261989  0.44548086050158220
  0.45400004574430586  0.46260033879005419  0.47175558311693766  0.48190927082319407
  0.49217281104562316  0.50218432706419835  0.51216469100342032  0.52222734696521744
  0.53173220531027521  0.54105256352496278  0.55093488282054970  0.56171929374987006
  0.57202221453472490  0.58158026174675481  0.59100640551428507  0.60147101508286849
  0.61217433074113781  0.62250942700476897  0.63258904097872570  0.64304651323425965
  0.65288938003058838  0.66254280844101821  0.67236022796290329  0.68279428070264570
  0.69313660524778098  0.70331934753438463  0.71390789173225322  0.72542015607882415
  0.73728698852835162  0.74903446942378948  0.75935226658975741  0.76764859512218264
  0.77583107626450309  0.78375397530984647  0.79289330479447284  0.80331221981908218
  0.81403497497284760  0.82498073431192120  0.83639208909550167  0.84829336560551605
  0.85800293656183957  0.86606020139082562  0.87282820284742091  0.87941944580300857
  0.88661975739550558  0.89529707771324984  0.90443910867575505  0.91321041276405324
  0.92380245333573840  0.93529133767140038  0.94714889083425935  0.95769953372195926
  0.96781357585585137  0.97790019599364109  0.98898590312479828  1.00000000000000000
 -0.00264108047127274  0.01147454896619554  0.02376762480221886  0.03747391354120883
  0.04994624071970648  0.06225976066275752  0.07458924641090771  0.08643441307416631
  0.09763789589935430  0.10898666325873534  0.12067792340968932  0.13202242262984329
  0.14213904069058650  0.15200396670014604  0.16148191934138093  0.17138337607061904
  0.18111791641424149  0.19102614757293818  0.20101411467962182  0.21131235859544095
  0.22188626185393848  0.23264177589168278  0.24446686207600385  0.25824409205591409
  0.27215966701576672  0.28446239680452168  0.29545565638222976  0.30569936381861490
  0.31582173817351156  0.32633642175886107  0.33701092266643862  0.34804317531008933
  0.35917154262713985  0.37010593271859077  0.38154348256443388  0.39322943349056860
  0.40390134485689555  0.41427981040269157  0.42456252640149805  0.43455945241657185
  0.44302237016334028  0.45157018763089962  0.46086050234888865  0.47140340972715744
  0.48172044552816434  0.49092103129302883  0.50016204740695736  0.51029882801902271
  0.52156395248970211  0.53241394762268701  0.54299426490715141  0.55389275209840916
  0.56559447741298308  0.57832470761754462  0.59166588537257292  0.60475920694010010
  0.61632597094017871  0.62618516176001304  0.63493842720838689  0.64268813860367180
  0.64970742420641292  0.65680540211481386  0.66308576899292559  0.66994657913627875
  0.67710137097431056  0.68452467544452766  0.69333589098194115  0.70361090188641762
  0.71394792920409744  0.72482668846968890  0.73673639990076789  0.74874841335052034
  0.75917738018354186  0.76904942274808519  0.77891796158824800  0.78890963779294165
  0.79860524621698759  0.80778308018715150  0.81681827550237474  0.82499134120789552
  0.83276611050629190  0.84123354167539610  0.85064737794896850  0.86174397151309778
  0.87279196384591007  0.88423028455471298  0.89361272030178340  0.90327307717684668
  0.91330446066569626  0.92478688495854233  0.93768418753603511  0.94987481476959357
  0.96172091193638543  0.97376679282609113  0.98672214786127344  1.00000000000000000
 -0.00082092611157790  0.00474230900173669  0.01050512818000167  0.01632364277471621
  0.02275946612391659  0.03039245104030240  0.03845179726138619  0.04776344626420180
  0.05695671462543894  0.06614093395616916  0.07521116643422135  0.08426219953836582
  0.09323579343541193  0.10208388717419598  0.11109777180479781  0.12021886487511699
  0.12982465427381307  0.14001063653118465  0.15048342937675396  0.16061094422413835
  0.16989073444323116  0.17860698370882444  0.18726802005978938  0.19624126079484358
  0.20559600694874633  0.21511573133358489  0.22454645222781197  0.23344738496706130
  0.24214946817130267  0.25083996377703510  0.25948325964493568  0.26815718184112097
  0.27678527642089185  0.28570119670682653  0.29531870868671106  0.30589311753673493
  0.31632085138722038  0.32631594659532853  0.33681490698613731  0.34759012467944211
  0.35818007603284968  0.36797597713109792  0.37740360973617004  0.38727034368853602
  0.39833412264992268  0.41050412851549178  0.42306002942113513  0.43463901861215642
  0.44484843476956637  0.45332885906397585  0.46142617044579676  0.46969733019743576
  0.47799749537216063  0.48617037454942164  0.49452022544455998  0.50288009884429641
  0.51308691060253464  0.52368171458419355  0.53434299818514974  0.54511820361845342
  0.55496527727414546  0.56481161712753014  0.57584077023489910  0.58784265672956881
  0.60022273116867486  0.61003019321521934  0.61596644025861158  0.62201721095166040
  0.62784342523792869  0.63502671474656880  0.64301007616377870  0.65080156219687635
  0.65856302744357842  0.66779247167396782  0.67824551949747158  0.68928519344940242
  0.69971317701071900  0.71097341408012260  0.72363545694406406  0.73861095118908804
  0.75478510305878710  0.76946989074053385  0.78362123840259101  0.79723575805839886
  0.80961874792971777  0.82206991921227557  0.83566384336486899  0.85093960476625685
  0.86595612249951992  0.88265559723368536  0.90004976471631493  0.91824489960768441
  0.93579918178380461  0.95418392236898597  0.97487680022401690  1.00000000000000000
 -0.00204747674824155  0.00939168919679616  0.02096220430239699  0.03265645690663609
  0.04509330023832749  0.05684124278961431  0.06762233623581813  0.07654402598769501
  0.08469098520580595  0.09264326943732580  0.10081202057464339  0.11003302503099896
  0.11940905056940927  0.12959642813426300  0.14011108026595126  0.15073405922735361
  0.16149160979465255  0.17243239888443621  0.18399434481240934  0.19618392815760988
  0.20885641744961894  0.22153090623793598  0.23373957372160625  0.24444767066958389
  0.25420769841990482  0.26335520809770335  0.27307448930290312  0.28269566349645281
  0.29083813841740930  0.29769968283484644  0.30453382087341951  0.31185359128794993
  0.32136598303039815  0.33313072322727144  0.34446943842523015  0.35614296252982275
  0.36810401795031289  0.38045617722361613  0.39249819059016883  0.40474993429225070
  0.41706656550966520  0.42914362123297245  0.44078652990930411  0.45202263984022634
  0.46260019488821469  0.47253175429193017  0.48240046662378055  0.49271152653035682
  0.50372683393051254  0.51481997201485308  0.52555571314852301  0.53587064805590356
  0.54632868717639049  0.55684157983980309  0.56801361590601951  0.57962101001197475
  0.59145435641135458  0.60288574747134227  0.61400849554297943  0.62516488091359779
  0.63573446132625255  0.64540418876081429  0.65475819912403355  0.66350671452639898
  0.67095048064870799  0.67680089722494530  0.68276808217140494  0.69038101026627330
  0.69893765368576877  0.71072587372214213  0.72369924553974085  0.73553958808237097
  0.74666289836297683  0.75689491961181210  0.76768676484766429  0.77995210953674687
  0.79230037224578997  0.80397369689132592  0.81508446874349161  0.82627897591232025
  0.83728982931916796  0.84775257829594919  0.85795050904428738  0.86818834808643652
  0.87813363268542743  0.88757826225840031  0.89697079078405517  0.90749081406743370
  0.91899796973981007  0.93042780113781176  0.94278237793311148  0.95568827376933707
  0.96720308030099578  0.97823944309841415  0.98916876723680891  1.00000000000000000
 -0.00123915279595221  0.00791044258078558  0.01725751643851523  0.02598215105367550
  0.03578597102703263  0.04662569346859066  0.05640470017968226  0.06647646004970642
  0.07656171974222857  0.08737179651629984  0.09855708567349192  0.10963750463850995
  0.12094201889446017  0.13188002872588456  0.14348038081195932  0.15588811865142974
  0.16791896223934921  0.17961801132641095  0.19110014486638394  0.20180434538337522
  0.21220048417955881  0.22222709624855139  0.23174822575652751  0.23962566438997321
  0.24765971439879550  0.25619814506556438  0.26651527480654880  0.27709569588567012
  0.28766277600015128  0.29855487746417814  0.30978481308418682  0.32160124998179707
  0.33195731096966297  0.34219368956657048  0.35252834054078697  0.36316687090911864
  0.37442391032229860  0.38635830864260717  0.39773060205854616  0.40873720020776833
  0.41992280776461788  0.43162140486118700  0.44326753728863150  0.45302297210757181
  0.46174339497666206  0.47115613148356922  0.48098834769453908  0.49320970802618963
  0.50579769258706364  0.51758405121375561  0.52792354537832509  0.53696222090921664
  0.54636690331400239  0.55570014231081033  0.56535911283986040  0.57454930973988183
  0.58501312009547601  0.59760308075726964  0.60975841835589584  0.62096454136312340
  0.63178171909911651  0.64241859922190470  0.65317971451313961  0.66381814415348339
  0.67422492119869737  0.68489456525291514  0.69648708969717343  0.70820947569500525
  0.71898401500132436  0.72873870638604088  0.73791833194147372  0.74698628324430005
  0.75705387056613460  0.76825214863996738  0.77886358435887826  0.78790632573168540
  0.79655357403557070  0.80460771512360640  0.81352636142178725  0.82348682669327822
  0.83333526432265670  0.84310835471143597  0.85348324738025216  0.86380282927854302
  0.87548790088134876  0.88749037615440807  0.89889876644022471  0.90986392606535693
  0.92090150196668419  0.93175268555905744  0.94239959925292704  0.95313584368145865
  0.96404159815009038  0.97560017929320431  0.98754450006639483  1.00000000000000000
 -0.00003195079940581  0.00017889834045430  0.00035975768933335  0.00053983576564942
  0.00064913056138758  0.00073199873359904  0.00082086957341103  0.00090795609000525
  0.00099552758232554  0.00108478254793271  0.00117286848433111  0.00125741588587598
  0.00133800519902093  0.00141830121074308  0.00149846578517197  0.00158025423421411
  0.00166448290824663  0.00176120402069553  0.00185963901652238  0.00195548218006551
  0.00203868014952002  0.00210880747370999  0.00216473265305873  0.00222065783240748
  0.00227617864342559  0.00233165373230923  0.00238918729421692  0.00245395898983787
  0.00251873068545881  0.00259728560335466  0.00267933969408694  0.00276658022852146
  0.00285419255459051  0.00293898718210409  0.00304501161690979  0.00319237600807372
  0.00331808346946143  0.00340796967857813  0.00349928228155190  0.00359162548569019
  0.00368858616311168  0.00382012810158559  0.00398249591506910  0.00414719336583915
  0.00429497704760045  0.00441449440850398  0.00451127434378737  0.00461272640412723
  0.00471590273994342  0.00484192042568317  0.00499803782067077  0.00519089931306542
  0.00535051295186816  0.00551385343886773  0.00563506094611124  0.00574749141049131
  0.00584492606987543  0.00593483937854601  0.00601696752394803  0.00621158386335918
  0.00640738530861109  0.00655324684648885  0.00669198519070074  0.00682918808481172
  0.00699545718153340  0.00720281689964028  0.00744623092055854  0.00763848419082139
  0.00785684293640208  0.00805821207001560  0.00819942859756112  0.00834298426474652
  0.00849081409722991  0.00865738977556305  0.00892601200839580  0.00923173194246305
  0.00963161666707170  0.01008719453806672  0.01033720618410686  0.01052958539371723
  0.01073925829674469  0.01094529413196130  0.01128058815169576  0.01206825356331179
  0.01276589484926949  0.01343798681192791  0.01361618381001036  0.01379438080809280
  0.01409932427197076  0.01475051528785543  0.01759089127666290  0.02187599090828985
  0.02558289104227816  0.03123486783197355  0.18944005867046970  1.00000000000000000
 -0.00234286252952613  0.00947431243736753  0.01875946611186207  0.02812012715507669
  0.03762009041449953  0.04760480180861179  0.05847188479751192  0.06809604020294086
  0.07624579751634293  0.08389177264434787  0.09137957610976261  0.09982894771638408
  0.10996848986317469  0.12119754726808019  0.13241451980422578  0.14344248503153770
  0.15417388782142716  0.16482597279322583  0.17624598900711583  0.18794904013962860
  0.19985407700096219  0.21303760829430138  0.22647395986155353  0.23925159933248247
  0.25139327450780791  0.26307231961614724  0.27515086295380564  0.28669489284598876
  0.29967131283827392  0.31023297277690209  0.32087129710867102  0.33112952232329718
  0.34202894650863019  0.35416380907788858  0.36519665752450375  0.37491282253094943
  0.38385388369106466  0.39239325744905756  0.40095329175825850  0.40902013234664875
  0.41750015533507151  0.42811562160932620  0.43937485662538367  0.45164108590211988
  0.46350011796024349  0.47319987013430975  0.48179002173741253  0.49025486323960621
  0.49952842148220433  0.51049052287524133  0.52055502950247912  0.53145447643733967
  0.54228539630979333  0.55366818129664952  0.56424407637165830  0.57456975518637421
  0.58564172271334736  0.59782372632628633  0.60919501570443613  0.61941972484292351
  0.62953516678691768  0.64006306348829012  0.65133415105032755  0.66291122189630225
  0.67472422238775231  0.68647742492194452  0.69643247691604371  0.70640242248311025
  0.71645164622968105  0.72738087080635916  0.73816813693656880  0.74904404365340227
  0.75998784222716564  0.77017173102288661  0.77911947796086189  0.78826550328470379
  0.79760466408117192  0.80696807875305632  0.81653862138016731  0.82708105187294334
  0.83907934721167676  0.85215967171007878  0.86474781569787595  0.87571807560814441
  0.88573776213386768  0.89594691067941867  0.90563802259417348  0.91534834792541397
  0.92469069601431253  0.93418030611479186  0.94524790631159483  0.95611327648680211
  0.96702439024755771  0.97787496836237864  0.98877325177339348  1.00000000000000000
  0.51229959715160878  0.52188393102170860  0.52961343623507939  0.53916348307174589
  0.55047685644596611  0.56955411985897730  0.57872276909195164  0.58628298781457999
  0.59086664258651178  0.59488029680626187  0.59855240346535499  0.60269590012773977
  0.60701629921533584  0.61205279800014767  0.61805290676963365  0.62454623121633790
  0.63129103406264264  0.63803989841876085  0.64465518472160588  0.65101721602920881
  0.65736584295028566  0.66395233365183659  0.67028146078803486  0.67603513741079257
  0.68189617062439678  0.68746101064502796  0.69325866159027216  0.69869295638355078
  0.70384110032107983  0.70877109035430386  0.71391852688355562  0.71960037179779524
  0.72496482194257883  0.73040947513331833  0.73555371409034276  0.74080685743004226
  0.74600351908008244  0.75125702236387348  0.75651085677269903  0.76159769502144581
  0.76642782697735190  0.77114931097177530  0.77610553388040371  0.78110307029271830
  0.78620081923630891  0.79090912198929808  0.79538915504543450  0.79971226737066303
  0.80401165459712587  0.80812711514287805  0.81202181942879859  0.81612663921927719
  0.82043070489563408  0.82538505242943183  0.83013664662764797  0.83452688908300654
  0.83894515421188276  0.84359356897279780  0.84871670581393033  0.85340630917148697
  0.85783275350737886  0.86219270808162252  0.86653550644441990  0.87082202568899547
  0.87483237408004921  0.87855197878610669  0.88241822973728690  0.88650804869726962
  0.89088794620346379  0.89522681478250288  0.89933806648257808  0.90310849197714349
  0.90673431220664091  0.91020969896211257  0.91374147539035555  0.91743536032299278
  0.92132305259979308  0.92547473608030395  0.92955542474007202  0.93344362768542810
  0.93665124308775183  0.93962514783480844  0.94258983168521926  0.94568356342620152
  0.94894775741201309  0.95278305768448057  0.95677730451127974  0.96099139941495870
  0.96517634440960265  0.96937368557089554  0.97341483806164852  0.97750311200173334
  0.98196618198076702  0.98688038452203941  0.99310255456208085  1.00000000000000000
  0.01219590915101347  0.17191045766502122  0.19612034030193026  0.21411219332328005
  0.22990332957774859  0.24648098723033296  0.26256659786859204  0.27713561395154196
  0.29043033998284440  0.30374359527535533  0.31493756277907226  0.32310161800771442
  0.33077915579904027  0.33785533217849284  0.34619406257304192  0.35707683183175554
  0.36774100229880041  0.37832708864297254  0.38786139857567148  0.39740720108833777
  0.40580629596055295  0.41391627787921526  0.42086752896239499  0.42757513605317937
  0.43494931560311134  0.44224405475110062  0.44910150543601257  0.45570434751652245
  0.46240128717929291  0.46920044957802465  0.47625227093518852  0.48366319176848283
  0.49107765849789142  0.49794683660065608  0.50477858706464762  0.51130435651635997
  0.51747080712034532  0.52332002808148170  0.52888853058546292  0.53474445080167210
  0.53988346640708773  0.54512174813557079  0.55038266768660582  0.55621724163070252
  0.56221766269711437  0.56812060138316989  0.57405174146001425  0.58013605416588532
  0.58643296035967607  0.59253345668825008  0.59728008459114934  0.60182997568017904
  0.60629615617837052  0.61104842913369473  0.61622647440071676  0.62172913606371027
  0.62754792221143618  0.63333755240463285  0.63897223812755799  0.64425656832003886
  0.64969523829234566  0.65494992985712519  0.65973617306849863  0.66476286649605865
  0.66961686032761225  0.67447964017662387  0.67965976950808182  0.68503075971328165
  0.69043028259371064  0.69534752914680376  0.70054304728361050  0.70569336124343329
  0.71082541904007823  0.71615841780943579  0.72159582418869805  0.72710063707043204
  0.73325295146423430  0.74028336215563539  0.74763783423268126  0.75407335656411090
  0.76044068198845749  0.76705244281786933  0.77502945661160338  0.78411252574632928
  0.79210344018760248  0.80037441899328043  0.80845873092588727  0.81755056604647292
  0.82795038801186593  0.83964781998367488  0.85238387550711125  0.86486756614889859
  0.87974720416448360  0.90128448388748217  0.95771158225689867  1.00000000000000000
   7.7393844872501895E-007  -1.0000000000000000     
 F F F F F F F F F F F F F F F F F F F F F F F F F F F F F F F F F F F F F F F F F F F F F F F F F F F F F F F F F F F F F F F F F F F F F F F F F F F F F F F F F F F F F F F F F F F F F F F F F F F F F F F F F F F F F F F F F F F F F F F F F F F F F F F F F F F F F F F F F F F F F F F F F F F F F F F F F F F F F F F F F F F F F F F F F F F F F F F F F F F F F F F F F F F F F F F F F F F F F F F F F F F F F F F F F F F F F F F F F F F F F F F F F F F F F F F F F F F F F F F F F F F F F F F F F F F F F F F F
  <DiscreteSampler_grid>
  grouped_processes
  1 # 1 for a reference and 2 for a running grid.
  10 # Attribute 'min_bin_probing_points' of the grid.
  1 # Attribute 'grid_mode' of the grid. 1=='default',2=='initialization'
  0.0000000000000000 # Attribute 'small_contrib_threshold' of the grid.
  0.5000000000000000 # Attribute 'damping_power' of the grid.
 # binID   n_entries weight   weight_sqr   abs_weight
    76   10   2.714300999570279E-001   1.534942092907769E-001   2.714300999570279E-001
    77   10   2.714300999570280E-001   1.534942092907770E-001   2.714300999570280E-001
    79   10   2.245287825736705E-001   1.063202715922639E-001   2.245287825736705E-001
    80   10   2.245287825736707E-001   1.063202715922642E-001   2.245287825736707E-001
    82   10   3.749448016772035E-001   3.313232074168763E-001   3.749448016772035E-001
    83   10   3.749448016772036E-001   3.313232074168766E-001   3.749448016772036E-001
  </DiscreteSampler_grid>
