  0.00347394857232001  0.01077782758741833  0.02030944836595595  0.02972006847071814
  0.04065890005402214  0.05158894925929207  0.06121274959857033  0.07071934171887972
  0.08007162275267619  0.09003937741640010  0.10077104796740302  0.11216343206693478
  0.12293199056776438  0.13240672736101822  0.14211336383202405  0.15290331595303325
  0.16594390291108718  0.17892826682316784  0.19114884733019361  0.20355534545423959
  0.21548220642698657  0.22749470554667403  0.23789693234365183  0.24728204468477222
  0.25614374456600542  0.26556338672174695  0.27527892312869956  0.28589702592794614
  0.29653275797931689  0.30570650198367977  0.31431809547170392  0.32278092561164007
  0.33155098164756347  0.34305129384181093  0.35466288613647079  0.36594770239124513
  0.37664491545687662  0.38653676016229405  0.39566234357254859  0.40500027758263252
  0.41488377197962689  0.42622578271141681  0.43729077278069584  0.44777305545936297
  0.45836779800704830  0.46856835236321037  0.48020795467624872  0.49331897209929904
  0.50638291550420111  0.51881764570147482  0.53113702531106222  0.54395788461990036
  0.55432313291485413  0.56488913647148331  0.57651965746415590  0.58819192128629494
  0.59826133258934866  0.60843592751334208  0.61975063197112179  0.63138995692982136
  0.64263609266479149  0.65389534929939164  0.66562956235752546  0.67742410041453227
  0.68870019436123620  0.69893862485503111  0.70892840403425195  0.72016251530607700
  0.73125904832803357  0.74193458647365729  0.75282620758849772  0.76518619123172804
  0.77839837507257126  0.79195712089690395  0.80456052947802659  0.81621564453338835
  0.82461624600495853  0.83142711249884504  0.83802727967837987  0.84479447396149521
  0.85247206891237537  0.86328237533248919  0.87379048556240613  0.88487278132544811
  0.89616009742731351  0.90779168915577257  0.91875575886719563  0.93016609442100961
  0.93945463782421723  0.94716876089404367  0.95413878851048084  0.96223765209709389
  0.97194218752421624  0.98272626123939000  0.99258068036699398  1.00000000000000000
  0.00256011068132942  0.01768996892604918  0.03212785681799335  0.04573839874749705
  0.05959430595312458  0.07357692578096332  0.08736059684031196  0.10075774561760631
  0.11323526929514349  0.12459430970671818  0.13508784827692941  0.14553607011731498
  0.15630510521303795  0.16839325853173334  0.17991256001858494  0.19074748426108995
  0.20168202624991155  0.21263885411370256  0.22360664178372144  0.23508311593212675
  0.24714354026773630  0.25901998331393022  0.27105112574757079  0.28318177819994561
  0.29538466257952550  0.30652707877249480  0.31725425797445667  0.32767074454035672
  0.33825847126371222  0.34720699573208552  0.35502431234347975  0.36287089690988833
  0.37069607158494144  0.38037583203065434  0.39289407667261544  0.40129259062358591
  0.40957857602061554  0.41778812507083413  0.42601825184314152  0.43620042944373433
  0.44734984848325565  0.45851494640269430  0.46975957658497380  0.48054758854116708
  0.49042798970530821  0.50052621720230317  0.51068875843744688  0.51879413941331631
  0.52750548678415710  0.53633318862729129  0.54687831530203002  0.55972333515409023
  0.57296477126885581  0.58542044501370083  0.59666326854789786  0.60679149377339148
  0.61586597688713329  0.62304382896511312  0.62969546427852252  0.63662854630011700
  0.64506506977079614  0.65684151291612247  0.66882912022084329  0.67852117315935623
  0.68739762720254838  0.69593035257162694  0.70532876822954305  0.71594859054950599
  0.72741089566136519  0.73835786826321603  0.74781931292005155  0.75667085476238916
  0.76628460336866533  0.77691971724695674  0.78763997726391477  0.79816878230198085
  0.80835288576440512  0.81904600962562379  0.82986052735879678  0.84198250696934829
  0.85444813639607087  0.86472451580250942  0.87383144648075017  0.88192689443316885
  0.88998027447498673  0.89874001675094162  0.90761524783347103  0.91619203185100229
  0.92536267428487096  0.93487152528119366  0.94535284233047423  0.95577202455756971
  0.96579260724278559  0.97598707841730170  0.98753110473585948  1.00000000000000000
  0.00011359735021799  0.00019047257087284  0.00022737495071010  0.00025362057408399
  0.00027569435179505  0.00029606196661944  0.00031633119132594  0.00033795346968620
  0.00035918782359136  0.00037961864003147  0.00040043882104566  0.00042329195670759
  0.00044756959350878  0.00047242035922732  0.00049664617458001  0.00052121715301381
  0.00054673106235267  0.00057456571274658  0.00060552111355543  0.00063920405169027
  0.00067146279186708  0.00070122906375021  0.00073098463328479  0.00076319813865586
  0.00079952361766502  0.00083561371164763  0.00086775722717436  0.00090043526405183
  0.00093543074599811  0.00097968405434610  0.00102674506490709  0.00107289822915037
  0.00112169722844124  0.00116836376613404  0.00121507371131697  0.00126257309582332
  0.00131199886743867  0.00136846497699456  0.00142937317987131  0.00148879248762247
  0.00155061934497950  0.00161043281682133  0.00166621530142484  0.00172472100460074
  0.00178459506824840  0.00184373988475937  0.00190956841729781  0.00198343696065434
  0.00205884897364503  0.00212942685759149  0.00219905923223456  0.00226577431820280
  0.00233683748917850  0.00240831292180147  0.00246592433473687  0.00251835495200141
  0.00257167926110178  0.00263318946511897  0.00270518502018933  0.00278883794273045
  0.00287808771268578  0.00295904780260913  0.00305843663047589  0.00315753009802365
  0.00325105896949921  0.00338940258443307  0.00352745865932605  0.00362818959082025
  0.00373208797565446  0.00383980914682154  0.00395087259038011  0.00412380662521577
  0.00432764268823599  0.00449716619366439  0.00464077153231447  0.00479999524556674
  0.00498778465880000  0.00521491744322525  0.00554223640906080  0.00588839535266050
  0.00617468520802465  0.00643109064046983  0.00656727670843944  0.00671349077273428
  0.00687774631422488  0.00705491496591722  0.00724913189875783  0.00749835798713565
  0.00781712672278539  0.00830816414762057  0.00912515962770153  0.00998651235679108
  0.01091948645079263  0.01228714681035107  0.02479463214224028  1.00000000000000000
  0.00000466990251688  0.00000496870255214  0.00000526187918602  0.00000557914208630
  0.00000589670658431  0.00000617974171786  0.00000642582483988  0.00000673330280504
  0.00000704797694244  0.00000740835202832  0.00000781963278124  0.00000824298376259
  0.00000866779429082  0.00000908698469894  0.00000948413463736  0.00000988102924631
  0.00001023323349744  0.00001059576147435  0.00001097167317560  0.00001137821754069
  0.00001187099932764  0.00001236650152061  0.00001290002128542  0.00001345639508290
  0.00001398400024949  0.00001457198611771  0.00001518958654293  0.00001584145449830
  0.00001653825688746  0.00001735326390341  0.00001823151248295  0.00001898851076958
  0.00001968202417685  0.00002047481172835  0.00002128411320212  0.00002222148839106
  0.00002325841487323  0.00002433395262707  0.00002544837335253  0.00002661056650523
  0.00002784271139741  0.00002914113502388  0.00003042297154867  0.00003174201597401
  0.00003309047780104  0.00003466191318174  0.00003626983108165  0.00003802900801789
  0.00003976976739291  0.00004167345975279  0.00004374104817460  0.00004588067740540
  0.00004811178843656  0.00005068331339851  0.00005330562907532  0.00005608536894751
  0.00005897712154792  0.00006183449607050  0.00006480114344278  0.00006803761401609
  0.00007161370285228  0.00007571715273963  0.00008038724712474  0.00008551326592578
  0.00009126864442857  0.00009792482524234  0.00010545579675375  0.00011384041079200
  0.00012376723867940  0.00013461740276526  0.00014580912896816  0.00015894180702071
  0.00017226479846298  0.00019101290071373  0.00021408475158136  0.00023924508724841
  0.00026494978210646  0.00029283414438487  0.00032573298159612  0.00037018699240956
  0.00042693949084653  0.00048792251839812  0.00055072531897164  0.00062870844815287
  0.00073950008140594  0.00088354188548394  0.00104677486367317  0.00123761366094460
  0.00156025768053756  0.00208641091429859  0.00272227527842112  0.00360762035126671
  0.00546468557265010  0.00857356244040778  0.09642841815846433  1.00000000000000000
  0.00000783125084048  0.00000984394414023  0.00001198058869314  0.00001396953126213
  0.00001561805860683  0.00001720034021721  0.00001884114596728  0.00002046004392637
  0.00002206245073428  0.00002375346598368  0.00002554991914067  0.00002725419576052
  0.00002886090768706  0.00003055396876454  0.00003253032857455  0.00003448401497267
  0.00003662948608110  0.00003894982567416  0.00004154594188603  0.00004447935136627
  0.00004746697306999  0.00005082882390247  0.00005422293200957  0.00005757570851820
  0.00006116823309405  0.00006489927636035  0.00006944550259509  0.00007406414385450
  0.00007870238569068  0.00008385692342918  0.00008922584012217  0.00009567270799152
  0.00010178682431747  0.00010852864597337  0.00011562374000800  0.00012427221436196
  0.00013473151103286  0.00014641397989674  0.00015958717589401  0.00017356853440757
  0.00018802144991852  0.00020279728221966  0.00021830464521444  0.00023496048239304
  0.00025343017660255  0.00027440605923238  0.00029443884610748  0.00031668005027602
  0.00033905462068255  0.00036455158740806  0.00039267207403802  0.00042235184453839
  0.00045418208814559  0.00048888526776978  0.00052181126414397  0.00055792142245649
  0.00060209121902787  0.00064896834885051  0.00070030750248558  0.00075542038826916
  0.00080903768933796  0.00086344324586037  0.00092103888829414  0.00098862723904736
  0.00106637805896578  0.00115049953886349  0.00124679449443564  0.00134966414115909
  0.00146599435347553  0.00160482784634525  0.00175618682365347  0.00191426361190523
  0.00206584253424184  0.00224827304161310  0.00242665037991488  0.00266707797302075
  0.00295729752637142  0.00330141526177733  0.00370103356809239  0.00399984598198877
  0.00428515429950291  0.00462152500561020  0.00500818271784840  0.00549056381520986
  0.00619495552491199  0.00712151207030448  0.00835566102659974  0.01074272621935533
  0.01151500712062677  0.01228728802189821  0.01305956892316965  0.01441852893984008
  0.01578702987705775  0.01715553081427543  0.03231247301881579  1.00000000000000000
 -0.00263953987176809  0.01092910346409683  0.02298706197515205  0.03550320993667308
  0.04849616600955384  0.06139114369646739  0.07392700000001139  0.08684022227990153
  0.09991486956448198  0.11290065559085545  0.12403008096589657  0.13406696165774840
  0.14463720094292384  0.15543679333279303  0.16827816087664649  0.18044151450425219
  0.19282965786887907  0.20385618887366364  0.21213313755319074  0.22127079766335128
  0.23091708180717432  0.24313259562061096  0.25674502309706843  0.26947120032910771
  0.28005907180811890  0.28946535743140678  0.29820791115146655  0.30674336460466173
  0.31658661456637638  0.32718702649706216  0.33780178045969655  0.34860551929668748
  0.35918616444632517  0.36987024318390993  0.37919669340344664  0.38821550588082421
  0.39697338741549076  0.40691562370344053  0.41724511240290191  0.42799783553242549
  0.43888618493933573  0.45147741907794869  0.46446390618189359  0.47750914844352277
  0.49048895834451361  0.50308780780078499  0.51579837477432389  0.52734418022305596
  0.53788876832287280  0.54794941700423438  0.55761019625663455  0.56810986135359753
  0.57849537395985207  0.58882975803406379  0.59963564232900490  0.61134820514551491
  0.62349047980357231  0.63369153602439110  0.64232126800810585  0.65098100272814452
  0.65999740943531138  0.66961653205235983  0.67943846372402261  0.68921619054653305
  0.69977706978460208  0.70987064812573708  0.72017954469478906  0.73112183482288973
  0.74232707083985816  0.75417426241003682  0.76443605227380562  0.77381686781053427
  0.78306850560554730  0.79250517955567412  0.80271363606117530  0.81352281749802402
  0.82420137036125074  0.83409596957257648  0.84364957992002920  0.85308194949556371
  0.86186369979387711  0.87042597767683172  0.87863511253719595  0.88705405267547166
  0.89554779567777343  0.90385550823903382  0.91143027796688103  0.92053292767247397
  0.93044805523253071  0.94013312624068035  0.94944821535740354  0.95858529788649016
  0.96749264738977270  0.97874463260547861  0.98937398607247862  1.00000000000000000
 -0.00280623153958532  0.00665065989007589  0.01567662357869845  0.02443881827796629
  0.03439669996623784  0.04400347786164176  0.05416400359032048  0.06427630448769062
  0.07413712832930358  0.08449780370863734  0.09453530574145207  0.10568372873687489
  0.11617837835959847  0.12707314341049411  0.13846200114818161  0.14958877806046308
  0.15966655188944806  0.16950555333561584  0.17950237610091443  0.18964000865398514
  0.20022531444571531  0.20956004248067434  0.21942873598102444  0.22933946732068461
  0.24017041143578377  0.25122108455284564  0.26211633868703382  0.27354562935453314
  0.28603765673138731  0.29945332864363550  0.31125796646156095  0.32271879469784015
  0.33447544031532356  0.34561839229059776  0.35560479489187374  0.36506179572254455
  0.37473742692049172  0.38409284153424289  0.39472980297567573  0.40650575748224843
  0.41845043073956723  0.43048494957345829  0.44254950254837527  0.45396806284206648
  0.46473870365481318  0.47549462019206357  0.48674155282689818  0.49834385446851981
  0.50946322426189261  0.51993763826664563  0.53017073156978423  0.54031140816970502
  0.55124717590673811  0.56209679159719472  0.57327224136690325  0.58497105360564838
  0.59834313205404610  0.60919329645993969  0.61887799600433091  0.62846027953549743
  0.63890230160935046  0.64950045199661521  0.65930952627738337  0.66866024350776487
  0.67870066904102899  0.69004766387691041  0.70205251691195092  0.71451973337200081
  0.72599720272253043  0.73657853540695606  0.74605308314036922  0.75618858066765060
  0.76621697330089056  0.77417668806423079  0.78143988979554257  0.78852684324719113
  0.79736554476356780  0.80709182375804744  0.81702189415448134  0.82761578869784491
  0.83920468361867251  0.85368140710736962  0.86536406679413225  0.87467018477499225
  0.88377986287347576  0.89340447754141228  0.90347620427440456  0.91336336258026074
  0.92330743592972742  0.93333011055856041  0.94334932868397947  0.95364110314401462
  0.96538601079269959  0.97782369736686048  0.98930210327018786  1.00000000000000000
 -0.00414527520091235  0.02658566674376077  0.05295085803429730  0.07701046464469805
  0.09824713852936638  0.12004233990319953  0.14338911524574097  0.16581380663590989
  0.18678653643873530  0.20618927657645220  0.22507018454155375  0.24172694066873560
  0.25698665784283187  0.27132537451582256  0.28526436793213872  0.29943247741994727
  0.31380295415216491  0.32874718556778010  0.34506708373906980  0.35933537778687374
  0.37249786347253772  0.38409468714933742  0.39534072714381507  0.40795426828250597
  0.42010059886481776  0.43136871118134956  0.44271224127179681  0.45444875817100877
  0.46514276725317438  0.47560222053511558  0.48638654644528995  0.49757608065990966
  0.50792607752422780  0.51796299774829790  0.52807471434796249  0.53817298001990865
  0.54820439280935418  0.55817071062137480  0.56844111963667165  0.57770099589412494
  0.58639355567755624  0.59494006641126707  0.60379177080995272  0.61313512927936742
  0.62219893039996377  0.63107176473790205  0.63921753221670496  0.64662427735897865
  0.65450250541226807  0.66172981370566930  0.66872321046317473  0.67635110458607572
  0.68363881441384522  0.69172637215436839  0.70092119727188951  0.71011154310674707
  0.71857228360700753  0.72661139905992633  0.73482629695154067  0.74234592292357893
  0.75060726396202737  0.75907742372578668  0.76729454829428090  0.77546461745594475
  0.78279683526465416  0.78994838509251997  0.79795740624430733  0.80592254033234423
  0.81486385915141046  0.82319868589605161  0.83122001208093799  0.83942314020104758
  0.84761437164933962  0.85470990830676874  0.86069603267426420  0.86694444641243951
  0.87356724644026984  0.88018621542245346  0.88665082493837510  0.89255896908116550
  0.89916054966382208  0.90533707699765564  0.91195997030934195  0.91818201741895866
  0.92542578314736834  0.93221505244124026  0.93864668728723277  0.94467034373807324
  0.95101905348240401  0.95762605025270586  0.96492899593982173  0.97238004141410272
  0.97950431134571969  0.98654506698901490  0.99328359416513745  1.00000000000000000
 -0.00247265338696317  0.00710439863632985  0.01600069833702172  0.02514664226442123
  0.03521297438177252  0.04649753738804924  0.05679192100977367  0.06738794070343569
  0.07805540713283274  0.08881127409974202  0.09912155731512361  0.10966499366390414
  0.12027469475174907  0.13108760232240435  0.14148260629378703  0.15261948551846599
  0.16544419146056666  0.17745931925266653  0.18877745918398553  0.19929540752941569
  0.20957758551580316  0.22030393384109631  0.23113340132888732  0.24278762210913499
  0.25523512117699504  0.26737610085243213  0.27861912035429848  0.28950329850436651
  0.29962910918365288  0.31047090417371348  0.32242388160980273  0.33460097045532672
  0.34688255145109670  0.35646185613048154  0.36575628790770898  0.37548255839393851
  0.38685081808604416  0.39824169852174096  0.40772516960729349  0.41638777204270389
  0.42557450003916625  0.43538385536437263  0.44472451493001608  0.45339705173562989
  0.46299752066619404  0.47340204308049449  0.48403880089943435  0.49554430134741256
  0.50687575960767350  0.51836606727547963  0.52954021347448488  0.54139942914853167
  0.55114536742300546  0.55911681542337655  0.56670195040426052  0.57436432162519135
  0.58254593220530881  0.59213679061668023  0.60277823578243761  0.61392352365374347
  0.62512962334150624  0.63550938738355456  0.64605497002682333  0.65710307685990621
  0.66835726752518143  0.67983142573220579  0.69021738480189987  0.70088648574608314
  0.71154969721304073  0.72321926761375011  0.73412002849628644  0.74361968033929005
  0.75332369517256659  0.76431634016254646  0.77471100720668107  0.78460097787369021
  0.79463259696830546  0.80505279028554788  0.81545514324826629  0.82591543769071840
  0.83765641744436325  0.85098737055259999  0.86256911755937604  0.87419461450319769
  0.88463233288407483  0.89666239881091769  0.90901567904846980  0.92210041989529956
  0.93373690134725840  0.94228782638392750  0.95051659984403680  0.95871039385900170
  0.96695559279953969  0.97739683997706983  0.98869475652724204  1.00000000000000000
 -0.00086611954769523  0.00240164269873141  0.00531290135804789  0.00796066956918964
  0.01067857684601520  0.01337611876043725  0.01578306611558504  0.01862095117871424
  0.02180723863941464  0.02498456534834023  0.02825314777397192  0.03171048760753366
  0.03545690037548516  0.04011516104576877  0.04453058231377651  0.04884804781869526
  0.05333374296774265  0.05802037724574497  0.06282954611509785  0.06761706178079191
  0.07225737780863424  0.07708807830517400  0.08228116756537104  0.08719240422402612
  0.09200710611943071  0.09653387101664349  0.10150280127069594  0.10735299027664549
  0.11385303092991059  0.11978996729063841  0.12646663831803842  0.13444616043151345
  0.14278309779891771  0.15198634553040735  0.16224720050570418  0.17336882925065566
  0.18486849211741208  0.19675879026208667  0.20944781366473897  0.22266815800732701
  0.23714394854119242  0.25249024815340954  0.26830135600234700  0.28563749558442098
  0.30332820142464340  0.32219107494985411  0.34381862268725610  0.36732804300238059
  0.38931456929446828  0.41001071748266049  0.43070818542881117  0.45238581887406898
  0.47420268223437956  0.49744626169561840  0.52230632944474964  0.54396735219464487
  0.56321566775732579  0.58446091587566396  0.60520244585078709  0.62505076005568128
  0.64468137900458045  0.66863417645350431  0.69326970504537355  0.71761738017396692
  0.74113554198319076  0.76057333347544387  0.77704829033078171  0.79222071907722824
  0.80589812491697066  0.81997538824518856  0.83433083859776047  0.84670705343582420
  0.85727395472708634  0.86623896600556016  0.87517990515063437  0.88326911639408645
  0.89124446390794587  0.89893184616091093  0.90765423754138808  0.91605704516519970
  0.92382891253328736  0.93122249904387344  0.93806861960836319  0.94386753009882274
  0.94953730588480800  0.95504496971191777  0.96073603724251011  0.96640694363780288
  0.97169163524508984  0.97643667641287657  0.98087776069301191  0.98521739823549204
  0.98928191587090553  0.99294644714041624  0.99650759726479177  1.00000000000000000
 -0.00193421537587640  0.01134084303396043  0.02308703185422686  0.03520279321371469
  0.04618747123265759  0.05491359354343943  0.06325197785198941  0.07222317480200623
  0.08230418820466884  0.09266460334127852  0.10312504456684236  0.11395461851955985
  0.12466799807310533  0.13671957701279913  0.14770153117601104  0.15935163645815206
  0.17128173349324236  0.18314567120331257  0.19364061497096774  0.20421987056830751
  0.21567795125676950  0.22942813766966316  0.24094210648933725  0.25083423430087681
  0.25928488475363015  0.26798973956905431  0.27717494931687681  0.28612410437861663
  0.29532717170493045  0.30398417586816778  0.31266994784398161  0.32020498530208408
  0.32820376720885225  0.33633461149029931  0.34412639746991769  0.35210678313367616
  0.35989179508399727  0.36889183562039018  0.37931388199803329  0.38875818471321033
  0.39743776841177314  0.40599109709733394  0.41562283873665645  0.42662768317477812
  0.43763301049921671  0.44921104856180077  0.46152603358228400  0.47195415448513267
  0.48214294280890374  0.49259918830076704  0.50405746409139884  0.51454457718799074
  0.52468658741412511  0.53507470369918797  0.54602989767798360  0.55777205889519710
  0.57095624833358671  0.58372155132195735  0.59616127685716624  0.60795442707103309
  0.61986317866298424  0.63111558221382213  0.64184029826105438  0.65338085585684180
  0.66399578970624296  0.67398110277726919  0.68393029557069218  0.69363598055465225
  0.70584840578500396  0.71677127211431080  0.72675677732085009  0.73659978588866482
  0.74668027822200056  0.75789831305210320  0.77012219232923163  0.78194017708727881
  0.79417027998072165  0.80564108993138317  0.81613775180913151  0.82582044982783542
  0.83598151532245846  0.84747645183546760  0.86029899085297179  0.87361057711516554
  0.88465779519401155  0.89457477238308747  0.90473239380422932  0.91499645059503310
  0.92633847715716733  0.93734706284306679  0.94841542523591027  0.95898308730198023
  0.96993108392066862  0.98130407322117430  0.99129615142046468  1.00000000000000000
 -0.00273398435518772  0.01350639479656277  0.02663804436013620  0.04049181626738481
  0.05307098150476360  0.06432258343444092  0.07394738616654560  0.08412053562315411
  0.09457447533213036  0.10537834576301179  0.11522060610229923  0.12536174796538643
  0.13559984767925948  0.14644910667633407  0.15722538423489418  0.16886350895574373
  0.18080055192866545  0.19143294875547931  0.20227899719078560  0.21309329623739487
  0.22464087908705846  0.23554016176167833  0.24585404526794730  0.25577109181065333
  0.26438208532119123  0.27361473391620456  0.28293651485325128  0.29299011808148384
  0.30345783719283242  0.31470964888061442  0.32699133890197202  0.33920325858675454
  0.35136672739684094  0.36367424148712157  0.37547371318795031  0.38484545644558421
  0.39403639790222567  0.40351848093047882  0.41376507896025311  0.42298195375739334
  0.43143308313268675  0.44037360308471962  0.45101052249621004  0.46268881998178713
  0.47438859131557842  0.48624727232994019  0.49792875244719248  0.50957787865143656
  0.52091506914708285  0.53262334490629260  0.54167253626328604  0.54997861949870619
  0.55805858299147948  0.56719410331596942  0.57645243672887991  0.58527037072271415
  0.59345867743534153  0.60040922711663691  0.60814566143666537  0.61625760280011865
  0.62528411296911846  0.63639999324791130  0.64468374214276514  0.65377576081501698
  0.66297032679690460  0.67274473885833885  0.68468553398154897  0.69560691977506706
  0.70607617624376617  0.71704269452855318  0.72878261374130615  0.74117189539702732
  0.75366856428556450  0.76530697352367361  0.77747310655180324  0.78860081132461191
  0.79974789638338439  0.81009769740724669  0.81999723686521842  0.83048326391521987
  0.84213277952621302  0.85374744264674296  0.86439823918678338  0.87473021146178709
  0.88640971623610909  0.89741384915177225  0.90828756072699135  0.91870047851243053
  0.92839792303079338  0.93954224536453768  0.94989845998532452  0.95931423505219116
  0.96852931873086123  0.97783379484842325  0.98897944314142372  1.00000000000000000
  0.00001937260478384  0.00053902887567466  0.00114917397380751  0.00175623746070550
  0.00229625117392668  0.00270522810318155  0.00308056813919193  0.00342582023154194
  0.00376779852841379  0.00410723771931527  0.00444471144892651  0.00478318862075670
  0.00514465170512349  0.00553162352803445  0.00593962416369255  0.00633860729993611
  0.00669107776369109  0.00701846210998044  0.00731605090107185  0.00761991104574662
  0.00791708991622822  0.00818854905584950  0.00846068391540061  0.00873333006526953
  0.00900912348453130  0.00929599372222605  0.00961185968129519  0.00984383276768828
  0.01006332739834680  0.01027435643691773  0.01048397744114627  0.01070332428441086
  0.01092592260393913  0.01125123140413691  0.01164759528542902  0.01208573836566965
  0.01249884361207080  0.01289123777932058  0.01329192536463119  0.01373756575514511
  0.01423579436914449  0.01471875113611205  0.01489141836918434  0.01506408560225663
  0.01523675283532892  0.01539840844141653  0.01555373318848948  0.01570905793556244
  0.01585991725511331  0.01598846121906210  0.01611700518301089  0.01624554914695968
  0.01646829843228952  0.01673390887663516  0.01698873504135446  0.01724439947132170
  0.01750260435212799  0.01776698565434737  0.01803525844870084  0.01824780040975958
  0.01845648109785603  0.01866028684160015  0.01890105692818615  0.01917949193833541
  0.01952975784664012  0.01994504800140209  0.02020084634897948  0.02039263469225069
  0.02057525944618835  0.02076229145964408  0.02098507744838157  0.02117229905506515
  0.02132468133582345  0.02147202513431831  0.02162139563117755  0.02178932807983175
  0.02201120695914866  0.02227673219898231  0.02312637772353375  0.02375016961805567
  0.02407308998247678  0.02432177629817921  0.02456039459751681  0.02479774054026261
  0.02520827251990797  0.02595776581463694  0.02675245298770685  0.02895930907162870
  0.03025824478407642  0.03174705782941004  0.03307376313158320  0.03417683151538801
  0.03822060106436050  0.04275099458809951  0.09084472964945463  1.00000000000000000
 -0.00239917932640296  0.00689062129633374  0.01596365332169800  0.02548660920578947
  0.03631569315153654  0.04897581417169791  0.06195934310419094  0.07531971755006625
  0.08934310832294134  0.10187295512160670  0.11455077347808632  0.12625968883416278
  0.13839338734596024  0.14971662891601356  0.16163891152499926  0.17177357350336714
  0.18135035765913612  0.19081903329656899  0.20142011745581012  0.21417040006688348
  0.22751797904104992  0.24045877307906183  0.25341878069184948  0.26639453034216365
  0.27879280312105487  0.29037415729327659  0.30052867000258188  0.31013738194066875
  0.31952615821181973  0.32987505347543522  0.34103130123635489  0.35126833889254916
  0.36127845457884700  0.37048122816755669  0.37988065111216007  0.38969389325416515
  0.39881953485000510  0.40672603729032952  0.41458279789379060  0.42254406542014128
  0.43144725188643257  0.43967975535372117  0.44658559376363838  0.45357939028070993
  0.46109091398392810  0.46904502359057437  0.47560671204132732  0.48266064745358778
  0.48952758852622114  0.49731474196465075  0.50695868097520935  0.51811043401920986
  0.52855065427098114  0.53899509450889826  0.54990340671504045  0.55916127924708137
  0.56760567025300845  0.57591559366427747  0.58598271814102298  0.59787449705861906
  0.60857635150769940  0.61813869303596225  0.62727636709033829  0.63617065872387168
  0.64544333389974440  0.65486730165617213  0.66496609319929656  0.67679172635225948
  0.68923201649504051  0.70003046226214882  0.71036831900120201  0.71943541731615968
  0.72776115514360429  0.73737778807803733  0.74674131287857792  0.76062527264766489
  0.77537561531038435  0.78805853929504643  0.79911999020672231  0.80854684838181645
  0.81888930524063219  0.83036983872263714  0.84336049120669510  0.85697464272427926
  0.86995870613627424  0.88278128407724221  0.89588891418953054  0.90856737969739565
  0.92148961150146225  0.93367352864903019  0.94541178402611437  0.95714415717604995
  0.96825015783098478  0.97925124498605853  0.98973215181948548  1.00000000000000000
  0.58270169095356839  0.63172466346905309  0.66126990994966961  0.68174790503653182
  0.69529177133239572  0.70793609823872006  0.71855016583310183  0.72747665428840635
  0.73490427687821658  0.74155116145528910  0.74826186537134087  0.75460233432062718
  0.76093947790535210  0.76719624086693561  0.77326078184174618  0.77883148898325161
  0.78369659288768190  0.78826599646591677  0.79304308017814151  0.79817122855073608
  0.80322345632456493  0.80822994436326800  0.81337984361094340  0.81805735468335949
  0.82234275155329861  0.82649510825959693  0.83067948836710004  0.83460716774374966
  0.83840340706167804  0.84231250000875435  0.84631502602726250  0.85016406261426358
  0.85401000008028871  0.85765524651193525  0.86122598218226798  0.86464880401718869
  0.86801875311471577  0.87141717722652345  0.87482030043136205  0.87799197661619255
  0.88106463601377760  0.88406905378341183  0.88705732444028551  0.88985803703758037
  0.89254638777839124  0.89519054477373605  0.89778827745192047  0.90045188701644596
  0.90320726900696935  0.90590759089670014  0.90853553820844046  0.91120569280566832
  0.91389298359296922  0.91664670330744757  0.91901893699201931  0.92109638042684039
  0.92326234043172117  0.92557355721702317  0.92818438426252947  0.93082396810374712
  0.93324735986152829  0.93547722347522755  0.93745177431023397  0.93937760023660211
  0.94124334158543244  0.94302281833599577  0.94475739506167100  0.94660127812438921
  0.94837024394614378  0.95009275170820084  0.95202155885688000  0.95400618592630992
  0.95596107734015934  0.95789987492687501  0.95979666607696401  0.96163101874734069
  0.96340457881478370  0.96509825969200558  0.96673628824329838  0.96839024927280781
  0.97002405704564487  0.97158124967892956  0.97321708340378488  0.97488786256735560
  0.97671184392669241  0.97885128768492624  0.98114298837413760  0.98335316476426815
  0.98537668428446079  0.98704938547855814  0.98870945286739498  0.99040141217274347
  0.99221408103792552  0.99430412734673812  0.99688219518955645  1.00000000000000000
  0.01740655392279723  0.15395812460943387  0.20794132173664023  0.24102859272117605
  0.26285920854506195  0.27730911312338058  0.29054126759910198  0.30388945346113788
  0.31949933161951216  0.33328599314101159  0.34444809168880874  0.35503144830231292
  0.36562993230235186  0.37623723904246531  0.38621342554330962  0.39523596462965949
  0.40338248948312749  0.41099038731107534  0.41812775541278796  0.42521334681159895
  0.43236015444165171  0.43967413075245987  0.44679607293276868  0.45336780027479945
  0.45944346954949994  0.46514963146221816  0.47047819775650401  0.47587928479959601
  0.48160064082095688  0.48746762946074573  0.49335390386680050  0.49919512852531467
  0.50509132503089993  0.51182921021201255  0.51855373920952597  0.52454626513439839
  0.53022944996436427  0.53570881209511734  0.54142983137659673  0.54750670769072740
  0.55310868394149448  0.55868392670115996  0.56299845000726223  0.56738774453214658
  0.57189480359791245  0.57665212544399991  0.58213952331635188  0.58707176824356821
  0.59174547860735160  0.59606154277386003  0.60051472572401643  0.60505379436236406
  0.60981330676105294  0.61445167644984766  0.61923529183363590  0.62418075048378863
  0.62862616297403817  0.63234729415174029  0.63583368677209529  0.63933086367059122
  0.64304652678130758  0.64807196481055340  0.65390950034421524  0.65983645786773626
  0.66550205975336729  0.67106344514641636  0.67637510589404037  0.68137011165116002
  0.68630800996755770  0.69132943447926409  0.69644200858154204  0.70169558568127466
  0.70723646510168514  0.71299450248440266  0.71954094898240950  0.72609256167914538
  0.73192043599848877  0.73664453125956286  0.74087393773892385  0.74494616001123659
  0.74921731651296719  0.75415980660957627  0.75951374608592170  0.76432683855581740
  0.76853304986366933  0.77212664504949258  0.77589647989552746  0.78040413985960000
  0.78817524446586473  0.79997550306161003  0.81199789794601374  0.82122573306414859
  0.82969538119235364  0.83847666917979402  0.84854013418471874  1.00000000000000000
   9.8308982650404269E-009  -1.0000000000000000     
 F F F F F F F F F F F F F F F F F F F F F F F F F F F F F F F F F F F F F F F F F F F F F F F F F F F F F F F F F F F F F F F F F F F F F F F F F F F F F F F F F F F F F F F F F F F F F F F F F F F F F F F F F F F F F F F F F F F F F F F F F F F F F F F F F F F F F F F F F F F F F F F F F F F F F F F F F F F F F F F F F F F F F F F F F F F F F F F F F F F F F F F F F F F F F F F F F F F F F F F F F F F F F F F F F F F F F F F F F F F F F F F F F F F F F F F F F F F F F F F F F F F F F F F F F F F F F F F F F F F F F F F F F F F F F F F F F F F F F F F F F F F F F F F F F F F F F F F F F F F F F F F F F F F F F F F F F F F F F F F F F F F F F F F F F F F F F F F F F F F F F F F F F F F F F F F F F F F F F F F F F F F F F F F F F F F F F F F F F F F F F F F F F F F F F F F F F F F F F F F F F F F F F F F F F F F F F F F F F F F F F F F F F F F F F F F F F F F F F F F F F F F F F F F F F F F F F F F F F F F F F F F F F F F F F F F F F F F F F F F F F F F F F F F F F F F F F F F F F F F F F F F F F F F F F F F F
  <DiscreteSampler_grid>
  grouped_processes
  1 # 1 for a reference and 2 for a running grid.
  10 # Attribute 'min_bin_probing_points' of the grid.
  1 # Attribute 'grid_mode' of the grid. 1=='default',2=='initialization'
  0.0000000000000000 # Attribute 'small_contrib_threshold' of the grid.
  0.5000000000000000 # Attribute 'damping_power' of the grid.
 # binID   n_entries weight   weight_sqr   abs_weight
    13   10   2.724867956519154E-004   3.494819006707749E-007   2.724867956519154E-004
    14   10   2.724867956519181E-004   3.494819006707845E-007   2.724867956519181E-004
    16   10   2.724867956519154E-004   3.494819006707749E-007   2.724867956519154E-004
    17   10   2.724867956519181E-004   3.494819006707845E-007   2.724867956519181E-004
    22   10   2.724867956519155E-004   3.494819006707754E-007   2.724867956519155E-004
    23   10   2.724867956519183E-004   3.494819006707853E-007   2.724867956519183E-004
    25   10   2.724867956519155E-004   3.494819006707754E-007   2.724867956519155E-004
    26   10   2.724867956519183E-004   3.494819006707853E-007   2.724867956519183E-004
  </DiscreteSampler_grid>
