  0.00288462224048548  0.01598113574219539  0.02976510849887261  0.04257040597074704
  0.05436979889232950  0.06582045843836126  0.07646082623658056  0.08705944643132776
  0.09735064120382360  0.10720740372418218  0.11791696772045071  0.12891607776510694
  0.14030234178424267  0.15131629400678420  0.16225535283799636  0.17333624504820541
  0.18497368187198399  0.19676708093728576  0.20835438334545081  0.21936327944968387
  0.23036211101728321  0.24147774746079387  0.25271864215676498  0.26361902244770308
  0.27433577813191523  0.28528044369058392  0.29695992538033750  0.30933519137393600
  0.32155666525612242  0.33292542368936778  0.34411554049085452  0.35538954854347526
  0.36674445295062508  0.37736605606437651  0.38758274769790746  0.39766830641152989
  0.40773411399272402  0.41823100523914736  0.42908774617425038  0.43875262793075614
  0.44728783870149086  0.45593606248245261  0.46466674230707367  0.47486159451829019
  0.48570662898917538  0.49670025217745140  0.50793405417639526  0.51924817196751349
  0.53036372363270923  0.54102760068005862  0.55186215066474698  0.56284976139903831
  0.57453392449539753  0.58623247674259671  0.59702286852088993  0.60811518139146714
  0.61853010726510704  0.62966675978620557  0.64080624797535524  0.65203436178362961
  0.66282644142721092  0.67308434353922120  0.68245942826235884  0.69183214466551901
  0.70131136246134207  0.71117313110571978  0.72122840304566938  0.73126961748702812
  0.74129520153400863  0.75110582580050611  0.76124484758125088  0.77147359803853011
  0.78183892566634783  0.79152634348238027  0.80127055629694011  0.81141114667446146
  0.82220370350065175  0.83308007304083154  0.84315634238778381  0.85231222024810305
  0.86143783008961605  0.87064125263470737  0.88057378525582841  0.89069053271017651
  0.90073198247783792  0.91081506988084393  0.92101956269443153  0.93156028276036473
  0.94168503370158541  0.95173281254242759  0.96099921950031564  0.96979872418628410
  0.97811098350713888  0.98595302995689393  0.99241926662069013  1.00000000000000000
  0.00000283239886137  0.00000302166007408  0.00000314218231288  0.00000326088840865
  0.00000340008189067  0.00000353815702486  0.00000367749717885  0.00000382273313331
  0.00000397619253521  0.00000413045447156  0.00000427988979062  0.00000442877827581
  0.00000458073007148  0.00000474280902592  0.00000491251728051  0.00000509351507188
  0.00000528431655843  0.00000548027680200  0.00000567594743450  0.00000587400679010
  0.00000607951206538  0.00000628588059487  0.00000648947707433  0.00000669435454814
  0.00000689258042880  0.00000714008854382  0.00000738787766514  0.00000764191177677
  0.00000790355118092  0.00000818247859261  0.00000847789944937  0.00000877935255651
  0.00000908638732442  0.00000941795225684  0.00000977401415914  0.00001013467001421
  0.00001049827106599  0.00001087668722865  0.00001131710478439  0.00001176639230266
  0.00001222217721368  0.00001268014259335  0.00001320209940593  0.00001375387755636
  0.00001432626347312  0.00001495180691457  0.00001562841328444  0.00001630284644678
  0.00001695216965043  0.00001766291001371  0.00001841428659838  0.00001917875636329
  0.00001996160609104  0.00002085641904583  0.00002183572988264  0.00002289998970739
  0.00002406197413455  0.00002531312010407  0.00002660288187909  0.00002802599855753
  0.00002962036411721  0.00003118838046863  0.00003273895492962  0.00003437919679069
  0.00003615977564605  0.00003838498363252  0.00004093218493548  0.00004365287697460
  0.00004651069132253  0.00004974714472523  0.00005361427168949  0.00005792279130875
  0.00006255573927234  0.00006770133926446  0.00007398387973193  0.00008128300538458
  0.00008986947680324  0.00009974681148925  0.00011090326845447  0.00012275914309556
  0.00013676668355643  0.00015454814810603  0.00017640930502724  0.00020277241643019
  0.00023678146249110  0.00028028264526889  0.00033301644071292  0.00038842839308097
  0.00045170469046151  0.00053506225167845  0.00067085503697053  0.00086430188690874
  0.00119874377762726  0.00184399905537449  0.02213219138032396  1.00000000000000000
  0.00000105176824331  0.00000428231000059  0.00000465162754859  0.00000504986472457
  0.00000555915365777  0.00000608514861391  0.00000657243239942  0.00000709354803425
  0.00000771988366796  0.00000834579045517  0.00000896635195124  0.00000966479014860
  0.00001041718825371  0.00001120277498356  0.00001199365725711  0.00001282835482115
  0.00001372343611449  0.00001470485409181  0.00001578486296818  0.00001698113634585
  0.00001827060722083  0.00001968316425704  0.00002120743372343  0.00002286859880902
  0.00002471067410736  0.00002667041895389  0.00002877813170222  0.00003091894157166
  0.00003319911453738  0.00003560976469839  0.00003835968211449  0.00004139422555201
  0.00004464467849526  0.00004832427768427  0.00005229131777793  0.00005679669070014
  0.00006153856966680  0.00006687295403542  0.00007257074469639  0.00007842716488068
  0.00008491788518579  0.00009143041888062  0.00009839552317817  0.00010569402467201
  0.00011309834336950  0.00012080575342951  0.00012898356621646  0.00013759621551418
  0.00014700352178997  0.00015785455748240  0.00016937377014660  0.00018109204830916
  0.00019270217308672  0.00020417278026053  0.00021621244708005  0.00022832497989124
  0.00024085429278329  0.00025400892530465  0.00026874204296959  0.00028497572513418
  0.00030214070336091  0.00032107843728235  0.00034209803773321  0.00036422419761731
  0.00038579411693570  0.00040856868856214  0.00042345194479745  0.00043636278315934
  0.00045035767349390  0.00046494205738777  0.00048289527886841  0.00050558334299083
  0.00054077059689326  0.00057570117697823  0.00060955031061661  0.00064087192979460
  0.00067510091235664  0.00071485163869289  0.00076353161991622  0.00081835156327829
  0.00086919225424604  0.00092459409585259  0.00099197263207921  0.00106041541556994
  0.00112795130826001  0.00122351368386130  0.00133941582784437  0.00148069738394591
  0.00165686507153644  0.00183694859199763  0.00201055091158175  0.00219265364742324
  0.00238592294743303  0.00265700902153055  0.02160676314506131  1.00000000000000000
 -0.00139100269832700  0.00438060085242822  0.01032482837292455  0.01603891574611680
  0.02198446487560423  0.02814095191923434  0.03440655965366410  0.04067822115749766
  0.04678600555101302  0.05274181273963389  0.05867006017338859  0.06457136838568280
  0.07031808702126578  0.07612215945190551  0.08194358246874406  0.08816309077563610
  0.09447253941291607  0.10065644241298602  0.10685393155645637  0.11287564130733051
  0.11881996396036162  0.12481627209458257  0.13088057234351252  0.13729884586692281
  0.14374635576621730  0.15019112913901916  0.15656147078985461  0.16301335921720134
  0.16971615408210602  0.17654666036318623  0.18327816855154364  0.18984645575454129
  0.19633716671009163  0.20285810797693085  0.20972345964978018  0.21779296624199587
  0.22563012248363984  0.23338721787575492  0.24110069455721900  0.24911730455896489
  0.25714863445519520  0.26467176795989300  0.27177229673698738  0.27871134323798985
  0.28590305357097501  0.29351122060652934  0.30099946921788506  0.30825769446340617
  0.31564431738630705  0.32334486051097255  0.33122149398101758  0.33921909780380749
  0.34730870118195284  0.35565362541427648  0.36396500883735283  0.37209418050251514
  0.38027037444951373  0.38869625340021247  0.39741983958179722  0.40666063362435789
  0.41608119764667567  0.42536888591718364  0.43479035578660846  0.44460461645829652
  0.45518428264284500  0.46628662447545716  0.47754859502422126  0.48868433447722270
  0.50000449462622831  0.51151532294440527  0.52293834225528635  0.53461136105704432
  0.54621446301450283  0.55777769533365729  0.56970926928229515  0.58258840078892893
  0.59662972526232172  0.61088627641213666  0.62553936189136017  0.64063685744934784
  0.65644891172336428  0.67134247962477800  0.68468643366161297  0.69890158260497048
  0.71621095400982659  0.73345205226293853  0.74886004418769425  0.76477861026776606
  0.78136119120362035  0.80252565369618079  0.82652122961364560  0.85267829020662911
  0.88422733485560456  0.91964718356502850  0.95814905793343585  1.00000000000000000
 -0.00245263855512322  0.00994244191429890  0.01968441059248654  0.03024522371128754
  0.04065191288941461  0.05122432815515506  0.06124207035742085  0.07116252603539448
  0.08138295310051100  0.09162361076579194  0.10060961597303195  0.10936113621530516
  0.11832527903927800  0.12754653451124831  0.13776203328328104  0.14888883536699105
  0.15860010961078100  0.16712074954784945  0.17541426292369705  0.18325923330131128
  0.19354619669101197  0.20509923431625418  0.21677211404069732  0.22838852929442843
  0.23985921774481933  0.25082234242841822  0.26169216783572191  0.27260316881556201
  0.28351441238081815  0.29428406928152173  0.30518562376492520  0.31642164189134403
  0.32792635829455652  0.33957233348025034  0.35107509586999947  0.36191569282464059
  0.37269217589629150  0.38349624531599358  0.39393342903387574  0.40408137512102105
  0.41430918010087142  0.42481544549034439  0.43550268843168177  0.44613988162014806
  0.45657003490979753  0.46723901236082277  0.47790498092445644  0.48853875715822198
  0.49873763666236198  0.50903962391222202  0.51909220143819568  0.52912186397525696
  0.53884058813634594  0.54880389580753808  0.55874012970490339  0.56882574588179780
  0.57947708317577107  0.59057394257055174  0.60190841220382874  0.61286559097706828
  0.62340928489199732  0.63404033344100497  0.64464131072676478  0.65583366177890223
  0.66686542404374050  0.67776981989820362  0.68892447403901780  0.70039718817939267
  0.71189412873254587  0.72264273043797422  0.73363023284934681  0.74442764493839353
  0.75545231816298508  0.76667250256021535  0.77866214762199304  0.79099035227641679
  0.80319835371241666  0.81494436545721494  0.82617227349987832  0.83661836416098856
  0.84672410152473288  0.85708118658162979  0.86756949429192776  0.87843179008073169
  0.88974827510340138  0.90098619202177233  0.91250136564446593  0.92359061183118307
  0.93481043158526267  0.94454649111792144  0.95368261263837406  0.96269092866563533
  0.97194275137435149  0.98175032304094767  0.99101672448804190  1.00000000000000000
 -0.00268784567681336  0.01015188364670893  0.02154810620705237  0.03298446192926297
  0.04373100868305534  0.05410952130665685  0.06443712380245531  0.07531860398048183
  0.08648578598294678  0.09745396647696680  0.10795521469985152  0.11852612234633343
  0.12929883049432278  0.14026518045072806  0.15121953769181123  0.16200557797822218
  0.17303500524906773  0.18384614791063988  0.19485581667281374  0.20535125200121432
  0.21586136541788437  0.22648130463075339  0.23711686358710513  0.24743596932401010
  0.25745987565025219  0.26759453820385215  0.27823221348571597  0.28886222566051634
  0.29945164730667106  0.30978800812145257  0.32072367720237577  0.33172002531052353
  0.34291043056697679  0.35408561496432861  0.36521240107820452  0.37576279725971323
  0.38614831238492592  0.39704103685890879  0.40874566373454457  0.42062777846511590
  0.43208125249809792  0.44347204056269829  0.45483254308422988  0.46546997704307225
  0.47538134649686442  0.48546164710811829  0.49553888631903914  0.50537802132020093
  0.51476776645803679  0.52455474465069818  0.53506990617846195  0.54580916428421267
  0.55593271222850504  0.56590224434283765  0.57618139769795673  0.58700807538513655
  0.59875680206084037  0.61018817768564249  0.62150317252913101  0.63027807048362194
  0.63873144917330005  0.64699500262873177  0.65542098958685624  0.66551683090351965
  0.67590197737876534  0.68577669502674721  0.69529558343264442  0.70472987360905881
  0.71443282064669200  0.72420407418884403  0.73421782641350453  0.74472608547101005
  0.75558096869412306  0.76643072510051835  0.77720217931763369  0.78812139632918565
  0.79914879092042057  0.80983318429115125  0.81989492162432054  0.82998278779449541
  0.84015859291262462  0.85118957059943268  0.86201880136594311  0.87225374294231039
  0.88281047470016449  0.89318832025890604  0.90378400514736468  0.91335267366853734
  0.92365657379033483  0.93318398772768441  0.94404395549031961  0.95471624038408276
  0.96560122747347465  0.97674198230100939  0.98816983824477433  1.00000000000000000
 -0.00002264286826053  0.00009653615133499  0.00021571517093051  0.00035336371615137
  0.00049324760265555  0.00059180600940811  0.00068308511722445  0.00075463154819929
  0.00082376337216699  0.00089422383598243  0.00096296309487231  0.00102829259690673
  0.00109127057789728  0.00115126849465164  0.00121339807359560  0.00127903064079102
  0.00134663036219605  0.00141783995742742  0.00149383788375681  0.00157610657058310
  0.00165904661511951  0.00174223495750251  0.00182576165012631  0.00191120226559148
  0.00199886315969088  0.00208355680272362  0.00216788420623081  0.00226159253402114
  0.00235782318388932  0.00245680520731993  0.00257821268430189  0.00270099022464397
  0.00284024196748345  0.00296885733116853  0.00306567624152834  0.00313706492904704
  0.00320583810880487  0.00326991275092558  0.00333398739304628  0.00339781410134325
  0.00346163549356158  0.00353057910904368  0.00360306786936104  0.00368316644501292
  0.00377123375338244  0.00386321845701317  0.00395714181737097  0.00407726476816572
  0.00419615095936147  0.00431936465481665  0.00446539977154136  0.00465431968311881
  0.00473528166947568  0.00480580211594778  0.00487766477290577  0.00495484125465914
  0.00503201773641250  0.00510901194143591  0.00518538826359905  0.00526176458576220
  0.00534194002000264  0.00545377140402206  0.00556338561893985  0.00566262382787543
  0.00579066843464748  0.00593291521599813  0.00607615490129655  0.00621905200059010
  0.00660445056779056  0.00668667081532686  0.00676879525144581  0.00685087191153116
  0.00691945456848054  0.00698645181411107  0.00707117648826043  0.00716265356425512
  0.00725413064024982  0.00737201892713246  0.00747949457486497  0.00755706057535506
  0.00760690107619769  0.00765674157704032  0.00770658207788295  0.00789026189803614
  0.00794802655458605  0.00800584932566114  0.00806369516758326  0.00814743432870958
  0.00836964619184652  0.00845516408899527  0.00867334019961608  0.00893979989579192
  0.00900701172597697  0.01635085687139625  0.37718813474456803  1.00000000000000000
 -0.00115191479005660  0.00760130676305313  0.01550967594808183  0.02323414904563391
  0.03076367332655109  0.03856480071979447  0.04668776880408535  0.05479146522112486
  0.06300516210585462  0.07127720456388327  0.08013425568664455  0.08966194543862320
  0.09946343018822373  0.10960247290400842  0.12013550324651046  0.13054722437014682
  0.14065699083035468  0.15102936429694597  0.16136362054630529  0.17170642729346106
  0.18207179543016264  0.19274782216171640  0.20376498511680760  0.21454759349046199
  0.22523890466856072  0.23632177404784135  0.24840193803405461  0.26074446717209959
  0.27270559845724390  0.28429659102312627  0.29617136305244818  0.30827436768235555
  0.32145810381358619  0.33509902831641236  0.34853764426958611  0.36137647617674729
  0.37316318572686946  0.38461492224736693  0.39574007893939611  0.40762184613068703
  0.41940910699969303  0.43165274855782282  0.44374543649086606  0.45610367387725204
  0.46816716488997828  0.47915906486682697  0.48866080009797164  0.49829895639681993
  0.50822621450147276  0.51979661332395044  0.53172409783057362  0.54338865036195116
  0.55480385190571513  0.56642649722074279  0.57761071905746852  0.58869226421423027
  0.60005314588705372  0.61168502373813305  0.62379301714849944  0.63592371198511166
  0.64816854451760886  0.66041316933886163  0.67258039321503527  0.68506206241721601
  0.69769848685874203  0.71018532191711015  0.72216972069238716  0.73410239859287751
  0.74595467954999839  0.75805353294827071  0.77001730073553509  0.78175316615262502
  0.79318762050750546  0.80477445655178836  0.81603254272281456  0.82644895362668502
  0.83629159898117722  0.84614430228639936  0.85614084258507273  0.86560252974929919
  0.87451026768826878  0.88269121286595675  0.89100159956358360  0.89959268526815628
  0.90834515980909980  0.91702382955986761  0.92575766750511335  0.93479895536137392
  0.94358130710160926  0.95158941153950527  0.95909470517368400  0.96653036222689670
  0.97447628608841419  0.98297209860044554  0.99166756529932631  1.00000000000000000
  0.48449000140205956  0.49867367589931200  0.50549553892560439  0.51159246334806396
  0.51990287421144143  0.52837801827133213  0.53505885906008199  0.54026283543165732
  0.54504415200902445  0.55032482027730878  0.55665374566576031  0.56290420511147310
  0.56829231152814330  0.57357114770518580  0.57881834161634416  0.58379432760405703
  0.58867733451492488  0.59362894784889653  0.59856221199022031  0.60341936078446701
  0.60825138582113625  0.61316364016929625  0.61811656997597875  0.62303012337755570
  0.62799366607015883  0.63300060412427339  0.63805324331873314  0.64305853633477528
  0.64802997787748096  0.65306354459096538  0.65826198737837327  0.66353250675246489
  0.66876251979294699  0.67394992319519031  0.67912288034333679  0.68427237194408119
  0.68935284041516454  0.69448343097342502  0.69968493149515398  0.70480567789586024
  0.70978094935910774  0.71468786843646059  0.71965708037425402  0.72464501289345873
  0.72962657745459358  0.73463154383858542  0.73958332357886702  0.74451748513567206
  0.74949700492972737  0.75458773426508141  0.75966624057672505  0.76467803407554713
  0.76979071385370657  0.77504292647055784  0.78054849821761640  0.78604746151352134
  0.79151168732042543  0.79690406665006641  0.80225925963014633  0.80762139753410322
  0.81295221710547116  0.81826038767309961  0.82343445874762555  0.82841353991848343
  0.83334448905408443  0.83849437055478271  0.84376422851454980  0.84899108234064458
  0.85424209078605495  0.85975385211517963  0.86521348022635935  0.87059888703131394
  0.87579577713152545  0.88096997974858249  0.88627548724963046  0.89168175872444111
  0.89702337287456857  0.90235977377712495  0.90755009247208762  0.91292568617450753
  0.91814856252733468  0.92292092807291315  0.92757958256111361  0.93208901291786894
  0.93663750966348813  0.94139559401102213  0.94618936824928557  0.95124091109920317
  0.95645512420912526  0.96175501180414436  0.96693212361645475  0.97221344082399519
  0.97810516437571215  0.98486085394553891  0.99241737913301220  1.00000000000000000
  0.07883279456660958  0.19481853255064191  0.22923263635721675  0.24471710766851174
  0.25975667705613420  0.27314454444111946  0.28513827474714371  0.29564367415823373
  0.30561324373043519  0.31563233904593435  0.32602818161294644  0.33613324668334443
  0.34564459102165446  0.35483773573275357  0.36356185769094312  0.37235797875864213
  0.38066657380327629  0.38895741035592146  0.39710356049802403  0.40488531967243829
  0.41235645306846891  0.41955094315312741  0.42629365871490588  0.43277794848635098
  0.43918236521494780  0.44554193367930039  0.45204324098104931  0.45853940479660310
  0.46476612458512129  0.47086078947865850  0.47681410347208242  0.48251605929882563
  0.48763959048186228  0.49233527639188451  0.49715913804924666  0.50220010296376238
  0.50810986374469180  0.51390351365999554  0.51927032242507065  0.52433806631031343
  0.52871268642729263  0.53343276033263332  0.53797758200689494  0.54283821992942360
  0.54794793533224961  0.55292366809680260  0.55802290719186831  0.56332745821410135
  0.56839283896600312  0.57358162044052108  0.57866381670617550  0.58393023301231839
  0.58917862087733408  0.59434918795117353  0.59946569580936404  0.60462544665633744
  0.60971644381079571  0.61489949871698590  0.62000903176020150  0.62523637536405363
  0.63053373714878880  0.63581593753946453  0.64113865745297893  0.64625680727767454
  0.65132356422048732  0.65641409920499805  0.66164291742413972  0.66710962097546700
  0.67263294818593977  0.67806276546457900  0.68353469887759177  0.68882333894005421
  0.69385528369181271  0.69872486181978333  0.70379864678511694  0.70924992698059153
  0.71535890169374428  0.72128824562746063  0.72719274890734198  0.73328031916121805
  0.73958472077628190  0.74575841624885997  0.75186012364949018  0.75753802407454218
  0.76313567292646622  0.76939633787818451  0.77663958445671977  0.78552741485899213
  0.79525318774066012  0.80458432006645508  0.81447367243380409  0.82453497350963345
  0.83730480657857020  0.85390738291123025  0.90110247475743277  1.00000000000000000
   6.9021328620490590E-005  -1.0000000000000000     
 F F F F F F F F F F F F F F F F F F F F F F F F F F F F F F F F F F F F F F F F F F F F F F F F F F F F F F F F F F F F F F F F F F F F F F F F F F F F F F F F F F F F F F F F F F F F F F F F F F F F F F F F F F F F F F F F F F F F F F F F F F F F F F F F
  <DiscreteSampler_grid>
  grouped_processes
  1 # 1 for a reference and 2 for a running grid.
  10 # Attribute 'min_bin_probing_points' of the grid.
  1 # Attribute 'grid_mode' of the grid. 1=='default',2=='initialization'
  0.0000000000000000 # Attribute 'small_contrib_threshold' of the grid.
  0.5000000000000000 # Attribute 'damping_power' of the grid.
 # binID   n_entries weight   weight_sqr   abs_weight
    10   10   2.845692386670407E+003   4.156992557558979E+007   2.845692386670407E+003
    11   10   2.845692386670408E+003   4.156992557558982E+007   2.845692386670408E+003
    16   10   2.845692386670406E+003   4.156992557558977E+007   2.845692386670406E+003
    17   10   2.845692386670408E+003   4.156992557558980E+007   2.845692386670408E+003
  </DiscreteSampler_grid>
