  0.00365629223971529  0.01238816943089092  0.02325451983195298  0.03344069621533301
  0.04215511577226942  0.04971718266545640  0.05655029109566534  0.06358196909211077
  0.07122245245729297  0.07930366997108784  0.08878232236012884  0.09822564436303073
  0.10642418125723042  0.11630708716418248  0.12587156843023878  0.13691641049246808
  0.14706654836961780  0.15690631767638039  0.16805299049191114  0.17837414038472671
  0.18943002383502255  0.20172156059859475  0.21404407623871430  0.22532403032113718
  0.23484211788158754  0.24334718561974178  0.25220831639170394  0.26165901391586743
  0.27258618559490472  0.28176381574518322  0.29149098868421003  0.30001361189213699
  0.30944221887327322  0.31792957717350345  0.32585588069728927  0.33401625026171028
  0.34267634567872601  0.35132405200225642  0.36071771118043322  0.37076921440575128
  0.38106761462349942  0.38979725020969097  0.39888166378418277  0.40860767215525912
  0.41968712311506440  0.43294041431176167  0.44597129300412008  0.45647012527312153
  0.46567852875524418  0.47462833394199450  0.48374230573965188  0.49378375999780244
  0.50467279221887340  0.51671529818750728  0.52902555047889332  0.54057506670537003
  0.55046873879753144  0.56023487305766229  0.57119857702909971  0.58301040933441683
  0.59450113872693477  0.60520240054985974  0.61583350816163340  0.62745730971276581
  0.64109216045204065  0.65539126105006074  0.66913472217740455  0.67981776137261074
  0.69102916304399553  0.70297203107246942  0.71507203718417389  0.72560002448830185
  0.73666356454352633  0.74749714815857993  0.76097424208116526  0.77341851000201833
  0.78534182691264076  0.79682795969330378  0.80742854202902714  0.81933407542488368
  0.83124107802676195  0.84112158415192573  0.85130954245142809  0.86137942482345309
  0.87128828654299628  0.88445609673824699  0.89597619771619330  0.90692972433198371
  0.91775398182775192  0.92855098660322399  0.93842192597478236  0.94791667799080015
  0.95807216570838583  0.96961341088887654  0.98142919953258401  1.00000000000000000
  0.00461882101185033  0.00826844972522488  0.01436266262653804  0.02216315252836250
  0.03030708190113311  0.03801860026342452  0.04848289420560176  0.06000583335456904
  0.07137379675954313  0.08296399745058666  0.09532718717865162  0.10617223630260668
  0.11665894106749636  0.12634688589378801  0.13776367090038796  0.14886963675928083
  0.15892142322799466  0.16913145222126463  0.18005471668758419  0.19247825767430224
  0.20683599285903506  0.22188130921983176  0.23544324655547713  0.24881034082738335
  0.26122822979589178  0.27308076969264511  0.28346322753363506  0.29273032863398019
  0.30181178731910613  0.31122398386587813  0.32172997882649707  0.33434864584846513
  0.34676387660785929  0.35772712280660751  0.36740124316558592  0.37716529347182604
  0.38697026130951367  0.39754867685678696  0.40856762190344070  0.41885368686167074
  0.42808105139631802  0.43654233899909434  0.44503518819805055  0.45402656674206637
  0.46354189405359464  0.47471030625966515  0.48680086873957140  0.49783618267654306
  0.50853443815696053  0.51931298234701784  0.52967941591896894  0.53970942888205076
  0.55018355310545330  0.56145345143005132  0.57397276506955663  0.58835076171534573
  0.60335645333638666  0.61636662273367204  0.62788175208484642  0.63914700189270657
  0.65042827807330650  0.66129003041520129  0.67185802656154570  0.67981898576756816
  0.68664912198921446  0.69314037456304800  0.69960779867468825  0.70746173587494954
  0.71752856459388148  0.72828683158796925  0.73889669046864848  0.74897262237587670
  0.75826502776532645  0.76837446988861280  0.78031082964483067  0.79396956859849788
  0.80613698705123094  0.81797012242995193  0.83116359241917137  0.84324926749961138
  0.85465207817034838  0.86377558288009282  0.87291457328885058  0.88223881942140026
  0.89153884198830002  0.90347861866676116  0.91370163590402731  0.92301239527176371
  0.93179313466950220  0.94067453639606979  0.94924913564710189  0.95795493333326931
  0.96726794751397571  0.97655877979942984  0.98821209675597010  1.00000000000000000
  0.00000378343016879  0.00000414262477578  0.00000456603132049  0.00000497914892168
  0.00000541568643080  0.00000592625757122  0.00000633109272156  0.00000674057502215
  0.00000711625176090  0.00000750300400564  0.00000799739139653  0.00000846675343084
  0.00000899267691045  0.00000957176733823  0.00001023344734568  0.00001088484239249
  0.00001156056521362  0.00001219076034714  0.00001271219315708  0.00001316359554723
  0.00001364603248142  0.00001417281571349  0.00001477111149649  0.00001552058639120
  0.00001637203206639  0.00001722793243419  0.00001823597886562  0.00001922120461113
  0.00002025857873110  0.00002130481334182  0.00002238309498417  0.00002354259014810
  0.00002474864218546  0.00002598881072525  0.00002732277783049  0.00002859227690845
  0.00002988006550006  0.00003127701671652  0.00003282682600870  0.00003452460572225
  0.00003647247484439  0.00003818786230738  0.00003973603443964  0.00004130549296401
  0.00004311820337138  0.00004501625872558  0.00004702149382951  0.00004909300560193
  0.00005130358141103  0.00005373870415424  0.00005623891192581  0.00005866874252990
  0.00006096872158344  0.00006323853232022  0.00006582675613036  0.00006890071940558
  0.00007252207155064  0.00007655167429663  0.00008149114187924  0.00008594719480856
  0.00009125405149403  0.00009716967341582  0.00010353555801917  0.00011066425119103
  0.00011886757015817  0.00012828112778577  0.00013900429258026  0.00015060130474799
  0.00016219950177867  0.00017472571645656  0.00018907293883825  0.00020732570967137
  0.00023181293033343  0.00025946137780686  0.00029044162432968  0.00032590812849625
  0.00035299830264778  0.00037985432694476  0.00041809210369336  0.00048026372845209
  0.00056962330128226  0.00068523806426172  0.00082736156182637  0.00099300426718249
  0.00119055012524457  0.00142555382114014  0.00172480703752376  0.00217430823404404
  0.00305913261290220  0.00416030619050811  0.00551589548387364  0.00696512186626265
  0.00943410817426200  0.01304543901952030  0.05951960635924464  1.00000000000000000
  0.00001258664108172  0.00001407160687770  0.00001482177769106  0.00001555885929377
  0.00001636197682641  0.00001731981286256  0.00001837831415977  0.00001941777021165
  0.00002045546881594  0.00002151368840683  0.00002261213640208  0.00002375026737332
  0.00002508538045803  0.00002658785054873  0.00002825788692448  0.00003022713518794
  0.00003250830643626  0.00003523952465073  0.00003821591721103  0.00004151121234123
  0.00004527620730810  0.00005002668744911  0.00005540812696196  0.00006212840351959
  0.00007028962608414  0.00008096899719458  0.00009405947905219  0.00010764238341243
  0.00012113075908651  0.00013756573280160  0.00015745612478558  0.00018193511308620
  0.00020847267943660  0.00023596282227222  0.00026398813857672  0.00029116051268007
  0.00031809973868090  0.00034620939499411  0.00037440161506152  0.00040261445681235
  0.00043395960875332  0.00047255487427122  0.00051229047104328  0.00054819682308253
  0.00058088398800456  0.00061278240934933  0.00064736450486068  0.00067739528340348
  0.00070688792322483  0.00073426484175026  0.00076429703393449  0.00079844634352670
  0.00084134345406125  0.00088510172263213  0.00092554013111705  0.00096295573472088
  0.00100350517586562  0.00104987109862928  0.00109941556322806  0.00114987280871429
  0.00120059155232352  0.00125337119600922  0.00130876680699157  0.00136110397146143
  0.00140717506696569  0.00144798338737865  0.00148510286308995  0.00153428368809220
  0.00159388197901191  0.00165090681223998  0.00170569625064869  0.00177673155555725
  0.00185608697929417  0.00194090465945733  0.00204353097450560  0.00217579213354560
  0.00233043821548369  0.00248949961149851  0.00268161226824198  0.00279630372643616
  0.00288574769370723  0.00296642656447524  0.00306136573021264  0.00319483239481086
  0.00343032437730404  0.00359560097969447  0.00375910066012949  0.00394462892766555
  0.00416923841048381  0.00443490871814158  0.00485334936732646  0.00583622920301323
  0.00676110947015368  0.00723654575934455  0.00870037908484657  1.00000000000000000
  0.00000831357615010  0.00000954097135892  0.00001031948072534  0.00001111405287867
  0.00001230121286946  0.00001340734619303  0.00001423272411182  0.00001522070652232
  0.00001655844215892  0.00001827033165774  0.00002031689328413  0.00002240001972731
  0.00002451758009426  0.00002667465515757  0.00002902503918192  0.00003171163008626
  0.00003444564388849  0.00003748838717071  0.00004153781383243  0.00004715391608169
  0.00005345389211376  0.00006068195286767  0.00006930614506237  0.00007948838560436
  0.00009106222071536  0.00010426242714506  0.00011916251311668  0.00013462221833886
  0.00015159116351562  0.00016955252996829  0.00018904686755498  0.00020954829158999
  0.00023051895660347  0.00025360284023421  0.00027891303014007  0.00030620906114874
  0.00033494417466991  0.00036498336029116  0.00039548071227306  0.00042367609105989
  0.00044958826667160  0.00047549208464464  0.00050258411228290  0.00053062398660062
  0.00056265524073997  0.00059984910980342  0.00063986276766191  0.00068393279159039
  0.00072895194322201  0.00077083609238987  0.00080820901855830  0.00085022318062777
  0.00090079530958013  0.00095763454588628  0.00101542997013357  0.00107024279691617
  0.00112206283838627  0.00117254485737191  0.00122866772381737  0.00128566600158571
  0.00134321368107966  0.00140385962783033  0.00148670166257091  0.00154924369394360
  0.00161454690364616  0.00167789428018164  0.00174502489757581  0.00183295682518656
  0.00191818946072578  0.00200386526502036  0.00212730245386636  0.00227316741892104
  0.00241157273061576  0.00253425980246632  0.00265553030987091  0.00278040760709170
  0.00291697318576909  0.00304905864898761  0.00318765721526493  0.00327956508245967
  0.00339154410117418  0.00355171512170920  0.00378435742168167  0.00405759083452355
  0.00456950340300155  0.00520339371150782  0.00593632289858641  0.00676182138579526
  0.00724923841502541  0.00753987764908117  0.00784335050388528  0.00852298920073919
  0.00919543387794260  0.01030433231348298  0.05142911280041943  1.00000000000000000
 -0.00233674062545835  0.00797086576935852  0.01688010038013752  0.02582974515420676
  0.03469240240788829  0.04302714845163995  0.05106878261127479  0.05888885389340562
  0.06672208745148085  0.07475059953344745  0.08225516534327530  0.08970519280620506
  0.09692439827206872  0.10421359729434485  0.11235275402981036  0.12042648942772814
  0.12734662104057834  0.13434337778512687  0.14157086475276956  0.15039294793208696
  0.15971216936811156  0.16900744692229877  0.17843570368654948  0.18837070068375186
  0.19856746574750073  0.20822157922329701  0.21660704615280796  0.22406325482076361
  0.23094249857325760  0.23711387432008549  0.24344126882445200  0.24950967052900122
  0.25580539672413244  0.26228333540810422  0.26844120706150215  0.27446750362886546
  0.28133357143343257  0.28815351065374656  0.29488196160850372  0.30352354416942506
  0.31180811301865263  0.32134233448862898  0.32967715533832764  0.33691669148338715
  0.34403139857984538  0.35119777516984774  0.35906497872391063  0.36712555533472552
  0.37534623724945698  0.38339570848072546  0.39093714985572775  0.40269834831547391
  0.41251524745571755  0.42274529626149021  0.43308872878496157  0.44437373272391728
  0.45684504376141649  0.46867948150535743  0.47997419396586588  0.49109590022442945
  0.50211710525100028  0.51349950969374469  0.52565267307150354  0.53750460801546518
  0.55057066316798919  0.56400425893741191  0.57578758534738150  0.58621660898178563
  0.59723713599454420  0.61098247209007073  0.62719611766593719  0.64299522950650012
  0.65599834265850565  0.66867129614768717  0.67999120882079800  0.69200092535969115
  0.70515232353119406  0.71867268757702030  0.73147025622177053  0.74357734762369332
  0.75693053876642447  0.77259228735672125  0.78855590322670521  0.80415726321264180
  0.81849744675415825  0.83191621150352546  0.84603251700578885  0.86019828224031336
  0.87427533945755709  0.88840820039630053  0.90300605883116380  0.91856272255637383
  0.93531387212291417  0.95384039820541211  0.97462467659080221  1.00000000000000000
 -0.00293047571439172  0.01072776991591261  0.02277829954190373  0.03481288055592120
  0.04530136233419089  0.05503769872655821  0.06496668245510208  0.07585014696630556
  0.08759262443486875  0.09933328934339540  0.11024870671230640  0.12110197011057315
  0.13328799614434911  0.14608538152503212  0.16012742132949767  0.17264204966954874
  0.18379384272516230  0.19493787474692112  0.20612890309591589  0.21638832442438641
  0.22616856228160184  0.23700220153887291  0.24867414222077117  0.26083679594770443
  0.27267350013925012  0.28411483990326092  0.29484244696901857  0.30427090341819518
  0.31304576255079847  0.32111943094363449  0.32830025543145236  0.33608532267511809
  0.34406244250373302  0.35234435910443707  0.36072447083479203  0.36879640199112029
  0.37769324743060817  0.38705744903271755  0.39508895367350810  0.40352124436808468
  0.41163926372627518  0.42191818908445289  0.43467881220923055  0.44713120654670085
  0.46012209824990313  0.47272738449125684  0.48402607908223960  0.49510423231487016
  0.50546997995706666  0.51645464987283030  0.52661338902972077  0.53770630306774991
  0.55003911191126742  0.56066389382325199  0.56965443153127027  0.57865611182773247
  0.58752880751881498  0.59670191985518706  0.60667653426854307  0.61774855247723615
  0.62879716019229714  0.63966200891700919  0.65067839855939369  0.66235830561596198
  0.67387368480221788  0.68523156705717170  0.69555303474292574  0.70608583248636980
  0.71694946684652905  0.72766621443116197  0.73759571972480376  0.74679345066070046
  0.75794632666638362  0.77043561445625230  0.78236574015443283  0.79349776396161498
  0.80548312530398647  0.81813544953618522  0.82652692290899488  0.83386070055041539
  0.84072092394349363  0.84743014571669661  0.85628733419821157  0.86675425243834225
  0.87674391297503318  0.88642035148756015  0.89674534081124146  0.90831585682015925
  0.92243861508087666  0.93675521937745854  0.94854003281847021  0.95849822400229634
  0.96849089121392540  0.98011461012079770  0.99024421766662263  1.00000000000000000
 -0.00208970190790741  0.01069723756415278  0.02144885115401062  0.03194057044252539
  0.04127234622626327  0.04995045632793304  0.05827069302524347  0.06911422556511833
  0.08098811360810930  0.09335727821573656  0.10545471033884253  0.11653274450961393
  0.12824080874840568  0.13997203360983010  0.15213750341733007  0.16529154894234044
  0.17789314796156813  0.19039199350259425  0.20190227293015880  0.21294077846308285
  0.22413683314277272  0.23614201370255639  0.24860041344950962  0.26039892691958544
  0.27198241910140358  0.28447086527926135  0.29665079229976288  0.30728094623679530
  0.31724654585778456  0.32622832201991614  0.33498613675227973  0.34474136630002711
  0.35500089332089912  0.36581706426632510  0.37734387797022023  0.38948710605852388
  0.40130202752581190  0.41311195399413431  0.42612450364943666  0.43605127344751571
  0.44440520570770642  0.45216613795582633  0.45945578411878568  0.46822582412202923
  0.47632192515504695  0.48479327520979354  0.49408400378883283  0.50288604940627479
  0.51121959792541416  0.52014121071510011  0.53070907747387241  0.54044167271268484
  0.54963644494656128  0.55874475227874687  0.56916982519322612  0.58120773472494613
  0.59403196186327134  0.60698420503800532  0.62073665856858651  0.63317995528347337
  0.64560690740620819  0.65795852927604392  0.66886408995280366  0.67869942737471367
  0.68692979924770881  0.69628303007408487  0.70700108742998169  0.72011553042900633
  0.73230615314575287  0.74371403483917964  0.75443588417442609  0.76434133982668118
  0.77360696072395729  0.78267482276404243  0.79234814983645796  0.80394377890042079
  0.81723815598415750  0.83080513038554926  0.84460392716901822  0.85717157831290258
  0.86778706844509912  0.87878633673650652  0.89083419921781626  0.90265007954573195
  0.91244643712237694  0.92285312511651896  0.93352918850977484  0.94198188643269554
  0.94853224425170413  0.95442126488860657  0.96016819363405981  0.96607135595365967
  0.97302977519973799  0.98059828830504403  0.98950094044385184  1.00000000000000000
 -0.00239774454186132  0.01025111200001232  0.02119943843012332  0.03333413890619660
  0.04491380030639926  0.05708309159768776  0.06925742375281121  0.08073120274497324
  0.09349988381248714  0.10544831420717968  0.11753911458214734  0.12921073436209396
  0.14093873313105540  0.15236324204646731  0.16124655059763035  0.17015352919610022
  0.17932735305589284  0.18791830491559142  0.19914095872206916  0.21019213198935538
  0.22166125052174812  0.23326702909237998  0.24518104882041808  0.25739627754902800
  0.26720992991873310  0.27580980568107910  0.28514718615392026  0.29589001623366812
  0.30800444024050899  0.32026526007982253  0.33130129261016517  0.34200290384490328
  0.35208159321330468  0.36470953694170566  0.37548378675359523  0.38655083198504536
  0.39761878163092695  0.40981438480619359  0.42184369199206573  0.43156648541532838
  0.44118541132381106  0.45047776051479127  0.45945209631802264  0.46785496626668793
  0.47611342691181097  0.48512781128048865  0.49474828534966919  0.50455466146421990
  0.51418665081459491  0.52323469942387391  0.53301605656446693  0.54348189338100017
  0.55495298087903921  0.56638515892723740  0.57797714215326357  0.58817552241149296
  0.59624889880737209  0.60351242545394301  0.61118229868383955  0.61987260972399472
  0.62914267750906050  0.63854852707243959  0.64840440499487517  0.65906273581540664
  0.67030847752076361  0.68244817440446814  0.69641731843341659  0.71007692064977579
  0.71991298709668228  0.72947830778311529  0.73918125544220303  0.74853570858549467
  0.75972354499772732  0.77134850030981816  0.78454370119736594  0.79711388861038446
  0.80916132740672408  0.82028866320782112  0.83014261499739661  0.83980286741632992
  0.84968107096980416  0.85964156675659609  0.86902459661825004  0.87795387867438679
  0.88608842542272437  0.89443510839203766  0.90418801495990209  0.91386122103030409
  0.92357760563055769  0.93245717682067764  0.94240472726162972  0.95303251343992834
  0.96353599596939510  0.97457182710883195  0.98614448631909635  1.00000000000000000
 -0.00292786729031686  0.01159364212932684  0.02293284820442510  0.03431858337940197
  0.04594067586423273  0.05595170803492450  0.06502108318614266  0.07367187572251925
  0.08391926975479989  0.09460310948774492  0.10640322381599882  0.11635810984333203
  0.12593460032578374  0.13452012736655419  0.14450867040803547  0.15429679386210401
  0.16552552811568708  0.17609027562346577  0.18682250361795952  0.19558414571510430
  0.20482283124095796  0.21397303094225287  0.22448877148740795  0.23591656066890604
  0.24726531357739759  0.25719166825807549  0.26571510367215323  0.27439039410463101
  0.28348207928605723  0.29378273924756909  0.30463348588785694  0.31533898460944376
  0.32647243467352621  0.33834892180974663  0.34909949296766257  0.35839690955931552
  0.36726781698212241  0.37647104008765325  0.38655244841584663  0.39732978106980582
  0.40882895200730901  0.42026799894900679  0.43136825914672189  0.44234426169848751
  0.45302645429565752  0.46419606261963159  0.47523836521232349  0.48574274624378611
  0.49646878728340316  0.50801799307066253  0.52060974627382484  0.53465150564082820
  0.54812049829532727  0.56234153090519956  0.57703318099300205  0.59009191226905844
  0.60215297371847631  0.61437520140833368  0.62650742309961727  0.63881320270776176
  0.65113106420263711  0.66205440720341446  0.67256366592662653  0.68230439883937000
  0.69216466336256344  0.70089132654291342  0.70936051579051340  0.71842285907164105
  0.72826748445576350  0.73940416739782944  0.75106136681001245  0.76202146333471510
  0.77319801933065657  0.78377361700240955  0.79593362140991641  0.80924846164126629
  0.82363938884602694  0.83845722985760385  0.85309974953894230  0.86538486367493317
  0.87573256761518570  0.88441319205278190  0.89220344879666036  0.89796705866836912
  0.90294721786722221  0.90771854455495082  0.91304678831962371  0.92161633694103406
  0.93088491012758412  0.94257619305382301  0.95339150915677717  0.96249066041794640
  0.97097342042929435  0.98036299049671372  0.99065976721432902  1.00000000000000000
  0.00000394347904032  0.00061899882843147  0.00098971702503696  0.00126846018209620
  0.00151392628612002  0.00172382157183442  0.00192171188764492  0.00211510699938895
  0.00231675789786067  0.00250462292414533  0.00268465064447982  0.00286162216470872
  0.00303917535893305  0.00321536423713164  0.00338783872251687  0.00356430886314777
  0.00373781164217105  0.00390540918315677  0.00409143306275777  0.00427189806047744
  0.00443891062283459  0.00460829867938291  0.00477887131784162  0.00493991313198252
  0.00510967708958672  0.00530027394779431  0.00547341564790114  0.00564737668547052
  0.00583622512330145  0.00602211615471098  0.00620488224826610  0.00635850313357918
  0.00651208970214384  0.00666549575740489  0.00681939326860136  0.00697453222578443
  0.00717744403031543  0.00744256205211309  0.00769984441911683  0.00795970212876139
  0.00820470244781725  0.00843578614917496  0.00865864612802673  0.00890285012535548
  0.00917241881187205  0.00940386835407866  0.00955736637337344  0.00970519804778229
  0.00984714314955335  0.00998444812041417  0.01011799170093895  0.01027074728195198
  0.01044137488726865  0.01060305102445258  0.01076007074120910  0.01092385683509371
  0.01109514135451299  0.01127279350772268  0.01152922059743531  0.01176774946374427
  0.01195287460846460  0.01211190098555632  0.01226412768626544  0.01241822133460647
  0.01260711993949438  0.01289661678615071  0.01328328871137892  0.01366831905722979
  0.01404743839352776  0.01433936960472887  0.01463889748202736  0.01496093552708642
  0.01539037520801221  0.01576745010356609  0.01606457010389555  0.01632970926265895
  0.01660766668533028  0.01692396448640889  0.01728464005969447  0.01778340027956833
  0.01814684761393592  0.01848026596945338  0.01885843948149096  0.01939515187385376
  0.01983551632973245  0.02154328194157049  0.02232062419258963  0.02303727162572514
  0.02452430757902943  0.02575191532610659  0.02823879951318028  0.03122871005521994
  0.03220432880109812  0.03547746833431787  0.17616292726775870  1.00000000000000000
 -0.00254845115372353  0.00706580324592330  0.01621583259033707  0.02568064060163713
  0.03622208739046655  0.04734460546868567  0.05806656949940456  0.06890928748000420
  0.08002040139989224  0.09168296571038692  0.10331009356723561  0.11459724812556328
  0.12602948234256284  0.13807363077200588  0.14850564782753720  0.15780973784630387
  0.16788122475679737  0.17850865204436842  0.18856235073490765  0.19922873870005128
  0.21124189143903710  0.22549691213043507  0.23859607710153152  0.25179550899085240
  0.26496601780839929  0.27791687477803689  0.28927094866914282  0.30005623574198398
  0.31045837101317147  0.32164443736137471  0.33501927070408205  0.34840642579608067
  0.36177484547932232  0.37423213942695316  0.38678999869564468  0.39959150082311307
  0.41347023998979321  0.42879292754555010  0.44234077286968299  0.45303926371695391
  0.46241236845570699  0.47205770072037656  0.48221220176866303  0.49334068048414526
  0.50493110683444142  0.51731478592826796  0.52881647611653759  0.53943779836187566
  0.54836872494077915  0.55677677054103947  0.56515900291529564  0.57406932076132511
  0.58320836182490843  0.59383685881998560  0.60534983310745138  0.61587462126863057
  0.62827454670601923  0.64057241148812138  0.65066591111297245  0.65925385550636717
  0.66832677013651420  0.68120981474778386  0.69306761980603604  0.70512488065468182
  0.71683804379100013  0.72840393686096561  0.73826486548978409  0.74780471379264235
  0.75705225661836240  0.76602622523109243  0.77513978754553670  0.78387722336743293
  0.79239921463299812  0.80068940208689776  0.80918130964524382  0.81871971123056198
  0.82862878967426412  0.83868999985036830  0.84848044050537674  0.85801516491226626
  0.86562228677460695  0.87231555031113150  0.87914096310290213  0.88612979987745721
  0.89371390766254366  0.90260314104954131  0.91192793145952200  0.92123363289015259
  0.93124684268398772  0.94124748878587350  0.95085446867389034  0.96035001613581639
  0.96904432059380552  0.97809474440634880  0.98830922865810278  1.00000000000000000
 -0.00007818974775132  0.00009927026508414  0.00038568159366359  0.00069922372426265
  0.00084267846152965  0.00098678749202133  0.00113000154669211  0.00127164452616976
  0.00139862110307341  0.00152849490489980  0.00166078604943752  0.00178987779960780
  0.00191779878725554  0.00204394280663766  0.00216570260277629  0.00229564764324764
  0.00241341654646552  0.00251160557556016  0.00260659300915579  0.00269981819478222
  0.00279256071228603  0.00288489644729380  0.00298076251092377  0.00308181971355256
  0.00319376837953841  0.00331895287420536  0.00344500334178943  0.00357139880377670
  0.00370328145993721  0.00384645770224023  0.00401121838671246  0.00417093851616568
  0.00432866848807982  0.00451618771434516  0.00470618355460946  0.00489690023113323
  0.00510049214664938  0.00529867944072936  0.00547971006591789  0.00569377298171157
  0.00587804617957007  0.00605457402239119  0.00623263719480123  0.00638841403034522
  0.00649821041325358  0.00657961104785199  0.00665184598547649  0.00672186063968428
  0.00679382269129103  0.00686951114846473  0.00697308721616902  0.00707374487772254
  0.00715778416258646  0.00723487571611212  0.00730032279140362  0.00735655704104966
  0.00741539136534833  0.00747529909027125  0.00753725711033329  0.00763446916953330
  0.00777565122537339  0.00792643689957313  0.00805555980591981  0.00817699269318276
  0.00826312801621694  0.00835198552333091  0.00844157044126366  0.00854558774674141
  0.00865091867440554  0.00876089950824693  0.00893604607209185  0.00921079375598743
  0.00954533759723445  0.00985522371603618  0.01008319754933658  0.01026168064510973
  0.01042270461496716  0.01057028984272095  0.01069320616697511  0.01081612249122928
  0.01094157192706873  0.01107507822211408  0.01120858451715942  0.01135880955015556
  0.01153150208943057  0.01187673021849979  0.01271399369906564  0.01314272563963479
  0.01351247102217882  0.01417775881181460  0.01860254638953662  0.01898384043792707
  0.02130145003619864  0.02709274019441574  0.13891619916279019  1.00000000000000000
 -0.00177827859610058  0.00609389893893497  0.01174816302384147  0.01765376523971005
  0.02387815473798414  0.02909979804308641  0.03383154537484853  0.03853366540901863
  0.04373250429358950  0.04865307426715385  0.05528550127950332  0.06297235594913513
  0.07166460336236938  0.08102626071437895  0.08964777814669174  0.09809995670236418
  0.10665542107452360  0.11619009329460354  0.12617234309497313  0.13649080403607686
  0.14586677843220175  0.15503282874573332  0.16416223199911312  0.17303351544573808
  0.18198579860864861  0.19088218082515884  0.20034629347075891  0.21089287238046228
  0.22289664508028070  0.23587639151045611  0.25057765300973550  0.26408185893851344
  0.27847525475636387  0.29151641857986138  0.30508232301331051  0.31868520759372698
  0.33382679668379067  0.34937262131167507  0.36443479006368373  0.37946448805661481
  0.39561147642165695  0.41192373750205857  0.42856999144330754  0.44381114301472813
  0.45948519760629053  0.47379533510951061  0.48790477862484738  0.50094353148858173
  0.51451646335804357  0.52934318658587398  0.54451488425340810  0.56010570969497153
  0.57599025731260101  0.59294629369389407  0.60999510348900310  0.62561184593910846
  0.64162145312996666  0.65730633479888012  0.67445282732320944  0.69236739589187046
  0.70665757481765679  0.71668139308827616  0.72587454834598308  0.73584626473904213
  0.74563482429507832  0.75497247449977689  0.76489382738519596  0.77538339458435068
  0.78673610059636578  0.79802975282589983  0.80963997463430804  0.82138460504916522
  0.83278189976077599  0.84433911142657203  0.85363670718587081  0.86249296050724644
  0.87112532601951831  0.87896622683994463  0.88773744166966884  0.89708084490796081
  0.90582416086708184  0.91394997304674996  0.92178091230717785  0.92936003447138571
  0.93801437498599427  0.94631957423899116  0.95472090758444306  0.96184451190649389
  0.96746722012808595  0.97302568490738328  0.97869047358352002  0.98362562283567356
  0.98777879707048066  0.99182791879855026  0.99590571331218236  1.00000000000000000
  0.39445434902535581  0.64173243978979233  0.66099576112332148  0.67388370500770478
  0.68649461522731292  0.70029897881958159  0.71447482112813032  0.72461204083233755
  0.73223785712920031  0.74022041002219907  0.74833166569259257  0.75659781873528786
  0.76510316179746785  0.77374736615401885  0.78194207406739724  0.79017586491739333
  0.79718965074349202  0.80351137462622624  0.81000753857684904  0.81611550962795243
  0.82179436661118177  0.82721167516330096  0.83233195297633045  0.83700543538182748
  0.84129495791376219  0.84528041534158838  0.84903591761246289  0.85249767455044245
  0.85586370978411763  0.85937901368242353  0.86303231536579816  0.86648761525120721
  0.86950885548892443  0.87233621968511665  0.87495660823829702  0.87753308523753082
  0.88016679137641318  0.88292525617967754  0.88585857106752763  0.88902392571459943
  0.89196862224098972  0.89470204868486847  0.89728367996210057  0.89996736483270234
  0.90269989858759669  0.90514144008547881  0.90750089022345104  0.90974491370035326
  0.91198108167344027  0.91444496539012943  0.91667498424330796  0.91867273358492285
  0.92065905660336977  0.92265402599961222  0.92481132129169008  0.92714610691973309
  0.92926848744901247  0.93091046607173800  0.93244240337640860  0.93394009406914669
  0.93546340137149875  0.93729882444488299  0.93920548392342884  0.94133889487886235
  0.94341363790759292  0.94547806873599138  0.94748885975954711  0.94942070822102054
  0.95124999038193048  0.95292750349469313  0.95463682811035466  0.95639044675674945
  0.95800784904736602  0.95971952118558868  0.96147900500617045  0.96322032625155074
  0.96491059287445724  0.96663951209874877  0.96840535914815518  0.97007593005576109
  0.97178012118978596  0.97337635167070824  0.97494577377455216  0.97652865824995461
  0.97809407267180259  0.97969434023814994  0.98127983842356381  0.98283190736927484
  0.98440421943145151  0.98610790963477946  0.98780551830039820  0.98954553688656299
  0.99136094928571095  0.99341500111983128  0.99604080213895463  1.00000000000000000
 -0.00677778298043458  0.15569435280803212  0.18431860437404224  0.20786433718417546
  0.22966385373000978  0.25039231276144408  0.26644023754716589  0.28249138518566491
  0.29428219700340968  0.30407930807107131  0.31557215110322445  0.32881212983030211
  0.34025560775656088  0.34993849068820709  0.36000514787509630  0.37080837511920428
  0.38128535813250103  0.39119542376771010  0.40037119533370413  0.40912831064655747
  0.41746128548484451  0.42444598743623346  0.43041504886141391  0.43573987610978049
  0.44064945574726239  0.44530395488207436  0.45082112942820518  0.45696423003096376
  0.46282455674445400  0.46902932202507591  0.47490196875683016  0.48089619100540304
  0.48668923992627172  0.49263871256942315  0.49878845954163603  0.50490640120162511
  0.51085278708170412  0.51688933978374452  0.52284040441727464  0.52809912985780982
  0.53293042361431542  0.53772294562116518  0.54277523508016345  0.54793525145844180
  0.55284908956495116  0.55750977543691471  0.56206245795234622  0.56664578398203169
  0.57191038227602875  0.57726705534770018  0.58326401871351785  0.58893749730803679
  0.59429683629123387  0.59915462656727925  0.60364330696633739  0.60813946931782314
  0.61269860547902655  0.61701887735681527  0.62065702909154241  0.62451056828231399
  0.62861823759144331  0.63328059076052101  0.63831476410641841  0.64272883843410300
  0.64773237290594365  0.65295147869319747  0.65847583406802424  0.66582130398310868
  0.67178636318005425  0.67739140435980938  0.68274275468886336  0.68792607272287243
  0.69324542761739483  0.69906468921038789  0.70509673732566613  0.71125410335988293
  0.71638355239443929  0.72161385715220694  0.72652464137467354  0.73178935065558237
  0.73747845228235975  0.74363117291433101  0.74978384760389993  0.75581209206156363
  0.76124646577834398  0.76713503459252530  0.77366354419365513  0.78128728553072635
  0.78781991382625094  0.79439282478722251  0.80162331534674780  0.80999385839544857
  0.82284637333479305  0.84009468437077883  0.86188347688286804  1.00000000000000000
   6.1019538636205249E-010  -1.0000000000000000     
 F F F F F F F F F F F F F F F F F F F F F F F F F F F F F F F F F F F F F F F F F F F F F F F F F F F F F F F F F F F F F F F F F F F F F F F F F F F F F F F F F F F F F F F F F F F F F F F F F F F F F F F F F F F F F F F F F F F F F F F F F F F F F F F F F F F F F F F F F F F F F F F F F F F F F F F F F F F F F F F F F F F F F F F F F F F F F F F F F F F F F F F F F F F F F F F F F F F F F F F F F F F F F F F F F F F F F F F F F F F F F F F F F F F F F F F F F F F F F F F F F F F F F F F F F F F F F F F F F F F F F F F F F F F F F F F F F F F F F F F F F F F F F F F F F F F F F F F F F F F F F F F F F F F F F F F F F F F F F F F F F F F F F F F F F F F F F F F F F F F F F F F F F F F F F F F F F F F F F F F F F F F F F F F F F F F F F F F F F F F F F F F F F F F F F F F F F F F F F F F F F F F F F F F F F F F F F F F F F F F F F F F F F F F F F F F F F F F F F F F F F F F F F F F F F F F F F F F F F F F F F F F F F F F F F F F F F F F F F F F F F F F F F F F F F F F F F F F F F F F F F F F F F F F F F F F F
  <DiscreteSampler_grid>
  grouped_processes
  1 # 1 for a reference and 2 for a running grid.
  10 # Attribute 'min_bin_probing_points' of the grid.
  1 # Attribute 'grid_mode' of the grid. 1=='default',2=='initialization'
  0.0000000000000000 # Attribute 'small_contrib_threshold' of the grid.
  0.5000000000000000 # Attribute 'damping_power' of the grid.
 # binID   n_entries weight   weight_sqr   abs_weight
    13   10   2.055458052733545E-004   1.153088229271166E-007   2.055458052733545E-004
    14   10   2.055458052733551E-004   1.153088229271176E-007   2.055458052733551E-004
    16   10   2.055458052733545E-004   1.153088229271166E-007   2.055458052733545E-004
    17   10   2.055458052733551E-004   1.153088229271176E-007   2.055458052733551E-004
  </DiscreteSampler_grid>
