  0.00330580022769526  0.01411246512272919  0.02743307029006247  0.04134702889641993
  0.05515120086218320  0.06811109072592048  0.08099777641999907  0.09356181975187214
  0.10582313745181954  0.11788412605442503  0.12961448970105235  0.13936934502946083
  0.14834553522794106  0.15669864702804148  0.16564351117776319  0.17563037325876080
  0.18589949975528064  0.19662392977622828  0.20726855445220468  0.21725863942817947
  0.22675536511123817  0.23663179855004754  0.24696339189952637  0.25720156751617423
  0.26727474584085653  0.27746736605352812  0.28827929617389242  0.30025758514679907
  0.31166314649212568  0.32296845264702440  0.33375309530081598  0.34457793906768930
  0.35462195730274643  0.36436848956267764  0.37386093116855290  0.38407353780822645
  0.39489212236854082  0.40472038100668234  0.41445598155772984  0.42373219074386087
  0.43275008891245542  0.44171928746147032  0.45067119828672131  0.46062650876658684
  0.47247742523084107  0.48396668392663478  0.49344931154232685  0.50205563758132621
  0.51086360430416355  0.52029170845424322  0.53164799912577698  0.54181507298005682
  0.55237154166301317  0.56242409926804637  0.57194954117683494  0.58159823633445373
  0.59154424548427809  0.60150910222859577  0.61122344640718629  0.62147142220575435
  0.63228660238196654  0.64367842144805654  0.65562591046724050  0.66779418951949643
  0.67992830405711424  0.69251619281478627  0.70534075550830155  0.71731262617856328
  0.72819862285795800  0.73805740319114466  0.74839943342353654  0.75926844961695439
  0.76929729656535129  0.77842716094105990  0.78780184006861098  0.79875429486230209
  0.81159885064293524  0.82426676469779292  0.83581025553774935  0.84619912211201220
  0.85646716993177030  0.86685909558393659  0.87601782841754994  0.88408457017439446
  0.89223349063185320  0.90092946709559441  0.91002907896753871  0.91915435487704555
  0.92803027498921753  0.93680982093449316  0.94625240907369390  0.95579886224013122
  0.96515590658937844  0.97383954784886695  0.98331070952249888  1.00000000000000000
  0.00281857803374593  0.01336579712631990  0.02551561965907316  0.03805969139833908
  0.05008146872502563  0.06245693220226787  0.07341552271839236  0.08360222304227252
  0.09359851801982884  0.10358994701177249  0.11399673450057522  0.12363064696302829
  0.13253305182593930  0.14086654587165023  0.14931353116517260  0.15802291160032853
  0.16757613966288584  0.17831425388805805  0.18902172827315608  0.20032414325193759
  0.21223773161589177  0.22495965560323083  0.23663011700709516  0.24744378484534207
  0.25769657319728817  0.26709332682454262  0.27713291038518545  0.28777599337503779
  0.30101359539506189  0.31388270560278669  0.32574078638021831  0.33780497416587146
  0.34968190032676488  0.36144650043403620  0.37277176886595237  0.38338381761598833
  0.39348920085094879  0.40240834947123566  0.41031160680282858  0.41851114285651758
  0.42716358636566704  0.43688984723447866  0.44691746289597079  0.45768030633374218
  0.46955220978717438  0.48102010808976764  0.49187545542661582  0.50268543340488292
  0.51425711516518946  0.52598728929302763  0.53789501129371520  0.54930421592808754
  0.56172076094656120  0.57303821642814368  0.58351806360857017  0.59394805164827624
  0.60253044817444135  0.61147082479919024  0.62023828297250416  0.63084846216530255
  0.64272038650847596  0.65346982883639038  0.66374355021940601  0.67366307699385242
  0.68424503256122193  0.69356078961870860  0.70219657320203177  0.71038180480361324
  0.71933582576164556  0.72954443857055162  0.73995917496221597  0.74977866177564378
  0.75948819976803306  0.76974937082115724  0.78057301184288630  0.79165094999049623
  0.80319712103894736  0.81502181570437060  0.82543372056739184  0.83500881206309929
  0.84344208494710837  0.85196382333201370  0.86065536674387944  0.87005716246747811
  0.88055051538637552  0.89275552608665354  0.90521800440810285  0.91686056774556102
  0.92686438868169629  0.93666436315593149  0.94620406043051564  0.95609290752560239
  0.96564900187187941  0.97485142299197092  0.98374972751276890  1.00000000000000000
  0.00000879831950473  0.00000996870133582  0.00001044693887317  0.00001090126087433
  0.00001137350592551  0.00001185622046856  0.00001233062922065  0.00001298510992738
  0.00001383610839605  0.00001466120800944  0.00001552973060994  0.00001638059304971
  0.00001739323003154  0.00001844872876323  0.00001961425012895  0.00002093080346277
  0.00002235188554681  0.00002393745275799  0.00002572090578008  0.00002773542568511
  0.00003007685258818  0.00003281085361330  0.00003615941163204  0.00003993326488185
  0.00004406277965739  0.00004886244390477  0.00005465972484189  0.00006101869135714
  0.00006830913870037  0.00007759586005533  0.00008927116876272  0.00010269217992561
  0.00011688824940973  0.00013290717781929  0.00015084245545454  0.00016908917847348
  0.00018723980943475  0.00020611802698298  0.00022649178510393  0.00024666988590511
  0.00026722540472930  0.00028918815193451  0.00031300215596340  0.00033725502307158
  0.00036361132971689  0.00039066530406126  0.00041956880920061  0.00045109171424127
  0.00048663506740156  0.00052415448361018  0.00055979900025698  0.00059450118675288
  0.00063256507485929  0.00067445595501698  0.00071724823125721  0.00076062343094278
  0.00080699324835444  0.00086045359809505  0.00091898568195707  0.00097765219659163
  0.00103578095325545  0.00109513997855002  0.00116077128956356  0.00123835698225462
  0.00132853305467885  0.00142150246337101  0.00150978219415396  0.00158120425993018
  0.00164856606011126  0.00172073456863810  0.00179717394652069  0.00190395260095283
  0.00202170654120232  0.00215360920305302  0.00229843782311567  0.00243186833387103
  0.00252248188589989  0.00261104314092653  0.00268728469195787  0.00277314572012700
  0.00286786462528347  0.00296901247458798  0.00312092324943097  0.00333809849599301
  0.00358993272746854  0.00384101222737353  0.00410649676704126  0.00439634414911844
  0.00481241873500079  0.00507008851595713  0.00538031583065893  0.00597863605554637
  0.00674272274091476  0.00788883985583263  0.03190640252223610  1.00000000000000000
  0.00000224282034443  0.00000675042763474  0.00000871124478692  0.00000963201019429
  0.00001070047264504  0.00001184326107716  0.00001303120674295  0.00001427570497450
  0.00001562404064307  0.00001708530208569  0.00001869993347511  0.00002044741335886
  0.00002239238424258  0.00002450116867943  0.00002675013818246  0.00002910306250515
  0.00003165028932597  0.00003443913086973  0.00003745109677544  0.00004112446624129
  0.00004544668179990  0.00005054826007345  0.00005639989578540  0.00006298186270112
  0.00007005102632321  0.00007781480421288  0.00008687081182930  0.00009725729381187
  0.00010782572702179  0.00011890192092064  0.00013070224841626  0.00014404732522574
  0.00015833134079017  0.00017261786869931  0.00018714325598518  0.00020315320446017
  0.00021956207520729  0.00023574156241136  0.00025148244642281  0.00026966354590765
  0.00028891821301430  0.00030810909333965  0.00032720655614102  0.00034504208060056
  0.00036266466657679  0.00038031773912680  0.00039895115485665  0.00041991665609471
  0.00044173319653477  0.00046379693744892  0.00048671569530711  0.00051238755298539
  0.00053993914584082  0.00056939848998118  0.00060049096335353  0.00063706496311253
  0.00067890467409292  0.00072060364729136  0.00076170727153091  0.00080326301884783
  0.00084680584684581  0.00089500133349920  0.00095563996747418  0.00101967002355646
  0.00108502018058818  0.00115247481960306  0.00122464833347119  0.00128704281770244
  0.00135424545012062  0.00142225245731635  0.00149962806234820  0.00157942253173669
  0.00165659323664932  0.00172267611983648  0.00177478360057501  0.00182757348258294
  0.00190410610983400  0.00196912636038593  0.00201285653270988  0.00207570485173570
  0.00213651825143656  0.00220115629884372  0.00229765153483139  0.00245120605833192
  0.00259870458590160  0.00269581832151276  0.00279293205712393  0.00289544619155192
  0.00299954010389235  0.00310131561701489  0.00319063707418096  0.00327995853134702
  0.00342837500033903  0.00365184785519649  0.02895275624380875  1.00000000000000000
 -0.00163443477593903  0.00513771108241294  0.01156606194342967  0.01770883190605017
  0.02402556827453323  0.03080483404268449  0.03821737465226621  0.04609178663459060
  0.05405061279210516  0.06189065101963396  0.06981202361520610  0.07743818831512456
  0.08432647545412190  0.09127789554618362  0.09865733328919804  0.10672416680942064
  0.11456301362059164  0.12181529045294251  0.12889123237742772  0.13573553656774165
  0.14240248194173233  0.14921056350548809  0.15655244198081947  0.16484872022823099
  0.17395908437011956  0.18336199868472189  0.19312313629102235  0.20255442493351353
  0.21111618262861845  0.21924863441913855  0.22745799107766043  0.23658257829659202
  0.24588496054960296  0.25487516727802717  0.26421202927261850  0.27362708833401916
  0.28243624246209437  0.29074215902595568  0.29886170799799727  0.30734815673551563
  0.31594301060311192  0.32452554829822328  0.33334617503630720  0.34183777396185494
  0.35072557704799007  0.36004290362843883  0.36960375815873775  0.38010356521080257
  0.38983793631648267  0.39877327572083215  0.40745466538753300  0.41667695888307005
  0.42666992290341821  0.43683498701327067  0.44669781111540652  0.45677049178144691
  0.46739803600480145  0.47971511530178956  0.49061287965726669  0.50186502186322757
  0.51251288921800975  0.52373540160893506  0.53569396457795715  0.54702877120826743
  0.55965983964520227  0.57055767193001317  0.58017063448002526  0.58862290471434464
  0.59620146871492785  0.60481284447131567  0.61410224757334364  0.62473546371787325
  0.63627226645863000  0.64851724318210191  0.66141875513289849  0.67388009349491507
  0.68590846303308795  0.69667859991558301  0.70838866500019693  0.72048069995944730
  0.73284487289559197  0.74472193682749410  0.75800256030739110  0.77256605258813715
  0.78656173757238701  0.80161195528736240  0.81875671161802666  0.83887703762809895
  0.86069853591139622  0.87943156144945422  0.89670012399781496  0.91526445809622281
  0.93692722659272687  0.95911865974853339  0.97953489351143275  1.00000000000000000
 -0.00176964295898341  0.00739782361651691  0.01566259751719200  0.02591640914474366
  0.03740801905026923  0.04826637283179259  0.05824985448089494  0.06754737961064901
  0.07819167027856201  0.08896749990935129  0.09964835252578132  0.10975093047882695
  0.11916019705438399  0.12875313157741106  0.13939953774034256  0.15145143940283201
  0.16328292410134215  0.17425443250573014  0.18451716880032867  0.19584044080583132
  0.20758440398618430  0.21910175229454670  0.23030388774823443  0.24089247569954517
  0.25166414285181871  0.26292626606835179  0.27411157997713170  0.28477880237796610
  0.29437849906222652  0.30438158307725072  0.31431600850980218  0.32510977950434583
  0.33496090627146741  0.34469184336106684  0.35395959011331440  0.36268591904837405
  0.37170718779112577  0.38125330229288595  0.39250109251439280  0.40386149156757173
  0.41540254652002406  0.42651898056488863  0.43730300941425609  0.44724969486613664
  0.45718875864329467  0.46683773539281553  0.47656936349147294  0.48694430020844470
  0.49798928890837807  0.50977828692603266  0.52094431866149815  0.53099955634195406
  0.54137707517613975  0.55166509362131833  0.56153510616578850  0.57077310745768661
  0.57984457682684321  0.58969372671165221  0.60057884796677763  0.61165288924909911
  0.62345670191355262  0.63536594429361770  0.64643446470669241  0.65644950106518674
  0.66586553717266106  0.67577445337973896  0.68601663124381318  0.69626627700608723
  0.70576029017078434  0.71393722476080024  0.72241013089388295  0.73135665766986813
  0.74150620015496405  0.75279846556410879  0.76389823419822278  0.77501895605447868
  0.78529428038453508  0.79487510786908167  0.80436122315604652  0.81451502642153428
  0.82654182430000578  0.83831254137090516  0.84954107354810771  0.86040248770532535
  0.87160428497175613  0.88333325722695510  0.89565869539611320  0.90835830390807448
  0.92149614147001835  0.93489028421129106  0.94825719082861448  0.96013069558650543
  0.97065994236701658  0.98024551965992590  0.99001860945806808  1.00000000000000000
 -0.00219492709983595  0.01049966254545869  0.02214332953592459  0.03484684609146955
  0.04686872292847602  0.05815610458822140  0.07026021338383165  0.08248748869660254
  0.09468495457595022  0.10630461508495051  0.11915918394791855  0.13100973535358065
  0.14230291793489835  0.15377354656811038  0.16518420559612768  0.17600955734990745
  0.18596630749996257  0.19693047130286750  0.20839323649165525  0.22061933599646091
  0.23233471946013265  0.24407927981719652  0.25611628690535398  0.26871331805360538
  0.28092468161839118  0.29289826962689663  0.30540231547804048  0.31711294535051321
  0.32749534379367057  0.33728419252688413  0.34720122381793239  0.35764049381037955
  0.36936004203370060  0.38118094352545911  0.39116980098656812  0.40108383075863213
  0.41056422366034523  0.42247484208340863  0.43524916235945715  0.44742598943672118
  0.45926767843956745  0.47165771831820263  0.48369245194946781  0.49449590545625699
  0.50452844374794814  0.51440181388921569  0.52459752134939108  0.53542423051980403
  0.54569706777654903  0.55650872568946541  0.56549255470698601  0.57548427204847086
  0.58426026360867955  0.59337745551557031  0.60331380849270344  0.61419706828932330
  0.62501315033337090  0.63578621271114355  0.64634725588738895  0.65663433464291954
  0.66725409163895244  0.67746637814889676  0.68791295517675033  0.69865835249050201
  0.70900329325888301  0.71856339185219142  0.72709896665948293  0.73595666952935612
  0.74494514460793593  0.75486888587322409  0.76373050091108341  0.77284433297654975
  0.78298423097038905  0.79231017517178404  0.80220823702631183  0.81244892295228655
  0.82332662287563740  0.83366719437240000  0.84336808509651062  0.85269942656688413
  0.86227759611816657  0.87209194378663701  0.88213171149034464  0.89193826332946713
  0.90100327346965781  0.91004616020476325  0.91851854973792257  0.92633616912105821
  0.93487260336434586  0.94339328439527437  0.95263273469438492  0.96152857987734197
  0.97081752803442500  0.98051349612362371  0.99027881358675507  1.00000000000000000
 -0.00193595193817815  0.01053974550585383  0.02117563300875862  0.03155512575442462
  0.04133856500492906  0.05121277514356777  0.06045006290004590  0.07143556049864308
  0.08251193303622041  0.09355163295399198  0.10459745497034195  0.11543788831628501
  0.12640230870659486  0.13692677343265539  0.14743877728942384  0.15817304397708831
  0.16927983273275482  0.18040827503983861  0.19079639485310276  0.20147038325592270
  0.21244119107334741  0.22380230974439538  0.23474753883069235  0.24492000534004918
  0.25474060067997245  0.26389058519566877  0.27310257388172426  0.28311391836278915
  0.29393903069024002  0.30542199250384655  0.31618558810192182  0.32625343860506045
  0.33627263310292660  0.34662922860816631  0.35755316297419382  0.36943979202144572
  0.38160368045192833  0.39285242023014477  0.40309138129349520  0.41288227274460776
  0.42324608601456598  0.43314824685245595  0.44353710073634223  0.45436573453689033
  0.46663430176425408  0.47864026212751104  0.49086356006743170  0.50269632769398775
  0.51442698806774956  0.52491051797856048  0.53453290383599428  0.54411936426703078
  0.55399756828082924  0.56455917262076050  0.57468450688522488  0.58442069135052721
  0.59435129471087667  0.60490140113108282  0.61634777694078446  0.62716643778123427
  0.63749906612977891  0.64782432340869867  0.65879160972491191  0.66970435593988609
  0.68074618250089025  0.69175630684370282  0.70358362778549566  0.71261808134165350
  0.72046198370224357  0.72870999690593941  0.73895426848647772  0.74953481158264013
  0.75845198480687914  0.76532620769408710  0.77277601977636268  0.78095245235314148
  0.79049489615690738  0.80041007272005227  0.81078950785173176  0.82208457295638371
  0.83285064133686604  0.84372208461460851  0.85453614249667553  0.86596394497900686
  0.87707772535811257  0.88751453345941167  0.89826694597359857  0.90961070414945877
  0.92052245915033404  0.93061869883988968  0.94093139404934301  0.95162143353212114
  0.96310434542497347  0.97425514772537514  0.98706143778684352  1.00000000000000000
 -0.00206130725181241  0.00840745710459019  0.01878848914102879  0.02992154645142188
  0.04185233638100165  0.05302567501087641  0.06445608638761773  0.07654665529418417
  0.08890451312797172  0.10042506492385743  0.11038652972730668  0.12040914774818451
  0.13000586616747667  0.13998585988145798  0.14988498607121412  0.15979846764335656
  0.17031245555782931  0.18153093684655303  0.19428815028916632  0.20595136722587998
  0.21576480482804483  0.22472792531935831  0.23367691751807348  0.24310266919468315
  0.25319169998789010  0.26357142405583067  0.27397537383225223  0.28429732273098907
  0.29437704790364255  0.30452850441933388  0.31502036495574887  0.32528753472699423
  0.33602137759702166  0.34695720592201162  0.35787696439800326  0.36903093968117379
  0.37845259879684873  0.38850837858347320  0.39821736795378809  0.40904610976443373
  0.41998540224747211  0.43063992909658788  0.44098677457530411  0.45165930222124567
  0.46268178670898191  0.47415528110776389  0.48569553297837498  0.49715519907633865
  0.50885583244643007  0.52107546749191269  0.53316919995374767  0.54585477326349841
  0.55830552775903264  0.57125289673102053  0.58406557587492058  0.59492761881145972
  0.60596765056040081  0.61664125160341166  0.62839542424480344  0.63920227561233911
  0.64874741999382535  0.65688820491016686  0.66568810729289762  0.67525544170094798
  0.68596068603627891  0.69578884257757245  0.70502486337809034  0.71429109491140763
  0.72407222973999819  0.73430887477222162  0.74514655463002133  0.75486968112826724
  0.76372936922778678  0.77217793325541983  0.78093588222252996  0.78988954380384058
  0.79864022377237232  0.80709445032914440  0.81613743104095493  0.82604714524329059
  0.83602080165185222  0.84724869977698236  0.85847743989069669  0.86974624615336871
  0.88052934267720295  0.89113970087163819  0.90101075943134168  0.91086590652605326
  0.92149564090240199  0.93337541472237040  0.94429838124746801  0.95544488534965644
  0.96654995807881683  0.97847956727258178  0.98909749658504909  1.00000000000000000
 -0.00003895342546957  0.00017836708030517  0.00038146579984026  0.00055693981576578
  0.00067741178932304  0.00077700477711129  0.00087855342225586  0.00098054180082082
  0.00107765578920923  0.00115679082729688  0.00123491204053158  0.00131056627804456
  0.00138569255134994  0.00145941458016094  0.00153566177291951  0.00162186392938131
  0.00170879762807552  0.00179653620590775  0.00188239800726278  0.00196869517523657
  0.00205957355979928  0.00214956002599318  0.00223886918734767  0.00232995053872325
  0.00242027083861835  0.00250981330658718  0.00260606747751225  0.00269885682003336
  0.00278805706794896  0.00287642570983129  0.00296346732077035  0.00304343096116324
  0.00310829487009614  0.00315614796285509  0.00320449395559535  0.00325496628031227
  0.00330543860502919  0.00335782745019688  0.00341037153151099  0.00349336305593739
  0.00358429310710572  0.00367333954383290  0.00376534111303788  0.00386135618604602
  0.00396713570208438  0.00407306036604336  0.00417261691180791  0.00426968417667274
  0.00442752002446930  0.00460321497210086  0.00479302240038690  0.00496405584644640
  0.00510363754111096  0.00524417860452943  0.00537284768497110  0.00551952696152530
  0.00567686375976312  0.00582431132119801  0.00595678664573777  0.00608649312213113
  0.00621277815350763  0.00633447049640660  0.00648078828839968  0.00663752286553468
  0.00681047834589442  0.00699816504309982  0.00723378347471980  0.00747769532144370
  0.00767648398672559  0.00787889848217409  0.00807294163017590  0.00829518727616353
  0.00852717476128107  0.00876479945982723  0.00901934570449844  0.00923945156295700
  0.00944521268273445  0.00964833635071352  0.00986995978386297  0.01009961288192274
  0.01034044562120640  0.01062700407428944  0.01093088857848071  0.01174553677052084
  0.01227828266988736  0.01315890465240453  0.01366270018251200  0.01414474390900736
  0.01462848175119950  0.01501983649671352  0.01542731302884137  0.01584455734699809
  0.01659748096792953  0.02157870722386825  0.03158586925427138  1.00000000000000000
 -0.00185564770561049  0.00637336841446683  0.01397922922359960  0.02141871366026623
  0.02935044888004133  0.03753965696177754  0.04616367954351466  0.05451534209413288
  0.06261768511617996  0.07056293925892508  0.07869096592780445  0.08670007679671181
  0.09401669758276623  0.10102844283466098  0.10849194431075283  0.11684311031574078
  0.12615177648814169  0.13594543572266857  0.14563182679923870  0.15564485408645642
  0.16549312445175382  0.17496386956934012  0.18429670724796501  0.19449063162498309
  0.20498298418773772  0.21617627656974417  0.22854075314390190  0.24172423323005174
  0.25409381616808341  0.26595870685248912  0.27713441809550127  0.28957100516670276
  0.30391392929920902  0.31926462528793220  0.33347364252038530  0.34751671110487664
  0.36087122667078975  0.37463200229326021  0.38729258780839632  0.40153026162124578
  0.41588874426648115  0.42977518304209816  0.44312598441678669  0.45697381899898137
  0.47051634694871913  0.48510598182549519  0.49905915924653288  0.51243428846364480
  0.52709618232633793  0.54245159985302527  0.55558411576225708  0.56769959613066712
  0.57975399381773918  0.59361833595668811  0.60736638253496522  0.62113256049143895
  0.63401423872724738  0.64819875366067359  0.66229775176267047  0.67429822607698797
  0.68448763610049235  0.69459011149446015  0.70571648177196367  0.71759660810366976
  0.72904050216605176  0.74129833139464962  0.75387687079629540  0.76633934869387021
  0.77848477626357482  0.78972682571141350  0.80038200643904323  0.80994433701787105
  0.81927760667056226  0.82870970756132178  0.83805795377352177  0.84834907096287415
  0.85793013605582757  0.86786578040913764  0.87720785924412925  0.88544320775850527
  0.89334283893835731  0.90152435982185208  0.90969862916828326  0.91824300121475244
  0.92721312467188477  0.93585017907611479  0.94393886144451700  0.95151590510160933
  0.95882375310814083  0.96608238271255231  0.97280701672956016  0.97886333436509909
  0.98420327726251144  0.98949861829407160  0.99476129634033128  1.00000000000000000
  0.39573079928882482  0.62012153101390577  0.64363887486265503  0.65953547529945544
  0.67302127263080513  0.68512260450218798  0.69615996929356327  0.70695626506468834
  0.71657120155458021  0.72492027736356146  0.73259327452297041  0.74047478263035427
  0.74783038804002600  0.75467810896702314  0.76094659233863893  0.76702893598372635
  0.77272743189317350  0.77820688643822067  0.78343507886597885  0.78846854439942271
  0.79316695925545333  0.79748040499306616  0.80166299212878545  0.80571789452495590
  0.80989599292331416  0.81394169151581819  0.81808448013730672  0.82205461631892895
  0.82605700103677016  0.82987883796235595  0.83360067810100280  0.83709093264879131
  0.84039599897759221  0.84381931649844044  0.84729749771488139  0.85091467197750315
  0.85452721817244814  0.85805242189107345  0.86136912073452698  0.86446776546444426
  0.86749235136129865  0.87052370507308663  0.87366362889331972  0.87674639591402503
  0.87956986532423631  0.88223929642883225  0.88476392925091218  0.88733404553450712
  0.89003829179492311  0.89303186660624367  0.89628057153938190  0.89919689506388678
  0.90201236584106836  0.90457673775375158  0.90712770649276619  0.90972341159437053
  0.91231666684367541  0.91488960454869994  0.91750729553628441  0.92010842977667484
  0.92263457525003556  0.92506052733631894  0.92737787769060187  0.92959207575457581
  0.93172192692176747  0.93385061226597277  0.93605339518591257  0.93817950641403192
  0.94036258392487593  0.94258588676487542  0.94475560035977912  0.94685407194985272
  0.94888684835416781  0.95097509920470846  0.95317740882679036  0.95565207412535835
  0.95814580607025035  0.96046792731405661  0.96256979306612567  0.96459077057557296
  0.96662673246757014  0.96861011751034942  0.97054418681498644  0.97249817772738123
  0.97440020540674699  0.97634012306280515  0.97832867989375161  0.98034709098342121
  0.98228718565807227  0.98410402475894543  0.98599642338361015  0.98772415644081135
  0.98978896065611377  0.99213530910755698  0.99529827788560321  1.00000000000000000
  0.14978447888193044  0.18636573503096346  0.21158775316868253  0.22982802737553476
  0.24318655648212931  0.25418684773857242  0.26541358402528764  0.27751825293209609
  0.29049321470508371  0.30298215282550989  0.31482187682697621  0.32582371018692841
  0.33599230484793430  0.34621602576583554  0.35601742133452063  0.36495323246647005
  0.37385218017584454  0.38218376293225753  0.39105504051916745  0.39905469982479658
  0.40707139092040850  0.41479995300351630  0.42223847856420155  0.43015386376599635
  0.43772392680842509  0.44494892500385286  0.45190157807013276  0.45879735516144682
  0.46580573752318777  0.47283913182958914  0.47957834668563687  0.48606773410888593
  0.49235757927897322  0.49849806307399841  0.50508201323070390  0.51170199306122821
  0.51760257118657815  0.52297526347110612  0.52799006284265659  0.53297526305010678
  0.53796154424418852  0.54290205670411062  0.54787906210699655  0.55297538598100671
  0.55824942434310376  0.56349303318602617  0.56837228566470122  0.57333554357728123
  0.57863773352293779  0.58417076998334616  0.58954696378602645  0.59462008076579165
  0.59955935124462012  0.60432956487129441  0.60894202201759096  0.61362064679560602
  0.61823629293201221  0.62325491261782684  0.62832866105974161  0.63331994878357789
  0.63742416821801640  0.64128013612379453  0.64519411075578181  0.64919350381461716
  0.65439966489844614  0.65985587415451075  0.66574160904694990  0.67167799767206193
  0.67753130029470920  0.68338455343848648  0.68901463036351140  0.69479384321361071
  0.70091309622859777  0.70715559173744424  0.71347243602440180  0.71989382808245794
  0.72618122606242574  0.73245225267280578  0.73941957486550347  0.74657884029922916
  0.75395709577351633  0.76169781015719384  0.76966082371073163  0.77773274149379168
  0.78585260396182621  0.79432428706351910  0.80346741476296379  0.81356866256762050
  0.82396256938224932  0.83354462491411463  0.84228600425511690  0.85439102862905769
  0.86622745243368582  0.87631808749966777  0.90161988050659914  1.00000000000000000
   7.4399534180141169E-009  -1.0000000000000000     
 F F F F F F F F F F F F F F F F F F F F F F F F F F F F F F F F F F F F F F F F F F F F F F F F F F F F F F F F F F F F F F F F F F F F F F F F F F F F F F F F F F F F F F F F F F F F F F F F F F F F F F F F F F F F F F F F F F F F F F F F F F F F F F F F F F F F F F F F F F F F F F F F F F F F F F F F F F F F F F F F F F F F F F F F F F F F F F F F F F F F F F F F F F F F F F F F F F F F F F F F F F F F F F F F F F F F F F F F F F F F F F F F F F F F F F F F F F F F F F F F F F F F F F F F F F F F F F F F
  <DiscreteSampler_grid>
  grouped_processes
  1 # 1 for a reference and 2 for a running grid.
  10 # Attribute 'min_bin_probing_points' of the grid.
  1 # Attribute 'grid_mode' of the grid. 1=='default',2=='initialization'
  0.0000000000000000 # Attribute 'small_contrib_threshold' of the grid.
  0.5000000000000000 # Attribute 'damping_power' of the grid.
 # binID   n_entries weight   weight_sqr   abs_weight
    13   10   3.496235299554009E-002   2.067567965605377E-003   3.496235299554009E-002
    14   10   3.496235299554017E-002   2.067567965605388E-003   3.496235299554017E-002
    16   10   3.496235299554009E-002   2.067567965605377E-003   3.496235299554009E-002
    17   10   3.496235299554017E-002   2.067567965605388E-003   3.496235299554017E-002
  </DiscreteSampler_grid>
