  0.00000208967694473  0.00000216168179965  0.00000227048190875  0.00000237321091410
  0.00000247659721479  0.00000258247020653  0.00000268744829117  0.00000278897424469
  0.00000288866136246  0.00000299482932364  0.00000309254062220  0.00000318548882725
  0.00000328124664601  0.00000338235756179  0.00000348788368225  0.00000360601933911
  0.00000373166276266  0.00000385291239878  0.00000397328400970  0.00000409072038074
  0.00000420374419284  0.00000432171102290  0.00000446796011720  0.00000462188738010
  0.00000477846314275  0.00000492404086240  0.00000507609333147  0.00000523479644376
  0.00000540709904904  0.00000558710992916  0.00000577325978836  0.00000597025754498
  0.00000617453793508  0.00000639303572964  0.00000660693700655  0.00000683603289922
  0.00000708198007150  0.00000734152740598  0.00000760898552770  0.00000787912162401
  0.00000815345258942  0.00000843414280481  0.00000872652083382  0.00000903793546123
  0.00000936889535126  0.00000971512439700  0.00001009066044026  0.00001047196489321
  0.00001089954482538  0.00001132472024921  0.00001176072548711  0.00001220814834285
  0.00001265930075131  0.00001312623890028  0.00001364591997456  0.00001416414772868
  0.00001473049001656  0.00001542616053894  0.00001610301682046  0.00001680098896717
  0.00001756234954842  0.00001836706791577  0.00001931990566363  0.00002048187029748
  0.00002176586369223  0.00002303707257004  0.00002427156418945  0.00002565663798636
  0.00002690727949697  0.00002834062700996  0.00002996392009859  0.00003160847975158
  0.00003411171869893  0.00003686483565433  0.00004029614386602  0.00004436591594460
  0.00004924854428491  0.00005439379039789  0.00005961144099517  0.00006531057984560
  0.00007193519105600  0.00007977726353566  0.00008967041510080  0.00009863637279662
  0.00010975808828926  0.00012467885998984  0.00015051095815198  0.00018496123310154
  0.00023905239455477  0.00031266368591032  0.00043972981387839  0.00061296384121073
  0.00097581467925380  0.00237911714615694  0.04196079087625158  1.00000000000000000
  0.00001559343967615  0.00001631732892424  0.00001713162474407  0.00001814428830172
  0.00001914746185547  0.00002012741258723  0.00002113004655942  0.00002216346210370
  0.00002318839081721  0.00002429264026327  0.00002538728849135  0.00002649939744305
  0.00002769052619757  0.00002898148834660  0.00003035288102191  0.00003181936744325
  0.00003355861663571  0.00003532791762077  0.00003713606748475  0.00003898568877674
  0.00004097514768673  0.00004307976424016  0.00004541694572937  0.00004790466870811
  0.00005083548493747  0.00005440067070591  0.00005844086608916  0.00006254505707228
  0.00006678074605968  0.00007100097588801  0.00007547971536161  0.00008004585716680
  0.00008484204627368  0.00008998104088815  0.00009569401972868  0.00010220682934425
  0.00010950653423540  0.00011739991523184  0.00012540165573008  0.00013401167293035
  0.00014329078429744  0.00015322014679684  0.00016397342028953  0.00017543005513788
  0.00018713220226369  0.00019982212105505  0.00021381017754671  0.00023066783200694
  0.00024943023355779  0.00026963190838856  0.00029191597591617  0.00031686501107579
  0.00034469013443250  0.00037336649738793  0.00040381132557532  0.00043458097347002
  0.00046435316967761  0.00049827472234743  0.00053511729919220  0.00057517383702805
  0.00062478177737823  0.00068068247668796  0.00073935285113190  0.00080046102448568
  0.00086308466543212  0.00091801315391949  0.00098994269564384  0.00105613953267572
  0.00113065622605744  0.00121231683865815  0.00130716955714172  0.00142671318047685
  0.00156406008736198  0.00169940239083856  0.00182472800329855  0.00195495526284035
  0.00210407537371992  0.00226998253784878  0.00246658835256270  0.00274609851073963
  0.00298195729912844  0.00317689821131363  0.00336054071909952  0.00356436532124425
  0.00388360406602637  0.00432530450523820  0.00495163999916253  0.00564812946988362
  0.00663590196756175  0.00787696046015816  0.00896214067087084  0.01000548263192856
  0.01158535817497542  0.01433833732608948  0.27163781530302739  1.00000000000000000
  0.00078141062824455  0.02960126127468519  0.04717679882526615  0.06175350662621299
  0.07606374183476755  0.08999003563020354  0.10321077219145382  0.11532940178015567
  0.12712157906727214  0.13842172299232283  0.14934104391308695  0.15885906061749100
  0.16750488183659037  0.17600458007009714  0.18465493687804954  0.19477599320231462
  0.20455665731672606  0.21462074239095447  0.22457823673598107  0.23411854368157239
  0.24378291882594122  0.25387829113129612  0.26380154056541971  0.27396041149299660
  0.28455679081762153  0.29593292433337365  0.30790003609478755  0.32060754524207097
  0.33335784680623692  0.34497711464683434  0.35689898876264869  0.36970511937055195
  0.38212709355554181  0.39373891858130816  0.40482065251722349  0.41584411375675362
  0.42608363000738947  0.43684822897188341  0.44715420699304154  0.45686767329865069
  0.46646349387378794  0.47647227864198061  0.48760497089549359  0.49889170311451730
  0.50952104480123450  0.51898154414918740  0.52778254390992485  0.53671005309500797
  0.54606217223109010  0.55489473130706657  0.56350107708465036  0.57283849351992699
  0.58345236611304718  0.59404838822153327  0.60407374236511302  0.61450689949102355
  0.62455318404347349  0.63440982410002122  0.64311620643007805  0.65119297919269814
  0.65954575542585381  0.66786250459440510  0.67676802339937991  0.68694037458414581
  0.69837972839993523  0.70962797109161946  0.72101890213932918  0.73254237108781883
  0.74392098308883559  0.75450563335208254  0.76392403227446648  0.77276043960040319
  0.78190300333092777  0.79136522567840029  0.80148661033259372  0.81170189553229610
  0.82156638375245994  0.83194862323490337  0.84328532693425884  0.85440543837030070
  0.86348943778201614  0.87281119958867426  0.88208860209760798  0.89113744183641452
  0.90074408575873510  0.91039836986682898  0.92047325389022783  0.93144214716808860
  0.94102416734715844  0.95026684184705745  0.95904321796892877  0.96771718666858664
  0.97657812519353782  0.98486007951328047  0.99249003969813410  1.00000000000000000
  0.00000734708177706  0.00000808386340032  0.00000908368329652  0.00001018316967623
  0.00001177038978578  0.00001336618760270  0.00001493325428017  0.00001629747669928
  0.00001774964317433  0.00001965494467247  0.00002206104393768  0.00002476580599126
  0.00002776219934738  0.00003099870443939  0.00003466402076975  0.00003877780888111
  0.00004341641940038  0.00004884338239044  0.00005505511238887  0.00006172037364314
  0.00006863509420908  0.00007587996991071  0.00008356657201105  0.00009239563969006
  0.00010212768857686  0.00011214921151799  0.00012166645997122  0.00013179927810332
  0.00014206836217490  0.00015305254365617  0.00016453931113387  0.00017667961050951
  0.00018959611545133  0.00020189397336051  0.00021503179028488  0.00022882729105803
  0.00024425933012866  0.00026064150376465  0.00027756618734757  0.00029542910951011
  0.00031457339511686  0.00033405183891172  0.00035436108670666  0.00037649795936435
  0.00040216813510193  0.00042781050252918  0.00045237525900055  0.00047581557835665
  0.00049725362797011  0.00051810392028058  0.00054005712298387  0.00056255452103437
  0.00058583888765467  0.00061302259426827  0.00064129095493202  0.00067070472842493
  0.00070053625873355  0.00073364751780726  0.00077287622182266  0.00081185756389673
  0.00085218239884756  0.00088988257831934  0.00092309337175340  0.00095773014378894
  0.00099207856343772  0.00102743186347667  0.00106473519444892  0.00111360375248155
  0.00116474167862300  0.00122465867688828  0.00129970564785278  0.00135540691375561
  0.00140379683485661  0.00145215244380309  0.00150343185861415  0.00156327362051318
  0.00164321371100297  0.00177821656252091  0.00192078190876875  0.00203389341475248
  0.00218704137866586  0.00237050729906465  0.00258784227043621  0.00284635892861548
  0.00314452678331201  0.00345910178427404  0.00401209546814640  0.00485844779391317
  0.00589843120170446  0.00688092626833165  0.00817982924301597  0.00976054454319500
  0.01182580648710682  0.01532069116062842  0.27478863603854620  1.00000000000000000
 -0.00192610741820127  0.00719592685604506  0.01526588210145738  0.02345632068632659
  0.03155320235610597  0.03956086499076563  0.04775907329927976  0.05663825819203133
  0.06627430201364561  0.07598839068634267  0.08648958902084232  0.09820041877420070
  0.11079832000893161  0.12240832639768408  0.13357525479800192  0.14526681314685766
  0.15585944672801152  0.16657798072140598  0.17688849891547484  0.18731068164615805
  0.19744205835168480  0.20808998172888454  0.21893705729853119  0.22834949827726642
  0.23820523132442040  0.24611673085216754  0.25436160340449543  0.26139297473590789
  0.26850787491281530  0.27628209517105601  0.28624375827138210  0.29829718072049299
  0.31090724557629568  0.32423785713367348  0.33740160289484211  0.35048810684467313
  0.36328313959651959  0.37635985778748077  0.39036098551187159  0.40414468294679351
  0.41677651097479590  0.42895164817480236  0.44131279859720829  0.45388789815952957
  0.46621576702676976  0.47877126325251373  0.49074591504461385  0.50317273510036198
  0.51537072568760534  0.52787240003782088  0.54033756676887645  0.55361614658781522
  0.56763783044923188  0.58138743275650384  0.59487542785013081  0.60872463825632006
  0.62278979001581902  0.63668468015104651  0.64999212194656808  0.66268222717952840
  0.67493468433082815  0.68662853385230815  0.69770854148566330  0.70858553309312877
  0.71955906394078617  0.73051100804679769  0.74106827483442972  0.75135331397432703
  0.76217380450278649  0.77394939970009169  0.78588665216096398  0.79754503054719206
  0.80787945957697349  0.81831540727423235  0.82909127009702177  0.83867173063856604
  0.84825965483572174  0.85737158020798210  0.86662930960075490  0.87565345926696925
  0.88416130353606992  0.89271388619454872  0.90147761171586760  0.91002398331164103
  0.91786159010369950  0.92510355357704754  0.93236986382656462  0.94002673297190731
  0.94772295825344965  0.95497050589800636  0.96193088305559493  0.96875859222563809
  0.97565748324553014  0.98309242032762856  0.99141723593076458  1.00000000000000000
 -0.00217914115751912  0.01078722947317955  0.02172408752439271  0.03181663071643626
  0.04172456081777259  0.05176245063342846  0.06227741728903273  0.07320441613996069
  0.08430445395164765  0.09478362375022378  0.10482290018006445  0.11446892118001405
  0.12363679321741013  0.13260063805846434  0.14161808405117082  0.15172081675328669
  0.16169638851982485  0.17223878506418155  0.18329014209680586  0.19588234105427368
  0.20835073267246529  0.21987719416487600  0.23208032691176675  0.24352585979464741
  0.25384708712059922  0.26479169967372146  0.27617980521900565  0.28835156328207007
  0.29913840238326878  0.30913263384973988  0.31949324831351050  0.33070141738281600
  0.34153710659698400  0.35193499502402420  0.36134359332954380  0.37003218293312312
  0.37926484884805178  0.38938433160373132  0.40087976130288061  0.41165110844780817
  0.42272376022950481  0.43495300128965086  0.44843163695421501  0.46160077555970636
  0.47376876096270998  0.48497591403934842  0.49567007681564823  0.50576410638791836
  0.51601027233119034  0.52721116956038294  0.53800578600392823  0.54757235528746384
  0.55646552686594486  0.56537570402079751  0.57522788813752868  0.58523656955920955
  0.59500500557125857  0.60505152367802539  0.61499213790535778  0.62481584520515876
  0.63530740373426253  0.64619552254247958  0.65753666659134669  0.66864407364792677
  0.67980524396476527  0.69180834021431048  0.70413582413709885  0.71621565590205860
  0.72767193435584465  0.73886754242824559  0.74936552349181174  0.75908857396689899
  0.76852584565136706  0.77809939313706944  0.78857640946994723  0.80023689519015517
  0.81163104768048366  0.82169301330519817  0.83080284640022661  0.83916126637401156
  0.84791565274737046  0.85651573377190293  0.86678630037618687  0.87744431579490778
  0.88834443661206630  0.89892831002533313  0.90885434181151425  0.91880402149648899
  0.92917911080629167  0.93990755479443333  0.94959388201882966  0.95918639069228750
  0.96968336827118129  0.98019990452069528  0.99043143137272960  1.00000000000000000
 -0.00178095393910504  0.01334578680516191  0.02483561794132016  0.03573454666011215
  0.04639672584982268  0.05726467368229073  0.06736909213647521  0.07620248832679248
  0.08562296286101206  0.09640410277005225  0.10859903269930915  0.12045318120145231
  0.13192959950104818  0.14299662402374611  0.15322774272416717  0.16286819672242331
  0.17268142644130635  0.18285018999381461  0.19397543871029393  0.20486398734281872
  0.21521643782001063  0.22537040541415690  0.23621148697574809  0.24717854009579215
  0.25839331839023988  0.26983111968563084  0.28123917126346887  0.29423108109301532
  0.30724626787609749  0.31910764509233602  0.32937871855843592  0.34042282204259489
  0.35144441870102283  0.36229008212001301  0.37252602163671161  0.38327163983665369
  0.39431061560635816  0.40536385616911252  0.41643697182632861  0.42734809812832769
  0.43804247384422251  0.44882176681487840  0.45991495333222665  0.47091772402894511
  0.48159351079995233  0.49196545990598045  0.50195402740180228  0.51186731828748466
  0.52181092349105340  0.53266994567510006  0.54373343471151214  0.55490413845173470
  0.56550484112895627  0.57617114723394502  0.58664173273683307  0.59646309898170191
  0.60613753435572848  0.61659344044651698  0.62755610006123541  0.63881260620875757
  0.64977447889799878  0.66083417334811434  0.67263738958967245  0.68438174963284037
  0.69581641431669383  0.70654147547394686  0.71722123388473102  0.72767198882845519
  0.73741360538626355  0.74705248134487445  0.75706768813965752  0.76669398357481788
  0.77606948685011024  0.78584409171335601  0.79723200780836956  0.81006917979198334
  0.82226681460195772  0.83361719883855845  0.84453205078119620  0.85596507127549015
  0.86657681788987118  0.87624395510705144  0.88562666482730656  0.89342043636689705
  0.90171193834168673  0.90962854936404813  0.91683191830852084  0.92617766550889336
  0.93377648741279529  0.94060864599477390  0.94783289999391118  0.95563210362229190
  0.96610628165267132  0.97690844479964023  0.98873849817145321  1.00000000000000000
 -0.00249590363172874  0.01005157815593979  0.02173396695615017  0.03263324748275751
  0.04379398562725374  0.05505860695058836  0.06515768219699514  0.07455711059997464
  0.08342691795127806  0.09232429631512878  0.10201356139150537  0.11189615045751571
  0.12262596292611785  0.13289984010817113  0.14530881248183261  0.15819739485229317
  0.17098755949313810  0.18319563786995996  0.19555170790862786  0.20745373335879214
  0.21908378873738826  0.23012708934060266  0.24103805584556859  0.25144686347506140
  0.26143274197392696  0.27105402740621792  0.28049359793201756  0.29027653312839474
  0.30040955817570458  0.31071692974808673  0.32132487072617266  0.33245501863812188
  0.34424412247504460  0.35585479452580426  0.36585836531922256  0.37473058459458641
  0.38356864198975998  0.39276822803559797  0.40337799345372410  0.41487496382060074
  0.42667683724811395  0.43773798234991890  0.44826477234802170  0.45914373899232269
  0.47020280640190842  0.48104489531599709  0.49178711655918178  0.50206439854215745
  0.51205468424360767  0.52190896346057725  0.53193984047879705  0.54233938541721705
  0.55305130762247401  0.56423345491390797  0.57522729096989089  0.58551054436282302
  0.59523390075644012  0.60435150432667362  0.61333350092520167  0.62240693922482493
  0.63242337680765004  0.64267302781757152  0.65322399115351681  0.66284916002111194
  0.67304427494718677  0.68482357469802835  0.69755831994451911  0.71064175936283824
  0.72400850216098533  0.73712863488289126  0.74880717288116427  0.76020820421074964
  0.77125454584806485  0.78085041980709524  0.78978606564114262  0.79937951169729082
  0.80881400418910643  0.81690357828769378  0.82469444430277294  0.83293261259748219
  0.84276181629035318  0.85386083874933394  0.86392971015993802  0.87388065242239144
  0.88506369147597352  0.89621236301459717  0.90768841608330086  0.91679656276181576
  0.92788782696172989  0.93782178084242074  0.94806302048883762  0.95792348221221046
  0.96740712878180091  0.97758197761100607  0.98800684144523643  1.00000000000000000
 -0.00155722476939676  0.00623008624860408  0.01348572005142662  0.02132385921791148
  0.02938992790817954  0.03719035731261477  0.04505149882340796  0.05313543284088695
  0.06142522432662698  0.06988955651111542  0.07851227328956788  0.08746006721134873
  0.09637600045842684  0.10476452993093646  0.11287535299961311  0.12014718001892775
  0.12766838855804885  0.13565457971796219  0.14416908673951889  0.15419832959881896
  0.16429299121307717  0.17383690035492705  0.18397633718477002  0.19351267222138041
  0.20233119790104359  0.21046244925294882  0.21825511158788743  0.22608191159495092
  0.23398091269330060  0.24198316759984484  0.25040645771890313  0.25848062940203187
  0.26680474363375661  0.27484184304939585  0.28314857338200450  0.29146042510956954
  0.30019267963969609  0.30807704329550178  0.31540227432008439  0.32247041881726041
  0.32982376875273439  0.33797859215064574  0.34704600963958826  0.35643261647684898
  0.36531155727524195  0.37443952000729119  0.38323512059157744  0.39198817579699319
  0.40124485049923003  0.41101423669192966  0.42027739737080055  0.42942793934482115
  0.43872714224989956  0.44855017549276777  0.45868899300987881  0.46884536051094272
  0.47926985648848391  0.49023940823150941  0.50117246770698032  0.51236150513058787
  0.52446517237615187  0.53712042923806025  0.54832576849332171  0.55788594182325035
  0.56731757382954928  0.57734616511787973  0.58793124220468029  0.59891375266513525
  0.61019486323445338  0.62186727998775559  0.63360650775133409  0.64523563889564484
  0.65573903288865121  0.66637188316132323  0.67644210751045486  0.68727811994253962
  0.69738322179257517  0.70772537639940747  0.71789649912871722  0.72779584309077350
  0.73855385573729226  0.75074000078723280  0.76365258226857402  0.77617605882466789
  0.78852632412785117  0.80179499578908886  0.81633897644274711  0.83203092184209715
  0.84988785587838689  0.87032731285516352  0.88999509651159869  0.90977392488243936
  0.93171694248163717  0.95539845124049771  0.97836947271769747  1.00000000000000000
 -0.00208098044917133  0.00835845320567075  0.01794718606934849  0.02741167313143249
  0.03828477179957120  0.05037275372917005  0.06050515536648683  0.07061896420742569
  0.08038822082393604  0.09100434359542976  0.10198290919315506  0.11256937416219442
  0.12328203629154670  0.13419061487863379  0.14504300749399332  0.15402147273671879
  0.16195111255162051  0.17004758463388342  0.17853631354204022  0.18828817404769135
  0.19867178734932237  0.20749923841377191  0.21580220037710315  0.22409918545679655
  0.23275879068261102  0.24206920252595612  0.25200003040238778  0.26275878946960118
  0.27351754818523033  0.28442214880453703  0.29586290723084507  0.30769033160198428
  0.31868724542080801  0.32971109153096867  0.34089025867050304  0.35253853205717706
  0.36327517581416474  0.37419343501411517  0.38534608433686524  0.39635082683251210
  0.40662929351489341  0.41647814750055123  0.42686219878569764  0.43763196349914646
  0.44733257088167755  0.45628084578354899  0.46537490384796310  0.47488927444159890
  0.48444915052339554  0.49453089700456809  0.50405423316104947  0.51406718887033398
  0.52403625578032009  0.53420168167209969  0.54483806808869273  0.55543538163552975
  0.56672986030940420  0.57785834135829695  0.59041799307454301  0.60304533900281265
  0.61517791215754714  0.62661467030779805  0.63870495229090241  0.65007318444683082
  0.66097069195033809  0.67165477203027502  0.68227162575753275  0.69236285641359274
  0.70235483396189768  0.71328570386848344  0.72541454027061547  0.73776444393383867
  0.74915821927482829  0.75975227192208783  0.77029823667054409  0.78154452056454937
  0.79346265476210831  0.80509312389193233  0.81612825881638917  0.82677423352933743
  0.83629040401727073  0.84545514422720858  0.85412223761750161  0.86303783277906310
  0.87238228805525764  0.88251724095586426  0.89316629259873292  0.90542322739982140
  0.91776683390428693  0.92997447228019781  0.94165693473977730  0.95374255645717254
  0.96532617067935211  0.97702003789374348  0.98836198599639580  1.00000000000000000
 -0.00216136133481709  0.00955942769637627  0.01944988357840430  0.02944262250231812
  0.03935610208752470  0.04962912884611830  0.05953172235991374  0.06912654303491474
  0.07868948277331078  0.08859688454976239  0.09901670847604174  0.11017235063805290
  0.12027329750945416  0.13010777779398724  0.13995831234999301  0.15030566248893695
  0.16105686521122822  0.17185062775036286  0.18240857627492599  0.19316998579901878
  0.20501504034204382  0.21790130721036161  0.23016504136069113  0.24115169685895790
  0.25172694815295427  0.26197851818235157  0.27224530241563533  0.28236228808401248
  0.29272676219726423  0.30343587377766973  0.31446246280445961  0.32629627937473371
  0.33796724315941251  0.34903466120966126  0.35937540640711479  0.36919302736538145
  0.38031676087313249  0.39245662049288399  0.40521459598726056  0.41783129887182746
  0.43030616205883193  0.44179954025874962  0.45258381547001209  0.46325948548336215
  0.47390931592188223  0.48362290457864676  0.49212315594321310  0.50042150138900265
  0.50775583157197146  0.51513327059448488  0.52325155455447869  0.53200974371297960
  0.54258340077442258  0.55288116915947783  0.56293002982546836  0.57267046560903989
  0.58228814006279894  0.59176199534356810  0.60182172664461142  0.61261617620926290
  0.62424483303513356  0.63581014794608159  0.64639185659998699  0.65727985910568321
  0.66793147398353259  0.67782544541790946  0.68772287435695489  0.69653276701012323
  0.70442195795436524  0.71224574680380792  0.72051418886721974  0.73015917805472685
  0.74173016789013990  0.75420419923994475  0.76670124505692661  0.77759725469967089
  0.78743386134343962  0.79734059037856786  0.80782072691577866  0.81871689145966275
  0.82992367228522768  0.84065242381403116  0.85134164669007617  0.86234285471719452
  0.87421780243349601  0.88648505426074942  0.89831073676794049  0.90959656962528390
  0.92034403651915708  0.93090620039647476  0.94190224417030377  0.95370882075444463
  0.96541443044440189  0.97624788507848936  0.98819087931441407  1.00000000000000000
  0.39328639723010378  0.53458784131640280  0.55286229730256975  0.56509186547525636
  0.57484388924789154  0.58355640164341038  0.59278479635378611  0.60151403416091709
  0.60869930804100525  0.61709993220131087  0.62759251587343923  0.63685663720833297
  0.64366891558931871  0.64969662595225453  0.65576395177289892  0.66233376967789470
  0.66923741684226623  0.67528675381949987  0.68065376344242878  0.68505978807048706
  0.69016456447880736  0.69583890234150680  0.70160402365064323  0.70777676604763884
  0.71400202712944572  0.72044395880732215  0.72638814233716187  0.73192832747719894
  0.73729703600801144  0.74260794462755886  0.74770263350798716  0.75252134519311198
  0.75769090575842801  0.76284408099511392  0.76816331772902824  0.77282104827358444
  0.77712182683763953  0.78157293869770117  0.78645331909231320  0.79124701872666192
  0.79601918234154900  0.80019399129928370  0.80402957810377174  0.80786957258846637
  0.81171950157980610  0.81579970834309656  0.81988299521160690  0.82386575274174800
  0.82777088017295708  0.83174766174934522  0.83566550757133229  0.83950733390097354
  0.84339421715212626  0.84730890943212955  0.85130069811278752  0.85524966049912821
  0.85881027657827935  0.86230345781122320  0.86576811631920758  0.86936910456051686
  0.87320390209790599  0.87702087310134269  0.88072459452144725  0.88421273964544111
  0.88754813018210232  0.89088259026129157  0.89425319090218147  0.89774646594497354
  0.90132321489363165  0.90481479170536794  0.90836103576282790  0.91188890845755821
  0.91546790896905406  0.91875688153435875  0.92191881790416574  0.92510177152332629
  0.92825574173170455  0.93160766848222853  0.93504989331708910  0.93868415611140343
  0.94236818187388927  0.94610906642323089  0.94982237174849737  0.95340321565474084
  0.95693302011835568  0.96040489525141326  0.96393390493026077  0.96718315301409985
  0.97046009621786689  0.97380481272739827  0.97694713026155688  0.98043645080650055
  0.98437578545289506  0.98879948435123144  0.99413611572719107  1.00000000000000000
  0.00757655383964950  0.14124603016913792  0.17865805537523155  0.20258527243188379
  0.22082133202635967  0.23752555234689188  0.25497450055536269  0.26959696662777538
  0.28225881770190492  0.29469079139800430  0.30706606888300308  0.31873846911555220
  0.32927235506203523  0.33946361684901716  0.34958240285224867  0.36008169298409359
  0.37058529410041091  0.38068485030179949  0.39034768659915137  0.39912715349445943
  0.40739206978535786  0.41603786523807451  0.42523123081362268  0.43457578951545645
  0.44336534438993103  0.45131422659892423  0.45867450201609566  0.46604914113609036
  0.47331786282260369  0.47951629729045253  0.48528574808030833  0.49130448409933875
  0.49740521651327979  0.50445624635194386  0.51107942046662969  0.51786225497920269
  0.52462975986773974  0.53094020882474458  0.53689716946574528  0.54275650100260475
  0.54899982744377462  0.55555136459638599  0.56210813300911389  0.56901008432292099
  0.57580396965680669  0.58213071677097095  0.58820537636392878  0.59296541247516221
  0.59786782996724774  0.60313989052184236  0.60778627434254284  0.61348008631572915
  0.61960642386471909  0.62561764439146106  0.63159351680073006  0.63761798614953480
  0.64379784989369893  0.64913957285669388  0.65406087185618733  0.65888143351210104
  0.66381045353528623  0.66911282511908277  0.67440962521452230  0.67945830574358790
  0.68414096835024274  0.68873652071649716  0.69323935067091913  0.69779222899079962
  0.70298518473106653  0.70889239002025950  0.71460006060934189  0.72019278830372235
  0.72560428682179268  0.73126287608521490  0.73718217874568381  0.74294800247259274
  0.74796364424267781  0.75272099742444532  0.75753231890602191  0.76280181306091588
  0.76837437004798492  0.77352567915818971  0.77841113703038844  0.78357345636468911
  0.78930890748171989  0.79603515347214038  0.80216382514996032  0.80733642378403925
  0.81354702089182818  0.82118873147178528  0.83007831152671618  0.84126752854515408
  0.85251578410746143  0.88726487594405135  0.98704838967681841  1.00000000000000000
   2.6757933799562884E-006  -1.0000000000000000     
 F F F F F F F F F F F F F F F F F F F F F F F F F F F F F F F F F F F F F F F F F F F F F F F F F F F F F F F F F F F F F F F F F F F F F F F F F F F F F F F F F F F F F F F F F F F F F F F F F F F F F F F F F F F F F F F F F F F F F F F F F F F F F F F F F F F F F F F F F F F F F F F F F F F F F F F F F F F F F F F F F F F F F F F F F F F F F F F F F F F F F F F F F F F F F F F F F F F F F F F F F F F F F F F F F F F F F F F F F F F F F F F F F F F F F F F F F F F F F F F F F F F F F F F F F F F F F F F F
  <DiscreteSampler_grid>
  grouped_processes
  1 # 1 for a reference and 2 for a running grid.
  10 # Attribute 'min_bin_probing_points' of the grid.
  1 # Attribute 'grid_mode' of the grid. 1=='default',2=='initialization'
  0.0000000000000000 # Attribute 'small_contrib_threshold' of the grid.
  0.5000000000000000 # Attribute 'damping_power' of the grid.
 # binID   n_entries weight   weight_sqr   abs_weight
    76   10   2.429567779095101E-001   4.585725733185547E-001   2.429567779095101E-001
    77   10   2.429567779095115E-001   4.585725733185601E-001   2.429567779095115E-001
    79   10   1.849810388790636E-001   2.459947679853579E-001   1.849810388790636E-001
    80   10   1.849810388790647E-001   2.459947679853611E-001   1.849810388790647E-001
    82   10   1.955378053471248E-001   2.709914983630340E-001   1.955378053471248E-001
    83   10   1.955378053471262E-001   2.709914983630380E-001   1.955378053471262E-001
    127   10   2.818749711458475E-001   6.163363367288007E-001   2.818749711458475E-001
    128   10   2.818749711458492E-001   6.163363367288089E-001   2.818749711458492E-001
    130   10   2.142507126024975E-001   3.181452811339180E-001   2.142507126024975E-001
    131   10   2.142507126024988E-001   3.181452811339224E-001   2.142507126024988E-001
    133   10   2.190809513301021E-001   3.179436040523735E-001   2.190809513301021E-001
    134   10   2.190809513301034E-001   3.179436040523779E-001   2.190809513301034E-001
  </DiscreteSampler_grid>
