  0.00314029619135041  0.01595883086497384  0.02764398933440606  0.03745557297132650
  0.04616854477713082  0.05600616932624481  0.06594444536273629  0.07657207432973448
  0.08700747101561190  0.09857022998493749  0.11155501541676813  0.12506502527750821
  0.13618247999991775  0.14614542493686375  0.15620408615871489  0.16691800454101363
  0.17826758673758178  0.18936239226561408  0.19816931551419339  0.20528251947446360
  0.21264535505110327  0.22041046672618497  0.22905834427586030  0.23847300700773919
  0.24782776530744888  0.25817537204017826  0.26926621081650404  0.27867800261959896
  0.28696222011428452  0.29493978565617196  0.30449640891172419  0.31500009968368559
  0.32469389334349608  0.33388924229064343  0.34455858311627274  0.35662473230343772
  0.37070833404271691  0.38455849255600377  0.39843017785067458  0.41210219145463595
  0.42518767235058830  0.43697601526061436  0.44716604877643024  0.45753228780497662
  0.46816202982401889  0.47998073758865323  0.49222858126867230  0.50291039748389832
  0.51266487836561259  0.52294553003471056  0.53378069318655375  0.54617207262457623
  0.55858784027399422  0.56846029447576063  0.57840408239722541  0.58790294851191527
  0.60014298556799250  0.61076232469353153  0.62102146726647212  0.63064071047012626
  0.64120168770378649  0.65306424864791213  0.66493278337992290  0.67616475613164129
  0.68575109380357713  0.69556631121475876  0.70520069611986103  0.71457126985155750
  0.72478035211375391  0.73410948259005915  0.74467840840383814  0.75411664483673835
  0.76370149339625915  0.77357952214787173  0.78486511752744903  0.79698326826039145
  0.81109656983438472  0.82531366919053717  0.83899588494446897  0.85023770066732007
  0.86150260371454224  0.87199566653535154  0.88167256715475228  0.89073505082946358
  0.89980084786029535  0.90855295388500079  0.91669930526873045  0.92448569647474765
  0.93225947242321605  0.94074783342285184  0.95100976781115909  0.96103499524362868
  0.97048353870607462  0.97914176153083987  0.98966595274047020  1.00000000000000000
  0.00291595449045859  0.01258547155705825  0.02378494239792745  0.03595031331567149
  0.04948689084708525  0.06160910524943184  0.07282321068964440  0.08273215043793006
  0.09315239891415636  0.10383104565355444  0.11494709802970070  0.12600672236166660
  0.13595184576846547  0.14515663681981816  0.15369600673763270  0.16254630240671841
  0.17243485188527372  0.18294233255316594  0.19355204833880391  0.20395121424541951
  0.21182965207673599  0.22077481088489823  0.23038758358083630  0.24155169175876307
  0.25371014182192519  0.26508615040763639  0.27532534806221837  0.28528779530301795
  0.29561490127326201  0.30609058093593861  0.31643916435366681  0.32662693662104225
  0.33760051589076745  0.34952003681580363  0.36204742034648013  0.37496456861811434
  0.38840307953343933  0.40251078025177450  0.41607564194402563  0.42877597798495659
  0.43970201871925102  0.44969875482600458  0.45862919835312393  0.46612819708731612
  0.47474091546688502  0.48362393803195897  0.49353865063044100  0.50245103362188415
  0.51065503251952171  0.51838494927937540  0.52655984834105907  0.53539388765699170
  0.54374900340455190  0.55206845775910551  0.56086737675935872  0.56908014330649570
  0.57660286809352301  0.58383088372831449  0.59304427002961446  0.60380078987240760
  0.61505850952329821  0.62583461244711425  0.63807804585022676  0.65131274651830229
  0.66305464985606311  0.67346177589956158  0.68322528497464263  0.69237720581869289
  0.70256932727846566  0.71373662006602567  0.72632769855128843  0.73936414002585393
  0.75145738170831344  0.76229022570195537  0.77324377080835882  0.78365049485824689
  0.79530171389191362  0.80646409349228132  0.81629413881410906  0.82617346414142667
  0.83653460711958316  0.84723092777613163  0.85832989785220282  0.86984124090519632
  0.88159810742471256  0.89326381966039947  0.90489890884617841  0.91630262723711942
  0.92679560436396802  0.93689088604860760  0.94721031885899254  0.95749470528472402
  0.96683006754711609  0.97593316085494852  0.98669513355327487  1.00000000000000000
  0.00000283434597800  0.00000342341383888  0.00000369729507309  0.00000388380242703
  0.00000412578716948  0.00000437757886818  0.00000471809811013  0.00000506986250609
  0.00000548910134246  0.00000598104440684  0.00000646393696415  0.00000686373921433
  0.00000726857144766  0.00000769029635916  0.00000819439736268  0.00000872182379188
  0.00000924407049234  0.00000982984079894  0.00001053011074553  0.00001139374596499
  0.00001244625556138  0.00001340634275234  0.00001442613149821  0.00001543971985838
  0.00001649253022756  0.00001765316115447  0.00001884937968109  0.00002005459923964
  0.00002143462804904  0.00002307081267941  0.00002471822201875  0.00002652463910557
  0.00002852847510672  0.00003036262307081  0.00003272525061126  0.00003534941396782
  0.00003821629190415  0.00004166786456006  0.00004571927941628  0.00005032443747928
  0.00005543938151492  0.00006083732922986  0.00006647303090613  0.00007215338458391
  0.00007792369493717  0.00008403219121101  0.00009018896513742  0.00009754922738329
  0.00010456848828337  0.00011207844667983  0.00011980001921865  0.00012808729546171
  0.00013738775609564  0.00014858350065480  0.00016147484814160  0.00017602990646606
  0.00019201665627768  0.00020890356617647  0.00022799213469813  0.00024952125168047
  0.00027430488541044  0.00029974610088401  0.00032624018831385  0.00035838995244925
  0.00039790690855667  0.00044237891033763  0.00048794958585823  0.00053519332207082
  0.00058323097822149  0.00063916160171480  0.00070403418747546  0.00077860909672951
  0.00086021210722549  0.00095618140354309  0.00106615694580720  0.00118798668729280
  0.00131609547449045  0.00146746045709321  0.00167537227048221  0.00192121658303638
  0.00222187265687583  0.00254563500366728  0.00289094827990130  0.00321142760483467
  0.00354366638018054  0.00383341398180314  0.00417170207798837  0.00453287683661085
  0.00496799763091385  0.00569129364116429  0.00721732011257121  0.01068943793666028
  0.01324759608546966  0.01605587759817709  0.08108441386419250  1.00000000000000000
  0.00001172562363970  0.00001330754592269  0.00001445718212724  0.00001498376277747
  0.00001548184285701  0.00001625743434781  0.00001687471254822  0.00001734134382137
  0.00001777981246260  0.00001819914336621  0.00001870464151357  0.00001934190720189
  0.00002030820454374  0.00002144742800793  0.00002235896864839  0.00002341153102922
  0.00002452582374370  0.00002551691166643  0.00002681249842017  0.00002815058387573
  0.00002953919122752  0.00003078590812228  0.00003212815960170  0.00003352155957279
  0.00003518118953693  0.00003722796377773  0.00003957157269539  0.00004145319141875
  0.00004415665142308  0.00004709982993600  0.00005117304243583  0.00005676836850732
  0.00006232790338244  0.00006777822208974  0.00007337137369547  0.00007970544964068
  0.00008697438601591  0.00009538269115083  0.00010470018069731  0.00011691603988338
  0.00012956607299740  0.00014307733875012  0.00015838599503999  0.00017460260233680
  0.00019171035167954  0.00020865854874281  0.00022678915684355  0.00024416575808037
  0.00026214999190590  0.00028125137014741  0.00030426682102986  0.00033000898943767
  0.00035527960478273  0.00038025675395894  0.00040410961328376  0.00043104494911503
  0.00046150661419432  0.00050093110024883  0.00053991780973200  0.00058161468433582
  0.00062584914820640  0.00067469250045378  0.00072336705607163  0.00077037021605667
  0.00081490086729165  0.00085693009597292  0.00090360897565511  0.00095072522450026
  0.00100341333300901  0.00106742985767328  0.00113697590559751  0.00121706050262495
  0.00131183753753562  0.00141883382644425  0.00152558831495485  0.00163414723335421
  0.00173587366525105  0.00183986935400986  0.00194421458215576  0.00205780957941957
  0.00219806495814507  0.00235374982207004  0.00246231132380175  0.00259062436552369
  0.00271719061336891  0.00297096838030587  0.00323245639241509  0.00349006574326641
  0.00381023847638766  0.00414782238122696  0.00457687172670413  0.00505765686831790
  0.00555920181773030  0.00626851346968825  0.02750753289774125  1.00000000000000000
  0.00000794050519129  0.00001120067934692  0.00001325837848798  0.00001557088844499
  0.00001832923244054  0.00002126336956341  0.00002435414545567  0.00002797695260844
  0.00003205636351895  0.00003663050302771  0.00004180410477209  0.00004780724060030
  0.00005568658475045  0.00006413308541325  0.00007257672177457  0.00008157918135637
  0.00009241660385539  0.00010383399674634  0.00011610636430693  0.00012848784886139
  0.00014193740185773  0.00015557113053864  0.00016979389821594  0.00018470932575385
  0.00020168359313377  0.00022125655532742  0.00024319856500751  0.00026705460073224
  0.00029053955932245  0.00031388772937220  0.00033904615404151  0.00036705868619202
  0.00040064197716896  0.00043597657850297  0.00047154103614918  0.00050840802756951
  0.00054454526413553  0.00058248451778781  0.00062170298168543  0.00065857363740821
  0.00069499215196396  0.00073370401218172  0.00077515167740340  0.00082748425974798
  0.00087717769212182  0.00093639496584224  0.00100282923311058  0.00106897813266304
  0.00113168150568016  0.00119212859463191  0.00124810559950673  0.00130190110733813
  0.00135688514506557  0.00141976268030339  0.00149369730038587  0.00157443763536017
  0.00166743993458868  0.00175953186348296  0.00188125615792229  0.00201983547262706
  0.00218802274306024  0.00238210365793801  0.00258729209597443  0.00278659227624049
  0.00295311788323163  0.00311260257062951  0.00326166095392654  0.00340728825492005
  0.00356390815940135  0.00372084315278440  0.00389861676039678  0.00408607444075589
  0.00429130794966821  0.00445635478699853  0.00464998565194619  0.00486132404551022
  0.00510324631727813  0.00540168234405354  0.00577882762299969  0.00628940671505701
  0.00679499326740948  0.00727573421214018  0.00771511189060871  0.00801320313041202
  0.00836111187164526  0.00875952035281379  0.00924480835968539  0.01029097023808087
  0.01138058767363925  0.01197392138314671  0.01235867987298335  0.01335226915873821
  0.01437357211036059  0.01549166755866209  0.03436608206847156  1.00000000000000000
 -0.00219368113584695  0.00677188859544957  0.01571299038847386  0.02588367888185365
  0.03733027786359941  0.05000542431633162  0.06237503262035961  0.07477333317761552
  0.08736822389477482  0.10009453195904525  0.11038619442497205  0.12065057356466494
  0.13194463376695970  0.14370093265307371  0.15350954929337920  0.16217636003054120
  0.17103070145082042  0.18168121351146885  0.19279295332235277  0.20306924171287971
  0.21300949206653824  0.22329845355290676  0.23478593801205089  0.24529932690518444
  0.25635576872111898  0.26680394237632388  0.27802240569165221  0.28905310478567875
  0.30048625566564102  0.31190714225932614  0.32241964748541935  0.33365904172464067
  0.34567687203253977  0.35664797271382698  0.36574420969206184  0.37432999830042302
  0.38444871367909933  0.39510777985568551  0.40561831906992546  0.41558442746448515
  0.42639364657301804  0.43857584272982947  0.45078154716474411  0.46158456320580599
  0.47193631243390455  0.48181423194536799  0.49211830726264633  0.50319301914445091
  0.51271151555576588  0.52129170823140547  0.52957064112531893  0.53850759270118931
  0.54916208547354295  0.55968971984037197  0.56935050167357659  0.57896970451347918
  0.58868952427183252  0.59981651308778450  0.61022960779008129  0.62064216579167542
  0.63010243227779483  0.63932163445718038  0.64801357957610817  0.65750991991205621
  0.66704907881876996  0.67852038149456884  0.69060284913660319  0.70397997980559124
  0.71587197493653432  0.72707651275251728  0.73691970499288428  0.74671180900749645
  0.75654369548056022  0.76603418903432596  0.77565249090812161  0.78522485973213074
  0.79492121171214003  0.80513146343983133  0.81553260403147465  0.82642908939230564
  0.83826453801006584  0.85072323048854515  0.86370851997276399  0.87728313045260686
  0.89145487076437135  0.90345918450903662  0.91443849898635721  0.92477028986532472
  0.93473421738828943  0.94496743508853631  0.95486797854960981  0.96493437678746519
  0.97449769209454773  0.98336150720002613  0.99188182611101761  1.00000000000000000
 -0.00242634253852024  0.00751688176530913  0.01747453637005355  0.02909981160481086
  0.04123563339121352  0.05119877502450820  0.06073016781507883  0.07069377091444269
  0.08209453732377171  0.09360266869971470  0.10450827365020243  0.11536752619273805
  0.12591220231040545  0.13627538652626972  0.14636953470026012  0.15673645513432796
  0.16544357217776767  0.17482533408213066  0.18446805718704518  0.19447871570402966
  0.20614181977248733  0.21714801405213427  0.22845424436625547  0.23987494604951407
  0.25311419407282665  0.26689606234370306  0.27945938365134915  0.28775306257350680
  0.29571327954150539  0.30354590339521548  0.31138520899196415  0.32120817686528447
  0.33145129295200459  0.34089667504789090  0.35077882503440999  0.36014646307510190
  0.36984214884983779  0.38040210326830504  0.39315826547606564  0.40578684656434666
  0.41744829440432746  0.42705692050821875  0.43563331211484041  0.44427782870019100
  0.45471474563597797  0.46675986176290668  0.47980803717411641  0.49290174465411601
  0.50459916980289876  0.51477235712896541  0.52572847523140320  0.53613852599464573
  0.54502669703493845  0.55340320026532752  0.56271786883938490  0.57382144406503977
  0.58378635933365908  0.59379799459927129  0.60452223478188261  0.61579237219801042
  0.62669484322238767  0.63823730252391808  0.65011226904434227  0.66164668106722735
  0.67245952965714739  0.68274780411829883  0.69237812435806800  0.70239018269113362
  0.71414048727957147  0.72654326830866311  0.73809690220931190  0.74874434076189111
  0.75803612889687111  0.76686876392801850  0.77544899701280146  0.78459293948208109
  0.79463886278128348  0.80548412824355309  0.81671238616375519  0.82735104607041288
  0.83735120332838575  0.84678281853277515  0.85584798264119433  0.86540679826623446
  0.87442811148501409  0.88312869972469987  0.89302506218953659  0.90451076973432742
  0.91685913736290314  0.92906412521476855  0.94019883912664026  0.95084966537442961
  0.96224786956581432  0.97421104219260501  0.98734018757713293  1.00000000000000000
 -0.00205976415906316  0.00952157482112027  0.01638017938701848  0.02349853839635393
  0.03090201485517803  0.03772096434646827  0.04740585925008421  0.05639498659760429
  0.06504575304311455  0.07535218268638627  0.08691057385943039  0.10020619120722105
  0.11286814507469652  0.12422575252523915  0.13498947625049601  0.14563745816009732
  0.15677323965622172  0.16854655163787949  0.18041374589826265  0.19175926014271835
  0.20266871220057464  0.21358495258892929  0.22449527349388479  0.23533220979561892
  0.24628449357029178  0.25763888571662941  0.26941901219742975  0.28080654455902354
  0.29130999552076431  0.30196239690436050  0.31262145879720310  0.32417059625642325
  0.33597352362453586  0.34782235187329608  0.35894396696783093  0.36975246865982919
  0.38078351080172779  0.39185438161193670  0.40224372126971086  0.41239713956461077
  0.42246174212656584  0.43379588233416788  0.44437854885191536  0.45442506381131786
  0.46429763428080650  0.47415689532156458  0.48433345590449511  0.49417448466631192
  0.50394110938500214  0.51205168869278805  0.51967278142577977  0.52721213118121069
  0.53523374038854121  0.54522381757903660  0.55617338584694764  0.56757829618178435
  0.57926986290070626  0.59131628179412854  0.60424990493039632  0.61722733663124696
  0.63038668860518177  0.64274285051687030  0.65347794024163930  0.66331861653515600
  0.67268004690912064  0.68202310573453828  0.69202300083899304  0.70081865527335108
  0.70912514562653794  0.71893675982582417  0.72818806564702609  0.73706158103178965
  0.74578450236150018  0.75433558119409971  0.76372717779109600  0.77477512731920795
  0.78615002860489536  0.79943601936867281  0.81399882723968164  0.82670232855799386
  0.84006660641710817  0.85204318403160728  0.86404611074248894  0.87479817075369370
  0.88501622492788379  0.89601839445478260  0.90807760012411143  0.91947910092124163
  0.93055390954521988  0.94177094226781499  0.95153835160244959  0.95972983899591435
  0.96859820451775214  0.97771618487509027  0.98867124173961363  1.00000000000000000
 -0.00244594194437739  0.00846782499320750  0.01822126591671371  0.02932791806214351
  0.04144084667914726  0.05114692495952055  0.06045573963663214  0.06976292447299270
  0.07930568395379997  0.08886445325165053  0.09794749968286902  0.10691598867988250
  0.11624430830258109  0.12524511514132444  0.13619650713018974  0.14592266215368385
  0.15656669532190581  0.16674970104840361  0.17713968742035224  0.18828286281176390
  0.19937306470803021  0.21119768171857814  0.22090863823574156  0.22880068860486730
  0.23707280333019698  0.24530042039616945  0.25470673620491957  0.26560260249893120
  0.27551109212843755  0.28588339048903322  0.29594449818587953  0.30599819049097504
  0.31826910602828146  0.33107343522611954  0.34318991616856664  0.35401005282549636
  0.36460014536684338  0.37534961269618400  0.38560749072068179  0.39626878964027057
  0.40780074882781614  0.41979372769303003  0.43185809261792868  0.44347582840769378
  0.45466565924078745  0.46527214591475935  0.47635460200902402  0.48932952855288081
  0.50329111761916578  0.51631587997344486  0.52768991786800834  0.53802167796031375
  0.54826434758496212  0.55840044016063239  0.56747075662963720  0.57614782639308548
  0.58497133458228723  0.59491570066717503  0.60588438292098523  0.61736627199159577
  0.62964461798777160  0.64193337683777518  0.65298506595226635  0.66421378735287473
  0.67562692694727333  0.68684776640421186  0.69713044089786014  0.70623161039916105
  0.71482798497930145  0.72400456133731861  0.73524315079841074  0.74708838869945515
  0.75657242550237347  0.76475089854749623  0.77304525261775447  0.78273264750237748
  0.79339193917155415  0.80492779967798733  0.81756623070620194  0.83194240120438123
  0.84415600663323909  0.85494143473147544  0.86528862042962651  0.87635429761601891
  0.88757173272292300  0.89747716310092063  0.90598799056133272  0.91510037371543651
  0.92551006318000451  0.93638597830896653  0.94604905552652263  0.95485536512791258
  0.96398795220291178  0.97376392232356179  0.98630877014269480  1.00000000000000000
 -0.00174017304112903  0.00902056200006093  0.01892563373427191  0.02875241358302692
  0.03956406176947935  0.05185127467031460  0.06382103806850978  0.07447824820758236
  0.08447441020917640  0.09321002579822409  0.10241427105755166  0.11275673429982956
  0.12549246982724030  0.13782237164847702  0.14887302876382005  0.15895027085049840
  0.16872878930066246  0.17758492130280981  0.18580471577428792  0.19404270570619944
  0.20308686040154300  0.21302067698010888  0.22272358393466235  0.23157874010547011
  0.24032049976214526  0.24981585991832420  0.26100051736881735  0.27349361426350222
  0.28688023234424692  0.30049212486054039  0.31313728166927945  0.32508719365256172
  0.33640859173825394  0.34942393443300401  0.36197577983862211  0.37376751063829877
  0.38484305935647206  0.39666886492758580  0.40980271836645754  0.42211406710459348
  0.43129366578240658  0.43908046654828392  0.44707202083616487  0.45600475970312104
  0.46615501199384352  0.47605802181650997  0.48576598344867128  0.49577099272188652
  0.50656761473740441  0.51746335149289102  0.52768066321730134  0.53751585760160381
  0.54652761336633648  0.55491567296450939  0.56314970567106581  0.57170092994613031
  0.58144770232305421  0.59287808164443123  0.60422569540871907  0.61452087775217012
  0.62463051417161386  0.63451962658975258  0.64365327787731597  0.65213591012348793
  0.66013857157636724  0.66886610107531952  0.67810160114711171  0.68736966307657854
  0.69648924131203227  0.70589726889344107  0.71634554018003460  0.72655783959215237
  0.73637467396511780  0.74663273391493101  0.75681094263370952  0.76703492571042797
  0.77849320412610867  0.79202501230120148  0.80572447231328448  0.81892443035411355
  0.83152896500264351  0.84399511569004293  0.85491355753105525  0.86419052532286200
  0.87334830083175408  0.88376060451979510  0.89599455114605031  0.90782654393861006
  0.91859701823557394  0.93036656587693500  0.94291664709982181  0.95430363863729240
  0.96503478583346303  0.97591556660497247  0.98636587009076082  1.00000000000000000
  0.00004233909374445  0.00057953222426559  0.00094064215619299  0.00122429866122006
  0.00150107850365573  0.00177631059985846  0.00205274177563919  0.00232886071702147
  0.00260351085687063  0.00288144551498826  0.00316623582453192  0.00345649420269334
  0.00374867053569931  0.00400485457278862  0.00425742651443125  0.00450663925343909
  0.00472459462884268  0.00494769568376352  0.00518522592182322  0.00543419551447175
  0.00569077339042270  0.00595585290801834  0.00623221887478984  0.00651129481532631
  0.00679655193506234  0.00709594721190936  0.00741472002280804  0.00772397423039109
  0.00800638242936587  0.00829827780802900  0.00859542699613333  0.00889498995458937
  0.00918321474857061  0.00948405988810691  0.00979273617012349  0.01010519450635019
  0.01048987374368011  0.01085199293793358  0.01120152915296325  0.01154236580113774
  0.01181453031736497  0.01210041889332903  0.01240636571056537  0.01269175067562045
  0.01295904758443685  0.01321532820618187  0.01346254859842501  0.01372341092778475
  0.01400538003310995  0.01427422910125175  0.01456873331142947  0.01486650492129815
  0.01507941305650529  0.01530655282189479  0.01554097310090345  0.01573772191071468
  0.01596448244134372  0.01625282265257559  0.01658093807893887  0.01700547943231031
  0.01757325934028184  0.01794356990824284  0.01826938212915903  0.01866565124563621
  0.01913051172785828  0.01928780570903458  0.01942905951093051  0.01957121217330032
  0.01971335874094875  0.01994611158481616  0.02060149542987492  0.02102466079666708
  0.02150112206364638  0.02216399811221310  0.02300984367011932  0.02385746533383778
  0.02465440897762191  0.02543266551549437  0.02620666237292776  0.02702308265159341
  0.02825462915631147  0.03059080567959568  0.03171042022677110  0.03272824112521354
  0.03357610299450917  0.03525682512949197  0.03648476697216286  0.03750678164724533
  0.03874226938633125  0.04027960018175371  0.04436109229416862  0.04598577513312021
  0.04713027818517389  0.04824607105400289  0.09481967903340431  1.00000000000000000
 -0.00358100483287483  0.01310805692767324  0.02598206070773987  0.03799225036805685
  0.04875099943405031  0.05975610028648499  0.07080989313418051  0.08298450964898436
  0.09513652718983129  0.10646160231138917  0.11903241024840541  0.13161333279503909
  0.14362011982065889  0.15309280291256425  0.16370530822708157  0.17447112165010950
  0.18456404630152071  0.19398945207529297  0.20357257712829308  0.21290970831679973
  0.22242311545802415  0.23142039646414500  0.24076689781893579  0.25106875234473791
  0.26090123871993115  0.27065331462208053  0.27994686564529353  0.28836337213843122
  0.29713387023182769  0.30765869948185576  0.31984773222796542  0.33000097823431662
  0.33836015239917705  0.34644543100596853  0.35389115096610263  0.36453394663557037
  0.37445259581679941  0.38524977516630216  0.39542346810526124  0.40473697425061761
  0.41420200788288131  0.42284846263081466  0.43174330587082971  0.44034320478690853
  0.44812355719460090  0.45594830402577785  0.46367492112955710  0.47062111684772190
  0.47695722509690730  0.48378349082601690  0.49189056504884759  0.50128086303844288
  0.51071728010818163  0.51947057589098400  0.52803908139880307  0.53584614213066062
  0.54358681372622419  0.55124506293327036  0.55930438099518065  0.56917941986078369
  0.57888661873130021  0.58917770495643174  0.59923699955469212  0.60879858746832749
  0.61835252623915671  0.62816593508860508  0.63877069630950190  0.64986836011316940
  0.66068102753325453  0.67171191263937080  0.68353924387330822  0.69427049366025273
  0.70500585218352074  0.71533713157525680  0.72560906619650278  0.73735807286054922
  0.74931731073525631  0.76087550937359338  0.77348442515000571  0.78608275309012565
  0.80013724490709226  0.81386201115119794  0.82659403161301859  0.83990059871112976
  0.85410902668768707  0.86851837433226031  0.88230347744228643  0.89663686756485439
  0.91051226330172974  0.92332443608900749  0.93585631331937646  0.94950435081844575
  0.96373889196328344  0.97633314664838844  0.98836112210803673  1.00000000000000000
 -0.00009727846039864  0.00019259149424920  0.00047625153632084  0.00074814085365543
  0.00093606744704441  0.00112032548755851  0.00130553196579571  0.00149803217955898
  0.00167847955412819  0.00185346858592090  0.00202130764793849  0.00219112833850524
  0.00236053441946089  0.00252530677474249  0.00268779106393827  0.00284777043824027
  0.00300243425948555  0.00316018931476219  0.00331467735200554  0.00345446263835565
  0.00359819008801723  0.00374513403647556  0.00388856301510099  0.00403586376649212
  0.00420273778059993  0.00437393993471865  0.00455152031590143  0.00473842135810083
  0.00494740830713415  0.00514672579231160  0.00533675121442004  0.00551700155036541
  0.00568715141242261  0.00585618403969641  0.00602530289011460  0.00620741624411079
  0.00639357572680937  0.00657891628364536  0.00677519794904587  0.00695072581887075
  0.00709510419293783  0.00723841736050141  0.00737766321549781  0.00751930939350598
  0.00767764384447769  0.00786856045032694  0.00809623790806196  0.00832931676554658
  0.00850418275816553  0.00867817996852823  0.00893677584363238  0.00922199366511704
  0.00950541506504833  0.00975365218634926  0.01000034555406779  0.01022374101722613
  0.01037076380394308  0.01051778659066004  0.01066977135358477  0.01082385388217532
  0.01096589511400038  0.01107903930719560  0.01119218350039083  0.01135399112158750
  0.01152490168799259  0.01169460330423506  0.01186251011939764  0.01217035384815976
  0.01254133516827927  0.01281116221112829  0.01306921866564290  0.01335019699392099
  0.01364136959542889  0.01397950863287140  0.01438926111585168  0.01492538811929850
  0.01543601069357874  0.01568746700378599  0.01593297523075874  0.01621940769698516
  0.01653229784669656  0.01687995449175024  0.01734299854459575  0.01783590066912225
  0.01832223944409372  0.01885145888170813  0.01959561978802586  0.02016105340148780
  0.02081418782086217  0.02189594927241062  0.02347996432568375  0.02441385376861028
  0.02485281178862304  0.03074125549411367  0.05651819769324978  1.00000000000000000
 -0.00232611410236180  0.00788061492647298  0.01729721802121482  0.02762743404124451
  0.03893344142838505  0.04975628182431358  0.06074561936847048  0.07245364710571198
  0.08422537263180550  0.09496235665088110  0.10459412394569267  0.11301924813041714
  0.12105930069966539  0.12867392791725213  0.13716790411508761  0.14662798480376199
  0.15750925136670130  0.16852499665285867  0.17992679616392282  0.19059808001956749
  0.20304295834736058  0.21383101970561599  0.22436657701163373  0.23423231156429697
  0.24417913779148781  0.25421340662925845  0.26481180736998222  0.27603660908017108
  0.28751748716559511  0.29811460904072790  0.30798433389690599  0.31603789735294913
  0.32380487381303275  0.33184413729715417  0.34189922447413068  0.35379430267218409
  0.36665499124139450  0.37989105020340502  0.39158544314286081  0.40192921988098279
  0.41175009590356465  0.42082746232164542  0.43182219861623994  0.44290309456025778
  0.45349134897934584  0.46338710160472923  0.47328107579770751  0.48340510936701253
  0.49468387364631655  0.50739388775510363  0.51889386105033086  0.52876344246392004
  0.53794381945365732  0.54853945679384231  0.55913027846119989  0.56854747565296393
  0.57774248093067315  0.58786664820894141  0.59998260589831720  0.61328023998118986
  0.62478451608037600  0.63525888333976699  0.64545367863386449  0.65614232941317296
  0.66635560988674181  0.67636321750183415  0.68714928278831477  0.69867201550291236
  0.70969079218279729  0.71980044666247678  0.72911951612407355  0.73815951687740711
  0.74712324623113413  0.75642337100209389  0.76627981421147562  0.77628947943575821
  0.78640297282226046  0.79715401966205812  0.80829885626743969  0.81968244805502843
  0.83078397156379480  0.84086623731424215  0.85157319165111689  0.86370966380422243
  0.87726005837993626  0.89042740179352164  0.90227657375458936  0.91403045550060569
  0.92600723973269328  0.93755663904299502  0.94777175031935545  0.95728433583269756
  0.96712436573144922  0.97775291950651111  0.98870855573056360  1.00000000000000000
  0.61179843954060387  0.65550889510218069  0.67851600383363675  0.69690979280762788
  0.71363919251095531  0.72868956403188478  0.74281703031018631  0.75543927359901619
  0.76671055682149025  0.77778914669104082  0.78903936243769035  0.79845555789268918
  0.80703490708974068  0.81488175145646102  0.82213099158497505  0.82814368923452175
  0.83363580029726581  0.83908192051627761  0.84464495953244878  0.84983454528735258
  0.85472159383904012  0.85966113075616513  0.86397108946463097  0.86746306707376208
  0.87093206617869856  0.87473392397087291  0.87907983966919478  0.88356540158908414
  0.88763331776684484  0.89146233040394662  0.89525030249759019  0.89888906152950876
  0.90207954537399060  0.90476306200979451  0.90717099097010601  0.90960284247922307
  0.91203716371371168  0.91473078494017113  0.91738852114176128  0.92004679271342915
  0.92271296129423430  0.92532482550947570  0.92774977517718427  0.93017594718533247
  0.93257202773022529  0.93495110167734596  0.93716471913073884  0.93884914760293170
  0.94051776935838260  0.94212072550956039  0.94372726175788457  0.94563053387884044
  0.94760293340708590  0.94936113838836644  0.95097204724026196  0.95247174750086916
  0.95393289274307502  0.95547525373271169  0.95702425935569468  0.95852339113486085
  0.96004273040353327  0.96150382760177733  0.96296623434071482  0.96438850496755990
  0.96575051521058641  0.96706041484028715  0.96825776143540121  0.96940466737076414
  0.97051287880924431  0.97158179578153891  0.97268195096380627  0.97381704656745860
  0.97502388057730449  0.97628058193825529  0.97753230051230311  0.97875575091184097
  0.97992067806065608  0.98101550608588872  0.98204113589640663  0.98301335943151269
  0.98406195417816500  0.98508994655819349  0.98611331749996700  0.98718237654112240
  0.98831077103482146  0.98935953846329105  0.99042349015197129  0.99146935819508841
  0.99246934726376412  0.99345621681883822  0.99448245225354959  0.99546370895729919
  0.99647710105122456  0.99754205767822179  0.99869046895117952  1.00000000000000000
 -0.01929433031356242  0.05984926712155183  0.11966573429242564  0.13307606378459633
  0.15020268369308523  0.17211776660428629  0.19358175434150346  0.21343230722664003
  0.22835118635903040  0.24050033627548670  0.25216395261752611  0.26424307481577280
  0.27671542028319784  0.28831472867713320  0.29823564159737914  0.30743187157575469
  0.31594181297886043  0.32418692886400591  0.33267774323128624  0.34108993513304764
  0.34956539986734070  0.35789251265210081  0.36561179321451726  0.37296239656280766
  0.37995980760358034  0.38722003296968727  0.39466354698742140  0.40161134574046153
  0.40811871959718277  0.41487662357635152  0.42188493953420980  0.42881679285988938
  0.43534137426488878  0.44160706287687312  0.44822920523134180  0.45532642862006545
  0.46290307487713106  0.47079055106960271  0.47838646604674478  0.48554379564710853
  0.49237196063016420  0.49905517869621580  0.50548486246886259  0.51159832032903452
  0.51792942508854556  0.52442302687783382  0.53081649005204534  0.53743467855109683
  0.54363623463921440  0.54960439372737990  0.55529451640415939  0.56046907638334764
  0.56584170767867492  0.57138370256917947  0.57692188621110763  0.58247391227533940
  0.58798156378907496  0.59341012027012563  0.59956946068470540  0.60637779696635941
  0.61261290344369423  0.61878759953419549  0.62435643198646673  0.63013205230444136
  0.63618418737351090  0.64209955700796828  0.64858219521913985  0.65674553226443089
  0.66503462658527990  0.67266543165509018  0.67921360960342358  0.68587870305633558
  0.69256023840270353  0.70037480900579097  0.70868989330494514  0.71720060405114061
  0.72577331663342426  0.73373474914151438  0.74088369080508154  0.74810266138272630
  0.75589987961405825  0.76274181648609063  0.76956795747940410  0.77626124436836719
  0.78415275099919257  0.79121327952181975  0.79903877313214300  0.80759218368230379
  0.82178049680483289  0.83705860751416494  0.85234310285102621  0.86757973616036044
  0.88643922524334584  0.91287670534062437  0.97928843766874296  1.00000000000000000
   3.4827892777599509E-009  -1.0000000000000000     
 F F F F F F F F F F F F F F F F F F F F F F F F F F F F F F F F F F F F F F F F F F F F F F F F F F F F F F F F F F F F F F F F F F F F F F F F F F F F F F F F F F F F F F F F F F F F F F F F F F F F F F F F F F F F F F F F F F F F F F F F F F F F F F F F F F F F F F F F F F F F F F F F F F F F F F F F F F F F F F F F F F F F F F F F F F F F F F F F F F F F F F F F F F F F F F F F F F F F F F F F F F F F F F F F F F F F F F F F F F F F F F F F F F F F F F F F F F F F F F F F F F F F F F F F F F F F F F F F F F F F F F F F F F F F F F F F F F F F F F F F F F F F F F F F F F F F F F F F F F F F F F F F F F F F F F F F F F F F F F F F F F F F F F F F F F F F F F F F F F F F F F F F F F F F F F F F F F F F F F F F F F F F F F F F F F F F F F F F F F F F F F F F F F F F F F F F F F F F F F F F F F F F F F F F F F F F F F F F F F F F F F F F F F F F F F F F F F F F F F F F F F F F F F F F F F F F F F F F F F F F F F F F F F F F F F F F F F F F F F F F F F F F F F F F F F F F F F F F F F F F F F F F F F F F F F F F
  <DiscreteSampler_grid>
  grouped_processes
  1 # 1 for a reference and 2 for a running grid.
  10 # Attribute 'min_bin_probing_points' of the grid.
  1 # Attribute 'grid_mode' of the grid. 1=='default',2=='initialization'
  0.0000000000000000 # Attribute 'small_contrib_threshold' of the grid.
  0.5000000000000000 # Attribute 'damping_power' of the grid.
 # binID   n_entries weight   weight_sqr   abs_weight
    139   10   1.329892687012627E-004   1.277054414980168E-007   1.329892687012627E-004
    140   10   1.329892687012621E-004   1.277054414980153E-007   1.329892687012621E-004
    142   10   1.329892687012627E-004   1.277054414980168E-007   1.329892687012627E-004
    143   10   1.329892687012621E-004   1.277054414980153E-007   1.329892687012621E-004
    145   10   1.962680942024686E-004   2.731356450986832E-007   1.962680942024686E-004
    146   10   1.962680942024680E-004   2.731356450986810E-007   1.962680942024680E-004
    148   10   1.962680942024686E-004   2.731356450986832E-007   1.962680942024686E-004
    149   10   1.962680942024680E-004   2.731356450986810E-007   1.962680942024680E-004
    151   10   1.436019110450908E-004   1.552912026782224E-007   1.436019110450908E-004
    152   10   1.436019110450913E-004   1.552912026782237E-007   1.436019110450913E-004
    154   10   1.436019110450908E-004   1.552912026782224E-007   1.436019110450908E-004
    155   10   1.436019110450913E-004   1.552912026782237E-007   1.436019110450913E-004
    163   10   1.416729019773776E-004   1.549785752018143E-007   1.416729019773776E-004
    164   10   1.416729019773781E-004   1.549785752018154E-007   1.416729019773781E-004
    166   10   1.416729019773776E-004   1.549785752018143E-007   1.416729019773776E-004
    167   10   1.416729019773781E-004   1.549785752018154E-007   1.416729019773781E-004
    199   10   1.804728907327133E-004   2.756989758052934E-007   1.804728907327133E-004
    200   10   1.804728907327137E-004   2.756989758052946E-007   1.804728907327137E-004
    202   10   1.804728907327133E-004   2.756989758052934E-007   1.804728907327133E-004
    203   10   1.804728907327137E-004   2.756989758052946E-007   1.804728907327137E-004
    217   10   1.423585963230115E-004   1.575238778338575E-007   1.423585963230115E-004
    218   10   1.423585963230119E-004   1.575238778338585E-007   1.423585963230119E-004
    220   10   1.423585963230115E-004   1.575238778338575E-007   1.423585963230115E-004
    221   10   1.423585963230119E-004   1.575238778338585E-007   1.423585963230119E-004
    241   10   1.471249419553063E-004   1.642889084762751E-007   1.471249419553063E-004
    244   10   1.471249419553063E-004   1.642889084762751E-007   1.471249419553063E-004
    247   10   1.442328388612578E-004   1.615833851867671E-007   1.442328388612578E-004
    248   10   1.442328388612582E-004   1.615833851867680E-007   1.442328388612582E-004
    250   10   1.442328388612578E-004   1.615833851867671E-007   1.442328388612578E-004
    251   10   1.442328388612582E-004   1.615833851867680E-007   1.442328388612582E-004
    274   10   1.329892687012627E-004   1.277054414980167E-007   1.329892687012627E-004
    275   10   1.329892687012621E-004   1.277054414980154E-007   1.329892687012621E-004
    277   10   1.329892687012627E-004   1.277054414980167E-007   1.329892687012627E-004
    278   10   1.329892687012621E-004   1.277054414980154E-007   1.329892687012621E-004
    304   10   1.643542198691278E-004   1.749713340748329E-007   1.643542198691278E-004
    307   10   1.643542198691278E-004   1.749713340748329E-007   1.643542198691278E-004
    316   10   1.645590731017083E-004   1.771792926899706E-007   1.645590731017083E-004
    317   10   1.645590731017079E-004   1.771792926899695E-007   1.645590731017079E-004
    319   10   1.645590731017083E-004   1.771792926899706E-007   1.645590731017083E-004
    320   10   1.645590731017079E-004   1.771792926899695E-007   1.645590731017079E-004
  </DiscreteSampler_grid>
