  0.00335657122744520  0.01694972574893337  0.03171676345567224  0.04568747040907436
  0.05915563118261803  0.07152101539611661  0.08395748354237666  0.09653809553882715
  0.10832783550900150  0.11914485682604910  0.13010231740070460  0.14145124157122374
  0.15265255420027568  0.16323601676506447  0.17452135757852949  0.18631887169702310
  0.19698717710553934  0.20680507188880587  0.21665047245211877  0.22640775426296422
  0.23695586826141948  0.24895405295526407  0.26172857701666985  0.27448154272430264
  0.28556780591775555  0.29650409894366536  0.30793038360626923  0.31959899772909212
  0.33090805210367691  0.34209619734985719  0.35322030888788453  0.36354020579557350
  0.37342914553497214  0.38390255860593031  0.39520715166995279  0.40668575599414158
  0.41810699309822680  0.42954256946479191  0.44053739557919863  0.45107842992284530
  0.46175528089472184  0.47252408140409824  0.48342995101349495  0.49391130026364277
  0.50462678396687455  0.51623354114917219  0.52701591030054218  0.53741896991455784
  0.54790448323381269  0.55839147063234806  0.56894728890953428  0.57897183109907213
  0.59076566829898336  0.60388899778337357  0.61489922739545799  0.62575290999596422
  0.63558737181594160  0.64482760499929004  0.65376559468608597  0.66325109964967788
  0.67310320163230564  0.68325337335109082  0.69251333779922120  0.70135782218641429
  0.71079572747521313  0.72001589451814774  0.72995671285553554  0.74000104648110876
  0.75016194066196296  0.76041089575313303  0.77009944255152551  0.77946023105888185
  0.78865950092170589  0.79804105567505323  0.80767967947196917  0.81748294378249009
  0.82757865414138643  0.83736557630214559  0.84651834890311495  0.85597661881957499
  0.86581330551126179  0.87564391027001598  0.88562696947262143  0.89590181318201767
  0.90663753172162653  0.91621874412125481  0.92497630913378281  0.93352736885071153
  0.94267618500635064  0.95209750654127012  0.96184721892454439  0.97056119055284817
  0.97828497863775044  0.98549567424099604  0.99236813173881433  1.00000000000000000
  0.00000211609582159  0.00000214843215902  0.00000221317420067  0.00000227810208298
  0.00000234706099921  0.00000241948108680  0.00000249561106512  0.00000257834911539
  0.00000265445141681  0.00000272999129938  0.00000280815305097  0.00000289174651673
  0.00000298320059543  0.00000307901651797  0.00000317978704887  0.00000328695307349
  0.00000339957348674  0.00000351526839191  0.00000363051379698  0.00000374228527681
  0.00000386286562692  0.00000398269234857  0.00000411110083317  0.00000424011197520
  0.00000436941021575  0.00000450249482031  0.00000463924284642  0.00000477467679737
  0.00000492260651009  0.00000508275733033  0.00000524754075951  0.00000541045433559
  0.00000557148808361  0.00000573363131080  0.00000590241312387  0.00000609024506593
  0.00000630401279832  0.00000651399142388  0.00000672777637501  0.00000696025274346
  0.00000722993566631  0.00000754656602514  0.00000786404711768  0.00000817962094162
  0.00000849486700168  0.00000881487726884  0.00000914492055417  0.00000948824128673
  0.00000984550143206  0.00001022297440535  0.00001060289767694  0.00001100650154841
  0.00001145461108842  0.00001190895805423  0.00001233313924644  0.00001280547692384
  0.00001332905901446  0.00001389738925505  0.00001453546130821  0.00001528003035436
  0.00001612599556736  0.00001702178316636  0.00001808801485069  0.00001923990511437
  0.00002055355166417  0.00002207999492991  0.00002371662311032  0.00002549879828636
  0.00002741625273997  0.00002958500791422  0.00003206798551106  0.00003467998594371
  0.00003757309842198  0.00004098135651402  0.00004508185291131  0.00004993217555457
  0.00005570831257915  0.00006245220474190  0.00007017728867983  0.00007952836834096
  0.00009025856059618  0.00010382822881560  0.00012069058218833  0.00014067652235046
  0.00016453805392460  0.00019854833385867  0.00024175078234843  0.00030046157279302
  0.00037827862944730  0.00048833082434703  0.00061842206999131  0.00079346587394054
  0.00112136821900314  0.00189230575106605  0.00407244469822688  1.00000000000000000
  0.00000274071075513  0.00000297270998263  0.00000319216622736  0.00000344406193776
  0.00000374152578142  0.00000399941257724  0.00000424392876991  0.00000449757795681
  0.00000480118623046  0.00000510165128150  0.00000537156435223  0.00000563208856467
  0.00000591151027241  0.00000623968795555  0.00000660668937954  0.00000700716908950
  0.00000747625690574  0.00000797458295163  0.00000846647413922  0.00000894033058911
  0.00000941627232274  0.00000992780916661  0.00001046635375479  0.00001103064540979
  0.00001165638858692  0.00001230514325591  0.00001300935828395  0.00001371798244413
  0.00001441860632223  0.00001515833203806  0.00001599929972421  0.00001690974112001
  0.00001801806454381  0.00001915399765690  0.00002030441163190  0.00002150526822030
  0.00002276559833217  0.00002406321410475  0.00002536278331814  0.00002671998506200
  0.00002804454108502  0.00002946650377587  0.00003094731947661  0.00003268518131019
  0.00003465488699318  0.00003668853628407  0.00003893913946002  0.00004126955323219
  0.00004365278475770  0.00004623134248723  0.00004889141134717  0.00005173196608479
  0.00005488433032956  0.00005838366389628  0.00006226358943094  0.00006653395674783
  0.00007128172619390  0.00007703712443508  0.00008362141212953  0.00009101607692556
  0.00009884828489912  0.00010726310148419  0.00011712940437456  0.00012801730812435
  0.00013936731847113  0.00015164289870426  0.00016325349921584  0.00017581333368987
  0.00018999278757585  0.00020498649225145  0.00022524568942895  0.00024612474087247
  0.00027116549556315  0.00030049734908207  0.00033733710678328  0.00037281379323169
  0.00041177435819593  0.00045468851978529  0.00050512364631307  0.00056037085338978
  0.00062111713113282  0.00069502432765056  0.00078391273681255  0.00088641535094564
  0.00100591365421276  0.00112705712934505  0.00124314360253635  0.00137738258474254
  0.00153590158552792  0.00173143659363804  0.00196174459010650  0.00232198041774416
  0.00304609678368046  0.00412173858393540  0.05014235981138757  1.00000000000000000
  0.00000687821784129  0.00000763678368010  0.00000826753872828  0.00000895837001926
  0.00000970482425092  0.00001059532433540  0.00001159716781052  0.00001263794426684
  0.00001373384759172  0.00001484387895995  0.00001599915011196  0.00001722479781891
  0.00001852585991126  0.00001988604861775  0.00002121618831164  0.00002263086960483
  0.00002408413149300  0.00002568344785905  0.00002733248337050  0.00002921911042039
  0.00003139156175881  0.00003368514224116  0.00003603254765117  0.00003855023449125
  0.00004132552748808  0.00004455466260716  0.00004773828355164  0.00005122271472980
  0.00005496203584615  0.00005933760090809  0.00006435623608602  0.00006994729166430
  0.00007567346815729  0.00008148231847882  0.00008771963858058  0.00009455343466904
  0.00010193924684887  0.00010892285834296  0.00011699300470142  0.00012601178369033
  0.00013677628181725  0.00014857951958217  0.00016059875562231  0.00017303241120536
  0.00018576590623982  0.00019878025321521  0.00021277967224747  0.00022825367099949
  0.00024522208820067  0.00026377816006258  0.00028496342144621  0.00030672545622887
  0.00032687080497834  0.00034991033157466  0.00037288642998010  0.00039962877218044
  0.00042871620206808  0.00046075846007249  0.00049467648903942  0.00052687570098859
  0.00056023862746989  0.00059624237832165  0.00062899791327504  0.00067477319480944
  0.00072462466473997  0.00077489081966023  0.00082641483292197  0.00088232180979984
  0.00094413811781382  0.00101448346935641  0.00109036014481827  0.00117218532646243
  0.00125634953124533  0.00134062023417725  0.00143700286169269  0.00155787154680037
  0.00169091287594689  0.00182923472955629  0.00199324769503128  0.00217717177936322
  0.00234162480014634  0.00247824658098187  0.00260340193388702  0.00275089887163639
  0.00293571934211933  0.00314824446182965  0.00335937835633122  0.00354835123008520
  0.00375925096918947  0.00404130224927052  0.00433255372607869  0.00481311083893272
  0.00563699699309673  0.00686719846262052  0.03413573184103068  1.00000000000000000
 -0.00474757619293303  0.03692927585289484  0.06879120302335001  0.09955270481984513
  0.12880656910549226  0.15410211139370253  0.17690193622551575  0.19941394534079515
  0.22253583172712521  0.24328531566291034  0.26196552299212883  0.27970586058437424
  0.29752840671331238  0.31516781230158247  0.33151019040043489  0.34744590063432301
  0.36305436077160630  0.37643060351423574  0.39069747309308767  0.40378519468450047
  0.41848053163577692  0.43241755474624205  0.44637750057414938  0.45995012074735930
  0.47346059756560305  0.48753621042034728  0.50172810528508471  0.51468252063523068
  0.52670303679953756  0.53817352723710787  0.54809415158477948  0.55637320562096215
  0.56447483318571245  0.57310289298518091  0.58251663969514067  0.59183230851941870
  0.60062760616838573  0.60962640852605965  0.61878544731735330  0.62843069655597417
  0.63699857108100821  0.64535148433201717  0.65357578045633880  0.66254177021197125
  0.67150838134661683  0.68038667735295588  0.68918748295853893  0.69790715577215423
  0.70637951893959994  0.71441908992990411  0.72217979888218276  0.72930270720709600
  0.73608484832672838  0.74279795672686721  0.74956593722083698  0.75667195224256167
  0.76391707110059426  0.77143500643244134  0.77917768799553333  0.78686796198575304
  0.79407420367295611  0.80077239017693913  0.80707276210235412  0.81321990298057834
  0.81951412461739970  0.82574602537317188  0.83161548132906127  0.83758422027888269
  0.84314734773792277  0.84915089757027895  0.85527064740733150  0.86154506174642298
  0.86793578657999282  0.87434709523071164  0.88095697678210305  0.88775944305808452
  0.89454678732002368  0.90110810791800533  0.90733617711815484  0.91348963411172679
  0.91955721692620196  0.92548926431508982  0.93182379819466488  0.93777478675377823
  0.94307846660452865  0.94826158969425234  0.95360157090324504  0.95878141095426717
  0.96407333160471820  0.96956379877972343  0.97500943166478438  0.98066457181328481
  0.98543771235319388  0.99037050230470303  0.99517592784571729  1.00000000000000000
 -0.00242374718523438  0.01206221343092904  0.02411965130188006  0.03520229768269883
  0.04479068268856243  0.05401934457866095  0.06344349449509180  0.07377449297960437
  0.08459337569031923  0.09528803575207649  0.10584700627443656  0.11660582556394808
  0.12692978277915004  0.13748801759348403  0.14798356351422051  0.15729470870821657
  0.16650228316309768  0.17608688898713962  0.18674566736989240  0.19793424949455701
  0.20932026399936784  0.22118394128431232  0.23318695184380606  0.24436503978136859
  0.25604487289189853  0.26727038969606803  0.27780852981518672  0.28802693706878157
  0.29840765199731323  0.30886677789871586  0.31937452321568816  0.32978380246132405
  0.34040827710411015  0.35155593950896474  0.36310935348767609  0.37508780061532743
  0.38753310050969464  0.40069277732930014  0.41397601229764880  0.42594791756175571
  0.43688845639951512  0.44731514146915691  0.45836854761939211  0.47024425973021383
  0.48242463135125585  0.49452321956877204  0.50674264364583355  0.51914899267237880
  0.53087774062003978  0.54230090991075031  0.55198643642373979  0.56115411585877439
  0.56996352323449062  0.57893055890335388  0.58848073848437188  0.59772423649750217
  0.60733382807655278  0.61777062154345375  0.62877577887421465  0.64043718949525452
  0.65211889133489032  0.66367197998123828  0.67468035359112788  0.68561117746631695
  0.69659746178294091  0.70751748354119359  0.71830880144417142  0.72867922189001255
  0.73825443562484616  0.74757960023364778  0.75564358441634016  0.76397026379051614
  0.77231172004375137  0.78043475361749448  0.78914580318291327  0.79742088325875438
  0.80668486069037149  0.81644739441212777  0.82598016526475293  0.83546456148249570
  0.84341015509803896  0.85237110516385861  0.86218567184846262  0.87316612771968072
  0.88392770998152337  0.89487722517631907  0.90555166160641865  0.91646292385251604
  0.92609453837449673  0.93615864534814497  0.94618913533831006  0.95637197542523866
  0.96685585624452897  0.97766285872349934  0.98913152882279753  1.00000000000000000
  0.00321760969281111  0.01136985494847925  0.01786864119470237  0.02489836773862820
  0.03215703613573792  0.03975941854483596  0.04759481805535739  0.05479894955849662
  0.06255342524320504  0.07029031839064341  0.07794180258242817  0.08566623628949410
  0.09331448577243158  0.10101333080403943  0.10913256001084432  0.11757639290044347
  0.12651179159729753  0.13576498294545059  0.14541028851143420  0.15606301507567868
  0.16738835408262168  0.17941619218216870  0.19033801787231550  0.20024589420159764
  0.20967099752518262  0.21948525186591133  0.22959095153930026  0.23946535975251673
  0.24898842446718580  0.25917926927259355  0.26893757512153199  0.27841795674214453
  0.28817365161672776  0.29885451957358461  0.31154542157218135  0.32503519160256344
  0.33881572426947543  0.35256200170466284  0.36640470501473460  0.38006943977600677
  0.39334434373625715  0.40687675645099614  0.42026258337349204  0.43366899638295991
  0.44830436564723558  0.46414348660450011  0.48022388242726355  0.49419175633199297
  0.50800071393072399  0.52120508470102545  0.53393389321491513  0.54465240768707490
  0.55638658263505725  0.56792393474486225  0.58007246121631728  0.59332678336921341
  0.60707482444452965  0.62355210041223508  0.63775118960662136  0.65130500222516374
  0.66330170330185367  0.67489818536774204  0.68630711573752412  0.69971714962788600
  0.71333734154242845  0.72609411762106768  0.73787423698828702  0.75000505359873249
  0.76103193291615701  0.77286638413307385  0.78354780262816537  0.79358806469069720
  0.80303889476606172  0.81274640343143234  0.82196263935883762  0.83206911095491254
  0.84161213803382717  0.85134039672728756  0.86076155945673372  0.87066135862450922
  0.88012498369743364  0.88940246328361872  0.89860586603576387  0.90710437824096624
  0.91610437035544645  0.92398589771681316  0.93187505102059143  0.93911547730142941
  0.94648186877470752  0.95439913013871058  0.96222792772198062  0.96990493941291178
  0.97740455274078031  0.98495335712283061  0.99254541555266729  1.00000000000000000
 -0.00224898269483855  0.00795513686722665  0.01639490983653272  0.02627122965260025
  0.03704809760568483  0.04848134579524772  0.06003681852814649  0.07197195873688254
  0.08404570909833851  0.09556815259223664  0.10658195084645349  0.11775900896450403
  0.12862244266084757  0.13915046978619525  0.15016296897094322  0.16180333382886850
  0.17262589935469619  0.18333368107486295  0.19435642818854879  0.20608413814953824
  0.21737163354184064  0.22857090914523001  0.24042591021137408  0.25291209173073231
  0.26578536421367899  0.27852029086773772  0.29046471673219471  0.30226713010910611
  0.31350851008263986  0.32454074590966325  0.33581454489937979  0.34661843931831982
  0.35660619565074714  0.36562112693324100  0.37403514967048490  0.38299803014367539
  0.39172577846634016  0.40139048624215529  0.41083592611274306  0.42074604857950731
  0.43098382337906488  0.44232767830096370  0.45343652520260130  0.46471604162794422
  0.47608876770156777  0.48795075347384748  0.50013964530584099  0.51128195817944155
  0.52144961692539493  0.53054251057763591  0.53957814031007079  0.54815682643788510
  0.55770696948143139  0.56703687865444941  0.57668929113958911  0.58601154509240772
  0.59502849229942145  0.60348550274041068  0.61225101912902946  0.62068014882856037
  0.63049487017153127  0.64135661905346086  0.65299258221972367  0.66473937660097582
  0.67596854961271957  0.68680289660484717  0.69701214757841390  0.70675123804978002
  0.71724291488737346  0.72853992484542784  0.74108021414990799  0.75398249134099637
  0.76618188918519448  0.77547680069749059  0.78349974465605099  0.79149896584291557
  0.80133610577976699  0.81181816619305736  0.82198363547339581  0.83169667407156023
  0.84142787567347221  0.85098536108390443  0.86126322858029580  0.87209832423062617
  0.88359281823905378  0.89416451097652694  0.90459589773695337  0.91572681196017569
  0.92624196166825068  0.93719500341734052  0.94828289236556607  0.95961080028064649
  0.97064304500517762  0.98069258065127285  0.99033710985388690  1.00000000000000000
 -0.00253081524116966  0.00931171219997977  0.01939468808459002  0.03000708503501394
  0.04148407292370926  0.05394353605934083  0.06642228305927411  0.07752614989335378
  0.08734143057268826  0.09659892243909286  0.10553480141341109  0.11617871881119574
  0.12698768112592260  0.13789736787395507  0.14971281720009769  0.16251477303421133
  0.17389173219328807  0.18306960811911413  0.19233726888457095  0.20184083105425565
  0.21074711816674030  0.22125141068491669  0.23112350810267795  0.24126245252634329
  0.25197186094970991  0.26271298580661068  0.27288278728340076  0.28236434078262462
  0.29199614080672209  0.30350852783759430  0.31545952992914328  0.32616071649890799
  0.33586055570613915  0.34435457890019644  0.35280852847807515  0.36164349555840464
  0.37318606121719811  0.38446360986465022  0.39433415883420786  0.40354019177927564
  0.41356567626983221  0.42491100481801070  0.43652659524337878  0.44872282061236474
  0.46092135354883712  0.47323071913241610  0.48476787474033572  0.49526620076565198
  0.50552602353114295  0.51614648235189764  0.52704677918382214  0.53777080768544949
  0.54833827882055608  0.55920618800774580  0.57087789275400103  0.58307952453189715
  0.59468327308205693  0.60554897868634072  0.61601626827153699  0.62626198142846101
  0.63630273044375751  0.64641675972128765  0.65746268855047241  0.66880512112416823
  0.68067394446526486  0.69247128878184105  0.70364949004676247  0.71444157562599997
  0.72540316096380775  0.73619102335866204  0.74606039557340698  0.75583722162280587
  0.76541901202850149  0.77474836053758134  0.78398667626117990  0.79302644186425630
  0.80298757656985897  0.81344105901611385  0.82390333009911565  0.83447112561059300
  0.84478539050151669  0.85523721550342080  0.86560986401131701  0.87580799830180511
  0.88636939365291045  0.89717303720388697  0.90777281742952465  0.91873894054663463
  0.92926951689008319  0.93971219002831974  0.95022318117731419  0.96112582399665369
  0.97197321987923935  0.98213861760951948  0.99127952481462145  1.00000000000000000
 -0.00003068430065149  0.00030489862175257  0.00062343988503889  0.00085864458562282
  0.00100827525068982  0.00115498088517371  0.00129630589913619  0.00143328720239317
  0.00156672489028492  0.00169864308847443  0.00183267141354959  0.00196892510263599
  0.00210806160385356  0.00224445518851716  0.00237802334114596  0.00251057886261425
  0.00264486955047053  0.00278366713835795  0.00290912270603980  0.00302936363453624
  0.00314681876246632  0.00325705118411435  0.00337355251212215  0.00349394351172346
  0.00360834163303303  0.00372657189981755  0.00384454374464516  0.00396098304219388
  0.00407469377972904  0.00419205880599765  0.00431342087752208  0.00443362023731554
  0.00455409698604376  0.00467535637007138  0.00480045588394966  0.00493593833313080
  0.00509506808891750  0.00528835708278220  0.00547412295588194  0.00567120560763292
  0.00585391821540014  0.00604344852752436  0.00623818186228283  0.00643341327683888
  0.00663270534030711  0.00685041412486504  0.00703539765494350  0.00722757613906866
  0.00742522315057545  0.00762416421770877  0.00782111385873281  0.00801720338900341
  0.00818452606478808  0.00835105944885904  0.00852485559645368  0.00869931689081180
  0.00890489838649086  0.00911973530017663  0.00935198192508311  0.00959966767673460
  0.00985844435430381  0.01012489120648775  0.01041045721873870  0.01070685124212950
  0.01099858734721588  0.01129705873637451  0.01161331139567199  0.01184830785921444
  0.01209361183055277  0.01236842854262712  0.01273259321875079  0.01313798612672058
  0.01342213941988571  0.01368203385090263  0.01392823820373689  0.01416628428399051
  0.01465450103967455  0.01547363123752171  0.01601947003275531  0.01637971451939325
  0.01662876533824473  0.01684599925331722  0.01705479695203135  0.01731913995861668
  0.01772421861144547  0.01808817108418179  0.01831466495630478  0.01854098595220553
  0.01889517374776390  0.02050738044833550  0.02202011276911223  0.02446342552105017
  0.02849516635966318  0.03951263916689678  0.62808160347580477  1.00000000000000000
 -0.00181045375147566  0.00848810095776071  0.01772083319267952  0.02824277337997334
  0.03934429257404316  0.04929535717957727  0.05804698398572325  0.06663112334353270
  0.07527517182774181  0.08434526929344840  0.09402420713948378  0.10377201163811720
  0.11316795875296272  0.12197275684143358  0.13104168563405907  0.14014557227019150
  0.14911746826497785  0.15763707744823510  0.16633731540156632  0.17574790358422829
  0.18541256758488811  0.19456967957393626  0.20343202546464140  0.21256651552254074
  0.22216554389978876  0.23195976087657530  0.24218228126984681  0.25322377455589751
  0.26482953889364674  0.27649099861657289  0.28762871734959883  0.29844415345603242
  0.30984540060572474  0.32223702223224027  0.33513522075317553  0.34710033111625815
  0.35843198515404362  0.36933757386314908  0.38026575871258494  0.39103230884100287
  0.40155066441536458  0.41096245919874835  0.42012732932247177  0.43012759744053120
  0.44079094481998599  0.45228176161458994  0.46294014929100930  0.47359801923233652
  0.48405891621655966  0.49443095908019596  0.50482871955323083  0.51544918717150023
  0.52618094400819704  0.53705486086531751  0.54803709487715246  0.55913541886815055
  0.57062205482064521  0.58162301942494354  0.59328497929036939  0.60469107074621875
  0.61622214995864555  0.62866794092538503  0.64234903423157352  0.65467536650339020
  0.66624348615597551  0.67739137807643679  0.68896984848977649  0.70075875081795458
  0.71289473842865481  0.72518819333270368  0.73765648812482221  0.75018220968569127
  0.76184086818680508  0.77267490088711077  0.78311126803949938  0.79337079332674809
  0.80396279429616480  0.81542140775053962  0.82788064393320515  0.83945730900637816
  0.85033421243943630  0.86143477174556649  0.87233093901280734  0.88372586950140275
  0.89526657998806147  0.90461390232808314  0.91257205787183604  0.91993713005007838
  0.92712760733055044  0.93596717455409162  0.94604144470846174  0.95571964410019339
  0.96641742475826720  0.97730123788956846  0.98873553481469556  1.00000000000000000
  0.48175566799977709  0.51730694095661622  0.54199261048078484  0.55772828885546555
  0.56569526792294134  0.57595524870050219  0.58437534689742865  0.59207714729353389
  0.59980054203312816  0.60782041427267086  0.61659983850970634  0.62549535369604381
  0.63473168371004096  0.64364199619925844  0.65171100236670709  0.65922207322946791
  0.66623218997415179  0.67272691659298378  0.67957756411786940  0.68648834353357557
  0.69229034205949169  0.69744186143014442  0.70289651110000850  0.70887559482499818
  0.71561737347635923  0.72228574368274545  0.72820020472025371  0.73363255069198852
  0.73917412918573289  0.74415759296496109  0.74837261987469306  0.75254541288535048
  0.75687253856239178  0.76175122417656060  0.76688448474648341  0.77275664305236025
  0.77812144062774014  0.78303266680672379  0.78756052742165661  0.79194005841225890
  0.79627688452649381  0.80043555471094974  0.80431921456126865  0.80816129500185396
  0.81219276520179540  0.81676548060025089  0.82129933054585869  0.82586170111041679
  0.83057447402620699  0.83514469730314211  0.83936930946462007  0.84346147725154319
  0.84747767468677715  0.85145069867985068  0.85559922924962140  0.86003211915321121
  0.86453190564000559  0.86885953857728926  0.87295961751151452  0.87691183074466017
  0.88082379330051153  0.88470458458578372  0.88849284311918963  0.89217349575885463
  0.89591513246181864  0.89983701602816768  0.90399924196897052  0.90803263365714670
  0.91187779565658700  0.91566391346058029  0.91918907917575010  0.92240487418256434
  0.92536512082880895  0.92828737047658560  0.93102771754223357  0.93378868467736986
  0.93666397678674185  0.93965734750099872  0.94269447998504807  0.94563591501016153
  0.94861211748527996  0.95162976859513171  0.95466300955722161  0.95811891261454907
  0.96154914350163834  0.96491940142621624  0.96820510877688615  0.97145861554192048
  0.97475636672231569  0.97812495972103941  0.98157027681138054  0.98494499701393823
  0.98843481614155959  0.99205037433774057  0.99590349161729097  1.00000000000000000
 -0.00865537456817975  0.19034090044306928  0.21799881775672991  0.23981901433059397
  0.25914235605188368  0.27701429774461617  0.29375482925134971  0.30988067031489336
  0.32396339563148285  0.33649911179584929  0.34839951382350826  0.36005516533913173
  0.37153777065892496  0.38292389445267455  0.39397624442094120  0.40497044828365464
  0.41534844506255464  0.42585738311224869  0.43553685816477083  0.44477027803555713
  0.45328345077017912  0.46196974923866890  0.47039348285766253  0.47877042421366883
  0.48675820562589339  0.49444375488922127  0.50180840028717355  0.50868654317424955
  0.51566050246644146  0.52264828075886371  0.52910238902286044  0.53556175507881998
  0.54163617741257475  0.54771830081369466  0.55376028052198722  0.55977621273471356
  0.56570158957114691  0.57127667422869854  0.57656908974212695  0.58177538544122720
  0.58696559147816507  0.59240274057119147  0.59825884672329865  0.60388533710875969
  0.60903944521182340  0.61391742858402876  0.61871610043029190  0.62377027460481038
  0.62910929892048739  0.63478149375493043  0.64027993648867898  0.64581531350984955
  0.65135878549346360  0.65680964051923685  0.66215862771965683  0.66736464325204159
  0.67242595280499751  0.67736974427705199  0.68197369842751021  0.68620721059988465
  0.69076055866082609  0.69542081317581184  0.70025513537196649  0.70530592364920464
  0.71032494770979326  0.71549918367771226  0.72063925342425972  0.72600340938787133
  0.73150947814699530  0.73703910258437544  0.74241340988312976  0.74784729559905894
  0.75360985758625043  0.75942697372250512  0.76482793908002733  0.77035840127572408
  0.77586521331009906  0.78061748140941889  0.78467311998754552  0.78876424965588721
  0.79287416404694167  0.79704328298015481  0.80225120944823203  0.80644997658172435
  0.81076695213249150  0.81574517856830420  0.82066729079236500  0.82542755303394710
  0.83117570610543678  0.83758077513649243  0.84466850454124054  0.85397382304201397
  0.86715549473616083  0.88156845273095530  0.98492929307363475  1.00000000000000000
   8.2492106368929478E-006  -1.0000000000000000     
 F F F F F F F F F F F F F F F F F F F F F F F F F F F F F F F F F F F F F F F F F F F F F F F F F F F F F F F F F F F F F F F F F F F F F F F F F F F F F F F F F F F F F F F F F F F F F F F F F F F F F F F F F F F F F F F F F F F F F F F F F F F F F F F F F F F F F F F F F F F F F F F F F F F F F F F F F F F F F F F F F F F F F F F F F F F F F F F F F F F F F F F F F F F F F F F F F F F F F F F F F F F F F F F F F F F F F F F F F F F F F F F F F F F F F F F F F F F F F F F F F F F F F F F F F F F F F F F F
  <DiscreteSampler_grid>
  grouped_processes
  1 # 1 for a reference and 2 for a running grid.
  10 # Attribute 'min_bin_probing_points' of the grid.
  1 # Attribute 'grid_mode' of the grid. 1=='default',2=='initialization'
  0.0000000000000000 # Attribute 'small_contrib_threshold' of the grid.
  0.5000000000000000 # Attribute 'damping_power' of the grid.
 # binID   n_entries weight   weight_sqr   abs_weight
    10   10   2.740923363299721E+001   6.812775024838428E+003   2.740923363299721E+001
    11   10   2.740923363299715E+001   6.812775024838401E+003   2.740923363299715E+001
    16   10   2.740923363299720E+001   6.812775024838425E+003   2.740923363299720E+001
    17   10   2.740923363299715E+001   6.812775024838398E+003   2.740923363299715E+001
  </DiscreteSampler_grid>
