  0.00000209929134832  0.00000231498282945  0.00000241592864256  0.00000250553005467
  0.00000258248710215  0.00000265147512205  0.00000272313405780  0.00000279521379482
  0.00000286289998112  0.00000293391513341  0.00000302033377576  0.00000311871212471
  0.00000322134809123  0.00000333784811420  0.00000344689060457  0.00000355655086196
  0.00000366468357220  0.00000377729823985  0.00000390312886269  0.00000403978781784
  0.00000418377467242  0.00000433230513813  0.00000448099212804  0.00000462823907534
  0.00000476770461414  0.00000491531510349  0.00000506466264168  0.00000520977396500
  0.00000535095341783  0.00000549440119418  0.00000565432824697  0.00000580311371019
  0.00000598521020129  0.00000618701417336  0.00000640024989946  0.00000661962506116
  0.00000683885644053  0.00000705915665070  0.00000730223579448  0.00000756363521794
  0.00000784923851957  0.00000814833946377  0.00000845359879319  0.00000877541937508
  0.00000909159348824  0.00000944757974547  0.00000982467817876  0.00001022288542431
  0.00001063753013644  0.00001108226294138  0.00001156518014217  0.00001206924809157
  0.00001261041349333  0.00001318439937669  0.00001384132958981  0.00001437296476260
  0.00001493604520268  0.00001553468181864  0.00001618263157689  0.00001698015007185
  0.00001785417021985  0.00001876475835823  0.00001972864383902  0.00002078338707636
  0.00002194981490944  0.00002318414965931  0.00002472477036980  0.00002643791134964
  0.00002836020310220  0.00003033470341114  0.00003261480055807  0.00003518822061246
  0.00003800356879863  0.00004116634148980  0.00004486989762959  0.00004933411067264
  0.00005449366685490  0.00006037151011352  0.00006730548120271  0.00007509650783103
  0.00008337317793650  0.00009356099500928  0.00010606997040949  0.00012232021596593
  0.00014002601591491  0.00015957303691773  0.00018119691343109  0.00020758618318979
  0.00024356890023443  0.00029507181875406  0.00037617837893781  0.00051206698045773
  0.00073722640961128  0.00110935708001626  0.00187904011545266  1.00000000000000000
  0.00001500955795937  0.00001542427828824  0.00001584140511810  0.00001636791192145
  0.00001697289245390  0.00001765841813224  0.00001842693603169  0.00001911160758576
  0.00001967142401966  0.00002034095758152  0.00002104638837698  0.00002181063523370
  0.00002274905360837  0.00002366643146760  0.00002465977145905  0.00002568125767850
  0.00002665543905303  0.00002775820687945  0.00002900801671893  0.00003025783697659
  0.00003163694007340  0.00003315260379236  0.00003465961993502  0.00003616485886873
  0.00003775346172666  0.00003943832817221  0.00004124444013437  0.00004330739127710
  0.00004590277385067  0.00004840109050270  0.00005111475235519  0.00005410404608513
  0.00005725435183467  0.00006117557913011  0.00006545449915574  0.00007020515851333
  0.00007538715011214  0.00008098752076793  0.00008681576417121  0.00009294767538582
  0.00009944258660069  0.00010644827178520  0.00011389526754790  0.00012207025984843
  0.00013124005964966  0.00014157111356027  0.00015400070477945  0.00016743053555567
  0.00018249636857599  0.00019673645778197  0.00021152549603398  0.00022704577542526
  0.00024498813418769  0.00026523077120859  0.00028695034877763  0.00030890193212119
  0.00033010757758418  0.00035260451389256  0.00037805187986821  0.00040698245150737
  0.00043833978148785  0.00047440290959859  0.00051981233909994  0.00056921229452110
  0.00061800790914873  0.00066798374587631  0.00072530530302331  0.00078856652744640
  0.00084855079953772  0.00090534575096947  0.00097674761345726  0.00105389945959485
  0.00113781825631584  0.00123417727070768  0.00134474377228143  0.00146817315232799
  0.00158681315739135  0.00170554019512061  0.00183298250982654  0.00194152278907267
  0.00208046751668165  0.00227282437474902  0.00248832811818499  0.00281803311760615
  0.00333488965296515  0.00413328767568921  0.00524412507702631  0.00628751311276518
  0.00720580582858589  0.00818538105973027  0.00997976948415485  0.01343174891217891
  0.02017354608024486  0.03049826911727306  0.58281538107398911  1.00000000000000000
  0.00084423369042506  0.02804731526644669  0.04760154295778316  0.06202421849856044
  0.07509777109111988  0.08906308372121809  0.10219137982125447  0.11400060074746321
  0.12449149069866328  0.13488386971546323  0.14522344003595977  0.15633637726161317
  0.16735891391962801  0.17832920218464030  0.19005278968850906  0.20254010695154412
  0.21516994226706673  0.22786334606293152  0.24031919068080118  0.25252333687197093
  0.26382156158206349  0.27517345305494906  0.28579969982707309  0.29651061693100722
  0.30728010857833765  0.31895245882230533  0.33122850986389346  0.34369450327192647
  0.35509416263301685  0.36506935115484312  0.37444171702210949  0.38378422461125578
  0.39262374019589180  0.40089437949453138  0.40929341208813597  0.41889842626435048
  0.43154116914515206  0.44362796820963485  0.45525447996532759  0.46672882557238959
  0.47880392560324597  0.49086039612725296  0.50175094233153084  0.51131975235839466
  0.52061102882221755  0.53053089325391400  0.54073561192998121  0.55137533655180959
  0.56235743767452995  0.57405166530994101  0.58524004591634926  0.59555235316438582
  0.60583588607559713  0.61599188282724326  0.62603614313318467  0.63629715708916423
  0.64522019273190667  0.65350946669446397  0.66156909350657633  0.67038757441484043
  0.68030846572214698  0.68971528254177328  0.69890712335455296  0.70820866607377120
  0.71759100421481092  0.72761293736366550  0.73855995857017831  0.74834257163329987
  0.75836406407087964  0.76782655642977138  0.77850946123917386  0.78954112005554844
  0.79887243593036261  0.80880315370840294  0.81905450173483152  0.83034202310262561
  0.84077249536609155  0.85070159294153003  0.86057973252589137  0.87024216575374369
  0.87978432643735938  0.88915461188576117  0.89792377920922684  0.90632708108639926
  0.91424939406752093  0.92237651667654330  0.93195617170097977  0.94209314196164351
  0.95206410791273943  0.96060071417882564  0.96777592355628250  0.97453486624591978
  0.98113183732856535  0.98792231756006088  0.99152110313771702  1.00000000000000000
  0.00000379432625572  0.00000632751834104  0.00000791517600126  0.00000929421726618
  0.00001078377962204  0.00001218989629064  0.00001347715419648  0.00001486594399464
  0.00001655273173395  0.00001873329676355  0.00002121997802024  0.00002393091066212
  0.00002699155374513  0.00003022987897084  0.00003420095928770  0.00003862173021897
  0.00004332980473426  0.00004864512832129  0.00005472278998708  0.00006226371828985
  0.00007151991341382  0.00008131478780306  0.00009082341292876  0.00010055640146700
  0.00011018415179913  0.00011989484667423  0.00013038057588566  0.00014117919503069
  0.00015277415413216  0.00016549172479986  0.00017853208407224  0.00019102251627427
  0.00020399510773995  0.00021779574966775  0.00023317583629514  0.00024788113057179
  0.00026461163070182  0.00028204832181907  0.00030104416498262  0.00032239388480825
  0.00034057776769653  0.00035701390014378  0.00037311941558666  0.00039206705511023
  0.00041474328848918  0.00044141434489502  0.00046711693527462  0.00049272080485581
  0.00052170269997978  0.00055337365778809  0.00058535368633509  0.00061567583752769
  0.00064505233143179  0.00066788957002438  0.00069187129521103  0.00071618342016942
  0.00074421444801930  0.00078050658219403  0.00082111728570206  0.00087067005273566
  0.00091485033406845  0.00096991108001758  0.00102194987037037  0.00107707628447227
  0.00113597266789598  0.00121361342258687  0.00129958361435405  0.00139380624761839
  0.00147386779603826  0.00154328747602160  0.00161600066720853  0.00171495764801531
  0.00181001969541506  0.00187322717959947  0.00193058212845103  0.00198559810659772
  0.00204516202531152  0.00212405578829915  0.00223309420874975  0.00234420329624436
  0.00246953248189703  0.00261556785342638  0.00278111032885229  0.00310822647267121
  0.00355498105426280  0.00400026752004563  0.00441415385690505  0.00503796719594363
  0.00570281974555939  0.00666024492647767  0.00774826608548941  0.00874560219720238
  0.00968597005107586  0.01143320501920420  0.11681988366726598  1.00000000000000000
 -0.00329857071502603  0.01349347926349529  0.02783618760920255  0.03846078812341582
  0.04828158885741395  0.05797608894617806  0.06877418917179540  0.08122505297080165
  0.09348915796387097  0.10677417926199551  0.12161689817956638  0.13530616195390341
  0.14734623393847268  0.15878031158755967  0.16938981690397278  0.17911132191761464
  0.18876379561832743  0.19883685680752139  0.20951968406805591  0.22032885741976568
  0.23060807205018813  0.24036016941701441  0.25031029684366302  0.26057686544433623
  0.27022793032389519  0.27943638906639179  0.28858898036719588  0.29744639422420455
  0.30620885181871932  0.31558837494647435  0.32516796398808467  0.33515812604226625
  0.34539151624468978  0.35606460764290682  0.36697291430033852  0.37774579511215428
  0.38879823919386347  0.40043776333626840  0.41160281899691858  0.42281527981737926
  0.43391514459589769  0.44354549993421871  0.45170958403318401  0.45945570311014278
  0.46798181906730457  0.47743126151201282  0.48692723401138671  0.49588746922030136
  0.50478683815982128  0.51387486899363133  0.52365524481045223  0.53240664396043214
  0.54137765415795169  0.55015851708882213  0.55898871519960747  0.56850026009842336
  0.57810713171009442  0.58756506976276068  0.59688955940610122  0.60653536272789454
  0.61685835490207463  0.62749535487176478  0.63736098697994625  0.64640242209352006
  0.65502264910886143  0.66514649533812409  0.67691615506826597  0.68882299796120994
  0.69936943221437708  0.70896991250707164  0.71796947462177307  0.72768981781917885
  0.73715383119201738  0.74713253967437865  0.75802257766611236  0.76982494792880318
  0.78202349413395422  0.79402624843066583  0.80510690933719009  0.81567510717641778
  0.82687689487295046  0.83898305388007466  0.85178687331297454  0.86405641970724945
  0.87643420830122976  0.88830959119457054  0.89953158084399809  0.91055009537441112
  0.92111536363796087  0.93153999071988858  0.94192958892835099  0.95265370054882947
  0.96343877925868437  0.97473980942395966  0.98765687277081127  1.00000000000000000
 -0.00257164366686950  0.00903571768986949  0.01926199784270996  0.02968524571792605
  0.04050463142120044  0.05164429196159567  0.06317645565481368  0.07457409466311782
  0.08565938135115823  0.09604043641912098  0.10651244757990398  0.11730908173830036
  0.12833700414069710  0.14000619535743133  0.15082229792164367  0.16171298051951088
  0.17269778567194274  0.18259972940736180  0.19102448966403937  0.19900700773451005
  0.20689747246725093  0.21543851802526456  0.22513938306834452  0.23554366768512791
  0.24730296029354534  0.25892936864662014  0.27006777101197288  0.28028223872969532
  0.29071733967668378  0.30075572789067123  0.31012486331782502  0.32011626541806953
  0.33038944035158574  0.33940022664847608  0.34827392560696185  0.35667972711608475
  0.36598580637565337  0.37566863430416919  0.38529563642595493  0.39489224375210225
  0.40466356199271797  0.41484491941002816  0.42490953001748838  0.43547993109825561
  0.44694674019598579  0.45834228499572122  0.46878056755605146  0.47921717648531159
  0.49046288881723044  0.50187339934701480  0.51245855639764848  0.52218264397483660
  0.53171009439821515  0.54060186555300782  0.54976377393658082  0.55889202233366386
  0.57049249168214511  0.58163879833891852  0.59285506020666234  0.60465007767615975
  0.61469643364209603  0.62554679535092494  0.63619919119609547  0.64743733116401680
  0.65855229977092455  0.66892421252654277  0.67900380513118253  0.68925152801191469
  0.69935333734586758  0.70910645931181904  0.71991150043705465  0.73152953616000294
  0.74371323904765918  0.75632387761048792  0.76835813152600352  0.78001358632954498
  0.79154001915958383  0.80305482052616861  0.81441427862516624  0.82521821760674352
  0.83568196254002736  0.84675171645165481  0.85723329383549218  0.86618311555854854
  0.87502323405219062  0.88473462877862241  0.89394769625716497  0.90269322832289411
  0.91071009023348393  0.92090598672415636  0.93408859877504646  0.94863138062407693
  0.96168410712456320  0.97397517510314913  0.98599246195008849  1.00000000000000000
 -0.00046366761193046  0.00133204286798818  0.00443086070013491  0.00719181793216564
  0.01036516332764959  0.01482382325759271  0.02011345842734215  0.02542614780181829
  0.03032111170056520  0.03552045499730802  0.04108639833119376  0.04649951731298465
  0.05199486901933886  0.05751364374424980  0.06442031415858195  0.07410488216467624
  0.08431409289648469  0.09417025836750224  0.10292186893965048  0.11146612269257986
  0.11990617406320453  0.12898561572895295  0.13890279919585710  0.14926761155556309
  0.15968861590829422  0.17030708056863672  0.18117965123178459  0.19381024979930392
  0.20693380582516782  0.22054119985808876  0.23369203824673254  0.24592151617305047
  0.25822255376252279  0.27101502433613056  0.28427602560447351  0.29957783633940294
  0.31616813533687127  0.33261387914489743  0.34744915161556222  0.36174333971617584
  0.37554151179458484  0.38744071622561393  0.40103223548327382  0.41557518258938669
  0.43216672454101840  0.44918081810073962  0.46516362422514812  0.48165482462338211
  0.49960937551782075  0.51600019459148738  0.53139942809141483  0.54665781279232695
  0.56252669203248218  0.57949653298995762  0.59570316121856359  0.61208135361265803
  0.62731195572045273  0.64300613397291329  0.65936903713211470  0.67668602018968449
  0.69306325305510375  0.70805223872645717  0.72093275084024966  0.73260041695108025
  0.74342062604821946  0.75392278983947003  0.76469627680911589  0.77649951982071563
  0.78864912419605049  0.79952100418877559  0.81047400334165187  0.82106907033462662
  0.83270350965096096  0.84174546788977234  0.85053764169432666  0.85871385995525473
  0.86689715376414411  0.87517659561880723  0.88357014808343026  0.89224496779976570
  0.90072999862865866  0.90848414857409343  0.91573856369852780  0.92268871546165143
  0.93030281898283107  0.93823265641003473  0.94567824881123619  0.95310211587479510
  0.96001713935336341  0.96557035966846927  0.97135128780526081  0.97710248642196462
  0.98261777200110512  0.98853609940329934  0.99437872838719310  1.00000000000000000
 -0.00226105374732463  0.00782141327541257  0.01771253227529153  0.02964667176798933
  0.04304599541671952  0.05668805307856390  0.06940221158121435  0.08171926078982406
  0.09408194834627251  0.10645286866643149  0.11892304797978059  0.13033380320227075
  0.14069468460851703  0.14996869471625401  0.15908048552227630  0.16829964278579812
  0.17861792842550772  0.19020662365327343  0.20225044949216714  0.21339211852188075
  0.22346809765301617  0.23388327911484083  0.24559567669925994  0.25833841744374025
  0.27173628993539611  0.28528253504138207  0.29798767870399617  0.30976861460381117
  0.31981567354315571  0.32903744117762318  0.33819942445278733  0.34795374492818265
  0.35863658231276219  0.36917102831600751  0.38011245658171267  0.39193361050192149
  0.40471419100018208  0.41718367003790491  0.42832024024552617  0.43848223796014901
  0.44710571992129483  0.45551766308576502  0.46400927838390266  0.47307926399812911
  0.48409228616726607  0.49559005991348404  0.50674165986565101  0.51750247250479497
  0.52832668352220569  0.53905098508476013  0.54946979550197328  0.55962103554395026
  0.56969651905896423  0.57949855841472697  0.59021233425738751  0.60163907425755003
  0.61221032987250823  0.62232740540589770  0.63195955903849910  0.64029340364156595
  0.64774417717366750  0.65508621185121507  0.66278381236526740  0.67078281611592461
  0.67899443628004297  0.68771747558120144  0.69750593529596761  0.70851056210830221
  0.71855471851909569  0.72805581070685266  0.73733869109897321  0.74734364586607727
  0.75822525182632450  0.77004589657893463  0.78208217886933906  0.79303310584565279
  0.80327487492059768  0.81351583667365113  0.82424123440735475  0.83528970846649853
  0.84598658483433486  0.85709439488662109  0.86925554421740137  0.88111765266125741
  0.89213357083284406  0.90268942478451786  0.91217135683160688  0.92081010213178849
  0.92899352692991122  0.93753961055052093  0.94698509377867224  0.95608247198534224
  0.96653766453466006  0.97780654171942538  0.98916685382137959  1.00000000000000000
 -0.00435590919936127  0.02374875459623126  0.04638031762145787  0.06953075738797557
  0.09537281899739666  0.12201650433576736  0.14548565214567269  0.16656693086492941
  0.18625612552630585  0.20309421582143700  0.21784171760230694  0.23287143228436996
  0.24954903466251377  0.26772660507344204  0.28437725839398603  0.29856586218717923
  0.31084566093806887  0.32181422012719219  0.33295988254147824  0.34469705275019030
  0.35572420487285894  0.36610196343656892  0.37696284571098654  0.38961849621732703
  0.40377292051743219  0.41801776603682606  0.43054100805247525  0.44134556659369989
  0.45193142309903267  0.46165520288444584  0.47020439434735245  0.47852804673160459
  0.48734827177877577  0.49612453799186551  0.50536374280995411  0.51503233002166993
  0.52584889191296891  0.53761157916286706  0.54824788312817008  0.55752904377143642
  0.56598685166621276  0.57433465814123119  0.58329234031279797  0.59105893851705948
  0.59939699535268598  0.60661398627976026  0.61313366984511142  0.62151174327082714
  0.63088789140789436  0.63918644356913379  0.64696648781118760  0.65460847563443847
  0.66281382451306892  0.67138022812309539  0.68057715089906912  0.68935170848408023
  0.69757691539751077  0.70561168427137144  0.71401641546830896  0.72354163529492532
  0.73399837803857626  0.74444520713744600  0.75457736352826987  0.76432997688547499
  0.77340521285934727  0.78235541336489212  0.79109296175064803  0.79868389353387281
  0.80630215246350745  0.81368163902469626  0.82046079335492816  0.82773150997564815
  0.83494362014144619  0.84245903441110692  0.85110077643472104  0.85930163779645619
  0.86719635708007459  0.87442166220677242  0.88186835246342954  0.88933588916651074
  0.89734420994469921  0.90548682469917430  0.91361965010109059  0.92171970643975520
  0.92969377370443251  0.93731473851074198  0.94447221185993502  0.95135269200134198
  0.95813313046705628  0.96472805525812733  0.97119263279723445  0.97735332629947869
  0.98297995645547531  0.98854621936949583  0.99422848851294787  1.00000000000000000
 -0.00265188721659853  0.01160531552797654  0.02350923544428749  0.03534790779857930
  0.04721457574741322  0.05962902364057578  0.07218526699771770  0.08458507248691427
  0.09612322508350274  0.10710760289492706  0.11869703431960685  0.12938739061695553
  0.13902632756019881  0.14864477587002498  0.15945865484244059  0.17119345126728491
  0.18146124613249845  0.19041576114726969  0.19799412646064546  0.20641267672545333
  0.21556183538736301  0.22534598387577076  0.23427160838325953  0.24316814077773741
  0.25220480008645163  0.26144399975634808  0.27117813015191522  0.28030769260971650
  0.29119040309706423  0.30103349117178807  0.31037166758016493  0.31934617861107567
  0.32953020726911220  0.34028357759759204  0.35234707098665580  0.36408970159268239
  0.37504629373758586  0.38519758168594620  0.39557645471499947  0.40722348086018562
  0.41855968957387979  0.42890562165723395  0.43885633522093248  0.44980027869009692
  0.46090552373478294  0.47270058219802435  0.48378218822332270  0.49529100347667920
  0.50686720625206272  0.51921463086667663  0.53025350474382849  0.54117601407667215
  0.55132544670160422  0.56187747622911111  0.57073819434444273  0.58030173738976587
  0.59059795963938266  0.60267099841175664  0.61537858523245847  0.62599234385357083
  0.63609846669358294  0.64623894496942325  0.65661790543366139  0.66635516182071330
  0.67640733154675659  0.68733893078698993  0.69973614702682518  0.71067735835690904
  0.72099443015886477  0.73092560915556082  0.74089887820364642  0.75290949074599478
  0.76381488599827885  0.77447961203640092  0.78580894374681287  0.79663781878528528
  0.80658010132559665  0.81609723269132750  0.82606225459311600  0.83666112368946777
  0.84700068591923505  0.85649720561328224  0.86633260908967580  0.87595177093727017
  0.88651906102970346  0.89752654137221421  0.90775540754454054  0.91800399667604515
  0.92741351819185991  0.93717005653325125  0.94728698878746942  0.95759635805765342
  0.96785650842841309  0.97852705152425767  0.98931904448838881  1.00000000000000000
 -0.00228270750514577  0.01090965882056948  0.02155066930301601  0.03189334929306101
  0.04153566661859151  0.05091937664743908  0.06084513421973530  0.07113968955248298
  0.08133169422354719  0.09111454244824910  0.10092237700382689  0.11155429218044509
  0.12177286510133922  0.13126407733753612  0.14097098089495616  0.15231375001472028
  0.16545121763373002  0.17757832458332920  0.18777992757841816  0.19678524738645381
  0.20608553137525037  0.21676355638020306  0.22791919776147340  0.23890427551208587
  0.24967971774369255  0.26013840402792626  0.27042448850186351  0.27968841676670553
  0.28957505592032212  0.29842891550700124  0.30761026890813675  0.31698695590212445
  0.32733690132776205  0.33800226079020118  0.34802979594783151  0.35878478477319453
  0.36958142464888327  0.37991059804274380  0.38996038119661841  0.40059546503486382
  0.41254016109118274  0.42441550674228079  0.43582989658716548  0.44788085283373563
  0.45922937867358021  0.46985341841988187  0.48016445783416467  0.49236361924786221
  0.50609848768416954  0.52026382824836570  0.53353578358170151  0.54614521214918743
  0.55846292772639416  0.57057142521768955  0.58220851541470342  0.59353645480712980
  0.60430175213457704  0.61447698946779683  0.62393295367119539  0.63421860973139310
  0.64418361063474505  0.65509187617767051  0.66538060311528191  0.67575266019967839
  0.68630694343375098  0.69766421579965454  0.70910344009481296  0.71929006200473733
  0.72861209184807330  0.73833103875585981  0.74905676112798314  0.75990082733767605
  0.77023886958800414  0.77994471591051706  0.78995848607784325  0.80002688678440115
  0.80983290592894808  0.81920283677029793  0.82766975331360770  0.83668206220753460
  0.84472892186701354  0.85218600117099141  0.85923512667819668  0.86664341153084723
  0.87540543013511640  0.88592508687710214  0.89771221213601771  0.90977798641869878
  0.92147401808064922  0.93385860857951974  0.94577133125747848  0.95702116286263417
  0.96822965329005806  0.97907344280449848  0.98962423994848736  1.00000000000000000
  0.37046984177358661  0.53177855301923560  0.56081023974799826  0.57237393776569900
  0.58282076985838482  0.59226161489833395  0.59773465525115543  0.60341495001158341
  0.61039891730819973  0.62131103907855345  0.63845228644592011  0.65158271493341513
  0.66149926858171559  0.66883127100230366  0.67437510427573266  0.68023623283103773
  0.68653656386574891  0.69287346316316456  0.69962122423442896  0.70673325960004241
  0.71294554559406342  0.71840983820976434  0.72316469057720634  0.72770892426510692
  0.73251111466872354  0.73806706375858000  0.74401703527472718  0.74934718310245141
  0.75387967526472910  0.75816216983790030  0.76271842381875266  0.76778081072251203
  0.77290349142338954  0.77779757772028779  0.78269931312535879  0.78767762325653756
  0.79259508808044943  0.79719140821789503  0.80157364375015405  0.80592675393334767
  0.81017865922601040  0.81438377155483754  0.81840278451563120  0.82232942775135698
  0.82593563561967953  0.82919090523240224  0.83241944322638550  0.83568102157648816
  0.83964839038982841  0.84436213381604530  0.84908451736452395  0.85314579928746614
  0.85669764307038576  0.86024557773343435  0.86381940430979409  0.86747495854828482
  0.87116472837127823  0.87483890099634676  0.87848407707921383  0.88194979556850372
  0.88520561908736617  0.88844557221441012  0.89165220918529309  0.89480232645777247
  0.89801028464913280  0.90136797797100043  0.90469739375316238  0.90798483658078366
  0.91119339400224908  0.91437597720189778  0.91745987837353782  0.92061433945135651
  0.92357459364458971  0.92651747772470505  0.92951581290246776  0.93239662677455548
  0.93527529088476880  0.93827499387957902  0.94125195285942731  0.94422295143834145
  0.94729740588846045  0.95037693700059434  0.95333454488977942  0.95629957946764632
  0.95944580119450606  0.96289003619186431  0.96638127179163891  0.96971688519432264
  0.97297238218995208  0.97635836848341218  0.97985907733556488  0.98352117593506827
  0.98731073449373841  0.99111980849429571  0.99550387713764321  1.00000000000000000
  0.07736273522921380  0.17526461597361304  0.22076724499445050  0.24746172744165745
  0.26790783386175820  0.28473479448666367  0.30022695929885046  0.31262454826934966
  0.32331826671110875  0.33426715634079773  0.34531286451500637  0.35705215706089466
  0.36789852444118232  0.37843404804299652  0.38897179172203233  0.39947457265566128
  0.40983577357603590  0.41988332747936996  0.42924536813507691  0.43807276451501043
  0.44577074062560196  0.45312833097877991  0.46040807066277145  0.46839150155631293
  0.47675523185545499  0.48502875214923002  0.49297237559943446  0.50090086760849484
  0.50907024517332533  0.51703694744761663  0.52465900975404156  0.53172591030788152
  0.53841969826091596  0.54494787828198810  0.55103909307451993  0.55741123921277591
  0.56383221615218271  0.56982011758609841  0.57617660355140676  0.58201131405381901
  0.58772736903411271  0.59268943015094855  0.59766535041560609  0.60244487067763242
  0.60708708267086586  0.61132085341521636  0.61532163082691793  0.61936867086371306
  0.62383718876912253  0.62868366789796304  0.63330513693798762  0.63779470589387122
  0.64236912019458869  0.64713557029237967  0.65168386141651535  0.65629427772330307
  0.66083686866900837  0.66505519947360847  0.66930677255103355  0.67379356240543020
  0.67857161152400747  0.68302772267549205  0.68715944303676557  0.69153118721626883
  0.69626696648895803  0.70141042767430450  0.70649499114880843  0.71083126002072261
  0.71502709574489365  0.71931595452611774  0.72381146712824584  0.72872436313344957
  0.73397391302026882  0.73908297714855486  0.74355776912737326  0.74816065766632367
  0.75335925376286572  0.75917616810381428  0.76573039123251574  0.77051825419475461
  0.77527734417686978  0.78007839025589198  0.78501342125836904  0.79080736153185527
  0.79697815267622918  0.80291743123022641  0.80847470136317712  0.81415004617667719
  0.82016355556814335  0.82735358212592736  0.83860332390404424  0.84963878466958931
  0.86044543001489748  0.87202192998590256  0.89860915418266185  1.00000000000000000
   1.8285370853954607E-006  -1.0000000000000000     
 F F F F F F F F F F F F F F F F F F F F F F F F F F F F F F F F F F F F F F F F F F F F F F F F F F F F F F F F F F F F F F F F F F F F F F F F F F F F F F F F F F F F F F F F F F F F F F F F F F F F F F F F F F F F F F F F F F F F F F F F F F F F F F F F F F F F F F F F F F F F F F F F F F F F F F F F F F F F F F F F F F F F F F F F F F F F F F F F F F F F F F F F F F F F F F F F F F F F F F F F F F F F F F F F F F F F F F F F F F F F F F F F F F F F F F F F F F F F F F F F F F F F F F F F F F F F F F F F
  <DiscreteSampler_grid>
  grouped_processes
  1 # 1 for a reference and 2 for a running grid.
  10 # Attribute 'min_bin_probing_points' of the grid.
  1 # Attribute 'grid_mode' of the grid. 1=='default',2=='initialization'
  0.0000000000000000 # Attribute 'small_contrib_threshold' of the grid.
  0.5000000000000000 # Attribute 'damping_power' of the grid.
 # binID   n_entries weight   weight_sqr   abs_weight
    76   10   2.491499090589740E-002   2.396778404969510E-003   2.491499090589740E-002
    77   10   2.491499090589745E-002   2.396778404969523E-003   2.491499090589745E-002
    79   10   7.854885858653429E-003   1.846908488621836E-004   7.854885858653429E-003
    80   10   7.854885858653446E-003   1.846908488621848E-004   7.854885858653446E-003
    82   11   8.126711823245793E-003   1.900850872162703E-004   8.126711823245793E-003
    83   11   8.126711823245807E-003   1.900850872162712E-004   8.126711823245807E-003
  </DiscreteSampler_grid>
