  0.00000244308049306  0.00000286255881513  0.00000306815111811  0.00000321450455287
  0.00000337301884626  0.00000353432394247  0.00000370906288651  0.00000393010024025
  0.00000416264611969  0.00000439292224585  0.00000459836272175  0.00000475927560788
  0.00000491950284114  0.00000508202732712  0.00000524833184694  0.00000548561365757
  0.00000570123968936  0.00000592457946977  0.00000615641469380  0.00000642390389591
  0.00000672249994318  0.00000706514715851  0.00000743146690768  0.00000773731646438
  0.00000806198778735  0.00000839799712606  0.00000873073452374  0.00000907408938547
  0.00000944985415634  0.00000986478763170  0.00001028453884568  0.00001066885023687
  0.00001105436302118  0.00001142868887701  0.00001182882770163  0.00001235326339478
  0.00001304448195098  0.00001381565043172  0.00001460855510631  0.00001540015594159
  0.00001618659116124  0.00001699845645873  0.00001784134109949  0.00001880726674163
  0.00001985498894248  0.00002097707207478  0.00002223304050912  0.00002362110836104
  0.00002523199791740  0.00002696880543350  0.00002890175480582  0.00003104836738665
  0.00003331753272920  0.00003565488071151  0.00003824431930791  0.00004097281030146
  0.00004451592953746  0.00004839410781056  0.00005280333074605  0.00005820307188947
  0.00006455704604516  0.00007171749918436  0.00008001590997983  0.00008906195004082
  0.00009929236630742  0.00011157113735429  0.00012627531007553  0.00014275859560692
  0.00015984716998246  0.00017685923038654  0.00019832551719563  0.00022449189589498
  0.00025413556944131  0.00029458955216748  0.00033609540403970  0.00038004901625364
  0.00042859380309146  0.00049000345971864  0.00055750877255254  0.00063589441087734
  0.00072251592994806  0.00082855608287093  0.00096403688068716  0.00116028090065987
  0.00137739206167504  0.00162443354777773  0.00192305139898095  0.00239317611121723
  0.00298507690119026  0.00362686997077017  0.00430769576269930  0.00544664684458997
  0.00720360218530762  0.00932618204138125  0.32787039801933771  1.00000000000000000
  0.00269058864552185  0.01624613656744279  0.03044595941129514  0.04331166746982496
  0.05514701261682044  0.06623813822222387  0.07610393832677638  0.08600010910549219
  0.09496718643441854  0.10448664094710022  0.11424371222103112  0.12571707420710332
  0.13682397993180387  0.14733619032529777  0.15753284180161356  0.16856928270389759
  0.18088196531807596  0.19238440921973471  0.20351530062396217  0.21301821451369421
  0.22286318084048992  0.23232717819257173  0.24288528191221584  0.25348176338161665
  0.26426130489556404  0.27513910982981121  0.28496656318576774  0.29464434857390454
  0.30465897949699988  0.31506988303763117  0.32667249221643818  0.33947212120066800
  0.35358334974033595  0.36640021336369233  0.37896477099503134  0.39094827952149092
  0.40326559808713069  0.41556440329825661  0.42582902943474427  0.43503830027731127
  0.44435162751339524  0.45536236125360563  0.46826099881244548  0.48129548501402775
  0.49333572293311145  0.50459007265231126  0.51503564659010981  0.52564124561242676
  0.53684100487838082  0.54837169073839021  0.56003504777070656  0.57179420481479692
  0.58374063992629432  0.59593432536863100  0.60789628790863659  0.61952013076226675
  0.63051248181692743  0.64085750446508705  0.64968622342102145  0.65835092091957303
  0.66894498389537393  0.68120241726049069  0.69358381281233727  0.70136704152847229
  0.70775780538280708  0.71350543934495181  0.71921357835233291  0.72703250091858096
  0.73636689296197277  0.74550567157255643  0.75427261764760023  0.76316187477685971
  0.77298395994124725  0.78450986081041874  0.79654511073129952  0.80848775412231577
  0.82082346478386536  0.83137429458406886  0.84097946548860791  0.84993009136411857
  0.86014712939205773  0.87108402904920579  0.88245205069780941  0.89338896996885142
  0.90273753953947333  0.91129075042213081  0.91995010182525805  0.92859835810242131
  0.93681744744629802  0.94563220610498200  0.95437107761061679  0.96474384122511359
  0.97442826070926880  0.98360091780889036  0.99277750932518638  1.00000000000000000
 -0.00052835541949378  0.03142639133793559  0.05103678039910360  0.06465943081598589
  0.07756016365199664  0.08980982227869932  0.10109621893412142  0.11236486759305510
  0.12360189533196132  0.13580630025267545  0.14783566104620488  0.16042661738367095
  0.17213472887579923  0.18371906973645516  0.19450314525727297  0.20550130283415916
  0.21621372638088665  0.22694080107480860  0.23644591177018534  0.24549930381455307
  0.25379475215307234  0.26177920354183559  0.26995404922157684  0.27884291890361451
  0.28934014230301031  0.29981635870501672  0.31091870376789177  0.32186100659688011
  0.33287469036146478  0.34347955169893285  0.35345652314302456  0.36369903421601119
  0.37451570175759125  0.38553279977277954  0.39757726882620198  0.40926288226935686
  0.42063941281595651  0.43181457494391579  0.44269400723182667  0.45321293844951505
  0.46429228436768977  0.47544682536206828  0.48600140601249131  0.49552364118351999
  0.50554196527864415  0.51482275214926287  0.52323164891435914  0.53170356419888676
  0.54034859643209243  0.55126681314776360  0.56240505516886974  0.57369763105065907
  0.58309118457426257  0.59192194743689630  0.60046393046709234  0.60912435819537170
  0.61796706884687025  0.62683426869595715  0.63591874702272011  0.64424179123000058
  0.65166225832084912  0.65951266606639369  0.66752263112192300  0.67525009092091082
  0.68338870168576182  0.69063886520444484  0.69857924540246641  0.70864670459519674
  0.71957503307832238  0.73042832610617892  0.74151531723081288  0.75284724638131928
  0.76456281138778071  0.77647814235623569  0.78854190411521752  0.79984422056449000
  0.81097303250884423  0.82269953274016006  0.83302659116580235  0.84135311215401909
  0.84867712663226735  0.85628219318024579  0.86387730698669118  0.87248672777704750
  0.88251692529145187  0.89324402783312318  0.90371615154278395  0.91367765051856864
  0.92401720216936201  0.93586764207200623  0.94593886418986728  0.95575357981949172
  0.96527924988343683  0.97553935616909027  0.98702415513592268  1.00000000000000000
  0.00000731359302836  0.00001190555954069  0.00001250155169498  0.00001311223212860
  0.00001379071299667  0.00001485533252688  0.00001677546847046  0.00001792400705900
  0.00001910161624290  0.00002033401614031  0.00002154868240413  0.00002284886333684
  0.00002437672749408  0.00002602686588701  0.00002778987283123  0.00002976294317343
  0.00003202585219788  0.00003449810422024  0.00003695819552235  0.00003939985746311
  0.00004200916162309  0.00004506664533757  0.00004912086149897  0.00005440394347740
  0.00005983278006678  0.00006519235939671  0.00007066589781356  0.00007646587803136
  0.00008344255184622  0.00009133975779571  0.00010001767291008  0.00011001164291483
  0.00012169992562544  0.00013458651712256  0.00014750071493188  0.00016059774469832
  0.00017444532140433  0.00018939572233789  0.00020470568682139  0.00021986478141496
  0.00023600640560163  0.00025345501922418  0.00027233545043465  0.00029327882527940
  0.00031777003570038  0.00034363680406433  0.00036754450624474  0.00038889150756547
  0.00041063857945273  0.00043423501608149  0.00045996353432249  0.00048740828069203
  0.00051422779498478  0.00054118753019102  0.00057329617275795  0.00060686585938228
  0.00063460712342573  0.00066354441681263  0.00069490980594795  0.00073418700413743
  0.00078564591076053  0.00084006623326807  0.00089620682924767  0.00095688255312650
  0.00102085353667188  0.00108301189733044  0.00113918557683464  0.00119629096707178
  0.00125585198318239  0.00132068129311900  0.00140696011235952  0.00149521658031225
  0.00159610721943315  0.00170939225563169  0.00181609674544772  0.00191915743393185
  0.00202500869400887  0.00212831172141593  0.00223234419905476  0.00234735999134104
  0.00247601116564650  0.00261749123318066  0.00280783569974696  0.00297378612430744
  0.00314733037481739  0.00332154639437129  0.00347582145336170  0.00375553832764046
  0.00403394532796597  0.00430097830696567  0.00460295488108480  0.00496985839149271
  0.00545968187846457  0.00601911494574856  0.00717814893059111  1.00000000000000000
  0.00000626560300357  0.00000730528830522  0.00000801574427036  0.00000859963113323
  0.00000925941490891  0.00000992954603406  0.00001063168379772  0.00001132956637177
  0.00001194098598889  0.00001255657952700  0.00001325479139221  0.00001419452274980
  0.00001536720844089  0.00001657100582867  0.00001777565491289  0.00001906213942386
  0.00002041495262799  0.00002169364782231  0.00002287930779652  0.00002411983118104
  0.00002556589973557  0.00002714338858889  0.00002877555689788  0.00003045065507034
  0.00003228617224481  0.00003435821424723  0.00003672789157633  0.00003940423810700
  0.00004259066973290  0.00004621255421669  0.00005026497804894  0.00005518509753946
  0.00006149452870764  0.00006938075606996  0.00007821060179673  0.00008797152019404
  0.00009927216296815  0.00011138053832793  0.00012373585989216  0.00013681353423890
  0.00015138780230480  0.00016773928158276  0.00018586250109758  0.00020532362755675
  0.00022518313420104  0.00024570929751427  0.00026678634722358  0.00028896765349694
  0.00031122733250642  0.00033403783292965  0.00035827509924719  0.00038167939161785
  0.00040534223543666  0.00042961603806105  0.00045860762499304  0.00049170328207109
  0.00052892917468053  0.00056711229309631  0.00060705729179684  0.00064987497175187
  0.00069506675764593  0.00074741276387664  0.00079199392182021  0.00083071758822007
  0.00086795606003980  0.00090818900187567  0.00095153091719478  0.00099335090100925
  0.00103087788562524  0.00107088612483425  0.00112415881005358  0.00117658152589732
  0.00123585928760578  0.00129992627585017  0.00136382127865039  0.00143278410609693
  0.00151675472652707  0.00162416745246191  0.00173345905177229  0.00181967841441425
  0.00188302373922614  0.00193323812217193  0.00196942972130338  0.00201887955934011
  0.00209842602253084  0.00218306748203289  0.00227872124400780  0.00236207841568867
  0.00251943120841357  0.00280504499652152  0.00318154031799995  0.00367858922617232
  0.00440045836956096  0.00522249948378092  0.00706652219009477  1.00000000000000000
 -0.00098605287642571  0.00787911695210822  0.01649649213955566  0.02615976730411456
  0.03590733348443573  0.04618513432734756  0.05595731388004008  0.06635376181614686
  0.07764848341597932  0.08826979757058868  0.09786977141606248  0.10590438295688563
  0.11331280687956603  0.12060639857294084  0.12822899406083058  0.13605609897457102
  0.14691221695946544  0.15966019108185101  0.17133086568819511  0.18243557819410738
  0.19378881948439985  0.20430147778785807  0.21468230259980731  0.22561873589302742
  0.23856058230781843  0.25124390118134732  0.26230575784973609  0.27240985615424140
  0.28244396979967967  0.29337327906519356  0.30473511435613143  0.31770462655084108
  0.32894141848852165  0.34036184504714401  0.35163000480669887  0.36173751356636497
  0.37082697941306642  0.37977678438928231  0.38939029474283726  0.40048191046710435
  0.41144026560028724  0.42319818689969618  0.43614690255873567  0.44964279731478551
  0.46237084273933815  0.47283131998289241  0.48373490818446596  0.49310029991170345
  0.50254221221806250  0.51120800178591874  0.51968060961805462  0.52888370231586690
  0.53794662610637611  0.54800137429368923  0.55719400638135319  0.56549172480942533
  0.57332786331503860  0.58133518188992961  0.59028742244767418  0.59981608196415293
  0.60911278391723855  0.61883496516968461  0.63035116226615429  0.64388744683179822
  0.65704117739083268  0.66884503323500533  0.68017411573357633  0.69180958072213861
  0.70382298193830939  0.71555875727271689  0.72646979188010119  0.73776458760402097
  0.74988884964865066  0.76239013229431107  0.77460295575446947  0.78654076043424015
  0.79771807274749540  0.80879458197442167  0.81827844879049860  0.82769772334519454
  0.83792050633789794  0.84832765732720561  0.85862974010152404  0.86849349794151265
  0.87808941896899939  0.88938401089834274  0.90142796223670418  0.91435355943221353
  0.92640261372138910  0.93730415371298936  0.94855273219459224  0.95966445927319632
  0.96887702638291351  0.97812987948322772  0.98766118796951030  1.00000000000000000
 -0.00237871916998532  0.00946478731569861  0.01946538801902053  0.02968897278652775
  0.04068894865136233  0.05157004023081626  0.06090886485999085  0.06881250407622851
  0.07564701439073888  0.08214509153962306  0.08943553558361157  0.09715994159608704
  0.10604806031818050  0.11619422238068947  0.12635478840893713  0.13711739042516294
  0.14939240141748139  0.16341567704613069  0.17680522926492950  0.18834084797448378
  0.19890974735215489  0.20922640583571914  0.21887633254197003  0.22691343374603948
  0.23443453843225701  0.24319936160860312  0.25216471451827199  0.26434918274733882
  0.27740648020485725  0.28888409374299151  0.29983194207650860  0.31091082080668769
  0.32210909132063564  0.33371793607977213  0.34675161323534370  0.36005307784277912
  0.37245030355540903  0.38366737358331343  0.39533372026931701  0.40650083295343692
  0.41623546146002810  0.42530697857274374  0.43418124592587071  0.44310403297356543
  0.45139319647587373  0.45979895063847226  0.46868990182397480  0.47771087836124904
  0.48686188437964273  0.49640377702307442  0.50697160664202767  0.51845435512218851
  0.52950626788217015  0.54094494332260878  0.55218965272263831  0.56336462309879221
  0.57385519328982204  0.58383865361564602  0.59423189956390854  0.60517171789056523
  0.61594050921987797  0.62716015753202348  0.63840026919714377  0.65061289513387410
  0.66194967786298919  0.67273586964559928  0.68326473822921940  0.69397778846930780
  0.70573533745363803  0.71779232700788453  0.72937940757766151  0.73912274937355305
  0.74891702436155272  0.75895217512109459  0.77014577971711928  0.78055331737298972
  0.79021293996099740  0.79989450464662648  0.81012402617238188  0.82151811985480583
  0.83328876678939723  0.84545211004159337  0.85689852750628426  0.86790662981526889
  0.87872682640520805  0.88918865572077754  0.89896541772261274  0.90808661909277655
  0.91804766935309967  0.92880783344087070  0.93951492814376047  0.95027176550410142
  0.96093763053556391  0.97403648960742295  0.98726652741519116  1.00000000000000000
 -0.00205903091237572  0.01261398440781939  0.02232967464311241  0.03062066439217108
  0.03896345434525197  0.04832135151150614  0.05933022580368325  0.06922160238524142
  0.07811996722261204  0.08700697123455138  0.09669063651157547  0.10688989166195406
  0.11730278136283619  0.12822840208191416  0.14022435816018186  0.15352542310196310
  0.16562653748758838  0.17669469392699982  0.18707727420023054  0.19842915332308600
  0.21083419378398885  0.22272207062210611  0.23407035301420950  0.24574061501252678
  0.25706662693235616  0.26828107245227639  0.27853285009776041  0.28857406983794115
  0.29937685870803687  0.31091762660961020  0.32203776675201440  0.33269235707234324
  0.34315915275767772  0.35409828340097460  0.36480344107658907  0.37532861459290195
  0.38598282688042362  0.39660029571941152  0.40812408265633610  0.41941840127331564
  0.43082876396424824  0.44155996499928279  0.45152622993362251  0.46154663334080831
  0.47106460720623283  0.48257811779979687  0.49550325913456145  0.50785604977434839
  0.51853232749807709  0.52929564291546005  0.53924508997410314  0.54862741725508946
  0.55820692903182334  0.56892756789086596  0.58085228317310922  0.59220561976483455
  0.60318139631782519  0.61524126395313494  0.62719976031180080  0.63747407946492796
  0.64687433699906172  0.65688203834047121  0.66479831011099388  0.67227208255927118
  0.67931400248833496  0.68721178674804340  0.69755641452022255  0.70924397255989968
  0.72154310271606825  0.73394014541835373  0.74488702042967092  0.75459843306415342
  0.76402055156600346  0.77383257808915584  0.78514199490983516  0.79630212357237351
  0.80545614523562914  0.81395662471159991  0.82287442192055982  0.83281953289513821
  0.84342993118946941  0.85397887026965924  0.86410274277460197  0.87481481744329692
  0.88689317612864127  0.89995613703173427  0.91204480959898282  0.92304683645118002
  0.93259291288144885  0.94212390549680924  0.95202101238193504  0.96236679518433355
  0.97262638156951908  0.98240540908943574  0.99125831444090684  1.00000000000000000
 -0.00349518789768815  0.01170833017169594  0.02454732483763641  0.03659384347832646
  0.04796652273513088  0.05872250770334242  0.06923732266972830  0.07885945425000454
  0.08745526001330677  0.09580212080261233  0.10420263049971960  0.11350614752542469
  0.12408173666140559  0.13564972232839323  0.14769915882683649  0.15871091308687404
  0.16988646678618727  0.18216190208021318  0.19466694703075829  0.20674626770292934
  0.21873814056664867  0.23014641862941335  0.24152588687883880  0.25350157565725917
  0.26470525952472745  0.27519477641658041  0.28485882088260989  0.29515376221372813
  0.30612101395653507  0.31805656520627812  0.32924235182479461  0.33921928270193769
  0.34772821189227476  0.35622295027435763  0.36535054006299306  0.37523900144921657
  0.38586927177631902  0.39616677874841028  0.40581697043141679  0.41544787284971624
  0.42644841421198337  0.43778144559418891  0.44769353073208551  0.45735538108087959
  0.46704758197250340  0.47624025269194820  0.48506118385836050  0.49422069225604043
  0.50386401342552589  0.51385952382292288  0.52384593463138396  0.53293121276604627
  0.54246147827212232  0.55226014344171581  0.56354709505694722  0.57548866389868991
  0.58742561880224409  0.59947668713384039  0.61079547735543915  0.62099912840938520
  0.63078017533825848  0.64116655186679705  0.65260244640275811  0.66474367439257387
  0.67486678037020897  0.68241220295801563  0.69044952654945768  0.69846767355748196
  0.70833185107697749  0.71972226595580180  0.73131949336289814  0.74288899146165688
  0.75377780431145014  0.76463275854090740  0.77579753286113418  0.78636097326864873
  0.79699083241688351  0.80635687629210939  0.81527567286944824  0.82467960126546469
  0.83487949881879653  0.84595775678556084  0.85591878697007673  0.86595403597023979
  0.87626300497544007  0.88831547904882124  0.90048922904739570  0.91241807880256742
  0.92442904698365724  0.93594755839894339  0.94736294880948702  0.95817473636550132
  0.96905131593957583  0.97896456746334737  0.98935645378496895  1.00000000000000000
 -0.00194759080545720  0.00978352882617377  0.01919607934145209  0.02755457955111520
  0.03556460450035195  0.04389189509737953  0.05238751746939040  0.06173349698651886
  0.07226868398880877  0.08313026742639860  0.09307365617206474  0.10241824124864196
  0.11268210158575746  0.12348276575416414  0.13384719918419583  0.14282375696629501
  0.15154577498693061  0.16036744750862569  0.16931333180269942  0.17908186670374648
  0.18955174069491174  0.19971913035379266  0.20864992683295228  0.21652448697612436
  0.22398292120114785  0.23204652787935937  0.24150476313730831  0.25120678763918608
  0.26038523330782520  0.26939693226772959  0.27735998813658846  0.28573178250829157
  0.29350293153702778  0.30260473026160506  0.31183714322860945  0.32140481280236627
  0.33093865594178296  0.34156179339780895  0.35211282123398896  0.36196290136032361
  0.37143490064893969  0.38072378194817835  0.39080805070321811  0.40068585004732993
  0.41076161886303703  0.42013261559214832  0.42940399511492916  0.43914221157799815
  0.44942930996609481  0.46013078094496640  0.47088257950817514  0.48184280527838030
  0.49167662263350076  0.50160200153008927  0.50951271241601426  0.51801684581811269
  0.52653441559133873  0.53531760553263164  0.54480837803021842  0.55559073985993790
  0.56717112173392725  0.57924584811158797  0.58952958034074188  0.60024169543012618
  0.61161975309659788  0.62462316822247133  0.63796818848670322  0.64867636921722061
  0.65810277771081083  0.66783664337813198  0.67747382857114846  0.68847783442202637
  0.70459849680322917  0.72015402724328037  0.73440955280901998  0.74898854670807580
  0.76256876801718276  0.77661859833419589  0.79052824587539194  0.80345653439505882
  0.81514220248409774  0.82626094445102571  0.83750325280685334  0.84952034666577836
  0.86352968179929124  0.87738065011834687  0.88810152683265731  0.89849168595244611
  0.91007602304840640  0.92165339467481144  0.93205189058044424  0.94349104307821119
  0.95656087369773923  0.97064142716206536  0.98512168400152622  1.00000000000000000
 -0.00272205199845035  0.01091230062747326  0.02316479787903442  0.03536253941871585
  0.04824123009470948  0.06001059599039911  0.07108224007774452  0.08102365955250823
  0.09106205474207167  0.10090724974209035  0.11156532269388604  0.12323324116724094
  0.13611282876401198  0.14846088945388958  0.15998693243388493  0.17124397601930275
  0.18198354229292821  0.19185650181432148  0.20030306966885766  0.20810010745278512
  0.21607668526075352  0.22514367203092334  0.23633204407561345  0.24873899919445375
  0.26157422898844396  0.27396500593884604  0.28599563644904080  0.29792075115261929
  0.31006604245276853  0.32137944174102068  0.33230112547454160  0.34150473193922604
  0.35148185745104460  0.36163276816308537  0.37415023926485891  0.38517135501965916
  0.39544574121620474  0.40498428717460422  0.41491829734880020  0.42507836813306554
  0.43553653191834424  0.44582233344978772  0.45545050521385860  0.46545657921433581
  0.47562094595437537  0.48477939789505431  0.49384824888026124  0.50300542558896211
  0.51216503149762282  0.52111924547053101  0.53059197056177221  0.54101857224956962
  0.55314067159068048  0.56373314884839365  0.57472896647644034  0.58528911589374921
  0.59603153093585903  0.60637406429496177  0.61679085829585345  0.62686231335337750
  0.63632531886516686  0.64577209680434189  0.65531582835988611  0.66574648432159589
  0.67589870830466403  0.68528500725828445  0.69476739737954940  0.70399577866577145
  0.71348253700341135  0.72353481304243727  0.73441086713478920  0.74756380415199908
  0.76027620349078284  0.77258659116394757  0.78196935673712964  0.79156832324209381
  0.80095170811888994  0.81105788403446011  0.82169997918920556  0.83262108152026726
  0.84458696732445215  0.85722462280594991  0.86799413327652764  0.87964200952513460
  0.89046076431899346  0.89913397828794461  0.90846479940266578  0.91894387832431990
  0.92932088792503920  0.93909986528672529  0.94899978609001645  0.95777322646635188
  0.96791211057291637  0.97851025324517693  0.98968881097988393  1.00000000000000000
 -0.00245759995550305  0.01024173932789106  0.01659268233874382  0.02349359455555546
  0.03068019188142859  0.03922535102075753  0.04951796233450145  0.05964114375115404
  0.07028131685645411  0.08233612605804953  0.09536143408668171  0.10736693657627260
  0.11907469649586948  0.13008946477651018  0.14029531144611390  0.15051581728964933
  0.16103140250375117  0.17145248885425504  0.18137569906260384  0.19203263695877373
  0.20439537865538007  0.21737633712159543  0.22953126852433062  0.24188322370101795
  0.25409378456945708  0.26641786349232555  0.27803273395853523  0.28820794257575710
  0.29763527932693118  0.30696785019542983  0.31624579446900641  0.32656777660147696
  0.33816426412992201  0.34998326568657989  0.36118705488042196  0.37126665557761968
  0.38088349635191809  0.39146351877274416  0.40242461723484318  0.41341835954063050
  0.42360023124667745  0.43390167456047113  0.44630483115221253  0.45890681536921379
  0.47004885467079177  0.48010309696706138  0.48939776226469761  0.49900055648907454
  0.50932484199793071  0.51938812413764268  0.52937340244365616  0.53952077056935011
  0.55206052943523054  0.56519842950011645  0.57751667603829260  0.58789239942307570
  0.59736457523165043  0.60750735923920318  0.61916248248666705  0.63111781797858435
  0.64205877117948373  0.65357188955384338  0.66587256248800009  0.67795277765353623
  0.68944629161183546  0.70044002544719286  0.71055307523174127  0.72075395694222655
  0.73126294863364538  0.74140708308186465  0.75047749648783491  0.75936132115149613
  0.76868192610364272  0.77905767815315252  0.78960500419302893  0.79963656710895392
  0.81017753668715242  0.82197122425018154  0.83378806582038489  0.84472806710761206
  0.85472549638130479  0.86472346691353175  0.87453158233580064  0.88385273967643607
  0.89346582395218943  0.90252099493534366  0.91171662358157657  0.92108156606079294
  0.93059955326407728  0.94025834218324367  0.94968940704578519  0.95913364236519616
  0.96867982389866825  0.97830701550435772  0.98861152675534303  1.00000000000000000
  0.00003678713789768  0.00020003245720499  0.00036821022635153  0.00054352171916322
  0.00064643145464821  0.00072780280652191  0.00079384748406090  0.00085897563198391
  0.00092274290042351  0.00098484659421902  0.00104619174072044  0.00110836507879429
  0.00117098399447087  0.00123568550124300  0.00130144432768045  0.00136846846781459
  0.00143486500087656  0.00150101597263543  0.00156657773751290  0.00163475209838166
  0.00170606270664399  0.00177299079659034  0.00183740239193221  0.00189541450148514
  0.00195442214709096  0.00201592195898576  0.00207856656352719  0.00214382192457378
  0.00221680525497361  0.00229969634343698  0.00238148701336636  0.00246317034289900
  0.00254477551793223  0.00264809718332186  0.00274856138035318  0.00284515109810824
  0.00294308176831174  0.00303949678076520  0.00313275131190365  0.00323539757957639
  0.00334157846479063  0.00344550023947151  0.00355712294518606  0.00367603431138892
  0.00380342882639797  0.00393429208966544  0.00406531588771748  0.00419431574057300
  0.00431810663348573  0.00443475839192725  0.00454301589826425  0.00465119165083794
  0.00476331022729387  0.00488457312862697  0.00500258468731604  0.00512176598259413
  0.00524220304383204  0.00537151245237782  0.00557446405911561  0.00577203768632566
  0.00593788558928716  0.00609830673525811  0.00625871960001662  0.00642899293185670
  0.00657741783527725  0.00671673341864899  0.00685730389050986  0.00699711506128880
  0.00713943815398475  0.00728965330121150  0.00742019337350013  0.00756471568929853
  0.00773311244998168  0.00793251930974625  0.00818626561647172  0.00845204185921131
  0.00871573203351325  0.00901089059753333  0.00939070588110532  0.01014583741817493
  0.01084238355758447  0.01145138879265857  0.01212179861321218  0.01264788869071394
  0.01318098672700021  0.01365507915959631  0.01457866327847670  0.01496093833521078
  0.01521732826908427  0.01547384600961114  0.01583795584570086  0.01625020760700743
  0.01664844673893048  0.01758008932920325  0.07172097099160184  1.00000000000000000
 -0.00129556338317542  0.00589179709873868  0.01337877721633666  0.02152545795278767
  0.03074902179037697  0.03989066283117976  0.04923539726994744  0.05896107887150754
  0.06853444700291005  0.07918702046798246  0.09048116521062088  0.10204069017950229
  0.11233218817043560  0.12147950154950897  0.12983148340284340  0.13830630483899412
  0.14713220095289120  0.15783241672275250  0.16749823869679098  0.17850090589538337
  0.18956678429329055  0.20157478007804941  0.21405609764618372  0.22730638750694609
  0.24005053942854901  0.25314555649143639  0.26557624180479927  0.27778433880709857
  0.28876677107383769  0.29909441860076841  0.30950622650843479  0.31874621650194501
  0.32843397733126101  0.33769807963908260  0.34730726536594136  0.35725708597963762
  0.36700679282952903  0.37743917244795627  0.38848059780504635  0.39998498269111910
  0.41216874361845196  0.42305254908198148  0.43391613476097440  0.44391681307175573
  0.45423174067119132  0.46535635336990194  0.47703569553713515  0.48762190280215989
  0.49815373006263081  0.50918300829396534  0.52098495127744993  0.53119391714665254
  0.54088527338824999  0.54999376500391006  0.55881984145566421  0.56754698825803718
  0.57678331471937772  0.58705176654280100  0.59845167951459621  0.60992408777648266
  0.62167017825144610  0.63341750942776842  0.64485039869772076  0.65620473875171015
  0.66751402246899016  0.67934674877230039  0.69245352253893722  0.70439415988735998
  0.71615001939332312  0.72761550261126384  0.73931004501920494  0.74945604397965404
  0.75752897104802364  0.76503548740505012  0.77326361738353133  0.78142941934829302
  0.79108488345317207  0.80298172474420659  0.81636045358528264  0.82961353939971150
  0.84411098503491921  0.85773837731089886  0.87051893108197897  0.88253934632539344
  0.89519466854063623  0.90795807753025248  0.91929759287533996  0.92976849121276917
  0.93962536662663176  0.95049177545994246  0.96087390995881361  0.97054008258716307
  0.97911725815779194  0.98637437657086058  0.99346984511099190  1.00000000000000000
  0.32491658438688453  0.59290036948743785  0.62962906523632045  0.65869249033533095
  0.67826736402087962  0.69245652231732202  0.70423903662136245  0.71368533269114187
  0.72202811361421460  0.73043643317902740  0.73855951825358968  0.74723525246932143
  0.75411186214589632  0.75993215866482633  0.76592002989614061  0.77132064280663060
  0.77597390130153099  0.78035489643982825  0.78560951098919385  0.79051857043102625
  0.79457569976949372  0.79836237336928717  0.80240503173162647  0.80683588698460462
  0.81116865313678044  0.81494461799467066  0.81844038587118884  0.82209408337605450
  0.82595485569047022  0.83006282315310331  0.83414901587202317  0.83783816733840333
  0.84126831828903781  0.84452597507927629  0.84772216350712148  0.85119353643785700
  0.85473239060127693  0.85784516595448101  0.86060143298968328  0.86331077564722469
  0.86608543801642013  0.86908739246608091  0.87228671726532359  0.87526073667358406
  0.87804320409622905  0.88071678856125657  0.88348336488423274  0.88616685019996821
  0.88900877438718851  0.89160119523066050  0.89418653053825614  0.89662610883431593
  0.89911136697566607  0.90170986444386036  0.90425698351331352  0.90653411225473290
  0.90864910067968674  0.91067824706680112  0.91266675798016128  0.91484378878390171
  0.91707471546836561  0.91916535346607919  0.92113593066668664  0.92298474624669125
  0.92477845456805241  0.92680763186962523  0.92917935139015129  0.93163534860397612
  0.93416037889894388  0.93669447806461281  0.93902518941717683  0.94124049691928724
  0.94332955837325694  0.94510804174205332  0.94696069020362317  0.94877213817084771
  0.95069303000187100  0.95276936307561511  0.95513475795825242  0.95714627186955292
  0.95895865285364434  0.96071845829423475  0.96251370991370722  0.96431898526338344
  0.96634366160068164  0.96850524510527558  0.97086464975162945  0.97341662404638796
  0.97587573711712561  0.97840004634744804  0.98108023226851326  0.98403012278624646
  0.98714156658089480  0.99044442897125173  0.99455672484126656  1.00000000000000000
  0.03265902329543983  0.15642237008509655  0.19416131848917756  0.22650101190475205
  0.24874664621900208  0.26590780311439588  0.28048066202810157  0.29479929791131093
  0.30825905158117811  0.32009647346980896  0.32996358120920088  0.34034063496521433
  0.35119170868148020  0.36209121423963275  0.37058444679975894  0.37843679215854281
  0.38605134614501441  0.39416804093317159  0.40195263956442401  0.40968955660559631
  0.41744786759377522  0.42448496308572214  0.43080544846134572  0.43712847596701920
  0.44335138216668757  0.44957898113671019  0.45627949140109192  0.46293514007472381
  0.47080443296137414  0.47872013919311102  0.48641180680343704  0.49324983076060003
  0.49965216758707587  0.50592856562482058  0.51226213931643783  0.51822989756716276
  0.52397693678173418  0.52976391766193309  0.53541809952215258  0.54190457876141340
  0.54713439184899304  0.55247913884690381  0.55736339718569960  0.56192458318294114
  0.56607098143446066  0.57043039650808225  0.57508327095144307  0.57981539497831402
  0.58497020494839058  0.59022825366827070  0.59510485756570108  0.59988506760004712
  0.60471846744921487  0.60955223093528110  0.61459393508346427  0.61943117981689644
  0.62409756678429462  0.62859583359746030  0.63274926196617298  0.63719915198455324
  0.64183159057860062  0.64675923393092738  0.65199639902741646  0.65719858091110051
  0.66248779201497776  0.66777739215868825  0.67310636630406873  0.67825509959513575
  0.68316995595522156  0.68839606677957310  0.69401474964418153  0.70023330366079783
  0.70627788002772185  0.71196845244403140  0.71754801976603133  0.72315565120163094
  0.72950202686976495  0.73635287803438920  0.74343066436181093  0.74974252288393739
  0.75596259084362105  0.76266289780511598  0.76950485686817915  0.77606103730446563
  0.78265915998834856  0.79037838437495089  0.79977242651243752  0.80922318601654286
  0.81906050464822633  0.82986719090659611  0.84201448178809446  0.85944341744183927
  0.87847579659530683  0.89564526992455507  0.95702584036889360  1.00000000000000000
   8.6805881185582259E-010  -1.0000000000000000     
 F F F F F F F F F F F F F F F F F F F F F F F F F F F F F F F F F F F F F F F F F F F F F F F F F F F F F F F F F F F F F F F F F F F F F F F F F F F F F F F F F F F F F F F F F F F F F F F F F F F F F F F F F F F F F F F F F F F F F F F F F F F F F F F F F F F F F F F F F F F F F F F F F F F F F F F F F F F F F F F F F F F F F F F F F F F F F F F F F F F F F F F F F F F F F F F F F F F F F F F F F F F F F F F F F F F F F F F F F F F F F F F F F F F F F F F F F F F F F F F F F F F F F F F F F F F F F F F F F F F F F F F F F F F F F F F F F F F F F F F F F F F F F F F F F F F F F F F F F F F F F F F F F F F F F F F F F F F F F F F F F F F F F F F F F F F F F F F F F F F F F F F F F F F F F F F F F F F F F F F F F F F F F F F F F F F F F F F F F F F F F F F F F F F F F F F F F F F F F F F F F F F F F F F F F F F F F F F F F F F F F F F F F F F F F F F F F F F F F F F F F F F F F F F F F F F F F F F F F F F F F F F F F F F F F F F F F F F F F F F F F F F F F F F F F F F F F F F F F F F F F F F F F F F F F F F F
  <DiscreteSampler_grid>
  grouped_processes
  1 # 1 for a reference and 2 for a running grid.
  10 # Attribute 'min_bin_probing_points' of the grid.
  1 # Attribute 'grid_mode' of the grid. 1=='default',2=='initialization'
  0.0000000000000000 # Attribute 'small_contrib_threshold' of the grid.
  0.5000000000000000 # Attribute 'damping_power' of the grid.
 # binID   n_entries weight   weight_sqr   abs_weight
    187   10   9.082410568660628E-006   2.303622136282175E-010   9.082410568660628E-006
    188   10   9.082410568660611E-006   2.303622136282162E-010   9.082410568660611E-006
    190   10   9.082410568660628E-006   2.303622136282175E-010   9.082410568660628E-006
    191   10   9.082410568660611E-006   2.303622136282162E-010   9.082410568660611E-006
    193   10   7.067088380963565E-006   1.330235854698647E-010   7.067088380963565E-006
    194   10   7.067088380963546E-006   1.330235854698639E-010   7.067088380963546E-006
    196   10   7.067088380963565E-006   1.330235854698647E-010   7.067088380963565E-006
    197   10   7.067088380963546E-006   1.330235854698639E-010   7.067088380963546E-006
    199   10   1.112430648455582E-005   3.125634299035069E-010   1.112430648455582E-005
    200   10   1.112430648455580E-005   3.125634299035053E-010   1.112430648455580E-005
    202   10   1.112430648455582E-005   3.125634299035069E-010   1.112430648455582E-005
    203   10   1.112430648455580E-005   3.125634299035053E-010   1.112430648455580E-005
    205   10   1.013569816352124E-005   2.436769227648961E-010   1.013569816352124E-005
    206   10   1.013569816352122E-005   2.436769227648953E-010   1.013569816352122E-005
    208   10   1.013569816352124E-005   2.436769227648961E-010   1.013569816352124E-005
    209   10   1.013569816352122E-005   2.436769227648953E-010   1.013569816352122E-005
  </DiscreteSampler_grid>
