  0.00380666406348198  0.01208734497301778  0.02108784482536196  0.03057352792376760
  0.04074151714528519  0.05141766868251541  0.06187507869488322  0.07248925275966876
  0.08316319658548176  0.09385608827444129  0.10478473837422324  0.11438416184554916
  0.12381471172666843  0.13202335035984719  0.14059118147739583  0.14973337216056393
  0.15990062196861549  0.16965793083374145  0.17904011883695858  0.18844851410185059
  0.19844613272122488  0.20947466140666271  0.22072444650529405  0.23090129179804769
  0.24141713089198974  0.25151161575665765  0.26151054034449889  0.27139233950260061
  0.28141421237437653  0.29151490261583946  0.30198822300186801  0.31239780490928931
  0.32321846849903008  0.33351964268217238  0.34248644289572117  0.35131571564134423
  0.36010118389113871  0.36949490605493712  0.37900884577053012  0.38839475718038480
  0.39885355822909219  0.41126887079145119  0.42505429500296643  0.43909299631072574
  0.45142613927484304  0.46223755768640040  0.47231792557129559  0.48287789093227285
  0.49363777777253204  0.50461925420669118  0.51626355581470806  0.52728749488221516
  0.53744537977404483  0.54736856996686878  0.55761473294630615  0.56729626274437239
  0.57649336332349810  0.58564261735808709  0.59556681268472234  0.60563084710285220
  0.61569296363111603  0.62589207693259286  0.63660845733082760  0.64781239260597479
  0.65829080990831934  0.66943675347242615  0.68059794525530593  0.69222008474673935
  0.70398579230327840  0.71567426753816332  0.72746698491539952  0.73880344599302372
  0.75052578212318544  0.76210410382183902  0.77324607664808509  0.78416326064140118
  0.79428819873656298  0.80460608071494144  0.81503497915807599  0.82638192968589474
  0.83850042837752026  0.85026364383313535  0.86145443670710276  0.87152127663401857
  0.88116216661486790  0.89029276568027438  0.89972504830344047  0.90961720147118930
  0.92009200204082864  0.93164993929006457  0.94355165725515100  0.95474672122787574
  0.96504862017061943  0.97538663296570793  0.98668912469972592  1.00000000000000000
  0.00003382470048041  0.00004602211747826  0.00005184295507368  0.00005737823016730
  0.00006277747902488  0.00006778993931799  0.00007248294072898  0.00007699558095540
  0.00008144618016584  0.00008589460476593  0.00009031697302083  0.00009501355406325
  0.00009991620716204  0.00010509001577081  0.00011028436116993  0.00011491491333286
  0.00011958890255943  0.00012434067760831  0.00012952668667378  0.00013473911344701
  0.00013998202576179  0.00014528583491308  0.00015068665258500  0.00015648340639930
  0.00016267831233004  0.00016928709908313  0.00017653526436219  0.00018426480306419
  0.00019188754322525  0.00019933573629043  0.00020671924517494  0.00021425427014668
  0.00022207614175059  0.00022978842850554  0.00023748343068298  0.00024491866500176
  0.00025285592801644  0.00026135579734758  0.00027005776339879  0.00027872477826653
  0.00028752388730466  0.00029672664909848  0.00030651389021536  0.00031684069808460
  0.00032697407732798  0.00033700118041553  0.00034670979613514  0.00035678680999054
  0.00036726398803038  0.00037855329507137  0.00039051210308753  0.00040304180309957
  0.00041599940521412  0.00042869080671530  0.00044250302951932  0.00045625793347206
  0.00046939328939862  0.00048152668284750  0.00049382674951874  0.00051009734589503
  0.00052769453337480  0.00054969743005275  0.00057058402785447  0.00059068793347511
  0.00061044460617605  0.00062986731272580  0.00065338737418750  0.00068020222985571
  0.00071082665741449  0.00074208254402907  0.00077615732978719  0.00081459634219307
  0.00086786178246489  0.00092563898996018  0.00099088560634457  0.00105978511840599
  0.00112431728813626  0.00120124546409363  0.00129360382250948  0.00142605791785372
  0.00157963703366991  0.00169697179289533  0.00179172768154617  0.00187844894203199
  0.00199321094802896  0.00219472607455812  0.00243316202582509  0.00275679549396337
  0.00300400293546035  0.00320294200771245  0.00335638908275997  0.00349577740827822
  0.00367682630927814  0.00406711710239769  0.17214823317964595  1.00000000000000000
  0.00000248301498904  0.00000293143967194  0.00000312471048830  0.00000326025416836
  0.00000340565086805  0.00000355919230551  0.00000371571108201  0.00000389265538148
  0.00000406893132624  0.00000424435092278  0.00000444973057186  0.00000468004899987
  0.00000495643229254  0.00000523367305925  0.00000549430752287  0.00000573478927898
  0.00000599909338983  0.00000630545138695  0.00000664751472614  0.00000701460842030
  0.00000741025004547  0.00000780686045996  0.00000822330390418  0.00000866500126346
  0.00000910171663114  0.00000954221142987  0.00000999929221841  0.00001046299430499
  0.00001093461484169  0.00001145004827922  0.00001197498367546  0.00001253908771853
  0.00001314271959233  0.00001377333742047  0.00001441625789007  0.00001509185858239
  0.00001585743833113  0.00001664052927742  0.00001746585663019  0.00001831654659517
  0.00001919124708653  0.00002012790703263  0.00002116280617415  0.00002225909494881
  0.00002339995492216  0.00002463275847405  0.00002590916089703  0.00002725232053556
  0.00002864619681480  0.00003003321836918  0.00003146838123856  0.00003301715518754
  0.00003461664264239  0.00003623724379782  0.00003805634158675  0.00004018355140005
  0.00004248344341869  0.00004516912690749  0.00004808952159697  0.00005098199573852
  0.00005403271700179  0.00005685279071813  0.00006000436417742  0.00006339240860326
  0.00006725276563346  0.00007172214040408  0.00007638206630608  0.00008119994800808
  0.00008619845775952  0.00009174302574337  0.00009850168919056  0.00010600976637100
  0.00011466679003460  0.00012404767137832  0.00013522406682050  0.00014742264355715
  0.00016034916786351  0.00017445153271073  0.00019027418722225  0.00020851049079806
  0.00022941105890172  0.00025321715865681  0.00027886852555618  0.00030915939025131
  0.00034670305358254  0.00040251669550860  0.00047683418611880  0.00055035041049764
  0.00062222685039723  0.00069920450475200  0.00079678854322532  0.00091649548008169
  0.00111195539420078  0.00165040430466072  0.12532213999701750  1.00000000000000000
 -0.00294337415579572  0.01230485837592628  0.02493971128013393  0.03702433186840864
  0.04877203277023633  0.06023918376892151  0.07278812834908148  0.08572295593346434
  0.09849221263905349  0.11129716175987282  0.12437435300871966  0.13731330339474418
  0.15015695348639505  0.16257179814999051  0.17404035907266718  0.18487637843186247
  0.19617512886177327  0.20763800175330538  0.21871190481215069  0.22933436688670158
  0.23992706931201471  0.25104068844907396  0.26232073253638288  0.27316515175007144
  0.28363700891714533  0.29416563996095185  0.30488054569845424  0.31565747437594771
  0.32598928849020864  0.33592882341254227  0.34606714521680759  0.35637816187835747
  0.36691367406099207  0.37743714113752164  0.38807102666553550  0.39848964961483035
  0.40847975235576467  0.41843484827017313  0.42864160852513450  0.43850220231285358
  0.44833941218974532  0.45806080272052963  0.46811278912031928  0.47854404263681183
  0.48923103068328694  0.49990370400993439  0.51034347479759301  0.52053178562304114
  0.53077455681918384  0.54133914724603405  0.55145056020570438  0.56099389658430721
  0.57059022606428778  0.58060010685419750  0.59101037230497588  0.60124462561860592
  0.61155435420016346  0.62182064945394100  0.63160784221821253  0.64095442913700851
  0.64985446141440273  0.65870163370306667  0.66786240104319827  0.67725707610511010
  0.68620847105307925  0.69514455556658361  0.70342642839860015  0.71213223770101375
  0.72080134961390130  0.73076063145044323  0.74078449970613358  0.75162631688108994
  0.76211673715821160  0.77141555148734542  0.78013058423549386  0.78919905726752237
  0.79915443739617598  0.81007880070003491  0.82147068242879617  0.83317770400278279
  0.84406032073024895  0.85310418894582918  0.86276709507537053  0.87235087479138140
  0.88259164863415673  0.89364550693785427  0.90448010083554875  0.91450616771237514
  0.92368453021905772  0.93278058796487651  0.94288056998393244  0.95337625875855170
  0.96551228601182559  0.97824246864529141  0.98969055678386153  1.00000000000000000
 -0.00252994239738210  0.01196711084458849  0.02365512097305919  0.03497015561655573
  0.04631084187013373  0.05643111177090639  0.06627166776825887  0.07587618778419701
  0.08605701856937045  0.09634494524671983  0.10676517791604295  0.11755490936476055
  0.12897795840189158  0.14104896721518440  0.15238843277054170  0.16261202378552148
  0.17218501329947986  0.18184383113161748  0.19149302969070234  0.20089899291881330
  0.21008179738568009  0.21902810840202255  0.22893671898451279  0.23921654455561359
  0.24996445421981661  0.25999882325133761  0.26930080006476587  0.27940806324763018
  0.28964646821065326  0.29959405869236233  0.30905384286137288  0.31938464790882687
  0.33055809794679364  0.34322280020020146  0.35481733678285271  0.36550364534855972
  0.37654938390722986  0.38807227241461723  0.39893518014229112  0.40847160532275023
  0.41768010257430499  0.42738254089078903  0.43729793870702677  0.44822900612256306
  0.45916765335735965  0.46971843006977398  0.48004622072827918  0.49036857555770286
  0.50065466667436376  0.51095448384913844  0.52138230004276365  0.53185970664377680
  0.54241805359350281  0.55192475277530717  0.56040938268333207  0.56863046380027960
  0.57751444109608707  0.58716219109750722  0.59746679143072456  0.60692221702861648
  0.61702428774605844  0.62795649426097255  0.63973894556983457  0.65031998846607264
  0.66023004923009576  0.67075644399664291  0.68257981979093574  0.69514766643618453
  0.70744322660249026  0.71846414898355038  0.72988131372534970  0.74015795538832407
  0.75028526352371516  0.75972233259421029  0.76938624520440813  0.77900229480703864
  0.78938568548717225  0.80034026044180717  0.81199249579216448  0.82309890007515707
  0.83420811920460514  0.84512077804247732  0.85662260553754632  0.86769351881256385
  0.87866977790634837  0.88961119027284064  0.90132242867238610  0.91382084352396331
  0.92507449937255093  0.93645039639346850  0.94698888529101999  0.95766317374574261
  0.96799833516848444  0.97844783307428618  0.98898144304443236  1.00000000000000000
  0.00081951945605841  0.00732715729883331  0.01268051251101090  0.01844531432857848
  0.02366649585936243  0.02904186286005525  0.03460113623971627  0.04073296843762579
  0.04775907539525705  0.05494735211799114  0.06212276479214777  0.06917101915352300
  0.07573112551088969  0.08192200189377512  0.08825769787393281  0.09516972729548587
  0.10219951263303691  0.10963985108070073  0.11679537631346948  0.12386965525136638
  0.13060802958745366  0.13695912859140813  0.14324516946984683  0.14962270103259895
  0.15662796950044017  0.16459377332493960  0.17342189819324394  0.18182023676402917
  0.18989803678483114  0.19811079521906674  0.20683977313104016  0.21624355466173972
  0.22624674435621148  0.23677457507998978  0.24692712246287665  0.25682423831645868
  0.26690148895271426  0.27753799604592322  0.28892305111546296  0.30035347685985447
  0.31143604665084301  0.32205030290976389  0.33226627861168523  0.34264644452444593
  0.35361208529477905  0.36573935071622971  0.37850188612116004  0.39006026379689968
  0.40081507303845265  0.41113050486835068  0.42141069810121984  0.43235295083513742
  0.44401535485329463  0.45606427736761890  0.46756964831354614  0.47904198759761901
  0.49080569898201376  0.50243373326563467  0.51407647109082222  0.52607227488807740
  0.53834065661771102  0.55050818296349613  0.56243921854867751  0.57443221726940230
  0.58603868491313660  0.59812945729792100  0.61042698729347822  0.62267844005384843
  0.63504317097885232  0.64769097995894209  0.66010792798029949  0.67270483407994963
  0.68530687570058124  0.69771066939834947  0.71034760392076002  0.72376687657174632
  0.73833526626499180  0.75364097130338636  0.76897769021112661  0.78347614639202146
  0.79767150949246701  0.81283864554203411  0.82691010316540570  0.83941697221146006
  0.85161394387661149  0.86517038637354626  0.87952637857728666  0.89280718274111903
  0.90613648895210486  0.92013810731452994  0.93371231199416471  0.94660724903367088
  0.95906586170624808  0.97225167134679669  0.98613394128874099  1.00000000000000000
 -0.00243821789518446  0.00916517389693459  0.01965694481665909  0.03115569188775796
  0.04306055521932036  0.05455358111840763  0.06651226947502596  0.07843707707690287
  0.08996801563487501  0.10151454806411264  0.11337114305250975  0.12468316807321958
  0.13548248475099317  0.14581810847064872  0.15649862641601156  0.16781206173016128
  0.17924235742905936  0.18960972618185087  0.19816347703920645  0.20663955271905232
  0.21536798033032797  0.22396374702150232  0.23283401869727607  0.24155898554263852
  0.25065476672690018  0.26130352675122048  0.27167167306985207  0.28167868313704253
  0.29176462116542856  0.30216958731573779  0.31299171810319226  0.32490998771690255
  0.33741179183406028  0.34838551227036629  0.35816855156057503  0.36749702971583798
  0.37759642793551534  0.38764170958451588  0.39742547436966996  0.40702646790806885
  0.41657137102389336  0.42720595121036653  0.43816583553303151  0.44923465636336724
  0.46062704149210709  0.47158927831589820  0.48232029731666198  0.49309238935704047
  0.50380648850118648  0.51453892642309396  0.52502335909118714  0.53527766800833210
  0.54567241315612292  0.55631267312490840  0.56699539517876674  0.57729985931661754
  0.58689475319882334  0.59649938621572907  0.60632203565132736  0.61627219577555270
  0.62626499677237768  0.63675055891274934  0.64719168846304864  0.65720197247737522
  0.66761906006467997  0.67810949436992995  0.68833854980799625  0.69860278797006903
  0.70949327214128488  0.72147327039264675  0.73365176233624352  0.74475907760920057
  0.75498926853533499  0.76393857404630428  0.77297818801771390  0.78254064208260576
  0.79392921010072803  0.80625609797157682  0.81752628975988584  0.82737182139904408
  0.83674556249080490  0.84609375019393107  0.85575379183203670  0.86561460744507490
  0.87623343443876822  0.88722689415769751  0.89858954539586910  0.90986307746302764
  0.92172888209019088  0.93259172788873390  0.94306023362386449  0.95316813323632787
  0.96459114399678914  0.97687987833317391  0.98857253859791028  1.00000000000000000
 -0.00290083444067245  0.00983751953289081  0.02050293398164247  0.03112508097423453
  0.04142708677336762  0.05185562693421496  0.06205809826308333  0.07207703549351525
  0.08194364600543806  0.09186676864766261  0.10210791918207975  0.11239849733058031
  0.12294844203393346  0.13305245978414787  0.14263077193732057  0.15207575991725403
  0.16185643903152530  0.17167347951907744  0.18174958810851438  0.19183992307124673
  0.20231356575705617  0.21266655425513883  0.22371551125388070  0.23423559519211862
  0.24419330590544619  0.25350218684686304  0.26345826252826759  0.27344942914734033
  0.28373999443701747  0.29408034063070826  0.30424954957689576  0.31529767121167279
  0.32581453564807272  0.33661099322078020  0.34781076357370933  0.35844659055987516
  0.36853901873268552  0.37857862494692973  0.39038266455572512  0.40290295039609042
  0.41455246128405454  0.42594147760695811  0.43704344008814733  0.44779058772504921
  0.45863467871031754  0.47031870136695264  0.48204039694723899  0.49304484905644158
  0.50389889132444987  0.51468389451346663  0.52542797858125079  0.53622740168468985
  0.54651944211582015  0.55633583133774700  0.56618676712093341  0.57669094621851413
  0.58821645208708362  0.59980828994453739  0.61083243647862295  0.62167245385263903
  0.63226862566499376  0.64286549157541173  0.65376426567993695  0.66471321767596081
  0.67538873005307909  0.68553386834044838  0.69538221766056474  0.70522027920591557
  0.71451307249378981  0.72456708488504085  0.73424610187106820  0.74365794389663065
  0.75297864286218275  0.76243709010118987  0.77166474771783544  0.78096048064590851
  0.79037980291956789  0.80180193207690098  0.81449647298874306  0.82545713291044542
  0.83645050694449552  0.84613330507864537  0.85610123853707920  0.86639637620790266
  0.87715253605245236  0.88838193402674637  0.89985404163241822  0.91172785590022076
  0.92394020461707016  0.93632375590557149  0.94873282409357174  0.96048416914036128
  0.97153381962424390  0.98173527486156043  0.99123035618540334  1.00000000000000000
  0.48506712750642711  0.51865480560262256  0.52876253215745417  0.53654296362213028
  0.54264036605528554  0.54815080145688999  0.55426393303595733  0.56140680799315779
  0.56771314454025512  0.57289282539397668  0.57835582845317113  0.58400394570880443
  0.59097783224530198  0.59830525043173910  0.60506287239142742  0.61149955700019576
  0.61771859004295226  0.62433928928506321  0.63176396158045478  0.63881313674217333
  0.64533781677624014  0.65154015798667519  0.65747965560805421  0.66341657990302705
  0.66898953615316570  0.67466664826011002  0.68048088265931939  0.68605604198849335
  0.69131451788052778  0.69651829697639456  0.70203402000943604  0.70813697740378923
  0.71428805123413697  0.72026539929879629  0.72558072701997267  0.73105430184213882
  0.73652132979848284  0.74285954693286493  0.74872146960800057  0.75391154126024407
  0.75867737469107155  0.76311495443065480  0.76778106000065571  0.77255229353303900
  0.77751359979268408  0.78252969050634913  0.78748799613382947  0.79214187796282964
  0.79677695582935593  0.80153003803746592  0.80638043211016697  0.81090242083748520
  0.81503199490203515  0.81905672777428495  0.82317702943470383  0.82749328797983546
  0.83208803687881705  0.83688684105372280  0.84157045669293729  0.84585357649900639
  0.84992620957669907  0.85412935740949669  0.85851309323121872  0.86287906415586380
  0.86720861806064053  0.87147577514556562  0.87574252652399875  0.87974632976909839
  0.88353748789436026  0.88722374174909646  0.89083052034898491  0.89459629307844724
  0.89860307257904626  0.90256066530870183  0.90634557834215312  0.90996427641978794
  0.91362388804372174  0.91736417766726841  0.92107552046745578  0.92476006485959195
  0.92845594613759941  0.93211303321013483  0.93582328893580080  0.93955648918581725
  0.94344624802062449  0.94737987675715463  0.95115620230232256  0.95481766493521048
  0.95856174924747017  0.96261767678849708  0.96704100785101077  0.97154112932001813
  0.97684035485708554  0.98322173535564139  0.99073392361720181  1.00000000000000000
 -0.02318268400718148  0.18378719638571836  0.19867461611012338  0.21155277254522928
  0.22331466650984394  0.23440689890449679  0.24493571063376804  0.25471191805145565
  0.26351106655308199  0.27180483723190718  0.27998905271439190  0.28829969800660848
  0.29755398971654051  0.30608653816096215  0.31414323936950983  0.32140729073802432
  0.32841467145164910  0.33508847215098758  0.34169315356098545  0.34849345621107242
  0.35542350049320642  0.36220422213479608  0.36877646182613283  0.37519600356471222
  0.38141024184389971  0.38734334185207175  0.39352220805294913  0.39954305019004560
  0.40600464635012834  0.41206656584774809  0.41765300809195194  0.42287637310477166
  0.42792728986477541  0.43296646189304905  0.43800202283779244  0.44309357844743252
  0.44831866082561034  0.45360866512158071  0.45893260347419906  0.46379278131585550
  0.46892649094526290  0.47409733231588991  0.47938210872168319  0.48477664649298807
  0.48993192923885265  0.49519473060033464  0.50041527230439886  0.50552639984632974
  0.51069738913563401  0.51573665416318548  0.52059960321958065  0.52523540311514316
  0.52968176333973294  0.53412692567792275  0.53850236886118275  0.54291707786228949
  0.54764366520266272  0.55256155578512622  0.55724794373328712  0.56192452110667945
  0.56661113103791716  0.57150241890756770  0.57658995108817368  0.58181784145862581
  0.58700154583255526  0.59189843700272771  0.59658644347511036  0.60149065075562980
  0.60659057304346697  0.61187722183742543  0.61696001818964541  0.62179677071198780
  0.62670336056224218  0.63179018035964241  0.63719424191608598  0.64302563362201359
  0.64927718637744725  0.65597601512203696  0.66283384824541436  0.66967917115806630
  0.67644733392087397  0.68322556588396888  0.69030179444589401  0.69828751550616452
  0.70686469902358195  0.71648322357538663  0.72642034585766568  0.73690912218653293
  0.74666297294436612  0.75763843341589832  0.76939019164218159  0.78272976185405230
  0.79621869241013343  0.80882050183732790  0.82335167757225125  1.00000000000000000
   1.8790641847590483E-004  -1.0000000000000000     
 F F F F F F F F F F F F F F F F F F F F F F F F F F F F F F F F F F F F F F F F F F F F F F F F F F F F F F F F F F F F F F F F F F F F F F F F F F F F F F F F F F F F F F F F F F F F F F F F F F F F F F F F F F F F F F F F F F F F F F F F F F F F F F F F
  <DiscreteSampler_grid>
  grouped_processes
  1 # 1 for a reference and 2 for a running grid.
  10 # Attribute 'min_bin_probing_points' of the grid.
  1 # Attribute 'grid_mode' of the grid. 1=='default',2=='initialization'
  0.0000000000000000 # Attribute 'small_contrib_threshold' of the grid.
  0.5000000000000000 # Attribute 'damping_power' of the grid.
 # binID   n_entries weight   weight_sqr   abs_weight
    10   10   7.303765784720812E+002   2.646396385302012E+006   7.303765784720812E+002
    16   10   1.154310927339330E+002   3.023960959488499E+004   1.154310927339330E+002
  </DiscreteSampler_grid>
