  0.00344449151152528  0.01379622872585055  0.02267831408381956  0.03229804377129922
  0.04187488797392229  0.05222386235391865  0.06252018999107603  0.07255166657573663
  0.08299011987400091  0.09348276902700225  0.10462530441196444  0.11476068967686485
  0.12497066633138258  0.13435293335910231  0.14284305103799214  0.15146005008445512
  0.16111084205617424  0.17283988723797503  0.18548376741254383  0.19636542640945526
  0.20582750403695899  0.21497841300256801  0.22401071467850339  0.23411737351449480
  0.24426124852464465  0.25585823838772886  0.26643555772126143  0.27672786307906971
  0.28604333708923591  0.29749198266740051  0.31046407624410727  0.32523928054715517
  0.33910870736321858  0.35128535014161222  0.36281228787016406  0.37490561407788603
  0.38773757117543650  0.39903435914575275  0.40980588371646337  0.42016135297472795
  0.43077339942163756  0.44167348086257069  0.45161769234267063  0.46175944266810787
  0.47189773078454972  0.48341293623299281  0.49480617385872872  0.50496514831949035
  0.51424157810973292  0.52362450969952679  0.53382343656216391  0.54475623354504255
  0.55570058273381673  0.56643725261382216  0.57657460584739184  0.58757950698681349
  0.59893159311210042  0.61051931353408295  0.62189564946129694  0.63398685325099491
  0.64606325093117911  0.65698811972685767  0.66689860185150951  0.67620052060668034
  0.68548652299168822  0.69539183199158283  0.70631424349548810  0.71729809788165266
  0.72724485798296257  0.73714024034947723  0.74674296539878615  0.75589513106127548
  0.76527544868547626  0.77532839129170816  0.78621698962563358  0.79902421199848273
  0.81159932173705474  0.82294497706984171  0.83420230325227984  0.84491152816055382
  0.85544655323160512  0.86438344742723516  0.87434264082894986  0.88468747925822022
  0.89523582587246675  0.90514496309734704  0.91481729796616518  0.92521315084989508
  0.93499924420591651  0.94470636744424497  0.95463738963519074  0.96474332997066947
  0.97469866343521183  0.98359744864740128  0.99265828544541335  1.00000000000000000
  0.00003968431535824  0.00004708427546716  0.00005479007316647  0.00006082239451505
  0.00006632481723038  0.00007127381784425  0.00007603788539780  0.00008043061074932
  0.00008461429338022  0.00008831185209016  0.00009196462456910  0.00009555557131681
  0.00009917756636601  0.00010307283047146  0.00010709609975372  0.00011098093349749
  0.00011503480520073  0.00011912312577096  0.00012338445346132  0.00012786908394735
  0.00013258732479488  0.00013761850434717  0.00014283151910199  0.00014769257216473
  0.00015278544967834  0.00015837509462002  0.00016393784027171  0.00016997256983290
  0.00017573864638761  0.00018154870872426  0.00018726125258464  0.00019299545473418
  0.00019931857207472  0.00020616985158001  0.00021330668935064  0.00022091217744443
  0.00022906315768630  0.00023766395190621  0.00024605022743966  0.00025492039490240
  0.00026454753492724  0.00027478544213689  0.00028521040384032  0.00029513592230207
  0.00030439507422133  0.00031371074665435  0.00032390889120769  0.00033483969120625
  0.00034578985918671  0.00035720695073851  0.00036929737524370  0.00038318761262782
  0.00039856195675460  0.00041408315756814  0.00043009023969286  0.00044580709415084
  0.00046113056583168  0.00047613484124063  0.00049289426612735  0.00051158378405613
  0.00053068465192412  0.00055208965073234  0.00057667096653176  0.00060171780787816
  0.00062819618763867  0.00065627711323306  0.00068583704890364  0.00071615095818508
  0.00075002236364262  0.00078699255599171  0.00082876625646539  0.00087330012811553
  0.00091753700059249  0.00096775510500514  0.00102345037107838  0.00107479057541317
  0.00113277188994961  0.00119824365729371  0.00129095997723346  0.00140504374000196
  0.00153178812645693  0.00166496320291745  0.00180964885965916  0.00197168755631593
  0.00211336090567035  0.00229537132666020  0.00251608372609466  0.00280676536795891
  0.00315767556293682  0.00354492802293144  0.00411006154240467  0.00512337302341404
  0.00733378075993773  0.01108313663661303  0.13879136724492763  1.00000000000000000
  0.00280838177359085  0.01502364001192195  0.02695801543943716  0.03704758044446832
  0.04600365484336159  0.05478573887042518  0.06428558107542907  0.07485602417435022
  0.08524842199430144  0.09569118639754465  0.10610419168056608  0.11713954905902821
  0.12922009351900676  0.14127060301702554  0.15222525473621973  0.16296478719095780
  0.17422338412308835  0.18536298692327546  0.19583766293613342  0.20671031755232630
  0.21903940946922620  0.23189995904712707  0.24364762294489103  0.25466302309356825
  0.26526868214253030  0.27565361383959919  0.28557103109560494  0.29543744937529903
  0.30560355908121400  0.31593949611647515  0.32657398008738187  0.33751026708961329
  0.34817836567694782  0.36022712382721150  0.37162455616799694  0.38243039582526395
  0.39143000267449080  0.40013817845176602  0.40799906371985695  0.41664404783212999
  0.42532531844785326  0.43505097753138527  0.44589503022948301  0.45691673884617201
  0.46799965379974101  0.47904319673272794  0.48976043254506707  0.49941139624180247
  0.50779165607454813  0.51580759006422305  0.52437556565270205  0.53413696187957138
  0.54472743324189199  0.55574005764460888  0.56785839981146025  0.58140067284095920
  0.59454157346523984  0.60706569579948266  0.61852954605726385  0.63090070995566105
  0.64353515889813306  0.65557910571878397  0.66577072922833691  0.67506061689809682
  0.68447664310426215  0.69499687759685436  0.70576670601421765  0.71638715713815881
  0.72657133820753250  0.73664477341734924  0.74690370630673764  0.75732069272755098
  0.76764359777287816  0.77792000873927292  0.78821383048758198  0.79909374783114984
  0.81030283648962242  0.82269836539378960  0.83371622154738578  0.84462699354486848
  0.85514201817504421  0.86608174900614854  0.87782550880396082  0.88980215330125356
  0.90086288299823603  0.91097886632877156  0.92121495105023010  0.93134175904661121
  0.94203995351021230  0.95336584205513664  0.96369532167331229  0.97231963272173372
  0.98008298515182835  0.98694287119827018  0.99214408394410336  1.00000000000000000
  0.00016507691894150  0.00024703261268601  0.00026567009292593  0.00028285119735456
  0.00029807477629938  0.00031300718560982  0.00032712583739966  0.00034180794048703
  0.00035755050703573  0.00037303228891539  0.00038849592048564  0.00040456003296575
  0.00042072545145409  0.00043800962122635  0.00045720191942426  0.00047791287624289
  0.00049927669163842  0.00052014991751672  0.00053989016865161  0.00056051952293271
  0.00058256262815095  0.00060571851474615  0.00062938630620622  0.00065147125210891
  0.00067386349845254  0.00069755377406941  0.00072272043813859  0.00075000447183045
  0.00078009728757881  0.00081186644591515  0.00084300642876618  0.00087332505723298
  0.00090498789263201  0.00093879189963299  0.00097334143078154  0.00100726430486381
  0.00104047762755951  0.00107257550974193  0.00110694878493834  0.00114176470786461
  0.00117412419501047  0.00120661274083870  0.00124216553331858  0.00127982240604168
  0.00131655957598035  0.00135253361405997  0.00138831586191707  0.00142518207743535
  0.00146737889232495  0.00152020344741322  0.00158324108565925  0.00163810514681563
  0.00169482317505158  0.00175376951008668  0.00181965274184220  0.00189910275578387
  0.00198599602925900  0.00206597727473296  0.00214475251609616  0.00222452267501136
  0.00230238226220160  0.00238575727838131  0.00246825878620490  0.00255872496319828
  0.00265066428485492  0.00274022237284490  0.00283807429087432  0.00294249855717214
  0.00304434849905330  0.00315224559127335  0.00327153833506828  0.00339891643573658
  0.00354057651111416  0.00371269508126185  0.00390561763889651  0.00413497850541649
  0.00445559308264605  0.00475669691333411  0.00507555631941890  0.00541877177866899
  0.00580668492068613  0.00611547352199361  0.00641488676968500  0.00679823697321642
  0.00728480693012662  0.00772832743444801  0.00823588948746811  0.00892275412703435
  0.00972035345919532  0.01038220649653516  0.01119031505049731  0.01243244212608166
  0.01449873837559485  0.01851624836107596  0.19210529480032609  1.00000000000000000
 -0.00259097295217698  0.01153270916373787  0.02287348153432892  0.03492333370351094
  0.04743840196191990  0.05918104037620282  0.07009751084727039  0.08125440287729187
  0.09355756182081688  0.10679945267382282  0.12027712422153380  0.13435026801979363
  0.14693200503105036  0.15926041887959053  0.17203685145562733  0.18398228353557863
  0.19490878406473133  0.20474460099853120  0.21459405502715231  0.22438308526559814
  0.23476891446822346  0.24526818434013634  0.25580246028414722  0.26552620977881436
  0.27479742307451860  0.28402899200919052  0.29397823494325181  0.30477764982947902
  0.31558166032718243  0.32554959168778153  0.33421313676870418  0.34358385842477907
  0.35314236276870353  0.36370622158149096  0.37462610625172493  0.38470523158916436
  0.39472275780929494  0.40361314634770662  0.41301933042464167  0.42309895431547190
  0.43329018034311895  0.44320535303417663  0.45273743105545328  0.46191811403306232
  0.47092147196990214  0.48005901824660968  0.48931201956382692  0.49870646372598210
  0.50780741396257889  0.51685063842179024  0.52637985638746820  0.53642477063180993
  0.54761498647291962  0.55904349687040789  0.57069792097100380  0.58276234276806715
  0.59466981269451458  0.60623711432662031  0.61694810905757647  0.62665010836489132
  0.63659712786079659  0.64669915265623101  0.65818700385360362  0.66902440576920696
  0.67956646809672039  0.68981343006802931  0.69997791076205251  0.71068096395530911
  0.72134516015334571  0.73200206894018105  0.74240701133518883  0.75274634440402899
  0.76288373079628335  0.77187813778585379  0.77989589902002165  0.78769893110743883
  0.79749088405698842  0.80636326038490425  0.81535759430878152  0.82516721462767328
  0.83430181990563324  0.84349771804724516  0.85267919786509927  0.86227227128562189
  0.87249918483741207  0.88311232470314227  0.89431682377232191  0.90632571310986509
  0.91820460200870213  0.92986939795881063  0.94211535973071636  0.95363187581350262
  0.96508942435801948  0.97558417726682034  0.98782179425914363  1.00000000000000000
 -0.00244420585606047  0.01126029463915964  0.02222676286931200  0.03354492051061007
  0.04443831835209346  0.05497044684648251  0.06542004436745524  0.07540056967413218
  0.08478893444418460  0.09402740489628993  0.10340418928275624  0.11291539847681420
  0.12275562493053797  0.13266068894617603  0.14415045463713283  0.15556329642236086
  0.16702580322023189  0.17837437869695644  0.19015072926211357  0.20120835669748111
  0.21321061149413778  0.22533077865983389  0.23717716181263407  0.24793708024955510
  0.25855146010556207  0.26960450052370849  0.28158888286454598  0.29442761884052965
  0.30760871782211791  0.31982545515822269  0.33102324676944617  0.34165731622529666
  0.35215172174281989  0.36307597502884309  0.37380051565607264  0.38216412199042904
  0.39062174111347492  0.39941225095021393  0.40975877600022148  0.42121139414216024
  0.43222654204670080  0.44273888302143016  0.45342282487165975  0.46397944013002967
  0.47466627673332940  0.48547553682505928  0.49654193882697367  0.50781731595875557
  0.51937366589847911  0.53090397031569592  0.54236578879736685  0.55414295047995643
  0.56591155609653698  0.57777797430548139  0.58990842201711680  0.60153653578220045
  0.61175989822858079  0.62107959449894912  0.63010646431757444  0.64005588308463601
  0.65123757989691544  0.66341432056700234  0.67399506920256247  0.68403092599330839
  0.69335785928113502  0.70366613135440448  0.71403558321332561  0.72457327991471787
  0.73517302582404498  0.74520336341718363  0.75383649513667672  0.76138784980708607
  0.76918478945177526  0.77781680416280885  0.78771124245729363  0.79734105726926119
  0.80730533343034261  0.81726594447251688  0.82828812654628914  0.84009966891611954
  0.85326191206141122  0.86603853834463873  0.87755836709191370  0.88839862228028454
  0.89994626592339233  0.91255843818672067  0.92261060218040747  0.93140932919361630
  0.93944100795733143  0.94724728272131731  0.95536724888386881  0.96419660106520078
  0.97334608161267477  0.98166145408373684  0.99088457283555931  1.00000000000000000
 -0.00186115791358082  0.00810294478984451  0.01562543420134152  0.02327481449560175
  0.03085866806004442  0.03949258463809263  0.04913948075078336  0.05924244231294169
  0.07076015367635650  0.08279302833585400  0.09463995464930675  0.10677218759266957
  0.11902521103561538  0.13119469781051696  0.14230100486307135  0.15226707430491246
  0.16262779134112548  0.17279812624940624  0.18263488519928453  0.19228851526150381
  0.20231545839947795  0.21304908618867457  0.22324009242406873  0.23357591475199146
  0.24483198983258897  0.25665861697689751  0.26767735399784248  0.27702863525334331
  0.28569715996357015  0.29600977369619880  0.30751121533443648  0.31901523142440724
  0.33033493598064978  0.34228528325390478  0.35382564968040442  0.36487893106578811
  0.37598590837572821  0.38748674085839196  0.39864602094491647  0.40921976660008691
  0.42074668269152787  0.43291854233178234  0.44491208123237141  0.45668945896783808
  0.46897233912611080  0.48098917956271625  0.49258699328978545  0.50509446632123201
  0.51841521091104570  0.53105667796610023  0.54202157328119926  0.55174353740331050
  0.56219478842888837  0.57461276379494131  0.58712166566509971  0.59694699644562677
  0.60595915137561607  0.61487861812008104  0.62448158088905359  0.63537931672877490
  0.64657123071709377  0.65846347213373169  0.66962984143321369  0.68126897145013743
  0.69285593750035024  0.70447694587545695  0.71588754458252746  0.72719609801488738
  0.73815299417639491  0.74980035845397242  0.76180194244646848  0.77383696083643427
  0.78521787829238876  0.79583816716374955  0.80640427106174384  0.81708237824735575
  0.82757033065494068  0.83757136516818897  0.84695175071786832  0.85613468468193477
  0.86583034098061640  0.87647071131780874  0.88796371871426205  0.89950716985454260
  0.91093415682688250  0.92202559748068558  0.93217803341600691  0.94026854007943361
  0.94769560352194993  0.95545063131222263  0.96335288778453609  0.97086781244917630
  0.97801809875614221  0.98493735252263659  0.99282593051395140  1.00000000000000000
 -0.00265224327726436  0.00922258011708730  0.01889456186827715  0.02830177482545567
  0.03761308385128256  0.04685633661493391  0.05650895023440145  0.06663140864379652
  0.07708040811772959  0.08715970096026429  0.09684822532035009  0.10658276038996620
  0.11543646863812505  0.12508906836412714  0.13463509354283920  0.14466568493026671
  0.15511002242743011  0.16561114357814735  0.17650957244824769  0.18769411847008974
  0.19943377516734873  0.21191336290130774  0.22366793254528738  0.23319025803272408
  0.24239809622423961  0.25189086930451582  0.26375085057053499  0.27574775238965521
  0.28727429640798868  0.29868948419107694  0.30947127826157633  0.32013208083190720
  0.33040103755123534  0.34064539612062800  0.34986966293656979  0.35917805149035853
  0.36963563723717668  0.38079526118521245  0.39184963877823931  0.40240524151809015
  0.41331963776386077  0.42503929490967768  0.43602435020975788  0.44654067949322190
  0.45738833876323332  0.46957857515351786  0.48230631138770513  0.49361970738900546
  0.50512556478033954  0.51654922712849705  0.52855925042437735  0.54078816600568624
  0.55265800548519872  0.56423442391165979  0.57422926006000274  0.58485729285697574
  0.59435520797663177  0.60340427762196847  0.61302140151080098  0.62272641739694412
  0.63398207199538170  0.64549984285800033  0.65660805504391651  0.66747967035261135
  0.67807953104138063  0.68790359235302323  0.69612739993989570  0.70443157705150217
  0.71261150580095101  0.72156538728512909  0.73071097902716964  0.73967781067323957
  0.74875337703802158  0.75938564254907182  0.77050232794336204  0.78111745248948683
  0.79185691004023406  0.80227914020358371  0.81298148309331009  0.82403462209770650
  0.83546449971357450  0.84742461673614333  0.85949258964000763  0.87173224509374347
  0.88263129223505088  0.89250084281478170  0.90166760556301773  0.91118989432428188
  0.92120593267476869  0.93143287876236769  0.94140124468618558  0.95192085382897940
  0.96327429677467347  0.97614509482931144  0.98795793848740365  1.00000000000000000
 -0.00257132039756799  0.01113643261771214  0.02208725354760759  0.03306230882805339
  0.04289713526648350  0.05336614227504165  0.06088555107051530  0.06925513780032456
  0.07776324605542992  0.08770926909658226  0.09972841940320763  0.11153561108734118
  0.12286532592133308  0.13418017016522185  0.14538647919316935  0.15667815396102200
  0.16850004395867832  0.18165844698769712  0.19509286168101311  0.20665209348155711
  0.21719986406071862  0.22766092885842520  0.23921427244826851  0.25142529479691639
  0.26353948821117240  0.27486583785383484  0.28574962228994649  0.29672906002653920
  0.30791212227598125  0.31895470551596256  0.32925038787514888  0.33886097166428186
  0.34820511370589813  0.35727499162714904  0.36626832095409245  0.37595884670720070
  0.38637294310017611  0.39634649836437236  0.40655882928885440  0.41677520891182801
  0.42786816314655646  0.43829897500873216  0.44882225319743729  0.45863901261342632
  0.46890028143611839  0.47897996998336434  0.48880333449969526  0.49817793898535029
  0.50821193725799463  0.51747926075369899  0.52614496922800080  0.53460840670246967
  0.54381897442548721  0.55365669825815489  0.56315966307324317  0.57192267563045085
  0.58060900799916759  0.58988942709266312  0.59934467407188219  0.60868804899780304
  0.61741555360295108  0.62574570036329547  0.63741491147858820  0.64957469906117193
  0.66257832895634283  0.67620038828344053  0.68917809503094107  0.70029251613704657
  0.71002767706327963  0.71930446710786355  0.72877446227002940  0.73742611258293866
  0.74644794206763332  0.75626899902421507  0.76667781126895362  0.77662810960689910
  0.78617141971857352  0.79629018736147272  0.80725896918139950  0.81849691070343145
  0.82960204133833504  0.84045179417203786  0.85165192583826543  0.86342073113174367
  0.87558127170831357  0.88805712261123193  0.90044324495082972  0.91143068056182064
  0.92140641620423824  0.92997161679855267  0.94004230230864494  0.95078019087347754
  0.96165714214845655  0.97342216037786766  0.98598172195752243  1.00000000000000000
 -0.00253615766837694  0.00946201430460172  0.01980902947570878  0.02956942616140721
  0.03947668488222440  0.04845150416719335  0.05772039074459304  0.06655215986832026
  0.07494783381864928  0.08310068832307223  0.09126864058984514  0.09945695493485085
  0.10843884133530043  0.11845343203847621  0.12856899825016066  0.13851537623290489
  0.14847657314157225  0.15877821443880452  0.16968248299329350  0.18057605462976775
  0.19091925945591201  0.20097651739735636  0.21116195265400650  0.22111910773760232
  0.23171559738093975  0.24363239100904291  0.25432507548795408  0.26338840449546480
  0.27229484726787634  0.28212360657817803  0.29396499593190584  0.30591556885155957
  0.31785985672497996  0.32985805911383714  0.34216715274870446  0.35379270285158243
  0.36416633560489314  0.37354548362607048  0.38333263023050052  0.39364441704445780
  0.40474051729700133  0.41570220960852849  0.42624177820569575  0.43666409429996406
  0.44738824255562976  0.45882679213166544  0.47074102512368871  0.48221669875099521
  0.49275473338716874  0.50269792451756456  0.51225021931909698  0.52178732804894090
  0.53121699702870073  0.54110998654851949  0.55138317430054540  0.56208760778386735
  0.57288955386268525  0.58383948670986285  0.59564874861531791  0.60731039223707872
  0.61930050625291000  0.63056290559864292  0.64242257843663275  0.65405977980918462
  0.66594816440095284  0.67731336874394865  0.68847531259361483  0.69880392173941908
  0.71007263387882946  0.72122400094263328  0.73173091939939228  0.74153887316822664
  0.75124404387070909  0.76196757600992970  0.77308717985948716  0.78407342897304899
  0.79503203858919957  0.80636565457703824  0.81796569830751331  0.82922340203559430
  0.83961903122587955  0.84976565344279531  0.86020955849691583  0.87100438849008577
  0.88242237288782277  0.89329715161695022  0.90361827005343653  0.91404072015139259
  0.92585550232652647  0.93720985846143223  0.94811446246252962  0.95899952533836175
  0.96975688129474558  0.98072628949179630  0.99053463704745903  1.00000000000000000
 -0.00121485973980629  0.00776116137584258  0.01583775583563583  0.02348337368573084
  0.03097023135804166  0.03887035009129539  0.04826918451635313  0.05772824705725386
  0.06557529001660455  0.07234022084955577  0.07895131001062415  0.08519928990255932
  0.09206258695341027  0.09932178857755650  0.10699427710594091  0.11508293845466519
  0.12366917393825949  0.13463865430695271  0.14541705356246321  0.15575860484506299
  0.16613349076519043  0.17594837272850231  0.18516612821653480  0.19566542822863772
  0.20683217306051008  0.21880814667544626  0.23067196476410279  0.24096551731050095
  0.25131513899186025  0.26094316511215332  0.27084193010416691  0.28091131174497203
  0.29087669533322225  0.30200852512975918  0.31362846919787979  0.32547492785608012
  0.33786433067722305  0.34985514062550233  0.36123845604745075  0.37166064132146531
  0.38253011533671011  0.39384459032232266  0.40539892048253356  0.41708681508376499
  0.42975175544302968  0.44322564969899159  0.45649894257149426  0.46942489283693084
  0.48280757894463039  0.49601111754677091  0.50904201011470740  0.52255548027737553
  0.53708648180605989  0.55140604792574144  0.56431214104367189  0.57656800519259688
  0.58910744695546291  0.60330851447127276  0.61751063805714956  0.63229078578370956
  0.64424649855615990  0.65632500278142558  0.66854449088314538  0.68313903047801661
  0.69581432280120170  0.70631571360942236  0.71653500467599474  0.72605040577427238
  0.73609740184288242  0.74797806913818787  0.76097897722868102  0.77465899809528127
  0.78643476342068452  0.79785211968145020  0.80911347324531069  0.81926537330217342
  0.82886575395970685  0.83917244478502984  0.85006866925759228  0.86144104807347854
  0.87358326145590681  0.88563980315965074  0.89632124813795699  0.90557327880788374
  0.91460236019761576  0.92294814999631791  0.93062268678462412  0.93807959178375089
  0.94547086701041516  0.95296876644284656  0.96122844289494924  0.96969634017280704
  0.97745021059928172  0.98512950916140540  0.99235447693666712  1.00000000000000000
 -0.00196102711110319  0.00918677875911510  0.01886124573528253  0.02990281135290928
  0.03978700874237311  0.05035036916757513  0.06021143897106057  0.06867385766088920
  0.07661313936059783  0.08561054034295187  0.09596395464844230  0.10612851487238581
  0.11537611762218125  0.12469446367715398  0.13495397381485516  0.14579220030340498
  0.15615317640623308  0.16595773395401200  0.17599793594682958  0.18670600790026337
  0.19835303400041307  0.21078612684649142  0.22284806443209604  0.23385508723226670
  0.24426954208019627  0.25480800559001782  0.26580640529568306  0.27693892458990177
  0.28795611798240051  0.29806596628786708  0.30792934440363035  0.31908722355773600
  0.33006724568013979  0.34050079001812633  0.35029736972890363  0.36164709909941850
  0.37292656062755325  0.38236049004123634  0.39119117124942282  0.40038856736457051
  0.40904666184575644  0.41730462660763606  0.42554358036550682  0.43391528832681209
  0.44285771200981872  0.45287102880463681  0.46296324844795306  0.47310010873284181
  0.48316971521711410  0.49332896937397741  0.50427547353230673  0.51529334088695711
  0.52625965059528590  0.53568704631898012  0.54425667637545194  0.55291951899133251
  0.56195138678869361  0.57163597682199496  0.58308633001495858  0.59530760883443024
  0.60799305155068761  0.62040019763552468  0.63278148994670513  0.64420634158570755
  0.65461580086552973  0.66527121435860437  0.67655829064041995  0.68910234333209153
  0.70157605574914250  0.71207284033598184  0.72306913021243568  0.73386698801301520
  0.74551985513774932  0.75835343641613406  0.77126407701208444  0.78304093362806027
  0.79374452017036323  0.80405964879858682  0.81483926041393040  0.82594231125995166
  0.83690928052153735  0.84773952302230648  0.85950054922217134  0.87212476296234942
  0.88430645207729697  0.89496874633683254  0.90470693412447001  0.91476269378074648
  0.92540049011302805  0.93618821603794544  0.94699668869783349  0.95733461372370898
  0.96759633251554333  0.97797780066711248  0.98850341324639046  1.00000000000000000
  0.00139595905903992  0.00952649047704874  0.01809841771873155  0.02626268175131768
  0.03405918122111637  0.04113336894697522  0.04855794425850745  0.05620199273922635
  0.06460191450450792  0.07448737646571146  0.08387328839831086  0.09243866817073580
  0.10083020193895795  0.11000767374637731  0.12025308922112368  0.13153837034337384
  0.14324637222025002  0.15554414971971722  0.16827588941004579  0.18110787451575916
  0.19421004471686759  0.20651116383003063  0.21773032343415141  0.22839463921537456
  0.23893694732779197  0.25029117588621175  0.26157182476940205  0.27204596178022705
  0.28203364595928748  0.29260025233003223  0.30370451396352244  0.31402376561032830
  0.32370932305394307  0.33327589835132865  0.34415884814822212  0.35657436229319739
  0.36900634034829388  0.38095999871261238  0.39211751216381380  0.40296712618725666
  0.41433744969930014  0.42684445058351966  0.43939194840403067  0.45099266876342170
  0.46216997117234859  0.47293557624314209  0.48376005288788593  0.49488640312057747
  0.50659603639833051  0.51837709756511818  0.52976956668915198  0.54122432805535825
  0.55219225685350593  0.56296714033648620  0.57334506430361443  0.58381512294912064
  0.59542395000875936  0.60754897162067756  0.61953615370424298  0.63154027490977427
  0.64361112715770230  0.65610618097316187  0.66788045232716420  0.67939117556947570
  0.69085499177486009  0.70130069844189347  0.71185190635513218  0.72271681907563468
  0.73379700134619241  0.74496698192451971  0.75553020771954849  0.76605053474304663
  0.77669083600861877  0.78823786645520189  0.79881100297050500  0.80891860307280250
  0.81885704878257715  0.82874143559994007  0.84014667448919722  0.85129782944779886
  0.86215728693910065  0.87222880761669630  0.88151473044268736  0.89009850605360763
  0.89889430655679470  0.90867397654021453  0.91863620238116950  0.92886992093649035
  0.93906288278413408  0.94966915160391918  0.95983154781708080  0.96838444805543333
  0.97595989463209687  0.98365380666340230  0.99152996159207651  1.00000000000000000
 -0.00144289148428653  0.01218024878623953  0.02313471323600476  0.03382792453753681
  0.04392073213900348  0.05267036024121012  0.06136695756620005  0.07020572951909032
  0.08069834755479628  0.09081592455480450  0.10035531291906676  0.10978122908144164
  0.11967951421176305  0.12993715603822886  0.14026239442232075  0.15057888217027882
  0.16075822554676508  0.17068093171454415  0.18069902875754063  0.19107908899155090
  0.20148650667043966  0.21105855948720820  0.22065275448292901  0.23118884933273331
  0.24317116081702231  0.25565535696920938  0.26730543033994220  0.27860559632804549
  0.28925197829360838  0.29981309314785215  0.31009071872096727  0.32086753714994737
  0.33214858678376019  0.34325933418030369  0.35439739552470784  0.36592646988066746
  0.37686642388319613  0.38707684756554017  0.39684408193225656  0.40630286937841842
  0.41673391094948170  0.42732751748108744  0.43802200572312538  0.44777486730010985
  0.45774876416726795  0.46926043365252784  0.48121447851128613  0.49284391740590111
  0.50379670205229743  0.51401084268488173  0.52374444192176894  0.53328893570149716
  0.54348991433582872  0.55439687521532621  0.56605498784235087  0.57774230107654112
  0.58872903825001544  0.59864350693323753  0.60823942301158873  0.61758004414392487
  0.62714994590602124  0.63708852377041658  0.64868390506765261  0.65970451915778583
  0.67098492693515377  0.68156233240019670  0.69319417887239343  0.70445857810910784
  0.71547911221546512  0.72618045741998105  0.73682835351633436  0.74733888185219488
  0.75748262383396514  0.76714976153183323  0.77765606112439756  0.78846663714917242
  0.79820499977122883  0.80795251595558348  0.81896580197877289  0.83058600808738114
  0.84188900557564073  0.85250738043084306  0.86291847655709342  0.87327075372418461
  0.88357418241566188  0.89429039574979685  0.90619986217876891  0.91801664383693238
  0.92964392311619648  0.94069694001822290  0.95033853766639131  0.95962516809765996
  0.96859960973737502  0.97818124458951472  0.98907540179413556  1.00000000000000000
  0.54002381496968044  0.66694551315711370  0.68070065410183422  0.69097284630782896
  0.70005335200798491  0.70953230753715424  0.71925390025357883  0.72855888859147933
  0.73692560989671152  0.74540085584444071  0.75370392797800212  0.76148158292927315
  0.76864382116950147  0.77504594902766555  0.78057176448691434  0.78545112692236618
  0.78976253385795336  0.79384133565930259  0.79786708032901155  0.80203056728754951
  0.80583193348109772  0.80958820518858465  0.81341217479175498  0.81736759293054961
  0.82165072224451452  0.82553844009828070  0.82932183620207423  0.83296411889029176
  0.83651786480979096  0.84006286158008148  0.84355889723360944  0.84710974999475597
  0.85039990121159126  0.85360522292534391  0.85668040896299424  0.85988375880119872
  0.86283915384761178  0.86555963419748794  0.86810533460954464  0.87072653405999012
  0.87337508550092302  0.87587605807513969  0.87833946901962434  0.88078803919614945
  0.88343234447042451  0.88636692638607750  0.88924015578665783  0.89174820608473704
  0.89405472075880965  0.89637134778222793  0.89878039849487834  0.90125856660078230
  0.90336958158693847  0.90532121240947361  0.90728886165726086  0.90933243611504766
  0.91148604223135454  0.91358839931146052  0.91567701037470028  0.91770437316364706
  0.91981802073857921  0.92207921167859952  0.92441075698684116  0.92667827625545052
  0.92881893283908823  0.93086702450620740  0.93282647829171261  0.93469187991473768
  0.93652844400200796  0.93839545514767764  0.94041633865492213  0.94253059838022812
  0.94466810169854032  0.94681339002053133  0.94887132092981541  0.95073597748482497
  0.95265947747106650  0.95451338781672834  0.95637337086912599  0.95841391222860395
  0.96047030432994673  0.96255464390701484  0.96458659888522347  0.96668699826043480
  0.96879110049823725  0.97077812415251696  0.97270024183052306  0.97468924968122039
  0.97676341563004176  0.97906160776416307  0.98145476945582211  0.98392990278327086
  0.98664353971189189  0.98990262365065673  0.99428782524959158  1.00000000000000000
 -0.00412695760488256  0.15046530416317341  0.17274213048249598  0.19280384277271964
  0.20880522412444624  0.22170450407974068  0.23245456825194183  0.24258478605774411
  0.25355352031206829  0.26446131132543871  0.27447006363399717  0.28320919068794770
  0.29103030915548078  0.29826530199965728  0.30535924663090608  0.31266208497070641
  0.31993369367100855  0.32728145781260498  0.33430479050986123  0.34070572823521011
  0.34665839619163441  0.35273084760112489  0.35887701812943135  0.36510326939651866
  0.37156671992720086  0.37730226030714870  0.38292267157006921  0.38855548081199931
  0.39433144297867917  0.40042333482461934  0.40666093639252182  0.41273298506683676
  0.41857949304667663  0.42435695320545214  0.43005084072668726  0.43631039787468656
  0.44319242982648455  0.45023420427529742  0.45600582578353926  0.46101013428439575
  0.46563976715874483  0.47007402450361319  0.47426819611998527  0.47892606738254828
  0.48379753049423851  0.48845736564868714  0.49411669533685171  0.49990475890326574
  0.50530583016559061  0.51029204493127400  0.51502517018690785  0.51991589202460398
  0.52547244639556523  0.53106921274273478  0.53653724066797115  0.54168408748124219
  0.54699990623385575  0.55234480357442606  0.55791059386714037  0.56317559725472432
  0.56816331030428258  0.57322651571559025  0.57852529322458046  0.58391287408061343
  0.58923535908420754  0.59458810143981089  0.60019800279794133  0.60603120559970136
  0.61186512941914184  0.61762503208290831  0.62334297312433784  0.62989006744741172
  0.63687468514803502  0.64342147774377545  0.64971318509707354  0.65574560794803116
  0.66184897675621501  0.66797452290195747  0.67431447179678683  0.68128203392100228
  0.68836699139559143  0.69597054078118470  0.70383357569247351  0.71204421098179205
  0.71986247031667294  0.72789346527541976  0.73658680473292570  0.74791570142446817
  0.76014768695912693  0.77267746764743650  0.78483829298809260  0.80021784132386264
  0.81984717791619988  0.84290816873883778  0.86988471554699809  1.00000000000000000
   2.5968297958793469E-011  -1.0000000000000000     
 F F F F F F F F F F F F F F F F F F F F F F F F F F F F F F F F F F F F F F F F F F F F F F F F F F F F F F F F F F F F F F F F F F F F F F F F F F F F F F F F F F F F F F F F F F F F F F F F F F F F F F F F F F F F F F F F F F F F F F F F F F F F F F F F F F F F F F F F F F F F F F F F F F F F F F F F F F F F F F F F F F F F F F F F F F F F F F F F F F F F F F F F F F F F F F F F F F F F F F F F F F F F F F F F F F F F F F F F F F F F F F F F F F F F F F F F F F F F F F F F F F F F F F F F F F F F F F F F F F F F F F F F F F F F F F F F F F F F F F F F F F F F F F F F F F F F F F F F F F F F F F F F F F F F F F F F F F F F F F F F F F F F F F F F F F F F F F F F F F F F F F F F F F F F F F F F F F F F F F F F F F F F F F F F F F F F F F F F F F F F F F F F F F F F F F F F F F F F F F F F F F F F F F F F F F F F F F F F F F F F F F F F F F F F F F F F F F F F F F F F F F F F F F F F F F F F F F F F F F F F F F F F F F F F F F F F F F F F F F F F F F F F F F F F F F F F F F F F F F F F F F F F F F F F F F F F
  <DiscreteSampler_grid>
  grouped_processes
  1 # 1 for a reference and 2 for a running grid.
  10 # Attribute 'min_bin_probing_points' of the grid.
  1 # Attribute 'grid_mode' of the grid. 1=='default',2=='initialization'
  0.0000000000000000 # Attribute 'small_contrib_threshold' of the grid.
  0.5000000000000000 # Attribute 'damping_power' of the grid.
 # binID   n_entries weight   weight_sqr   abs_weight
    13   10   3.985720129965635E-009   5.876527786314502E-017   3.985720129965635E-009
    16   10   3.985720129965635E-009   5.876527786314502E-017   3.985720129965635E-009
    22   10   4.549013207021689E-009   5.434675999441522E-017   4.549013207021689E-009
    25   10   4.549013207021689E-009   5.434675999441522E-017   4.549013207021689E-009
  </DiscreteSampler_grid>
