  0.00354962417412641  0.01188968910770187  0.02270359102319010  0.03351902492112584
  0.04416738177169630  0.05495879054317374  0.06643310220070102  0.07837628577539525
  0.09053837010611009  0.10166037021491696  0.11179664501253435  0.12146897286960899
  0.13224140833060508  0.14361667146245974  0.15394812244828038  0.16354733203199767
  0.17356012888930086  0.18440481376342782  0.19485989415170207  0.20475541499704963
  0.21487827097131221  0.22626940205516774  0.23747158299084495  0.24818860693980554
  0.25898446790752350  0.27018924922534127  0.28101654503920326  0.29165195408243438
  0.30193499172549226  0.31253232835961131  0.32330396185461080  0.33413066302448313
  0.34489799139678545  0.35586748167939908  0.36718462488917791  0.37790036272310573
  0.38715365415929903  0.39570570549847506  0.40388195511382008  0.41204499782314180
  0.42079656608219618  0.43083693023698783  0.44246504983712703  0.45438391210073442
  0.46545026625089492  0.47607413406038934  0.48627414912128419  0.49632886975912943
  0.50693091114526057  0.51795203377161247  0.53078629316447312  0.54298351083330543
  0.55469179169979310  0.56495687095510871  0.57415869342534143  0.58322075145606367
  0.59210807016140132  0.60214926530317769  0.61226546017251604  0.62303246654910005
  0.63431856785887208  0.64707647625249143  0.66045399520463210  0.67245769275357281
  0.68392262610161603  0.69569487633660054  0.70706026308081427  0.71710049946968946
  0.72640094221250695  0.73763848340564653  0.74894922888523441  0.76045894382576484
  0.77178752471468981  0.78319815480617405  0.79229011321281984  0.80094468976004507
  0.80983442718321430  0.81929042784342399  0.82936152547885200  0.83989385836744956
  0.85120487630962360  0.86192582774248738  0.87207793868600303  0.88270319955320731
  0.89348755109526778  0.90456461606388017  0.91570898607152129  0.92672607803022145
  0.93729075798162742  0.94718579518824686  0.95695957090720596  0.96760735853947610
  0.97824089256694180  0.98687274838005101  0.99231657194952227  1.00000000000000000
  0.00369416023215086  0.01147198963750223  0.02210010817443384  0.03413099671752302
  0.04594743550521843  0.05670490726116699  0.06711442944452266  0.07817336704505247
  0.08984544217026010  0.10007368557865469  0.11000071086807399  0.12003343507675349
  0.13037014976354011  0.14126729654914003  0.15174286302815695  0.16317310440072802
  0.17467900184006374  0.18560030535934116  0.19556862996737595  0.20542171800120310
  0.21569258407162697  0.22694166930140602  0.23893154850645495  0.25032436893672039
  0.26091012531169411  0.27086997835593074  0.28054795142196237  0.29039282228442725
  0.30035909469926919  0.31028696503615644  0.32028479361826623  0.33049298925334319
  0.34080866016361300  0.35075979001073526  0.36151741530348946  0.37271426330236379
  0.38407297496940584  0.39521136024313114  0.40681980845721649  0.41872632384756181
  0.43027911768877902  0.44177083945500334  0.45380113257600657  0.46580422980701081
  0.47702306272709327  0.48687167282450217  0.49602905981871281  0.50587394964881527
  0.51628165230305756  0.52698250905815047  0.53805538082383986  0.54878656570155815
  0.55860771762469885  0.56777678634716444  0.57669916683756806  0.58626788005200681
  0.59682672353585020  0.60758243535107193  0.61806260858017847  0.62758470159034851
  0.63723536252721524  0.64702223849950458  0.65723988930209465  0.66807048968352989
  0.67930722207358107  0.68999915504189568  0.70011466360659447  0.71027063344684660
  0.72026932758305839  0.72968687379393748  0.73930758901401783  0.74911718647017378
  0.75966832888362501  0.76990445596781865  0.78003200827388286  0.79022010384148988
  0.80085534370230904  0.81099774847928419  0.82128634016438795  0.83215993741912797
  0.84424473181106152  0.85648157845280581  0.86907366335992930  0.88147076310396488
  0.89241770814505095  0.90212165440494263  0.91174002058247028  0.92182269984127196
  0.93362931342878197  0.94517362078451583  0.95654748193910444  0.96705329484501623
  0.97608078388323460  0.98456530267543207  0.99267329005913452  1.00000000000000000
  0.00011649980934347  0.00017054777312777  0.00019518187450721  0.00021578071871573
  0.00023277188905846  0.00024830458662849  0.00026246622498915  0.00027591574135549
  0.00028905835740802  0.00030234808196666  0.00031580089777387  0.00032959809590620
  0.00034378542960748  0.00035713361948156  0.00037097089475943  0.00038411640274380
  0.00039840563689764  0.00041284290780490  0.00042818048533264  0.00044436775008079
  0.00046131230374037  0.00047752337197948  0.00049358881913780  0.00051177886759366
  0.00052943102651987  0.00054927516459529  0.00056948566077838  0.00058996137686386
  0.00061117990326925  0.00063275603174077  0.00065447189276744  0.00067653545927891
  0.00070040281503009  0.00072550621897481  0.00075159422893932  0.00077848770460780
  0.00080661175156932  0.00083638914492505  0.00086821101165578  0.00090197105931376
  0.00093604300828896  0.00097174760673184  0.00101049276791167  0.00105186543508264
  0.00109311401320386  0.00114192782759723  0.00118622635330855  0.00123278582356974
  0.00127601649857602  0.00132061850493883  0.00136730193034462  0.00141136230266397
  0.00145508300965147  0.00149771726839875  0.00154498044337374  0.00159184173687351
  0.00165310530119650  0.00172822676443837  0.00180245045681261  0.00186732046986389
  0.00193890928987549  0.00201271773413583  0.00210211656205677  0.00221439606753432
  0.00232320178639597  0.00243248291163482  0.00255577162432707  0.00267698414766751
  0.00279264639925813  0.00290986005516056  0.00303638010683847  0.00317100273166889
  0.00329202891607422  0.00341206328018300  0.00354515997369211  0.00371015661005295
  0.00390032033645382  0.00411685906945782  0.00434782161875771  0.00466142762377963
  0.00495745330513223  0.00522072920174260  0.00550193922140874  0.00584779764311078
  0.00614364636515499  0.00639189982460055  0.00666664794995076  0.00704376499323968
  0.00771656153997518  0.00846521563814735  0.00958168255111338  0.01073114328676258
  0.01283443264422864  0.01533205024168547  0.02187644203844630  1.00000000000000000
  0.00000372605909381  0.00000395716792815  0.00000413370866101  0.00000421371071027
  0.00000434210785149  0.00000449186574548  0.00000465912019883  0.00000483456384692
  0.00000517288797247  0.00000552113973325  0.00000580965898796  0.00000612838922284
  0.00000645620823978  0.00000680771362727  0.00000722276145256  0.00000764933983254
  0.00000809042356561  0.00000858742901094  0.00000913899001658  0.00000981328813498
  0.00001053791280629  0.00001128038550953  0.00001198379116586  0.00001275540813415
  0.00001365228884317  0.00001469773129762  0.00001585112580001  0.00001699913773649
  0.00001817354507392  0.00001944029763187  0.00002087303999817  0.00002249025698570
  0.00002427787010565  0.00002629265474854  0.00002839983965022  0.00003081680830429
  0.00003361654032964  0.00003660103860451  0.00003981501426447  0.00004329421690192
  0.00004711483282552  0.00005157012953948  0.00005620957155616  0.00006111291486121
  0.00006596228009152  0.00007142676541814  0.00007748601438904  0.00008440772444151
  0.00009220564144773  0.00010065862107549  0.00011010217666819  0.00012031706092363
  0.00013104890222737  0.00014265204370643  0.00015477467843225  0.00016781276614648
  0.00018191110440911  0.00019756276884818  0.00021463260771797  0.00023229075396424
  0.00025159358131262  0.00027308309807220  0.00029593046504667  0.00032094438291326
  0.00034696181110699  0.00037606635095855  0.00040736439634013  0.00044107525306212
  0.00048244130599843  0.00053133551285924  0.00057473777749896  0.00061832170040807
  0.00067273614873238  0.00074129063311631  0.00081949475792745  0.00090937935623427
  0.00099971985175307  0.00108937763558431  0.00119055427194833  0.00127010775914983
  0.00139225047305014  0.00151220703421706  0.00166430042911298  0.00186186798260041
  0.00210020834396021  0.00236142001448596  0.00268210543764941  0.00301280327916328
  0.00345437338469001  0.00396932831981629  0.00450790157805422  0.00534044167562713
  0.00673663232026761  0.01121060487153009  0.26713929558900029  1.00000000000000000
  0.00000955712047495  0.00001015988792455  0.00001101314702861  0.00001206751622850
  0.00001316131435919  0.00001428005228959  0.00001547703576182  0.00001679170896310
  0.00001831371389313  0.00002002361053494  0.00002171681507722  0.00002312029220258
  0.00002461397760930  0.00002612007150490  0.00002773201951294  0.00002936378474115
  0.00003102400091717  0.00003284633993896  0.00003486431448262  0.00003712008260411
  0.00003954846260964  0.00004212449622016  0.00004499068141297  0.00004758592477766
  0.00005107566935690  0.00005479194104228  0.00005921394513836  0.00006373438074098
  0.00006877593788251  0.00007389935035119  0.00007947301215586  0.00008546624896300
  0.00009235496907106  0.00010005976230866  0.00010797994156332  0.00011637398407509
  0.00012550234104431  0.00013553107645881  0.00014639298236893  0.00015844663819590
  0.00017232054170191  0.00018902976617725  0.00020696716145639  0.00022537120818285
  0.00024392166689947  0.00026385343637660  0.00028547554725526  0.00030882839904831
  0.00033369206946680  0.00036013268024362  0.00038828679256730  0.00041843022343659
  0.00045173814745109  0.00048822520326329  0.00052865349139749  0.00057198738636042
  0.00061619998408945  0.00066221840273603  0.00071259431803682  0.00076903813342266
  0.00083129472534089  0.00089516721554391  0.00096458454245765  0.00103688422710057
  0.00111525074600113  0.00120130894979808  0.00129721003689711  0.00140075559193618
  0.00150185426903672  0.00160674618457582  0.00171831768894848  0.00184413551759146
  0.00197992488399347  0.00209341289671654  0.00221645883519475  0.00231735423663220
  0.00247684620680059  0.00266456647719360  0.00284371015136370  0.00304316188953627
  0.00327623181764240  0.00352846794712481  0.00379851539737918  0.00406975498369906
  0.00429165680064486  0.00454183649389633  0.00489390786516348  0.00525493144704051
  0.00562602468310722  0.00597375771229534  0.00631566689287365  0.00716711214877852
  0.00810052319793867  0.00918459920590963  0.19801638671457950  1.00000000000000000
 -0.00147564379121886  0.00876259537246783  0.01769398846221482  0.02656371705393665
  0.03527651836324026  0.04450237775506741  0.05455042431767110  0.06591793318604627
  0.07717424713280117  0.08826189131882410  0.09984757149252302  0.11134419891442823
  0.12183921918369862  0.13210726015542723  0.14241831216883555  0.15318777314545579
  0.16441510975946091  0.17570987386352621  0.18693004930602650  0.19795947114062323
  0.20913865938965220  0.22049442761660543  0.23143910390214442  0.24177165069786055
  0.25160172462460612  0.26115424865900366  0.27130949043713110  0.28126623678494028
  0.29062031287624401  0.30020421272840381  0.30999987798343898  0.32007132391623366
  0.32943976514193712  0.33801869274658769  0.34634340775616024  0.35522794278819331
  0.36450409209405010  0.37387693804240674  0.38306085351974756  0.39203273297527874
  0.40172562823304242  0.41194058103115594  0.42197244197315698  0.43161376517733835
  0.44098070417623819  0.45015785975169809  0.45918232295843781  0.46863015088122040
  0.47872322441892212  0.49017332286083898  0.50155442707691544  0.51331459624917541
  0.52480133826230768  0.53585752838513634  0.54707944948201770  0.55790690708376778
  0.56780370803289815  0.57701018591069209  0.58609601310650095  0.59547613861244009
  0.60557238433731608  0.61588788067649392  0.62610405354699084  0.63641524992235876
  0.64716382825554997  0.65910411227869059  0.67150160564912209  0.68335949399358520
  0.69514331692704634  0.70627962890388274  0.71854074121466360  0.73122589259258586
  0.74470616652373667  0.75843959558471574  0.77077172235948599  0.78148578219872911
  0.79160366652728231  0.80210676494196542  0.81388283711668163  0.82711788532763419
  0.84006260292997348  0.85113455723250731  0.86099345064365418  0.87043261037645214
  0.88014746226067142  0.89072282008820547  0.90235804293938560  0.91420192620633267
  0.92506805534327807  0.93541612997986034  0.94625837688358694  0.95769636137661962
  0.96812768117503967  0.97790136182954157  0.98826453992834307  1.00000000000000000
 -0.00250529849108273  0.01021835728793040  0.02053594662084310  0.03130109535822836
  0.04162885959140919  0.05209654647277128  0.06289853888233490  0.07371075083572812
  0.08480334720587042  0.09509298297481673  0.10527503515779886  0.11492558249596116
  0.12459046911892717  0.13374267845410076  0.14330288704937205  0.15363458566688631
  0.16550964741496596  0.17823988547098701  0.19002733097027599  0.20083132886533150
  0.21106197635842402  0.22103317126788380  0.23129905213859112  0.24227613686948099
  0.25356409863904772  0.26398778291589037  0.27454932874513210  0.28471932643833792
  0.29530459437066064  0.30478828092486432  0.31478991851624027  0.32616491914897028
  0.33869194029476146  0.35175736353748827  0.36446201920404298  0.37725558081563720
  0.38927970375416499  0.40143425073775285  0.41268865167697766  0.42344211752083416
  0.43189136734410738  0.44070876494250583  0.45005462615752906  0.46132965453497099
  0.47278188709011165  0.48287484960455002  0.49286904823850886  0.50288980487530333
  0.51355729762698177  0.52457602280229298  0.53479595844776284  0.54406644570623020
  0.55314829466480075  0.56219926018778565  0.57159048309969129  0.58092705739138550
  0.58996571662912101  0.59918718175384156  0.60891915742625358  0.61879758300407961
  0.62879261564548572  0.64041974824053360  0.65149812851684341  0.66217065329031266
  0.67266356578618669  0.68325519330262696  0.69419510357603120  0.70472029837357897
  0.71499689212917406  0.72497667369162710  0.73494132379035493  0.74459621885490890
  0.75426222371916252  0.76438123389723012  0.77475959864751087  0.78554189059809543
  0.79677430069808830  0.80767134256850470  0.82003177718183884  0.83276771564263341
  0.84684069696212239  0.86038533447119081  0.87310941243047868  0.88393061794422112
  0.89329701269071549  0.90187176277916858  0.91023612294804712  0.91941640639011402
  0.92895059764391519  0.93958760750112158  0.94939470734185538  0.95981139568154750
  0.97035812654947595  0.98077602149358911  0.99065207784208398  1.00000000000000000
 -0.00169393206289867  0.00863538670468273  0.01827654932120763  0.02900728434804110
  0.04212939546822779  0.05663942338285339  0.07045143333469100  0.08260976940128613
  0.09458430731773888  0.10690160983579139  0.12006098332275456  0.13251048092646511
  0.14327481059916178  0.15364922738918399  0.16375338694817917  0.17432345216572973
  0.18560767563066508  0.19725213683447701  0.20852783231888150  0.21888609522539323
  0.22932147411800061  0.23959245049120817  0.24905576843782556  0.25839572506137526
  0.26773073590018065  0.27931286711913139  0.29064796955740491  0.30142035325861827
  0.31189585638056361  0.32318587970446955  0.33470410091485681  0.34639976275885598
  0.35679920457997633  0.36680395512821101  0.37640586114090951  0.38627709351695427
  0.39627499284771739  0.40613786429005677  0.41637824944776908  0.42721571257618979
  0.43824728330997703  0.44904682728994572  0.45970810398302830  0.47054824478753399
  0.48066440789195286  0.48973946695753612  0.49857804482423790  0.50827504085908148
  0.51882908296704866  0.52946621451635056  0.53924648689023880  0.54872427842204541
  0.55827079022442494  0.56802497882747127  0.57809331880669024  0.58865930923835275
  0.59828125106229257  0.60806821843932857  0.61768348355892910  0.62769637668774247
  0.63707022318230411  0.64604864061132961  0.65491873552507096  0.66394642077921573
  0.67344519648714241  0.68316891450658612  0.69307320586085552  0.70326127839341546
  0.71415821904978838  0.72506486249432978  0.73575963780356923  0.74591678134000061
  0.75586525188158027  0.76596605514431215  0.77615955425999217  0.78649034286272956
  0.79683007146711871  0.80693948284561878  0.81577249477247127  0.82506477479247242
  0.83431923971745836  0.84533019709902191  0.85643456383221950  0.86704433558716343
  0.87769457212226532  0.88841957871886024  0.89924308627557847  0.91033734354372986
  0.92148573378228460  0.93227377033657177  0.94300638980032114  0.95345175548978855
  0.96445044905885335  0.97604899954601043  0.98781129025435077  1.00000000000000000
 -0.00272867054653121  0.00957021197340312  0.02015359786880238  0.03043311430691716
  0.04086915192468957  0.05103797282371731  0.06114113972585765  0.07094598990926133
  0.08062744147922715  0.09019106823493425  0.10014509532482319  0.11129607002669152
  0.12302822176947285  0.13447308935156696  0.14442910635678288  0.15376927835573947
  0.16216349574378261  0.17117750236823259  0.18033997196715609  0.19017876653777796
  0.19994656173240175  0.21013638420615571  0.22122233248091963  0.23265483768207970
  0.24405883215925178  0.25540274834112370  0.26714506510674657  0.27970846308283198
  0.29283548568955903  0.30303299089305691  0.31184879751551747  0.32058257048258404
  0.33036322769494131  0.33976229380632977  0.34840622290749962  0.35760240388941339
  0.36777721910119937  0.37810733358787602  0.38838810832667564  0.39847463251917931
  0.41004650853804392  0.42092659271095062  0.43139174431700356  0.44112235043103154
  0.45067546769387701  0.46056243301366084  0.47141477653510416  0.48234193436402001
  0.49275099729768373  0.50315594507367578  0.51272567526308988  0.52231639115707940
  0.53237243468913398  0.54298251213831916  0.55448617476830819  0.56550982339348277
  0.57664379744907490  0.58742254617605705  0.59834353694872466  0.60921130841967508
  0.62033751417994298  0.63217204541517191  0.64479420655741970  0.65766813624872955
  0.66986608008413162  0.68035543346116123  0.68955227806634689  0.69863058743539996
  0.70737658725883690  0.71674640809729306  0.72649615551595137  0.73746533023688454
  0.74883649356225035  0.75850955642514006  0.76775155491048386  0.77737569361021996
  0.78762373670825336  0.79766366642797903  0.80788859654375156  0.81863199495144168
  0.82866479623940970  0.83870595400395043  0.84852036603206826  0.86070527978487832
  0.87250599194813483  0.88343055755361444  0.89369948348546657  0.90577404377726289
  0.91968532214659870  0.93224983459124944  0.94461745084762638  0.95593676760801960
  0.96694385518379511  0.97793562586678773  0.98880155073185172  1.00000000000000000
 -0.00092381474643687  0.00445312119440267  0.00941989257228430  0.01437721696797547
  0.01947143636550046  0.02476383242121147  0.02989779079433407  0.03469555269934358
  0.03980130332697714  0.04484627665910641  0.05059424928189721  0.05658056224458263
  0.06316248147180750  0.07043794166586340  0.07797832829397995  0.08508601655512943
  0.09197989383658764  0.09881009336660036  0.10591125884364695  0.11393074738696937
  0.12256559755464309  0.13162002034278286  0.14101584121546812  0.15043983270738220
  0.16020970220253100  0.17015050916240337  0.18086694269610032  0.19150781158900099
  0.20213936877030445  0.21272164668677912  0.22482873769687772  0.23875388929981900
  0.25321617069254188  0.26700811452929085  0.28113408554481217  0.29570613741342433
  0.31059273181048508  0.32562291280936828  0.34007621989817355  0.35387494868265063
  0.36814915480131472  0.38415798121002892  0.40158255536628235  0.41997435735881050
  0.43842144799895100  0.45698707779292669  0.47418661722407662  0.49043449464256589
  0.50692786560058556  0.52454077224778339  0.54329728401562294  0.56250455997807969
  0.58047781213552618  0.59757257152965970  0.61440184106592299  0.63125527479524479
  0.64720390724987809  0.66263741116590769  0.67744495828553308  0.69275049245389964
  0.70781131845569700  0.72431642083300307  0.73994908158087225  0.75431694313381215
  0.76815990757579677  0.78085069075516056  0.79294136046455721  0.80467940026298390
  0.81599352439165651  0.82611771336259754  0.83552985040799899  0.84504685891188147
  0.85488306099726141  0.86434846414120758  0.87341987297273838  0.88251739982763333
  0.89159169208382749  0.90043970068464185  0.90898394905348823  0.91650852193342447
  0.92343756298745450  0.92990971327436811  0.93620309851188110  0.94278218218487575
  0.94968928121516105  0.95649155390589347  0.96235848345201414  0.96732910768152502
  0.97195097220939763  0.97645235778521178  0.98051994552160116  0.98449805870093476
  0.98839741513756751  0.99226137805738512  0.99615296703602996  1.00000000000000000
 -0.00195682282597575  0.00926152585888921  0.01895688951986839  0.02885173387218665
  0.03836829485322620  0.04736400709549708  0.05621548193197914  0.06587606248479261
  0.07666029597682954  0.08768522034731087  0.09884982766375730  0.10929056328364219
  0.11900122653977979  0.12835903489947817  0.13741761435086874  0.14715955825211546
  0.15708674899687899  0.16798157692748944  0.18008517451974876  0.19189613339166631
  0.20292722687648621  0.21408832714593770  0.22538244812487626  0.23614901361423304
  0.24664978484718375  0.25766931781481617  0.26924732740609569  0.28119458821370613
  0.29297327209387536  0.30421074445578566  0.31462544601248565  0.32510224650031122
  0.33573661297072449  0.34626246250506776  0.35660053238173545  0.36724024970397567
  0.37755156672626677  0.38670751207698967  0.39573147219959376  0.40457636865405933
  0.41341716938981460  0.42253824866624107  0.43223356065296048  0.44293300165149863
  0.45427686214665208  0.46587158254392208  0.47733140996549245  0.48810690058896583
  0.49815211953192901  0.50787817674746316  0.51781024430848499  0.52977217677693778
  0.54251702952769953  0.55553516802425806  0.56743314239219134  0.57790591178957873
  0.58752262913589304  0.59645954057057993  0.60552643008036322  0.61508705577566025
  0.62504644985960511  0.63596671721514952  0.64746588437622854  0.65872080521691445
  0.66969819323528323  0.68065348972090378  0.69157453390700885  0.70196406345968421
  0.71164252890099122  0.72120323299015310  0.73110051283731070  0.74167719214992256
  0.75352726167028128  0.76571596912917217  0.77744032534591156  0.78855141196540324
  0.79995101892012999  0.81096559270302226  0.82078724438580442  0.82928529392995243
  0.83777546596969399  0.84654248663672660  0.85613869294969713  0.86614242921664175
  0.87636914270905331  0.88661765081892630  0.89706823920801992  0.90781044238538000
  0.91901786089038362  0.93066263603021304  0.94263143913980396  0.95436468728355905
  0.96604014530783666  0.97794993236295058  0.98900736019543978  1.00000000000000000
 -0.00271651507271377  0.01096582286096097  0.02232519415458140  0.03346019622241963
  0.04463264614552889  0.05485890593570163  0.06495395640371239  0.07439559970409500
  0.08397281307106066  0.09362959034861700  0.10276065924794536  0.11157497071656949
  0.12057732821390675  0.12976949371127569  0.13920507638010279  0.14837055925752618
  0.15791422229175778  0.16826451853862193  0.17966959837383856  0.19142818466887696
  0.20302434501491798  0.21435452190307255  0.22543060645953808  0.23634495935540129
  0.24606320122819150  0.25569620646269342  0.26568228474754868  0.27627987027213535
  0.28755316315888740  0.29935706992777500  0.31168225635353364  0.32386429038259740
  0.33582533020402466  0.34724696467225369  0.35786160834588920  0.36849323240858950
  0.37901705975010413  0.38911255251002502  0.39872711993955806  0.40841308781688851
  0.41863589177139721  0.42906892551959092  0.43921570111118058  0.44921403796663451
  0.45938117066447492  0.46952981808143812  0.47970020550169074  0.48942904450846886
  0.49940757979960715  0.50930079243860538  0.51916153429137513  0.52914780233359082
  0.53968944579461553  0.55059378925865676  0.56119777192176123  0.57084841992443458
  0.58010702930364533  0.58968376057861560  0.59999229835718770  0.61059348342670716
  0.62090381567556963  0.63127901114745455  0.64239071384966806  0.65465018066457392
  0.66714320584835163  0.67789962597392750  0.68787570253430996  0.69749642606492790
  0.70711224926190819  0.71700503700887253  0.72707804738665027  0.73882223712105610
  0.75090963527914767  0.76311413911460746  0.77522986336970101  0.78677042775766381
  0.79776435381788602  0.80857203051601745  0.81918571191065270  0.82958157917960917
  0.83949207205819543  0.84948800837907390  0.86062955283632925  0.87323163856393582
  0.88637473279755952  0.89820261572600002  0.90835615596893060  0.91765868987507027
  0.92667096457468001  0.93641356439415757  0.94680636540618435  0.95741966748513330
  0.96794456137790408  0.97841429344507957  0.98914258562492607  1.00000000000000000
  0.00007909514383919  0.00026271671084773  0.00056635711252691  0.00079565807348421
  0.00096612987805178  0.00113096152278813  0.00128752910753486  0.00144415309534119
  0.00160312081740467  0.00176612563006164  0.00191881638297413  0.00206973133643938
  0.00221927733566848  0.00236896004158870  0.00252291657297715  0.00267837784361690
  0.00283015860601116  0.00298059364480493  0.00313224598228762  0.00328283765987828
  0.00343991336063126  0.00360626708882655  0.00378629466427349  0.00395539767673835
  0.00411823535445058  0.00427452533976261  0.00444103718636952  0.00461329709697356
  0.00478510196055969  0.00494443987468878  0.00508877303971432  0.00523428827470835
  0.00538075687229267  0.00551419285239348  0.00567912238587187  0.00581788265812106
  0.00595427601721752  0.00608600108286334  0.00621335290274889  0.00636213764827881
  0.00651057624861517  0.00667024360792208  0.00682520578336540  0.00697672797431009
  0.00713353820169476  0.00729611799772165  0.00744698014835738  0.00759226247220913
  0.00772681200787588  0.00786897237415614  0.00801887531004037  0.00819717015417095
  0.00840825752129839  0.00865217540735575  0.00890949651066008  0.00915167563035034
  0.00937421024988242  0.00958791230868887  0.00980040721414909  0.01001626263609028
  0.01030748005994471  0.01061272435813569  0.01087760779211918  0.01119091255501884
  0.01146263187122889  0.01167643886922124  0.01186398099084723  0.01204443423632707
  0.01222393060761636  0.01245059479374474  0.01281135228708184  0.01325717123325503
  0.01369429382726473  0.01407321651703085  0.01449823964997855  0.01490656952601688
  0.01528207047158953  0.01574171359768308  0.01707502611020540  0.01879507643755048
  0.01989825228832392  0.02053411886854674  0.02189507084546927  0.02410137617192394
  0.02512585305191064  0.02720008528042528  0.02821925086117844  0.02892321740385558
  0.02959131060142318  0.03022276821988460  0.03078591550779783  0.03142625565622170
  0.03216817833710326  0.03320018746803107  0.17708363825088982  1.00000000000000000
 -0.00211251601795097  0.00994376709348946  0.01896484418633179  0.02789765285115928
  0.03633318048179297  0.04543726856551025  0.05461495133502531  0.06479260004452979
  0.07470124143011520  0.08410355035989679  0.09351060640850260  0.10381366700120170
  0.11545200484986017  0.12678416066052123  0.13730379906756349  0.14749296692313862
  0.15696697514319921  0.16577284701371900  0.17470678408569593  0.18378301628123311
  0.19270048102053183  0.20162475224352602  0.21115992020223631  0.22047835063669380
  0.22888816392833644  0.23722350822620036  0.24593572155596599  0.25740833297135923
  0.26962399677212739  0.28234077584248840  0.29433925074848966  0.30581454147518217
  0.31697471670323729  0.32751796499647517  0.33671320835872498  0.34539439837102892
  0.35509939605897900  0.36697664107840489  0.37928445586671927  0.39135819891749879
  0.40372451816115573  0.41713421005391077  0.43081060819976208  0.44457248311991376
  0.45781385984744277  0.47159612247823113  0.48441691405788267  0.49717993725611093
  0.50945988454457558  0.52164286566539142  0.53300125252811048  0.54406599876868411
  0.55553600367397615  0.56795910295990548  0.58091126909774249  0.59383046762739822
  0.60606070866729167  0.61708090829309026  0.62729304258467034  0.63724430405364596
  0.64788537656009060  0.65892595964366052  0.67060672892398765  0.68285710089707108
  0.69466770778499154  0.70575650529823686  0.71647359602912908  0.72655634760024246
  0.73651213299537843  0.74623145268712876  0.75697401344669646  0.76835923128444117
  0.77985967087857400  0.79051491423767450  0.80056911348458271  0.80991527791162699
  0.81920348396422216  0.82885580514939672  0.83953773911445706  0.85028338633518441
  0.86030179168668142  0.87006863993862971  0.88011241238323179  0.89031109269301734
  0.90013744400568585  0.90936566109592221  0.91805550630376942  0.92695651112631383
  0.93576399551842548  0.94504613247432956  0.95409534029865217  0.96313047920231265
  0.97231474322392464  0.98134510074838965  0.99081127907750033  1.00000000000000000
  0.54787735746150346  0.63883633148528274  0.65296635909200773  0.66519647632982926
  0.67587180687887316  0.68592408395092996  0.69499750980194053  0.70328160354401237
  0.71019481374929172  0.71646630200480088  0.72293586977236468  0.72964958876719521
  0.73617037066364177  0.74212349605902039  0.74851781257870065  0.75448222327879255
  0.76045666264961587  0.76578138437317234  0.77113243799981468  0.77599217077251537
  0.78096709747991100  0.78586217110443835  0.79049475763986221  0.79472214612046210
  0.79865737404308745  0.80274887390546990  0.80699435705571854  0.81121945669215423
  0.81501107319879273  0.81832158514356346  0.82141211259286739  0.82439373076877920
  0.82735584146457497  0.83041688839502603  0.83343844221555308  0.83632512529623870
  0.83913720955973004  0.84199884883815357  0.84471838136402533  0.84747882315044254
  0.85021052511045991  0.85308192736433053  0.85596204764854322  0.85872876351380734
  0.86130759283081870  0.86404003406597885  0.86679405507509555  0.86966848987028711
  0.87250177711411814  0.87534782641441611  0.87833975688233390  0.88128407346732085
  0.88424805301938569  0.88721344884975084  0.89014970573044461  0.89303617888358056
  0.89589024346867985  0.89875179805686523  0.90160906968851628  0.90441160572382495
  0.90712732251684502  0.90977583502256276  0.91237913193824227  0.91493019713872814
  0.91747811364540788  0.91995538492469009  0.92243148043140799  0.92491353664440334
  0.92741735261026348  0.92994438461731788  0.93239160132407528  0.93483064490966483
  0.93731761524222001  0.93977951356433620  0.94213086675822111  0.94438013203301108
  0.94661947003482760  0.94883285717069732  0.95108731157144621  0.95340457005425072
  0.95567512380229036  0.95786731028426519  0.96010082746743730  0.96234464226150651
  0.96476926824118492  0.96733041580698709  0.97000785965048442  0.97281376945469700
  0.97570896300116550  0.97856360120923347  0.98129226236386979  0.98410331346523106
  0.98700826665444308  0.99043380012419890  0.99467188031704656  1.00000000000000000
  0.03605883777729776  0.09560959977675937  0.13350530811490172  0.14835646258336080
  0.15826895175021852  0.16774636803676410  0.17715306375546791  0.18768102818951288
  0.19746775734120919  0.20598025111342749  0.21298577419737022  0.21990009436146082
  0.22681436849773140  0.23393099387896360  0.24028545590799802  0.24620029115609787
  0.25182642893017249  0.25731337522452630  0.26298930793317565  0.26889251562607119
  0.27505526087887205  0.28141911429697930  0.28783503838547875  0.29427851725403820
  0.30043910730415263  0.30633429532069578  0.31218161299027181  0.31799161035152834
  0.32385788462056103  0.32950320761582536  0.33491658729451140  0.34033157053415469
  0.34574933231305083  0.35080813076024969  0.35541439888035620  0.36000662280743412
  0.36490764521461777  0.37020162788225225  0.37531599764889445  0.38005996432322331
  0.38473220558837629  0.38952286713426326  0.39455591805949569  0.39987442980449289
  0.40497133803371949  0.41014123948001635  0.41493759016398124  0.42013810736296864
  0.42562988398435558  0.43157416826671019  0.43744709626222383  0.44304042342492772
  0.44851881731861903  0.45362194145612256  0.45841543992780381  0.46328178694802880
  0.46843875208372832  0.47390488411452886  0.47985819927151419  0.48569824067237016
  0.49149128285988281  0.49694419747340746  0.50283576693281418  0.50864340131877939
  0.51452171719589224  0.52054168516254007  0.52671570643212862  0.53318308697087147
  0.53974238814173636  0.54638267407263041  0.55339785047301771  0.56053107322646778
  0.56782092169999343  0.57493420107866988  0.58184523808752531  0.58870658366749573
  0.59599320138725498  0.60309532145261668  0.61070985420601698  0.61844156150165419
  0.62640581966967135  0.63508156582159248  0.64398459780123052  0.65355518964312043
  0.66369885281622976  0.67456067726931712  0.68682182857502860  0.69967261130507330
  0.71253568200533679  0.72579608809649721  0.74246635168537567  0.75991899283538378
  0.77879032332150944  0.80074959433770387  0.83411079791393261  1.00000000000000000
   1.0907612706164770E-008  -1.0000000000000000     
 F F F F F F F F F F F F F F F F F F F F F F F F F F F F F F F F F F F F F F F F F F F F F F F F F F F F F F F F F F F F F F F F F F F F F F F F F F F F F F F F F F F F F F F F F F F F F F F F F F F F F F F F F F F F F F F F F F F F F F F F F F F F F F F F F F F F F F F F F F F F F F F F F F F F F F F F F F F F F F F F F F F F F F F F F F F F F F F F F F F F F F F F F F F F F F F F F F F F F F F F F F F F F F F F F F F F F F F F F F F F F F F F F F F F F F F F F F F F F F F F F F F F F F F F F F F F F F F F F F F F F F F F F F F F F F F F F F F F F F F F F F F F F F F F F F F F F F F F F F F F F F F F F F F F F F F F F F F F F F F F F F F F F F F F F F F F F F F F F F F F F F F F F F F F F F F F F F F F F F F F F F F F F F F F F F F F F F F F F F F F F F F F F F F F F F F F F F F F F F F F F F F F F F F F F F F F F F F F F F F F F F F F F F F F F F F F F F F F F F F F F F F F F F F F F F F F F F F F F F F F F F F F F F F F F F F F F F F F F F F F F F F F F F F F F F F F F F F F F F F F F F F F F F F F F F F F
  <DiscreteSampler_grid>
  grouped_processes
  1 # 1 for a reference and 2 for a running grid.
  10 # Attribute 'min_bin_probing_points' of the grid.
  1 # Attribute 'grid_mode' of the grid. 1=='default',2=='initialization'
  0.0000000000000000 # Attribute 'small_contrib_threshold' of the grid.
  0.5000000000000000 # Attribute 'damping_power' of the grid.
 # binID   n_entries weight   weight_sqr   abs_weight
    19   10   3.363977026274686E-005   3.433402883342038E-009   3.363977026274686E-005
    20   10   3.363977026274690E-005   3.433402883342042E-009   3.363977026274690E-005
    22   10   3.363977026274686E-005   3.433402883342038E-009   3.363977026274686E-005
    23   10   3.363977026274690E-005   3.433402883342042E-009   3.363977026274690E-005
    25   10   2.996888892032793E-005   2.474393388142560E-009   2.996888892032793E-005
    26   10   2.996888892032797E-005   2.474393388142563E-009   2.996888892032797E-005
    28   10   2.996888892032793E-005   2.474393388142560E-009   2.996888892032793E-005
    29   10   2.996888892032797E-005   2.474393388142563E-009   2.996888892032797E-005
  </DiscreteSampler_grid>
