  0.00254037596336510  0.01489263654159565  0.02759506954795099  0.03886964873740553
  0.05006337676084158  0.06100733720137981  0.07223862641319455  0.08327236824562535
  0.09438612237615303  0.10490518315309437  0.11573121428419214  0.12638092352839395
  0.13722086000908726  0.14732501411725815  0.15691253658859800  0.16643071344332544
  0.17631702718608649  0.18666595241669587  0.19673775265245538  0.20672408628802219
  0.21669669394380711  0.22734638116372319  0.23825577498552347  0.24890985650709646
  0.25883687178046788  0.26903718903740381  0.27930956811513585  0.28944794380278160
  0.29945024632227335  0.30970424758196385  0.32082451032343012  0.33261025364005220
  0.34446142913871197  0.35549174722181887  0.36583621567359714  0.37621791239893371
  0.38716761775913677  0.39838174765537748  0.40952003367893941  0.41994980903765444
  0.42978907545383854  0.43976888640195816  0.44990726371173867  0.45991675702114709
  0.46956374173256876  0.47975811045613220  0.49058630029579170  0.50160604947715304
  0.51204051153440888  0.52243256287509487  0.53261489650058025  0.54310083562666733
  0.55321897243383467  0.56368374525856568  0.57409049727676775  0.58416614025598279
  0.59423433866205810  0.60453595057520471  0.61480074397698603  0.62447524104200336
  0.63395685401880486  0.64391435498113969  0.65429693931520272  0.66478240301163316
  0.67516101567372866  0.68592458717795746  0.69704297422576189  0.70769031076950406
  0.71815164365711348  0.72833466265888946  0.73824905955534414  0.74832974730461732
  0.75876817269303554  0.76938587213735243  0.78007920641547579  0.79063010208247331
  0.80188695467517357  0.81309935184860116  0.82433451863392837  0.83573900882297802
  0.84679661402222395  0.85713304832042636  0.86708503287008598  0.87704575977705945
  0.88697984087772541  0.89737721442532681  0.90772451961967227  0.91782066347143321
  0.92747027773845148  0.93671003175340894  0.94652538044292089  0.95699769190050599
  0.96840208988031118  0.97995159985790925  0.99022510467834735  1.00000000000000000
  0.00002989167012999  0.00006309063292866  0.00008354769012606  0.00009845962587923
  0.00011189848626341  0.00012461345141503  0.00013698623056272  0.00014951113281838
  0.00016193931628875  0.00017452735353417  0.00018762367536463  0.00020161412619058
  0.00021645238336313  0.00023159717962453  0.00024692032420957  0.00026293392435743
  0.00027918885279616  0.00029534290815583  0.00031221978996601  0.00033065178356201
  0.00035063217369878  0.00037158252794626  0.00039290372905992  0.00041474322491279
  0.00043773208108064  0.00046174748729562  0.00048643681349255  0.00051163975277568
  0.00053822026109060  0.00056641799166097  0.00059570184263467  0.00062695408696653
  0.00065908893966415  0.00069261865558191  0.00072633292631012  0.00076166170660688
  0.00079863649166175  0.00083719330191352  0.00087674864501490  0.00091828435159428
  0.00096223095648737  0.00100802316120929  0.00105541954276600  0.00110596407724248
  0.00116085014054825  0.00121974767167665  0.00128009919021475  0.00134163546872153
  0.00140619359637526  0.00147335099682043  0.00154276200718473  0.00161729280490479
  0.00170154014715209  0.00179073738935745  0.00188014437102778  0.00197498666797054
  0.00207551526808866  0.00217609216293811  0.00227628929741561  0.00237977529472478
  0.00249190415173678  0.00261238652452065  0.00273890846514045  0.00287193358225049
  0.00302170330084348  0.00317715019640056  0.00335579869108560  0.00355261679430878
  0.00374028863940309  0.00393404337786924  0.00412134893387091  0.00432006595788735
  0.00452320394874065  0.00474019806937052  0.00496421389009627  0.00521897563738831
  0.00550212606580318  0.00578718806325883  0.00608396606738904  0.00640502721621662
  0.00673921857172984  0.00709565230448020  0.00747515199710993  0.00791739656073605
  0.00848701132497250  0.00908574433170625  0.00961777935200776  0.01018006390978190
  0.01092676437278476  0.01185606187851608  0.01281045323711573  0.01400015631725206
  0.01561622281106802  0.01786123977955616  0.05037863749496777  1.00000000000000000
  0.00267825264365512  0.01524199389112501  0.02810413693715429  0.04020303475711388
  0.05137054962060494  0.06276748128419379  0.07409079596777336  0.08516435278811775
  0.09558549859337455  0.10621221300198816  0.11710555367682488  0.12809743797621362
  0.13890408448021252  0.14966542079630291  0.16055038397159013  0.17155170804978420
  0.18246294611899275  0.19326487540583165  0.20405394475479322  0.21477661912059334
  0.22519674053756011  0.23530407652444529  0.24527419920396509  0.25503306782395418
  0.26461940885321333  0.27468084871100701  0.28492802597855071  0.29517683386876248
  0.30540156734597235  0.31607245355781233  0.32716611418776192  0.33835960260337106
  0.34955279041873555  0.36065223343783492  0.37153625746584190  0.38212977820744187
  0.39226711131277869  0.40204577488461568  0.41194708560949533  0.42278272412692375
  0.43468752446333636  0.44675486420697469  0.45849640669211472  0.47017261884305256
  0.48203059502973328  0.49352815323366017  0.50450022517313609  0.51499972866035659
  0.52567805821661462  0.53657113256715605  0.54760263273796073  0.55854076482207426
  0.56939604744300842  0.58010437379061952  0.59053991026065544  0.60076308934206146
  0.61095245600521320  0.62121419616304585  0.63150754573507906  0.64190079753789486
  0.65198096097513902  0.66203489721155973  0.67246977701450694  0.68305365861130707
  0.69341593251643208  0.70349327848312326  0.71342315376532395  0.72332928852152001
  0.73324585343021842  0.74330294700959243  0.75345050390443313  0.76365360478964694
  0.77408330928891944  0.78470750061536509  0.79548660346068356  0.80597361149756808
  0.81644806057051456  0.82687198714782084  0.83785264414459504  0.84930979014082630
  0.86045278720151364  0.87093987836114206  0.88092833906499068  0.89049352895893819
  0.90031166562507647  0.91002414259436692  0.91967434826031114  0.92932216796212153
  0.93846615923033305  0.94811584088789169  0.95800561969007847  0.96700346096824985
  0.97597855600914074  0.98431514778432505  0.99276153653653665  1.00000000000000000
  0.00000318132913519  0.00000330828287990  0.00000343596796955  0.00000355331964575
  0.00000361396366482  0.00000371641044954  0.00000383142389500  0.00000395913825897
  0.00000410090425862  0.00000425168522882  0.00000443794489825  0.00000464480051655
  0.00000483740396467  0.00000501586294057  0.00000519257465198  0.00000536763932659
  0.00000558412082353  0.00000581099479648  0.00000606457955852  0.00000631993161749
  0.00000659417905676  0.00000690487354684  0.00000723214963534  0.00000757446895527
  0.00000793546559999  0.00000832408126228  0.00000873268301369  0.00000918835291220
  0.00000966812302801  0.00001016486725734  0.00001071574433217  0.00001133440579460
  0.00001202119438288  0.00001272177633825  0.00001345638228382  0.00001422517509092
  0.00001506512542439  0.00001602992849682  0.00001705913532294  0.00001814526644149
  0.00001933607420243  0.00002062289986480  0.00002198777404265  0.00002341135046422
  0.00002491335773393  0.00002654136808489  0.00002833214253558  0.00003031739089052
  0.00003252304310216  0.00003491208092387  0.00003749002979572  0.00004003805389350
  0.00004296368493407  0.00004618940361809  0.00004976367614805  0.00005358228106430
  0.00005780668926434  0.00006237759269383  0.00006729680245187  0.00007272156877627
  0.00007881623039301  0.00008551392139684  0.00009267824952422  0.00010080877608614
  0.00010933116098153  0.00011861213590462  0.00012928183043144  0.00014156058944390
  0.00015544491872420  0.00017192440300734  0.00019092744495599  0.00021309043463876
  0.00023829267433001  0.00026499401309880  0.00029325464155621  0.00032643894313846
  0.00036633625471932  0.00041636712803475  0.00047658711848986  0.00054467578006966
  0.00062546152318976  0.00072404733553490  0.00083846815967814  0.00097592181957733
  0.00116568004021872  0.00143903816590114  0.00180457382741374  0.00226135888906329
  0.00287272482755510  0.00370500822039433  0.00470307541255013  0.00595532702548294
  0.00772239501624072  0.01046242552019521  0.44787320905131589  1.00000000000000000
  0.00000606528083983  0.00000759314594519  0.00000957781762880  0.00001166736043730
  0.00001359230507810  0.00001559150910863  0.00001780695615008  0.00002042036288615
  0.00002349437833850  0.00002692324192645  0.00003080927897307  0.00003541999051492
  0.00004115282831265  0.00004748188232201  0.00005498077520062  0.00006383365225263
  0.00007445024787518  0.00008652330598465  0.00010009508655559  0.00011540274254662
  0.00013220752622032  0.00015039511817353  0.00016992132989081  0.00019027649296423
  0.00021104890412073  0.00023266408047978  0.00025583494066470  0.00028088242277164
  0.00030772424078359  0.00033581892582418  0.00036476232940232  0.00039473113982119
  0.00042540320536476  0.00045783206152610  0.00049229934019534  0.00052899893011251
  0.00056657006688030  0.00060411359387558  0.00064309094474716  0.00068474055366508
  0.00072863074170096  0.00077686054299869  0.00082680102448345  0.00087749127636679
  0.00092908022514075  0.00098329180226649  0.00104056020553053  0.00110073343190279
  0.00116373443946670  0.00122925435687939  0.00129664056131641  0.00136661695387972
  0.00144252764642222  0.00151972561411488  0.00160364447598950  0.00168694353728666
  0.00177680795428881  0.00186559561005492  0.00195699752217890  0.00205335906496374
  0.00214942208341805  0.00225057865963560  0.00236503938369512  0.00248895197998528
  0.00261840800747172  0.00275208416522967  0.00288789013536329  0.00302646953266060
  0.00317626133950531  0.00333676466562490  0.00349985871654955  0.00366942131319746
  0.00386998132615231  0.00408612208903910  0.00428277908972550  0.00452461874079762
  0.00482802567753632  0.00516374699931880  0.00553360419939207  0.00584230881773967
  0.00618968984415759  0.00658700855115042  0.00704163420760502  0.00748075368773472
  0.00786248468263813  0.00822150629225999  0.00859166130174200  0.00898045072772160
  0.00954497538591038  0.01033479048025232  0.01116079380213119  0.01202018592658517
  0.01299519322789263  0.01492068986874467  0.34209429774148586  1.00000000000000000
 -0.00224600470981611  0.00862885568831246  0.01940980209307420  0.03061983468635229
  0.04307235177808184  0.05602039009171966  0.06831345790195287  0.08055118068637734
  0.09163698806668161  0.10246764343240455  0.11322700541845662  0.12417381691323720
  0.13504703712622920  0.14530235455271748  0.15544406374197073  0.16583956523674270
  0.17702706318622699  0.18862610250117673  0.19982357074458870  0.21028344315400738
  0.22023117138077852  0.22997701292922967  0.24000283226515368  0.25034363416304817
  0.26090683539794707  0.27121356374573424  0.28110209884676202  0.29085710272777643
  0.30019802875568058  0.30922884933968658  0.31836573226136378  0.32798809587077554
  0.33811784613370865  0.34826122475485016  0.35846003350547173  0.36883978787536426
  0.37930922011811086  0.38967557018447624  0.39999578000878960  0.41045177363273988
  0.42105410089135237  0.43159390500503292  0.44172589264169687  0.45163874337640025
  0.46167019886853922  0.47159925736881081  0.48120173683125428  0.49066976898061798
  0.50025106261397934  0.51015443101670110  0.52017441198081460  0.53023854546170668
  0.54046231673915357  0.55066317470491744  0.56069078696610675  0.57057145597957348
  0.58098586352867299  0.59190060250612497  0.60287755814724153  0.61356693483411118
  0.62426340337729791  0.63443741424904831  0.64385117329180219  0.65265563512799230
  0.66159562154032514  0.67055260000247319  0.67953547552512106  0.68911061736683499
  0.69946779119996894  0.70972861545549892  0.71999764666216748  0.73066050146970207
  0.74176949965675543  0.75222996672192588  0.76231775597533991  0.77206602192097062
  0.78247430000166185  0.79297671962729210  0.80409469615145357  0.81537497459543307
  0.82694888449028103  0.83882620818735887  0.85050648488093461  0.86213507181522120
  0.87370371794723234  0.88502525868511250  0.89591786835907483  0.90660166717789437
  0.91711807844530913  0.92766401645151908  0.93813791925937307  0.94990442921002205
  0.96187841903110560  0.97427956014619177  0.98698980185443652  1.00000000000000000
 -0.00240630628646301  0.00920081861010332  0.01985541695914076  0.03003893820724506
  0.04065263348158417  0.05122911388509436  0.06259863682536161  0.07383250610867650
  0.08480042910917807  0.09570314196822872  0.10664759871479502  0.11805719162300476
  0.12879483882402437  0.13900814854672522  0.14899285563342995  0.15918256818114987
  0.16924977476953965  0.17899582145867951  0.18819316548062442  0.19755058027289943
  0.20723751146461705  0.21765550427113164  0.22874617720233409  0.23963475335633883
  0.25022720297275969  0.26110280155487225  0.27222732902197977  0.28341725861591172
  0.29434707927903697  0.30470520478747487  0.31473602650193128  0.32493842485297397
  0.33585068201045382  0.34714630732936697  0.35831214894639363  0.36953121907336461
  0.38118757748908044  0.39324605884086511  0.40444797312450825  0.41510480647836451
  0.42499441460172782  0.43514249027740387  0.44479155707654655  0.45402476553118981
  0.46331855487502621  0.47284595837496213  0.48277355715226472  0.49260641842036923
  0.50260405136128572  0.51247103065571709  0.52240162044173344  0.53240486293807598
  0.54262671460501821  0.55341881589380171  0.56445800179923789  0.57513169451596757
  0.58588192009636064  0.59722377395916504  0.60796453169567677  0.61805795419144904
  0.62773732842668994  0.63839073829633297  0.64895971019226251  0.65939915266273097
  0.66922081260138122  0.67900533170303901  0.68912579176715660  0.69897431800516130
  0.70944468884975453  0.71985256266912578  0.73063644147154083  0.74136428706977575
  0.75206443072261087  0.76295445724244337  0.77299778591236079  0.78262048105894955
  0.79230967620026316  0.80354622995007485  0.81536975315867322  0.82688868673617444
  0.83800726145919557  0.84884469931598949  0.85877996275372559  0.86899958414833178
  0.87912772671138883  0.88994961761042435  0.90048492357641685  0.91212404277105419
  0.92310091525860916  0.93394304371149650  0.94422993975011171  0.95495692509218577
  0.96587006790084284  0.97718366435338544  0.98857717951258217  1.00000000000000000
 -0.00170700116930991  0.00694689239771589  0.01565373328196786  0.02410943650332412
  0.03238125357996129  0.04132893215713839  0.05042023437296730  0.05982020557621064
  0.06893048453350724  0.07784326923108126  0.08661120353391322  0.09551956938884736
  0.10483845973386614  0.11402158228074508  0.12301286167073053  0.13154088292316898
  0.14008426347300265  0.14866013267542141  0.15772875240977333  0.16704327978416780
  0.17648927006772266  0.18592161970752175  0.19534274916878036  0.20466851257467836
  0.21392209993729092  0.22300382353503539  0.23204760257992732  0.24093125436958518
  0.24961280057536558  0.25825306713569673  0.26677862300128935  0.27565576108584050
  0.28479058619168462  0.29422066048085366  0.30424622843362548  0.31457557739485931
  0.32457374752267421  0.33414186513500715  0.34324177949085016  0.35261092689899098
  0.36229737439008525  0.37213988440805362  0.38200662491190773  0.39203520813890663
  0.40218060088757512  0.41215508451123389  0.42181271355493599  0.43157146695444915
  0.44143307663795206  0.45147362676660946  0.46188770796434736  0.47296005908875427
  0.48436247214451789  0.49604303547995432  0.50804607095706700  0.51961873483125398
  0.53056920161218302  0.54126955747237004  0.55199764640840177  0.56315925359933072
  0.57472339069679346  0.58686634931809978  0.59808794969546097  0.61009008553278221
  0.62202278856428195  0.63347817757807434  0.64455630025932897  0.65570021964610870
  0.66732163938699429  0.67881028074456906  0.68979237354557232  0.70050498084748958
  0.71136637564148353  0.72234908772015782  0.73346807548784909  0.74482401453524316
  0.75718199284092691  0.77014141665152713  0.78341212562164486  0.79653988864115577
  0.80962174021798528  0.82196123777091457  0.83437637213503513  0.84714434537050176
  0.85956934050515343  0.87193544846532811  0.88446186696022044  0.89725090209021219
  0.91039251958997780  0.92331321677775791  0.93593560080846461  0.94862317394479800
  0.96249826757192503  0.97574596024932780  0.98849950032215206  1.00000000000000000
 -0.00252980323782739  0.00886075311286330  0.01932149993204933  0.02988192097543089
  0.04106167096295809  0.05219434496165126  0.06280515315003009  0.07332785988044321
  0.08353265975000759  0.09392181387332313  0.10467439783082824  0.11533892931562514
  0.12569141584384774  0.13614894952449597  0.14635238353123117  0.15699253356957568
  0.16821174573200898  0.17930672651636997  0.19046120915264020  0.20113596603947800
  0.21249276849702492  0.22291419997312983  0.23314684843821443  0.24361051823610508
  0.25447829619313711  0.26589391162036397  0.27686264336548444  0.28784364480827962
  0.29867261460933736  0.30970090514601972  0.32087801053293274  0.33211806505504726
  0.34340155260457778  0.35450095926689773  0.36552472000209429  0.37632308407919662
  0.38687423473741245  0.39695400923927021  0.40667464361503419  0.41680137413841473
  0.42763994359903629  0.43884296508780779  0.44961859573423235  0.46005438848237495
  0.47075622351844137  0.48130894494052900  0.49147264852746358  0.50116240287234015
  0.51083200794914174  0.52070672783316618  0.53133094465321284  0.54216593141586045
  0.55291217954373073  0.56355443986546083  0.57397899463048474  0.58441437712489830
  0.59459710502445462  0.60438349474468589  0.61364768433645334  0.62293907232087598
  0.63275680165992043  0.64272837806858174  0.65238388048738494  0.66208113619580433
  0.67269908187968053  0.68392495403613585  0.69452456014143948  0.70466808252704227
  0.71501537443698648  0.72597305880347629  0.73734194858809909  0.74870482838610097
  0.76028187579954720  0.77180576264776957  0.78257213900924028  0.79284308981183171
  0.80332812498344741  0.81387690609549512  0.82430848931526235  0.83439438449773218
  0.84485192154304856  0.85488104197246306  0.86482072360880369  0.87474790820952197
  0.88524648890539315  0.89513460732782058  0.90493735915312057  0.91426835307252741
  0.92376656695737347  0.93331287211863168  0.94371055702830897  0.95431287722772595
  0.96547645309439634  0.97678860636216869  0.98845367387489180  1.00000000000000000
 -0.00166029672272622  0.00678827409200537  0.01479023328545702  0.02375966031958475
  0.03298429001438236  0.04131934551418018  0.05019920098302337  0.05955267768377626
  0.06957440756829475  0.07986751617714780  0.08969947788567664  0.09942029830389029
  0.10946194609651416  0.12004342879382353  0.13105225162884929  0.14220121609474251
  0.15361913665163204  0.16518163327414587  0.17601466108125668  0.18644920123770270
  0.19724429950446926  0.20815167470606563  0.21829977729810973  0.22803982980598003
  0.23836844402378915  0.24929964658566464  0.26018217494642321  0.27054933946395432
  0.28108006572671318  0.29213898991759901  0.30320767161093681  0.31387467636300115
  0.32396804876631430  0.33416302871355286  0.34434193324114004  0.35424508630426971
  0.36400626275139791  0.37314795830478098  0.38261669051874303  0.39216300631755441
  0.40251039097787683  0.41327350805791818  0.42443413805341718  0.43509939633995642
  0.44553847269726043  0.45587114195525058  0.46652084944400352  0.47723528280697985
  0.48780213917053589  0.49866709989700170  0.50975665458690245  0.52033058380298447
  0.53056332365299541  0.54057251828892405  0.55118305480235663  0.56230458643834058
  0.57401087230488224  0.58580785368263166  0.59760856018872432  0.60904035946363999
  0.61989038338467994  0.63035931871093065  0.64144226775083635  0.65271691875821536
  0.66486364452027680  0.67656474848975079  0.68874977541560445  0.69957376959050932
  0.71048788310958910  0.72104115277124115  0.73171502098971331  0.74178424940061449
  0.75228420673036456  0.76289392149443691  0.77391827360327270  0.78448185649379454
  0.79510631086965844  0.80548492701590280  0.81613283878915099  0.82708390808401955
  0.83849945171484674  0.85010065537995982  0.86084569861468452  0.87102720518182719
  0.88118495337365688  0.89160612023156394  0.90221254926127470  0.91282482279977717
  0.92367805233666966  0.93427950131274218  0.94400402803012928  0.95376013125184145
  0.96469841373151810  0.97694527067186565  0.98880728170590659  1.00000000000000000
 -0.00258110651756608  0.01058729885081698  0.02136643659950450  0.03308021967624363
  0.04416207404395824  0.05545659798661760  0.06690339361338558  0.07860201315327552
  0.08990130150765877  0.10113007611715301  0.11173767223957734  0.12217316502454123
  0.13271936018862387  0.14374099110114824  0.15465386718753538  0.16541342091167791
  0.17643710082418620  0.18752655167127621  0.19824078318372279  0.20827753906437457
  0.21849110760723048  0.22850204885629000  0.23869402303167209  0.24901652051177356
  0.25954462407292911  0.27035848118426931  0.28144869959070140  0.29273059127385692
  0.30380214600130939  0.31456044350973922  0.32485258628173919  0.33540764684965191
  0.34568699562165339  0.35567256555382343  0.36494739977078511  0.37340393152904022
  0.38271363820531062  0.39252644488827276  0.40352661683433710  0.41442141409780303
  0.42521024489000625  0.43560041328664711  0.44538440062126017  0.45534349720891043
  0.46554015884389166  0.47585329607816973  0.48583126894081236  0.49607568810230407
  0.50719227674337841  0.51838632082043190  0.52912188998471776  0.53975068985901620
  0.55086818498514556  0.56252684400092334  0.57393441577396298  0.58517892290853180
  0.59650748679037224  0.60788364882640633  0.61905927381091375  0.63022439076526815
  0.64066367199891538  0.65092023773518659  0.66098197525354918  0.67155964141667557
  0.68220794354772873  0.69257318385841460  0.70270793955320388  0.71252099905010968
  0.72197912349336135  0.73178581262361908  0.74225226650466292  0.75379733745186595
  0.76526453113145676  0.77636711357842736  0.78732136027201216  0.79804594728681222
  0.80856313186613071  0.81852785182451882  0.82774143446222948  0.83673095232282235
  0.84613819925568590  0.85578232480444871  0.86620318394565776  0.87614628292363228
  0.88610609438410892  0.89645280036583119  0.90696232233375362  0.91684242208374334
  0.92619677117404209  0.93587149147746163  0.94614112548597851  0.95745819669254262
  0.96783813293007925  0.97815540885510266  0.98889091899280601  1.00000000000000000
 -0.00241727031240675  0.00956324984404555  0.01993607325111277  0.03105071195735874
  0.04193035623522259  0.05386870669822054  0.06503780255892072  0.07594872201927107
  0.08686478234043143  0.09779478525126488  0.10855600104792047  0.11889109321064732
  0.12968348824249715  0.14099852831512177  0.15281137067912204  0.16427393558847217
  0.17540853439847487  0.18702629608689253  0.19643335608136575  0.20664445004938220
  0.21673082215132677  0.22715494270879630  0.23728575571519944  0.24689800205721563
  0.25657840436794432  0.26662241423765104  0.27668893748491968  0.28703017480544979
  0.29686317588420874  0.30668862659393809  0.31656968749014780  0.32666688061476129
  0.33695665715983014  0.34757399052417515  0.35779304327646100  0.36807472975265193
  0.37849466380227015  0.38897714395848876  0.39895266406900776  0.40906731990322831
  0.41972450826545321  0.43068870594428110  0.44082798369787046  0.45064216474043062
  0.46072844586789391  0.47130931641926310  0.48186373830746854  0.49241018321450181
  0.50334161269254685  0.51436470710222504  0.52487712721369539  0.53531057058869125
  0.54561088614879250  0.55620048411558731  0.56700208997506785  0.57820272547434748
  0.58945630567787000  0.60017612865859149  0.61053071927549740  0.62069504265012576
  0.63126770478391803  0.64229548233334022  0.65351673212309769  0.66486798673602199
  0.67607755389086799  0.68712874980292649  0.69739612358167824  0.70735991398046927
  0.71735343276792951  0.72732872263110837  0.73755601907070578  0.74831333787054366
  0.75965771336184984  0.77099012615353968  0.78143129579103143  0.79158863029159610
  0.80166369622042799  0.81183534831198967  0.82167163187304604  0.83130983519339485
  0.84069367609747336  0.85054092879126020  0.86123112010273362  0.87210361795447344
  0.88307156062733783  0.89336040170504016  0.90365342808138494  0.91368197810325591
  0.92400128948947247  0.93508994196259176  0.94650199265135893  0.95795895566471756
  0.96831789107298816  0.97844403738817065  0.98902076484637491  1.00000000000000000
  0.00013115117029928  0.00036142840854936  0.00063080457458764  0.00088234313582733
  0.00109289937427124  0.00128246095307460  0.00147514832886855  0.00166835627972732
  0.00186322756768387  0.00206075749629498  0.00225515922496946  0.00244940634853874
  0.00264507769902148  0.00284277288117593  0.00304346305401559  0.00325058902698256
  0.00345801637230374  0.00366306300904647  0.00386628125664889  0.00407006087249332
  0.00427564138586670  0.00447938874447515  0.00468262009315343  0.00489098876590472
  0.00510160956927394  0.00531347487658767  0.00552355245876260  0.00573724810352419
  0.00595700732788126  0.00618123605237731  0.00640619976846127  0.00663423870526365
  0.00685487798611885  0.00705834221409277  0.00725708566694209  0.00747017390808389
  0.00769274969438336  0.00791758390377633  0.00815911373442657  0.00840838389286464
  0.00864480171841660  0.00885320949979884  0.00906184017643088  0.00927643650976388
  0.00949423917986076  0.00973917453176912  0.00997031590134011  0.01020476914883350
  0.01044758233576224  0.01070540578510996  0.01100512875515776  0.01136931358543516
  0.01172720964392358  0.01204763619571057  0.01240908284809583  0.01279916868117776
  0.01304298849695490  0.01330392855222492  0.01357111025803736  0.01382880789538793
  0.01408846901759752  0.01435685534720844  0.01462465052520332  0.01489564377399668
  0.01528250672219735  0.01565747491908081  0.01611563154499146  0.01660688659952283
  0.01711856558280810  0.01766852646713623  0.01824264028803220  0.01886633774598071
  0.01949752522369284  0.02016691292143684  0.02083838886201725  0.02149909038716565
  0.02215204710295416  0.02281178752180514  0.02330611588265703  0.02385777064928774
  0.02445293397399024  0.02533048165383142  0.02628841861365255  0.02733178655776410
  0.02829333000697430  0.02882894194240392  0.02963303213968840  0.03041363770801547
  0.03143046217687471  0.03335050293920665  0.03612820554946251  0.03838238712224722
  0.04235718807758357  0.04912726553485494  0.40923331085694081  1.00000000000000000
 -0.00262803247900221  0.01029588354559225  0.02062081715679432  0.03053079166052522
  0.04040900214805467  0.04963168341387030  0.05944530588433228  0.06976782734527726
  0.07996079410133032  0.08959107440710108  0.09910730132086135  0.10946513553824373
  0.12003013206391012  0.13025303033742139  0.13939829190660091  0.14900103717656957
  0.15868927766724994  0.16906875908991478  0.17941684739817723  0.18993165352441141
  0.20085745951837217  0.21209409134469542  0.22289602479113896  0.23373408549500246
  0.24422477898974365  0.25479455393951778  0.26568173635325970  0.27650295472915842
  0.28712154195766876  0.29730031502495580  0.30725144303131291  0.31783590497299208
  0.32883681673680132  0.33986694431158432  0.35066992646295375  0.36149689762501219
  0.37221217846381260  0.38280699816601393  0.39318551400742230  0.40381031535785866
  0.41433681512677606  0.42448273720444418  0.43492392201273733  0.44579759924849216
  0.45716987216334404  0.46831657805783422  0.47952420607161028  0.49092567613099253
  0.50228707325297084  0.51363993017902987  0.52456338400073332  0.53559769271471225
  0.54714620702414640  0.55900652641512805  0.57064887079568793  0.58166594333140820
  0.59247223179767694  0.60343912568177682  0.61438809549315132  0.62510387253736222
  0.63563369195919828  0.64642001483075984  0.65735362909130290  0.66882133436379676
  0.68050977104312416  0.69250296365927555  0.70417218972069495  0.71599426316260717
  0.72745412207064775  0.73831711687401258  0.74915604315543627  0.75998191535207438
  0.77124833345246324  0.78228111878002504  0.79301938580521114  0.80339088184538088
  0.81405717735687122  0.82449466159134022  0.83435118599481717  0.84364709813010064
  0.85276189311939976  0.86256691080074610  0.87270767975240660  0.88363029239802215
  0.89416515705733313  0.90396507101763413  0.91323693455290056  0.92209009650083940
  0.93096483184709344  0.94000738479233059  0.94969360082893783  0.95931275234103153
  0.96933044080412500  0.97945673559886370  0.98979012745912343  1.00000000000000000
  0.57534752904892583  0.63340232172944166  0.65546892864449713  0.67595330644698104
  0.69423305840227689  0.71064161074725685  0.72412582030925055  0.73629947018802711
  0.74709109671184304  0.75647448846913234  0.76530806730557321  0.77388648646437252
  0.78179296682467370  0.78887369617001757  0.79549742605658103  0.80196248242682655
  0.80824297991343430  0.81428313150141551  0.81974994941365142  0.82528174391049136
  0.83032811668189876  0.83478800211779414  0.83864136916492460  0.84255738973222660
  0.84670145859629431  0.85075673164303189  0.85460758309991836  0.85820751191074429
  0.86168860841937600  0.86493273068313181  0.86813887122617683  0.87119861725233594
  0.87413388455933538  0.87687553460349221  0.87960693409950752  0.88237809844602211
  0.88505962887645107  0.88764931496224908  0.89026607905691735  0.89293838733649089
  0.89566861577824775  0.89834977370869207  0.90088076422291152  0.90334299981771504
  0.90570742096975221  0.90806859423611885  0.91044949759837035  0.91292013260755889
  0.91542658545456879  0.91788370638799111  0.92027970608459808  0.92261660798274714
  0.92488976979768445  0.92708344741339277  0.92922294374193659  0.93137699759612302
  0.93353893373296071  0.93565656424756616  0.93768411971567456  0.93961397841540750
  0.94146540673073809  0.94331734258038102  0.94509074954526662  0.94685700443411702
  0.94859209901995534  0.95033240839415511  0.95204039140773677  0.95369116076862848
  0.95531418261369050  0.95698328813147082  0.95868621505951623  0.96035707429892858
  0.96196738851385666  0.96353319731225751  0.96510252545310282  0.96672650067274735
  0.96839182455587014  0.97002906066082151  0.97155183942477796  0.97303832166939808
  0.97451842793546595  0.97600909087353172  0.97749265284028930  0.97895296772176188
  0.98039015647399153  0.98181586120532749  0.98325249475565812  0.98471707096670569
  0.98621869818929753  0.98766672279287271  0.98918108435893115  0.99071145214427314
  0.99251673719756006  0.99449027155151060  0.99705829872059515  1.00000000000000000
  0.03012988617857015  0.08241235051536942  0.10298837592361677  0.11955537670343094
  0.13165024117339219  0.14052988068856567  0.14819342749718245  0.15536230837851359
  0.16287576355980712  0.16991101525204036  0.17579034500574250  0.18100581971970403
  0.18583306228064497  0.19062121925540096  0.19505553371866696  0.19950334543544773
  0.20408938238130794  0.20882890616405128  0.21362916066163981  0.21821122028371306
  0.22306640034286243  0.22769903072463613  0.23252215010477437  0.23702857311702510
  0.24158968691949001  0.24620479142359922  0.25085751406266116  0.25535203447666299
  0.25976044511773250  0.26420090416640135  0.26859135911248477  0.27297976526114864
  0.27741164084408110  0.28187794231118063  0.28642514615227715  0.29109301482371375
  0.29579582302108093  0.30034950922053538  0.30471365330666644  0.30910206122407835
  0.31374808944305904  0.31852543133904399  0.32323979385104251  0.32790335931103648
  0.33263248936829204  0.33742636799351100  0.34222527945199616  0.34713738411396799
  0.35209465217354380  0.35701518109874697  0.36196042148924767  0.36685449654687541
  0.37172388815667945  0.37668780267992708  0.38166506990507798  0.38668897361666893
  0.39176659595286434  0.39702816207406572  0.40247214832542366  0.40786866080657391
  0.41336739874841333  0.41891560671425004  0.42455047526568424  0.43014276574818600
  0.43578490580586610  0.44151680724907572  0.44762005448609071  0.45402904435372826
  0.46062297708225042  0.46748813385716692  0.47446129955293403  0.48143316043868833
  0.48847621217688542  0.49570042814296383  0.50304436652463980  0.51051731922523969
  0.51832604375547497  0.52644208249557467  0.53478593603145252  0.54333617328635242
  0.55238339289494220  0.56217800258705319  0.57276818545875763  0.58386961150895900
  0.59552906155784935  0.60825492888434063  0.62227236603630620  0.63685677681836428
  0.65184237737314743  0.66801387957565794  0.68623542528726778  0.70767405498369829
  0.73234144051037686  0.76381918511977354  0.81079275709564536  1.00000000000000000
   9.0975780879202044E-009  -1.0000000000000000     
 F F F F F F F F F F F F F F F F F F F F F F F F F F F F F F F F F F F F F F F F F F F F F F F F F F F F F F F F F F F F F F F F F F F F F F F F F F F F F F F F F F F F F F F F F F F F F F F F F F F F F F F F F F F F F F F F F F F F F F F F F F F F F F F F F F F F F F F F F F F F F F F F F F F F F F F F F F F F F F F F F F F F F F F F F F F F F F F F F F F F F F F F F F F F F F F F F F F F F F F F F F F F F F F F F F F F F F F F F F F F F F F F F F F F F F F F F F F F F F F F F F F F F F F F F F F F F F F F F F F F F F F F F F F F F F F F F F F F F F F F F F F F F F F F F F F F F F F F F F F F F F F F F F F F F F F F F F F F F F F F F F F F F F F F F F F F F F F F F F F F F F F F F F F F F F F F F F F F F F F F F F F F F F F F F F F F F F F F F F F F F F F F F F F F F F F F F F F F F F F F F F F F F F F F F F F F F F F F F F F F F F F F F F F F F F F F F F F F F F F F F F F F F F F F F F F F F F F F F F F F F F F F F F F F F F F F F F F F F F F F F F F F F F F F F F F F F F F F F F F F F F F F F F F F F F F F
  <DiscreteSampler_grid>
  grouped_processes
  1 # 1 for a reference and 2 for a running grid.
  10 # Attribute 'min_bin_probing_points' of the grid.
  1 # Attribute 'grid_mode' of the grid. 1=='default',2=='initialization'
  0.0000000000000000 # Attribute 'small_contrib_threshold' of the grid.
  0.5000000000000000 # Attribute 'damping_power' of the grid.
 # binID   n_entries weight   weight_sqr   abs_weight
    19   10   1.965495688427632E-003   2.747931425143418E-005   1.965495688427632E-003
    20   10   1.965495688427635E-003   2.747931425143432E-005   1.965495688427635E-003
    22   10   1.965495688427632E-003   2.747931425143418E-005   1.965495688427632E-003
    23   10   1.965495688427635E-003   2.747931425143432E-005   1.965495688427635E-003
    25   10   1.017539030679810E-003   8.231853588467752E-006   1.017539030679810E-003
    26   10   1.017539030679817E-003   8.231853588467880E-006   1.017539030679817E-003
    28   10   1.017539030679810E-003   8.231853588467752E-006   1.017539030679810E-003
    29   10   1.017539030679817E-003   8.231853588467880E-006   1.017539030679817E-003
  </DiscreteSampler_grid>
