  0.00311689799115244  0.01605534271918614  0.02826022182517565  0.04013513810117145
  0.05254172427604938  0.06506715056938392  0.07660437747122523  0.08768777344356346
  0.09926917688075740  0.11035915915095008  0.12060189055645135  0.13081383980167327
  0.14022440279568879  0.14908811277068526  0.15761944724375071  0.16746734031819444
  0.17816390222912129  0.18810838574242197  0.19770663830087379  0.20813292319327120
  0.22041286714569006  0.23278458863769613  0.24245232991590784  0.25136371166560068
  0.26027163916191148  0.26951408223288853  0.27849419640585521  0.28690224042793111
  0.29550363508785421  0.30490523336409259  0.31507850886020361  0.32575498035360473
  0.33651477762164161  0.34722369039128126  0.35884752595329666  0.37104214758629017
  0.38277214095377426  0.39375429554977098  0.40435747915687265  0.41485923448933321
  0.42585368840099941  0.43645060377980971  0.44636623094208194  0.45607853623123495
  0.46647664173667702  0.47776045507043441  0.48880965355207667  0.49998778699957425
  0.51036382507674072  0.52067024156414754  0.53039203782311528  0.54047491159131866
  0.55031878145131286  0.55974763460985089  0.56966479938409964  0.57962572333336049
  0.58998848090567946  0.60089082974748731  0.61287867069137814  0.62474115077590286
  0.63605706666876838  0.64669404485985105  0.65749191538581864  0.66806150235193440
  0.67849279317383848  0.68831537190577630  0.69843179778061004  0.70835581315482776
  0.71970266775673875  0.73066802150567334  0.74088595906126209  0.75069442436412015
  0.76096850321160325  0.77150503335071097  0.78175770594676386  0.79120775500457852
  0.80115671164165347  0.81172835049224390  0.82294817396200359  0.83408021200639737
  0.84515871425180300  0.85612264224310597  0.86705630780362786  0.87691192190238310
  0.88717788844406875  0.89685271668447020  0.90636079861603325  0.91637560241903515
  0.92692588773362417  0.93785612284376685  0.94873310952305989  0.95909108066940085
  0.96925590134718242  0.97944982229342292  0.98970242397034336  1.00000000000000000
  0.00000208145360131  0.00000216271627958  0.00000225071566317  0.00000235616861418
  0.00000246273361165  0.00000257626678436  0.00000270207744672  0.00000284014393099
  0.00000298354090429  0.00000314433909214  0.00000331501736527  0.00000349463748555
  0.00000367792939962  0.00000386102335577  0.00000405539491401  0.00000425229155601
  0.00000446549752261  0.00000470319075309  0.00000492336071738  0.00000514772775557
  0.00000538732675024  0.00000563691387044  0.00000592489492838  0.00000623900731975
  0.00000655389008695  0.00000686424446833  0.00000720568339040  0.00000759669836329
  0.00000799712506421  0.00000841815329260  0.00000884828870010  0.00000929554765646
  0.00000981378803605  0.00001037817789293  0.00001098240297691  0.00001165301364016
  0.00001234934267269  0.00001310332417294  0.00001392345731997  0.00001480081341773
  0.00001576967104382  0.00001676604581848  0.00001786674268893  0.00001908322569169
  0.00002061939910369  0.00002246905734471  0.00002445641640554  0.00002660411642977
  0.00002887790366638  0.00003138377336947  0.00003408669419911  0.00003702705168042
  0.00004017275882556  0.00004362439876790  0.00004736999729121  0.00005153390220377
  0.00005615143453290  0.00006113082259834  0.00006667573451492  0.00007299661844993
  0.00008046638895059  0.00008861173724954  0.00009731271119241  0.00010629252493836
  0.00011567719860720  0.00012614247181879  0.00013798232446833  0.00015166330166346
  0.00016794242952766  0.00018518025425991  0.00020350076882731  0.00022339736669072
  0.00024645515007694  0.00027517439143860  0.00030790987294180  0.00034532768572119
  0.00038715301726544  0.00042901933032070  0.00047950022880718  0.00053902709977392
  0.00060918136817373  0.00069171087841692  0.00079372354089480  0.00092858922784539
  0.00109513522642399  0.00130393534943379  0.00163191231622762  0.00203443199110409
  0.00246263969514728  0.00305514806426353  0.00376473327154837  0.00510247245660769
  0.00773706573433752  0.01000397885290384  0.06198789836403647  1.00000000000000000
  0.00000256022781729  0.00000334644208395  0.00000349722913970  0.00000366042039446
  0.00000384575193651  0.00000403100424696  0.00000423197301142  0.00000446352583445
  0.00000471366881839  0.00000496091330460  0.00000520954162533  0.00000546421311023
  0.00000571575566703  0.00000596364551135  0.00000621211974984  0.00000646543313239
  0.00000671839345436  0.00000697607373200  0.00000726609437542  0.00000756335400299
  0.00000787750082352  0.00000823274251435  0.00000863437985439  0.00000906401140329
  0.00000950192401722  0.00001000257346144  0.00001051152859344  0.00001106525236739
  0.00001166693182426  0.00001228481467690  0.00001290600919346  0.00001353953036376
  0.00001418535839275  0.00001490647501005  0.00001567948101289  0.00001648231922241
  0.00001732804807659  0.00001823352307763  0.00001917997219130  0.00002017621500165
  0.00002125461449733  0.00002240511712619  0.00002352496081824  0.00002472374546999
  0.00002596516011025  0.00002727777701420  0.00002876990390631  0.00003034742195888
  0.00003207458236520  0.00003399893078464  0.00003605143446095  0.00003825967384358
  0.00004069837412117  0.00004324423394074  0.00004626744911244  0.00004945933717740
  0.00005287538589021  0.00005657117306485  0.00006044968743124  0.00006447826709537
  0.00006899796115647  0.00007379251498907  0.00007929049920467  0.00008547011931406
  0.00009238170501072  0.00009992417495612  0.00010805793832690  0.00011759065538811
  0.00012843745859276  0.00014130766877841  0.00015505821049953  0.00017032192128442
  0.00018748636691192  0.00020848944113710  0.00023080939238368  0.00025788446934304
  0.00028804388619581  0.00032686673617973  0.00037439277581647  0.00042863134859702
  0.00049200035073078  0.00056779644666508  0.00066372314335041  0.00078442897715308
  0.00092859212742749  0.00107209028352256  0.00126636020961080  0.00161857055386401
  0.00210695213577694  0.00265567907944331  0.00316523274312359  0.00355081769935387
  0.00401968851633861  0.00508213199807861  0.06300190740645324  1.00000000000000000
  0.00000183865538361  0.00000284256119128  0.00000358819031544  0.00000430700822577
  0.00000512462075571  0.00000586054968905  0.00000655301792849  0.00000720057772785
  0.00000782337165168  0.00000846803806481  0.00000913251372871  0.00000989190369588
  0.00001068045113170  0.00001151305599791  0.00001236315150113  0.00001330990052038
  0.00001434845440286  0.00001549043797482  0.00001674581149238  0.00001811258515393
  0.00001963173276081  0.00002126354199265  0.00002309925486366  0.00002513361296419
  0.00002750277126901  0.00003004520898569  0.00003276811361482  0.00003572003194779
  0.00003886847007616  0.00004230618004906  0.00004598245796082  0.00004990352156513
  0.00005401469983844  0.00005844474927102  0.00006336172305003  0.00006882683632136
  0.00007499565670087  0.00008172245709951  0.00008877802639127  0.00009627114907491
  0.00010402435823405  0.00011255488206167  0.00012136260090706  0.00013015663898345
  0.00013921530420717  0.00014917818878774  0.00016025083129853  0.00017234343876349
  0.00018493015627540  0.00019811269978815  0.00021142623161366  0.00022500664988301
  0.00023873879442021  0.00025334581105130  0.00026815638625833  0.00028364256017407
  0.00030071654566886  0.00032005978392507  0.00034325086863272  0.00037065292864508
  0.00039938188405690  0.00042973062307784  0.00046176644100825  0.00049468298275943
  0.00053150854661204  0.00056862553059378  0.00059226803001673  0.00061619761157286
  0.00064150980887802  0.00067105822919544  0.00071212098255286  0.00075861969794966
  0.00080283299669400  0.00085606428264252  0.00091601215149426  0.00099580085031446
  0.00106330410423837  0.00112025088382185  0.00118544673525290  0.00124936956635993
  0.00131048824994169  0.00137160855695928  0.00148024299957272  0.00164070066764173
  0.00183091849959990  0.00207243282878365  0.00235459299822296  0.00256836706837818
  0.00285205260384777  0.00317303686087923  0.00357359526494176  0.00429374007949364
  0.00511399495276750  0.00624468386656667  0.10914024662221647  1.00000000000000000
 -0.00141112624567377  0.00600177354856581  0.01250467152561636  0.01894253459639535
  0.02563556051232191  0.03249979997738082  0.03972545462412298  0.04670415353988825
  0.05337085924468713  0.05991056001019682  0.06592496835413737  0.07183716789055014
  0.07798214106079186  0.08433085195724710  0.09185678920078172  0.09958727613403889
  0.10692449385186137  0.11365007830542045  0.11980875527182959  0.12564869589959585
  0.13143413911370017  0.13749633804733319  0.14408511698608475  0.15112795594434836
  0.15837551328746491  0.16571465238133898  0.17292024583290594  0.17977521232596150
  0.18653939097106600  0.19349623185941861  0.20097537192689632  0.20897999837891462
  0.21681658156509789  0.22451437643352279  0.23200989315734388  0.23987548708927672
  0.24832335703306027  0.25727720154664435  0.26636954906986116  0.27510074220815750
  0.28315314501060712  0.29073420624039514  0.29825370152340064  0.30597140816738566
  0.31463176395260711  0.32293570179888081  0.33139571816162616  0.34002380705924373
  0.34923141236944183  0.35830417708478535  0.36705993104930701  0.37587340822497334
  0.38508500897667031  0.39503581285895756  0.40434599921027059  0.41318113447662252
  0.42170015618586487  0.42960387193272054  0.43769348359613958  0.44557872922302011
  0.45359762214053179  0.46215364239612988  0.47156657023731047  0.48096240931173395
  0.49053632517664636  0.50065889725751755  0.51130893290611323  0.52222390282574893
  0.53326256196207034  0.54413426303140455  0.55516660721190425  0.56649712454918522
  0.57846032444659501  0.59075725946973634  0.60324130727887515  0.61627829445917071
  0.62982748754304863  0.64412876998326307  0.65831378963281506  0.67211804318792134
  0.68622403147094024  0.70062326145665244  0.71510151245446785  0.72947464077952218
  0.74501238981123807  0.76023613591766348  0.77558467751250693  0.79350464830572676
  0.81394128079492745  0.83571782809798323  0.85879701371086747  0.88232898908490454
  0.90687495951997377  0.93425284066449743  0.96534304670590143  1.00000000000000000
 -0.00236063188868941  0.01060411071184856  0.02160988750785089  0.03108389585371204
  0.04160304591325820  0.05248496553833729  0.06305976080166771  0.07303525719958627
  0.08326505388275786  0.09457738976055254  0.10608532198223601  0.11639778064100401
  0.12608871169105731  0.13545937449994910  0.14471255471598679  0.15384355372743030
  0.16336608183534698  0.17315655364071555  0.18347282357336450  0.19299058301281993
  0.20251819673861601  0.21142830872079885  0.22115103506127062  0.23083501451029970
  0.24164632588417281  0.25317556346476022  0.26437588735093637  0.27540319382807260
  0.28571931007388274  0.29598506519327777  0.30616968931245642  0.31740926215088727
  0.32919385431577075  0.34116417053459469  0.35323143284261665  0.36527675548059035
  0.37708763555578584  0.38823690395255028  0.39908571549188832  0.40966427463168570
  0.41972340118790735  0.42937426653423416  0.43915111896571968  0.44979266461140388
  0.46095208469200888  0.47187359064567669  0.48208560694746067  0.49178816521400398
  0.50170647784098554  0.51191331504294812  0.52247426430189403  0.53298351448560310
  0.54397352442064384  0.55475092755488276  0.56555624750508582  0.57569483852197345
  0.58589696187489559  0.59620392029447755  0.60661335709910769  0.61761529940865778
  0.62848681357259850  0.64004122846334899  0.64978893326887588  0.66001017333581513
  0.66988181836317140  0.68076490767175701  0.69107114521640123  0.70193026309996787
  0.71301076175692002  0.72412987570251497  0.73500046903553096  0.74624427738624322
  0.75767526422511833  0.76852641318264014  0.77808059447386602  0.78676380508734001
  0.79563796723919389  0.80538960258222270  0.81609112736023359  0.82691237010479524
  0.83688862073416181  0.84677625146690516  0.85691028373763667  0.86765984454947698
  0.87852586124591103  0.88901081622066314  0.89977604143973233  0.91092347175471633
  0.92263129358119689  0.93421985824990972  0.94509762261073638  0.95550183969606706
  0.96597881400813357  0.97720448623945166  0.98862212701367358  1.00000000000000000
 -0.00273873366267496  0.01002376812896120  0.02167121957953183  0.03345994318095757
  0.04764862592218445  0.06319657148513332  0.07700554055095596  0.08971644643475252
  0.10198837564698592  0.11487997877325379  0.12657333868709145  0.13853693309726778
  0.14935022834127484  0.16028692704315395  0.17073587275441016  0.18139413278008515
  0.19171222996797893  0.20165530662596581  0.21207248375988758  0.22300670341793749
  0.23359100149520159  0.24369048898856763  0.25367095850206917  0.26496196504992409
  0.27608898247941610  0.28682495413641612  0.29683920198551844  0.30703151496336212
  0.31830099899087494  0.32857881719071375  0.33898786819049248  0.35015765032927387
  0.36308524125027131  0.37581627802888828  0.38746482009531286  0.39855902235585910
  0.40992305695247366  0.42138920878355285  0.43310677062409703  0.44446260618289113
  0.45638464152344582  0.46751945000416595  0.47813474799363764  0.48812467459327419
  0.49819403127728956  0.50836863086942419  0.51877201636487669  0.52901474508423851
  0.53878511589201528  0.54826705451916469  0.55816046782949158  0.56825829271704786
  0.57821027924887436  0.58845652082681199  0.59925601370893411  0.60999316266174020
  0.62010208784627852  0.63024763650538496  0.64086979207859307  0.65145153575007775
  0.66173172414156189  0.67207921533394721  0.68180614428316533  0.69090556402251380
  0.69984288090478042  0.70897880108898248  0.71896189484367024  0.72903848848560926
  0.73947541216406287  0.74947260943412064  0.75916007354327397  0.76810857099792662
  0.77718884756088213  0.78665952792486160  0.79633426987413181  0.80630051548951531
  0.81582909382774871  0.82512126305098854  0.83448185222229765  0.84424605376812500
  0.85432219721684632  0.86423814429008117  0.87419904822868177  0.88443453858533860
  0.89374685694432043  0.90274064832816014  0.91217932662086953  0.92214461464229780
  0.93257006495261030  0.94265585031465438  0.95235282771133345  0.96131990763037600
  0.97027624714587846  0.97995477177673396  0.98999811521186365  1.00000000000000000
 -0.00277191693469233  0.01123849643118254  0.02268481162775240  0.03417623652732723
  0.04608397160822738  0.05851651892369339  0.07155517363686721  0.08391466074824841
  0.09494136754644920  0.10490824232822619  0.11452135883070583  0.12437529298240238
  0.13453370657519087  0.14504168493860792  0.15614170315943879  0.16712008907988940
  0.17717589159191294  0.18682903258356404  0.19634848420213480  0.20595299318498950
  0.21543909240320935  0.22509762142726919  0.23455620331358706  0.24422087915953070
  0.25400074285616364  0.26454766501284882  0.27523510311608740  0.28506401812844001
  0.29510696741973436  0.30531291746332928  0.31579495414713010  0.32651630393251863
  0.33763074272039206  0.34910947591091662  0.36013744368384065  0.37139240027170134
  0.38156978400303471  0.39106817914909364  0.40041955785257771  0.41048285511289745
  0.42124893459317669  0.43118804598805793  0.44060929202714177  0.44997084771518547
  0.45958695098956592  0.46958040099897924  0.47980598024498844  0.48943158682770577
  0.49835961844838578  0.50648955503968385  0.51472875550660013  0.52410551217535928
  0.53476646675361661  0.54552230317584560  0.55608011058773821  0.56679847744597733
  0.57800565691817463  0.58981121182678264  0.60179984510496021  0.61361686234872526
  0.62466490061958457  0.63535978032454099  0.64633979142574549  0.65683935415522199
  0.66689773976378386  0.67662550760271922  0.68651180869395945  0.69632192685273675
  0.70627185715585039  0.71622964444574244  0.72728205415338221  0.73871621092352935
  0.74996378411054376  0.76025380589122038  0.77087433859592003  0.78089086246886463
  0.79121312267906696  0.80147591117191763  0.81244520285048483  0.82423173428086383
  0.83588182449574000  0.84730936955413794  0.85862211607006855  0.86911895029429709
  0.87964474969256223  0.88991884950972322  0.90102863318924176  0.91226565650365488
  0.92384999311953220  0.93497994776677429  0.94600738104383542  0.95706485199960267
  0.96869049665943519  0.98006471022124408  0.99019803348197877  1.00000000000000000
 -0.00254259669020487  0.01055364239453726  0.02210420637828144  0.03463393379061096
  0.04658458984558107  0.05744205996047336  0.06756941382801125  0.07814125300892343
  0.08849571504411576  0.09831450687570135  0.10775636469177770  0.11736676463425855
  0.12857905794098026  0.14064081111192103  0.15205795533272698  0.16276749920641331
  0.17330673604293537  0.18374430011469403  0.19414131210197338  0.20452271989781737
  0.21511240296300749  0.22585138885863454  0.23667836905404674  0.24783746394076642
  0.25919572812358233  0.26982332456837199  0.27942060345859776  0.28873617613012148
  0.29859087421207992  0.30919616790117316  0.31962963671609373  0.32972513848215407
  0.33990789988187253  0.35061127921204233  0.36203347964666704  0.37390183975498209
  0.38574374155319013  0.39708379989998183  0.40817192983853362  0.41835455819860090
  0.42810596528968092  0.43711538436170816  0.44681663875905353  0.45726944026588001
  0.46937728615855029  0.48171707144315484  0.49294405536346270  0.50403962151013670
  0.51532709629101237  0.52657029846860837  0.53776048871608462  0.54856138622581385
  0.55957303498209809  0.56980705817717914  0.57975691564349363  0.58948629801281127
  0.59900529536834224  0.60932174491594149  0.62053712355669133  0.63146124395597136
  0.64171763879259569  0.65151549358774985  0.66104290738351190  0.67035267194586345
  0.67985251305742556  0.69003250144782236  0.70057055328962070  0.71086887512040464
  0.72116544689401174  0.73152691422414129  0.74178380347776296  0.75233429396081497
  0.76374383073462915  0.77577801544192437  0.78753476725731497  0.79773046913878265
  0.80691978440999712  0.81614639934495026  0.82576509779402085  0.83662846542061298
  0.84778733181811017  0.85920562998322225  0.86982960273550347  0.87973159076949514
  0.88914475776199831  0.89876552570611179  0.90827318399344881  0.91759370051734024
  0.92704783455320572  0.93750988275175096  0.94905755260555347  0.96092032410611394
  0.97138812985582668  0.98121857263358714  0.99081759480247467  1.00000000000000000
 -0.00002144610794385  0.00021892666715267  0.00043119602519197  0.00060104220810071
  0.00071189440728530  0.00081031438658373  0.00091119868368414  0.00101215539311510
  0.00111023464575094  0.00120351476666747  0.00129639105095821  0.00138900711532301
  0.00148078661720607  0.00157407287395123  0.00166887700906317  0.00175595774759364
  0.00184214779519236  0.00192779792606067  0.00201468848532443  0.00210357572088021
  0.00218963449596755  0.00227435788531697  0.00236352302393835  0.00245369263227761
  0.00253922449951355  0.00262541999996983  0.00273198515906707  0.00283255698422860
  0.00292622392984336  0.00301827620950650  0.00310887044377837  0.00319705857667718
  0.00328303045656665  0.00337494173533725  0.00347592379009626  0.00357444285468007
  0.00366963995541766  0.00376874223906276  0.00387555792726700  0.00399325630318323
  0.00413111950008332  0.00429755992218825  0.00447706084178276  0.00463032882202958
  0.00477050617685117  0.00490043332121348  0.00501438441858142  0.00513091599085457
  0.00524985554306189  0.00537787025022505  0.00551336491108060  0.00566302233539789
  0.00578087486270258  0.00589869085133794  0.00601835989896018  0.00614729948813440
  0.00627978586298320  0.00641855355455132  0.00656730897947908  0.00671739868493012
  0.00687171737936596  0.00702403885461585  0.00717292956996285  0.00737594570159269
  0.00756757401725230  0.00775207113424738  0.00801482832155825  0.00829224862207498
  0.00859503077167694  0.00897931190031994  0.00942520287955964  0.01000643975754677
  0.01040727223527694  0.01070223116602217  0.01099169104406265  0.01122985887837169
  0.01146056093153361  0.01169376210789161  0.01190903581474413  0.01219287420878704
  0.01246155677146600  0.01275276286498472  0.01306484825096696  0.01339930195511875
  0.01401544981396878  0.01476535951631590  0.01581300655383056  0.01632715141083267
  0.02022485384451787  0.02116824467047723  0.02443245505887518  0.02880427988640069
  0.03020518294334962  0.03815938617477901  0.17579342907717430  1.00000000000000000
 -0.00224629554638725  0.00951864239266279  0.01886770945657735  0.02819669941544969
  0.03714187612124832  0.04658779077617716  0.05624860738953467  0.06592748846826078
  0.07560773947662328  0.08587000295567092  0.09701439118468635  0.10785782385812338
  0.11843095453994540  0.12872089907935375  0.13939555859529601  0.14960941539410019
  0.15965887696720091  0.17020377732980382  0.18244608830986508  0.19368387998520412
  0.20372498827698268  0.21325650719980074  0.22351441632814201  0.23364450153245545
  0.24386562356356428  0.25522940302258973  0.26746991102969075  0.27957015367445237
  0.29153304309957651  0.30231131981687231  0.31292895745717808  0.32369194403142687
  0.33529768327032922  0.34697838362777300  0.35817877424574601  0.36971414900703087
  0.38126301293592024  0.39228390616592013  0.40332794421080920  0.41406114995895765
  0.42529657624565442  0.43587570554979976  0.44628921247530928  0.45783077494178376
  0.46953599653056821  0.48051111751111786  0.49074445321783833  0.50085210046540019
  0.51179657821254354  0.52249862898503741  0.53279851708094006  0.54315529484145808
  0.55324789836196064  0.56455939231200702  0.57641363745665664  0.58784662260956533
  0.59782071067379861  0.60774555727884905  0.61768848129042231  0.62764465641298728
  0.63783980801497719  0.64860753198608989  0.66033750110098943  0.67190860259717566
  0.68386200460256119  0.69594763763246348  0.70767533243171821  0.71845899588453077
  0.72910401416375403  0.73884714151932773  0.74935625156065133  0.76047909704845273
  0.77166828836577517  0.78200785777305371  0.79271569674197895  0.80337586965648244
  0.81393348964217582  0.82418136049192570  0.83461149263599066  0.84546797007585295
  0.85623248127895490  0.86704362888401154  0.87764247024912012  0.88843639493674298
  0.89898575712762396  0.90914680385122248  0.91895432362234464  0.92831776791803133
  0.93770305292351808  0.94675037140124629  0.95576430508094956  0.96449427224577733
  0.97348786260193032  0.98232237760858099  0.99145406189645879  1.00000000000000000
  0.53023676670570341  0.53592689190747378  0.54220360589838212  0.55085190599082867
  0.56455454726630316  0.57393419120380218  0.58000184408231037  0.58553659704772731
  0.59121895907662936  0.59776956205441367  0.60442989699989502  0.61005332917183341
  0.61544903616928959  0.62122793334916038  0.62804522095582471  0.63496809631806927
  0.64152349201094461  0.64769737872010669  0.65343178803502522  0.65901224161982852
  0.66444156213649119  0.66971363499435954  0.67486381866564915  0.67973302406845648
  0.68451723095325445  0.68911737818069807  0.69397535825163814  0.69872647089022510
  0.70337728358603979  0.70795747441983148  0.71248659905019573  0.71752523469848295
  0.72265581723593320  0.72782553151991869  0.73291751054936582  0.73772290658941542
  0.74261646701052886  0.74747953293400571  0.75233609836953608  0.75734300890208706
  0.76228969503779631  0.76740744774092173  0.77260479823009243  0.77772577854562575
  0.78291068217247850  0.78812695224208540  0.79329208740056290  0.79828829345276986
  0.80318380701967718  0.80805397747587426  0.81287878279683123  0.81743368710422570
  0.82174073016130933  0.82606606161399188  0.83034295093180732  0.83457018659439974
  0.83892536473899404  0.84327649036983399  0.84766952024702691  0.85195563597566926
  0.85603846939630834  0.86010893370607777  0.86427175822897906  0.86822838432627347
  0.87204638327560302  0.87593372836198935  0.88013394142223211  0.88458128724632956
  0.88898849273076530  0.89301480313120385  0.89657910325421886  0.89988042982437377
  0.90299740801109041  0.90628362896374481  0.90969524538956870  0.91310084853195927
  0.91650094544628613  0.91992021956976466  0.92336030564381855  0.92685723870767356
  0.93058440862522840  0.93457284205783020  0.93867996774631646  0.94272340390851739
  0.94670481421203068  0.95056857955160612  0.95451841757590228  0.95852652436788621
  0.96297286979156493  0.96758047676940273  0.97241085619197221  0.97715342716652187
  0.98219317415030738  0.98728117929325088  0.99323106286055940  1.00000000000000000
 -0.00399732252734289  0.16620538420518680  0.18731619191280902  0.20421039865285659
  0.22013790535004485  0.23494437201874152  0.24971162235624592  0.26406205626161633
  0.27688510191795168  0.28812455039623280  0.29841955006224424  0.30833382703056189
  0.31832579144955198  0.32858083208267397  0.33831760820224005  0.34764617319096658
  0.35642161080406304  0.36495188355866121  0.37349366737723577  0.38193088197508152
  0.38977425831688806  0.39718649486719831  0.40402022367377088  0.41015176068068609
  0.41609791063454504  0.42174042636079989  0.42777592673459930  0.43426953324336792
  0.44094787643113365  0.44762380623296300  0.45400170896073161  0.46018663860804948
  0.46625249049229162  0.47221738792064999  0.47838888635894483  0.48482378711397001
  0.49134872244974792  0.49777735931305878  0.50395482774604028  0.50974725499438500
  0.51538415150996919  0.52100446086495944  0.52632991443460109  0.53143494861431229
  0.53671734765046686  0.54199688505292110  0.54701701183961748  0.55183457612824049
  0.55675243925278484  0.56170541324780388  0.56682113759962771  0.57206233368219495
  0.57719082052215198  0.58211467677123996  0.58686167427604052  0.59132479792789361
  0.59599744374825547  0.60094835838835003  0.60605601739842108  0.61119446917667486
  0.61632641204738015  0.62129262026622090  0.62623164205063619  0.63122955255232305
  0.63635413476027169  0.64160890946333660  0.64695341818432450  0.65236985901292055
  0.65779315607140587  0.66309617925538389  0.66833778591628579  0.67364719993372835
  0.67865389542931187  0.68356137583168231  0.68857965635912677  0.69376943855955853
  0.69917408905742240  0.70493647132585568  0.71123660684936596  0.71785996063132163
  0.72419415058017833  0.73033524290065177  0.73577692019095087  0.74130002342897716
  0.74696006445320773  0.75307057652335740  0.75934516038558564  0.76636843008938293
  0.77361824975617155  0.78077925583121532  0.78831377717266127  0.79565927190666341
  0.80417085411028810  0.81244493612436963  0.82406436631836766  1.00000000000000000
   3.2816836597910148E-006  -1.0000000000000000     
 F F F F F F F F F F F F F F F F F F F F F F F F F F F F F F F F F F F F F F F F F F F F F F F F F F F F F F F F F F F F F F F F F F F F F F F F F F F F F F F F F F F F F F F F F F F F F F F F F F F F F F F F F F F F F F F F F F F F F F F F F F F F F F F F F F F F F F F F F F F F F F F F F F F F F F F F F F F F F F F F F F F F F F F F F F F F F F F F F F F F F F F F F F F F F F F F F F F F F F F F F F F F F F F F F F F F F F F F F F F F F F F F F F F F F F F F F F F F F F F F F F F F F F F F F F F F F F F F
  <DiscreteSampler_grid>
  grouped_processes
  1 # 1 for a reference and 2 for a running grid.
  10 # Attribute 'min_bin_probing_points' of the grid.
  1 # Attribute 'grid_mode' of the grid. 1=='default',2=='initialization'
  0.0000000000000000 # Attribute 'small_contrib_threshold' of the grid.
  0.5000000000000000 # Attribute 'damping_power' of the grid.
 # binID   n_entries weight   weight_sqr   abs_weight
    76   10   4.582340634017059E+000   7.267525635270869E+001   4.582340634017059E+000
    77   10   4.582340634017060E+000   7.267525635270873E+001   4.582340634017060E+000
    79   10   3.958623832301885E+000   7.205407662674233E+001   3.958623832301885E+000
    80   10   3.958623832301882E+000   7.205407662674233E+001   3.958623832301882E+000
    82   10   4.221962855577619E+000   6.953434424062047E+001   4.221962855577619E+000
    83   10   4.221962855577617E+000   6.953434424062043E+001   4.221962855577617E+000
  </DiscreteSampler_grid>
