  0.00206243171863612  0.01813433545374843  0.03157667101922305  0.04315970333046626
  0.05329999854796875  0.06259826185361975  0.07248522428335713  0.08330216875331795
  0.09385440278751452  0.10451105181821385  0.11546759160480130  0.12597589429100897
  0.13577772014999534  0.14542618883519731  0.15590547284258963  0.16627024463175000
  0.17653842212460924  0.18652014095362632  0.19638000841841219  0.20668000991627355
  0.21755255211803981  0.22830095177782048  0.23842801306102107  0.24848214400102606
  0.25958224411155839  0.27120642422197094  0.28223390593631714  0.29301552893178395
  0.30384995119158714  0.31504750128795012  0.32659559800248522  0.33798091426345345
  0.34887660851254709  0.35923965203494512  0.36909992166231193  0.37876699184619284
  0.38782278314119534  0.39618307430167116  0.40500153873787265  0.41412856400725429
  0.42433350538580483  0.43513718904124654  0.44678602402051354  0.45893405107653445
  0.47101512174132709  0.48291144857408502  0.49453111347891626  0.50615561246402252
  0.51754171920856884  0.52919751861756359  0.54100962913705664  0.55227428583529181
  0.56347084978091455  0.57465889921075108  0.58490082129281695  0.59397032151635709
  0.60308862340183178  0.61254545812191974  0.62346768987109458  0.63379039786073188
  0.64329933012188267  0.65313414049258656  0.66327784387158750  0.67443900176818983
  0.68551403505001163  0.69574248492957302  0.70564098745713699  0.71553732174105023
  0.72684255048481905  0.73800714808061063  0.74938342170819472  0.76010134894225645
  0.77033057125649607  0.78053819645254197  0.79155661041466863  0.80286660301484469
  0.81317275797212563  0.82297488534393737  0.83242020658822669  0.84232883613040233
  0.85283487344695563  0.86442039299233053  0.87651772824022145  0.88705631316971234
  0.89697026594814011  0.90685261227901026  0.91706758656482601  0.92669059878517213
  0.93573228557005306  0.94332680861887075  0.95049393321099684  0.95749165506224354
  0.96567080905037683  0.97386907107920673  0.98223268326609414  1.00000000000000000
  0.00003959551102496  0.00006593308381856  0.00008166870827780  0.00009361047412498
  0.00010445958991807  0.00011470123326276  0.00012482810350573  0.00013444438438157
  0.00014434054946326  0.00015416484367557  0.00016379856942350  0.00017295319584800
  0.00018286871641132  0.00019294805918941  0.00020333110164416  0.00021410937567144
  0.00022522546770302  0.00023653779531754  0.00024769672656439  0.00025908382699331
  0.00027114674640268  0.00028369647161644  0.00029688463651887  0.00031067735543755
  0.00032448681734618  0.00033875260603579  0.00035311686437798  0.00036831155025241
  0.00038412096796818  0.00040031527086580  0.00041585760588980  0.00043342218133482
  0.00045042344674130  0.00046879311287394  0.00048704361782101  0.00050605907744966
  0.00052473211541636  0.00054227716659139  0.00056349440187207  0.00058848905895637
  0.00061512399766333  0.00064067675991080  0.00066499369289799  0.00068944007915997
  0.00071600353472707  0.00074741975670692  0.00078143004912866  0.00081584298775392
  0.00084806506617881  0.00087607843045013  0.00090374540933280  0.00093147321481109
  0.00095860357335469  0.00098676110826678  0.00101676041080845  0.00104945963636088
  0.00108803192376142  0.00113048974928816  0.00117518246141120  0.00123365350497922
  0.00128797878993203  0.00133880768235141  0.00138905279066543  0.00144409780214193
  0.00151296529699222  0.00160412427771721  0.00170172903579214  0.00176858448668175
  0.00183101613560056  0.00188842623619142  0.00195304518587554  0.00203252925752779
  0.00211272457451560  0.00220241012416548  0.00230172137141444  0.00239224553409476
  0.00248716763459084  0.00262453545211184  0.00283351598567317  0.00309769757515433
  0.00341959786673548  0.00377991103679323  0.00408212374138366  0.00434925246031907
  0.00461696164409005  0.00491290650643402  0.00521674381128966  0.00553405555979264
  0.00596116087003013  0.00647902918899831  0.00725136032903041  0.00808500394320253
  0.00930412900934355  0.01105189381732523  0.01896754983097620  1.00000000000000000
  0.00103899722610818  0.02621529821668593  0.04463598485010180  0.05872780799594002
  0.07049759591733230  0.08108024808518798  0.09119385194958889  0.10086188685051667
  0.11048098523463605  0.12015334653673623  0.13034016251142397  0.14042319988256660
  0.15095063928257876  0.16238575083818049  0.17531158743309955  0.18787458278378016
  0.19913995851965138  0.20930102742095846  0.21950521815330179  0.22943975742089273
  0.23959814512383826  0.25027730213780575  0.26199337262930106  0.27329975231917197
  0.28424315447402432  0.29481754485153305  0.30569330438246506  0.31652807726194260
  0.32766781198835659  0.33918380640489632  0.35008891602640391  0.36071077756836595
  0.36982012370436673  0.37902842086788474  0.38782724156778148  0.39700003390457950
  0.40704194139302502  0.41748400807720504  0.42789430887458291  0.43802674991954438
  0.44805875110289189  0.45836768336527872  0.46950104908967244  0.48149281514509379
  0.49334157228695957  0.50408178167845685  0.51400688776970227  0.52403047543649917
  0.53389730482488273  0.54396136760155311  0.55471181088501931  0.56590926658889307
  0.57678690541546318  0.58671804010127515  0.59596049104680449  0.60496473026821429
  0.61418704454281159  0.62379519832241548  0.63334835044578386  0.64405871633293077
  0.65597576804582858  0.66739613374089501  0.67803950366789201  0.68840006805859422
  0.69823362247052301  0.70849353106460744  0.71881194916604108  0.72867218858285154
  0.73836013278071044  0.74817273455359323  0.75820530060777747  0.76882449355473903
  0.77964520777442048  0.79147355434084976  0.80358924040070423  0.81430448696270652
  0.82476313357992781  0.83466081967527661  0.84457670250086569  0.85477468440667748
  0.86413894297215144  0.87286076492662867  0.88090364707722679  0.88843212882527667
  0.89656549350829906  0.90538775267874538  0.91418425399376091  0.92293189813669774
  0.93166340923325131  0.94039791990635735  0.94925037469593876  0.95811337386461248
  0.96705569548675374  0.97688606916076060  0.98784655651292885  1.00000000000000000
 -0.00288114966062501  0.01414497776180456  0.02929685119187334  0.04414552888046033
  0.05714882792378467  0.06877163282124767  0.07963922691801972  0.09015926290608650
  0.09986863627682208  0.10884716963523994  0.11784194641150844  0.12807297911933885
  0.13938218319403833  0.14920141408509102  0.15749409723064969  0.16558897180406842
  0.17363899091210599  0.18210118359012942  0.19111269873634215  0.20061377177603265
  0.21156923775613032  0.22354636141067424  0.23476197499182200  0.24568027275972942
  0.25689785460776937  0.26882536168814058  0.28040957325904059  0.29219550659610766
  0.30320937581687768  0.31515992894107175  0.32610034414040279  0.33631073939427891
  0.34600177945839244  0.35522628515756993  0.36390658187815395  0.37249696437281132
  0.38175458209867380  0.39161530520361543  0.40154288846661013  0.41121945798220200
  0.42210179391137059  0.43399739649889446  0.44463664821101234  0.45427671542226927
  0.46292858105828588  0.47176740342383283  0.48130156036230703  0.49057279387961278
  0.50040068728277465  0.51043816277155862  0.52058090118223443  0.53122599223529832
  0.54126150916931992  0.55141276614716028  0.56115652790678916  0.57069469573798981
  0.58033665957625746  0.58920479822045502  0.59835260539891844  0.60777483182857750
  0.61736336190032803  0.62698877131013808  0.63650057203940780  0.64627996835041535
  0.65660841945684478  0.66721346013417560  0.67821473567262958  0.68874295659929385
  0.69921780349607665  0.70907015368294168  0.71915227620719702  0.72958868152546763
  0.74072392392537445  0.75355212910957492  0.76650480721444914  0.77909216275477977
  0.79034296955389194  0.80097956661567360  0.81148130563538778  0.82177537310288806
  0.83271569442280091  0.84261746059853981  0.85192068896876794  0.86166053848626978
  0.87272613987476888  0.88508166703150859  0.89651112363763130  0.90630538621820633
  0.91510447922285942  0.92467555074430663  0.93633866650461928  0.95043702869589275
  0.96283500917765519  0.97617527410051985  0.98775382467799311  1.00000000000000000
 -0.00246185056555543  0.00899652435058618  0.01972289947742807  0.03112236321213217
  0.04290611631098575  0.05373332683738832  0.06440143168215280  0.07487321007222836
  0.08541052069963781  0.09624121547034535  0.10623572285220617  0.11758666985279841
  0.12819828417835621  0.14014959282204859  0.15080984856747531  0.16195296732720940
  0.17312959945819539  0.18504384832417178  0.19476666302969570  0.20304483578402410
  0.21080492480072818  0.21926909519985080  0.22775027211027515  0.23657692783746939
  0.24593461019785426  0.25728853116368988  0.26922488046052573  0.28128804319018053
  0.29352154438081079  0.30647627098968344  0.31866633910491826  0.33101743554321733
  0.34374796642149613  0.35642377751340354  0.36813119673864908  0.37943682362410591
  0.39154472228908521  0.40303586689596732  0.41410722487126139  0.42491417521474995
  0.43610487571308448  0.44666547212130209  0.45745995177583942  0.46777784968400726
  0.47765015005619477  0.48708227937280862  0.49597320664777789  0.50555793601437049
  0.51502784490810727  0.52512584358345105  0.53602968018851094  0.54742470977939084
  0.55913313815462073  0.57079025842478348  0.58156258738875777  0.59211982759417692
  0.60268326564104024  0.61381150286944852  0.62445555065631342  0.63445579194281798
  0.64436971730640091  0.65482113509686568  0.66562832384281023  0.67685400002372764
  0.68726076936047831  0.69720978374329934  0.70708252943544270  0.71664972220858203
  0.72657745653445405  0.73645351473700371  0.74509175916388282  0.75337618756241054
  0.76202339400529318  0.77199945331803677  0.78400966871500677  0.79541666743979322
  0.80576158158076050  0.81636344204962974  0.82691924967427344  0.83677452736731650
  0.84581699019411771  0.85522119425402132  0.86716849814584585  0.87904017249854260
  0.88954679154531380  0.89994206071412619  0.91092125513607991  0.92198250303038276
  0.93289237643456924  0.94245433496326414  0.95158428264156125  0.96069040348316959
  0.96953918302736541  0.97870807887923839  0.98844126587130143  1.00000000000000000
 -0.00149426372187458  0.00629987415568550  0.01379376574742031  0.02116994913850520
  0.02857465439014302  0.03538177781864785  0.04204150767742763  0.04886646697185822
  0.05572847689705693  0.06265803733921270  0.07001392674228904  0.07731038634530327
  0.08540006446699346  0.09422294154597902  0.10364204745719639  0.11317241249194196
  0.12193608443027040  0.13050653007763169  0.13825301140810520  0.14520754134610808
  0.15191926998213012  0.15853149624177912  0.16539232779017571  0.17279526906015788
  0.18085223228242214  0.18929707965599515  0.19769181709808628  0.20657623469699465
  0.21502895342925379  0.22362922806132834  0.23257196529314222  0.24222804910619633
  0.25177635094917550  0.26168242285697385  0.27153391363594631  0.28131684053776101
  0.29073668415823573  0.30037878143401031  0.31048692814448609  0.32036020338491855
  0.33050021945278196  0.34014202307265728  0.34951176267619705  0.35873045523447905
  0.36743437575483490  0.37684257062245186  0.38645709009615192  0.39780033583570079
  0.40937748534936114  0.42124313637905775  0.43326741840227395  0.44465115501816777
  0.45618700465329348  0.46824613005362342  0.48032009302127704  0.49102055070201106
  0.50143163535512425  0.51252647907439386  0.52376190782283294  0.53479524892996400
  0.54594642778833424  0.55749275269376908  0.56925651969415836  0.58101000594240015
  0.59285068089963822  0.60448838402596128  0.61610123011980344  0.62723191727167915
  0.63849381037313413  0.65089896733593955  0.66418922839318151  0.67716824534874298
  0.68858463729990249  0.69894251496292203  0.70810594645975844  0.71824811737233651
  0.72965487711691845  0.74389021039704473  0.75818543804189387  0.77187693655191858
  0.78489492342134304  0.79731308375057763  0.80935301270768967  0.82129904313749935
  0.83317743617953144  0.84588908345877689  0.86006031273497885  0.87593761228454481
  0.89026058743271008  0.90283404901814024  0.91495151226880245  0.92741734759585481
  0.94188712460311386  0.95915332477153259  0.97898292044471791  1.00000000000000000
 -0.00268095253388568  0.00955048291296595  0.02021688478895270  0.03071909790847421
  0.04069876808459878  0.05057975124840851  0.06093688650980451  0.07078419796231149
  0.08008118297658569  0.09014026568175082  0.10052141275314445  0.11109508149554423
  0.12197074480769859  0.13302974904854120  0.14290289812176424  0.15199991674354577
  0.16160804820232322  0.17163263134835086  0.18161182489728483  0.19120835964275676
  0.20072316070380361  0.21015856581336503  0.22016651144472377  0.23071432263389857
  0.24168805538937621  0.25297285855343693  0.26394102173277606  0.27450241217242444
  0.28541876623134149  0.29713064190444299  0.30950765508163114  0.32154127898234980
  0.33306718797673074  0.34470728581196070  0.35611098613256681  0.36731847963942665
  0.37795320280126438  0.38797841474227024  0.39818058112217258  0.40938811330544078
  0.42142522207572619  0.43295801327113659  0.44349494457414812  0.45386623932904269
  0.46436847475915916  0.47573376990050559  0.48742766573348412  0.49864285774574335
  0.50955803459743831  0.52015855185172710  0.53047274554943202  0.54149102993036458
  0.55261083777663866  0.56379126486778175  0.57418271657120401  0.58514574136194630
  0.59732250745500626  0.60963632701217063  0.62092801329546077  0.63055017673859393
  0.63931047790401629  0.64841005222037240  0.65799824912497151  0.66779540104807877
  0.67682822641355012  0.68573704553633297  0.69609833292820855  0.70599184091731604
  0.71683294024452959  0.72716160807272412  0.73832917486147276  0.75001867462465710
  0.76217434319752786  0.77430206291824988  0.78597204450086100  0.79713460368698075
  0.80737061947052247  0.81701175540641890  0.82631342189960366  0.83598579405432294
  0.84666634461297596  0.85816666086720750  0.87011838856183676  0.88206513540531295
  0.89302362822260217  0.90334655078283588  0.91289078457153172  0.92220271338034321
  0.93129170226793201  0.94051480104000995  0.94987726422239727  0.95918782738838315
  0.96852556015565716  0.97843874513848417  0.98871084941777243  1.00000000000000000
 -0.00238314920428348  0.00969762068723284  0.01994425150931418  0.02994857407529305
  0.03968087479307114  0.04873424068251114  0.05766171005242766  0.06739778510331015
  0.07720967948080867  0.08676869921105204  0.09600763910065321  0.10559156781418610
  0.11589019615696500  0.12600491782586903  0.13586852305718808  0.14536268731667260
  0.15473407653103771  0.16412725854994686  0.17341201297300501  0.18263175545341745
  0.19178602052573776  0.20053842831901483  0.20899964386759226  0.21761554517753290
  0.22622882972033653  0.23635201721721946  0.24781538493462738  0.25760087067523180
  0.26683660826012129  0.27575396806040359  0.28502159614539146  0.29420890723385290
  0.30271380763326916  0.31074570982031330  0.31984524407982567  0.32898394560365823
  0.33868965550246544  0.34905339497106369  0.35904645897696613  0.36843124232000279
  0.37765015150812464  0.38708228633801117  0.39679197211278061  0.40616762295404613
  0.41493835469762275  0.42423044516764574  0.43427128459614023  0.44585106806971153
  0.45704792129913957  0.46751751264624947  0.47788042676670783  0.48864446403055850
  0.49963813256907630  0.51006930770465131  0.51955406770301005  0.52839913661383708
  0.53715571100454984  0.54649533263773276  0.55616840528028599  0.56627819384247835
  0.57701991524544594  0.58827338628633374  0.59965439426586387  0.61142734079047689
  0.62317723786898194  0.63464353250174044  0.64575756019932062  0.65660317633063969
  0.66774140197096155  0.67921421381398828  0.69192925930035820  0.70585350916066925
  0.71917440689201229  0.73046637584974750  0.74163101064064973  0.75299293307150506
  0.76571951591677467  0.77817268682134266  0.78898293800110342  0.79933694296368485
  0.80951179707261534  0.82077539685015100  0.83327440566089073  0.84853059734488812
  0.86541195488492195  0.88108488323250200  0.89489789964816646  0.90700296131391400
  0.91892180678117996  0.92971648662202200  0.94016856734462739  0.95019927279215022
  0.96174767959311713  0.97369720791465786  0.98641508523294907  1.00000000000000000
 -0.00205605438535303  0.00954602520894671  0.01988363217204757  0.02915869583208059
  0.03924512748980272  0.04994834846004654  0.06220536323997120  0.07455064641934089
  0.08617481558784541  0.09753988627532169  0.10891216307879661  0.12051107539524909
  0.13077707464407859  0.14015269856387708  0.14952842757396520  0.15876327055365314
  0.16804216779692621  0.17713910267187771  0.18659890754901515  0.19630303892491957
  0.20472877583910584  0.21276305502692341  0.22127549253481196  0.23121038205677197
  0.24197394817732951  0.25330500422090269  0.26520139027200118  0.27752477381999019
  0.28933896254171904  0.30089212674948385  0.31181996486130159  0.32251233108891703
  0.33298331145229249  0.34290754137527307  0.35360976195743415  0.36520366765587076
  0.37590242639286531  0.38540564223764112  0.39480304556351836  0.40443820577117184
  0.41525549370156928  0.42560196129105332  0.43599273899708457  0.44671885622731988
  0.45825548923476772  0.46932018566931677  0.47944829551437684  0.48918821264708640
  0.49956108261162457  0.51132476498711221  0.52413706985210484  0.53582231443663531
  0.54558819402278469  0.55458555298266554  0.56349849283897446  0.57316818644067902
  0.58212784885327418  0.59131063713509402  0.60061666294212090  0.61187458691307151
  0.62346233325452671  0.63375344016939650  0.64325693066696821  0.65320595661926950
  0.66418850369496474  0.67486661685503557  0.68533551725681385  0.69634307332885670
  0.70830677795163721  0.71992703246581891  0.73071436743008233  0.74056196057073209
  0.75015496195472842  0.76031827273038011  0.77169083456189658  0.78401971458571107
  0.79589174964070875  0.80678771948002881  0.81680928565409860  0.82650000457087114
  0.83675332562828886  0.84802162003613102  0.85998946455980985  0.87194871563811727
  0.88370443490637118  0.89526986758702920  0.90602252640536318  0.91616359747102416
  0.92593922112663141  0.93617877657765169  0.94697744127849282  0.95786014429724831
  0.96829387002633449  0.97845608666492601  0.98893810762395540  1.00000000000000000
 -0.00163329688453480  0.01247151897347943  0.02410679100116226  0.03498087888840117
  0.04686263965235291  0.06075192905943520  0.07469567227314484  0.08752691031561241
  0.10007347548920335  0.11261466706120837  0.12435811618274423  0.13508024984041578
  0.14597521284032297  0.15789124814617364  0.16993687446072364  0.18122313154350386
  0.19281256018096038  0.20504898982670286  0.21620825532203652  0.22675700519689543
  0.23794687619535015  0.24955334894935752  0.26126527275722461  0.27211918262710383
  0.28216247473435141  0.29146529703590457  0.30089624617043720  0.31017834870137995
  0.32071996921499002  0.33233000538704421  0.34730284333756772  0.36062912609012132
  0.37316271666718348  0.38486574283514946  0.39713426639178617  0.40866910929501521
  0.42073360026514323  0.43214927062328312  0.44496035003615941  0.45835349246970808
  0.47144156275237481  0.48302437512981061  0.49369419530709752  0.50474258532224447
  0.51633408525969082  0.52851212675388082  0.54083209943266741  0.55320499289769398
  0.56586147675751675  0.57707043937229086  0.58865420575569860  0.59928829156594243
  0.60949204393225320  0.61928024203745846  0.62958852124116915  0.64097834851149293
  0.65214142195267888  0.66411033721452062  0.67691125709986233  0.69048217738848883
  0.70349628234606554  0.71603753439519291  0.72818532662395885  0.73972237040428301
  0.75177926083527336  0.76397182053168056  0.77579049225429553  0.78746939663341065
  0.79873593233037898  0.80981525823762979  0.81987968758972574  0.82866373225049894
  0.83749206221510231  0.84676296276194329  0.85725358126349882  0.86751893482591413
  0.87745633581138083  0.88846852429369649  0.89860053699345310  0.90670346309347860
  0.91374388924831296  0.92062044490756068  0.92762448846459833  0.93474316605348384
  0.94197165937860494  0.94896464314656925  0.95543879885164884  0.96140007085632162
  0.96703697442398251  0.97264807672955433  0.97764091509071827  0.98229097023935674
  0.98678630062850292  0.99125751999310352  0.99572431761599578  1.00000000000000000
 -0.00251808262453172  0.00820916101520895  0.01774191686486798  0.02686737054475974
  0.03586787878811385  0.04466255510438042  0.05377819120918859  0.06390873310627102
  0.07417257977810446  0.08486738950073613  0.09494387914780431  0.10461651568619286
  0.11384655817983602  0.12402980279800968  0.13436263312023952  0.14460558053169234
  0.15345920722270481  0.16262385815084512  0.17236859587886214  0.18332224876078118
  0.19528060807054182  0.20690583403940505  0.21731568351510255  0.22791102769143279
  0.23930601390412232  0.25104124488173296  0.26119610273439620  0.27157152607518109
  0.28396837948271697  0.29767009276723538  0.31091964742169254  0.32286501252960892
  0.33326235218764744  0.34296285498398971  0.35227060584134273  0.36204570353001764
  0.37159204469150969  0.38105829008068787  0.39086810715179965  0.40069058291413501
  0.41092104007255764  0.42130485548105068  0.43253979920597646  0.44602477602991947
  0.45781488462692360  0.46797377827795178  0.47780546847810468  0.48870600923647667
  0.49972783602101556  0.51009877189010489  0.52026443566562852  0.53056889292145182
  0.54045368905461066  0.54908738739031504  0.55727636039772943  0.56628565271498310
  0.57597340737790659  0.58707474981246954  0.59913017423438364  0.60994479457708051
  0.62146665528369094  0.63336620472994054  0.64509460596557744  0.65566361119078742
  0.66594812807065940  0.67663629914138657  0.68764332591959043  0.69854941343766563
  0.70895021349896403  0.71896347324200849  0.72874012506678154  0.73818065993004855
  0.74778213327464038  0.75756869617260025  0.76886407009148972  0.78127312918993741
  0.79364302336325765  0.80530647407833789  0.81689546598609086  0.82736218715782839
  0.83716269209449479  0.84653761563635843  0.85678413255386765  0.86794359316885483
  0.87896777853236530  0.88981582312106555  0.90096116829890338  0.91254860498956913
  0.92462553337875708  0.93684918803954598  0.94850460609770526  0.95971177371558047
  0.97102231525696026  0.98190747298145620  0.99134425081591737  1.00000000000000000
  0.44263318066551605  0.59214643541383905  0.63148805049251355  0.64909807578790468
  0.66360692685639777  0.67847313579512503  0.69297526752820027  0.70333658555469825
  0.71122196715011021  0.71878379947532101  0.72705099693238751  0.73538145446273950
  0.74256463769260261  0.74957266038703618  0.75602919225676635  0.76198876627651957
  0.76752810804372307  0.77243386247673185  0.77664757921627292  0.78083268833341268
  0.78515032846168342  0.78970684355699761  0.79412987618866515  0.79817764474361330
  0.80198077019372327  0.80570523194403121  0.80941278920215687  0.81304318136661546
  0.81644599256600470  0.81992068941682283  0.82331881674782692  0.82680727464300441
  0.83015353560453997  0.83355210985628514  0.83682210988009120  0.84019570371684826
  0.84383153077220696  0.84767751501666522  0.85126571204445689  0.85447837654431635
  0.85748147861702417  0.86047926719454448  0.86356462583085492  0.86658757903151928
  0.86947267201943590  0.87230476836375570  0.87492831848647323  0.87742860676264345
  0.87993183500063654  0.88257960353117593  0.88530869038869320  0.88783961655711707
  0.89023361954628344  0.89251157803292447  0.89492004590716490  0.89716715986347984
  0.89943103813258518  0.90180079422912729  0.90404795337183097  0.90638764584889364
  0.90853434781924292  0.91084463491937728  0.91313211550283890  0.91558973865467019
  0.91798323221851319  0.92027808771847508  0.92250161915071971  0.92458754484137129
  0.92669196657994657  0.92881519453416828  0.93098964831175191  0.93311840924857237
  0.93536657386399724  0.93781725421947038  0.94047536989078884  0.94317706423186820
  0.94561280518539104  0.94787061564700092  0.95010486771864944  0.95239925716101270
  0.95479790764319183  0.95726400852518700  0.95969630346274948  0.96216481680781141
  0.96462229853987891  0.96720440831967702  0.96987798444692574  0.97264880623386218
  0.97550920511450490  0.97844114578855101  0.98150224322298307  0.98476589631958189
  0.98788730171646477  0.99106877961177564  0.99485352448041298  1.00000000000000000
 -0.01451420119116346  0.10554984627028817  0.12817125677924016  0.15327004919714107
  0.17370168861216637  0.18833152105199200  0.19823689525619190  0.20635324820028572
  0.21310368309881975  0.22000870706662787  0.22670969313139955  0.23306332299013335
  0.23875500219295812  0.24388247625158743  0.24890466434563882  0.25356520584165143
  0.25810845825528778  0.26290327474223574  0.26800918081657010  0.27346820041352971
  0.27913738275825517  0.28477403907300491  0.29037230439847622  0.29579009509407883
  0.30124957578395456  0.30678314045674510  0.31187475946584486  0.31671504663530181
  0.32160228174312827  0.32654942130482234  0.33193817109059426  0.33713765090443620
  0.34224561554474459  0.34684048472173806  0.35129654404038252  0.35582949819111093
  0.36023996718263007  0.36459971151761156  0.36883412982391939  0.37309957045039682
  0.37786380866104691  0.38300711337748411  0.38831232375918961  0.39388260617502879
  0.39981681455787133  0.40584477756988657  0.41147100037902362  0.41670328122171479
  0.42190633927963678  0.42679089281747284  0.43191751660705963  0.43716134666280981
  0.44245342383025110  0.44787390429291757  0.45346402489403792  0.45933794272249895
  0.46529138172966300  0.47118470747056340  0.47680332058084635  0.48227283367961848
  0.48799711118973582  0.49378914141885522  0.49970687020580784  0.50578621519781497
  0.51213140153069081  0.51834762443524707  0.52483060113441971  0.53134952357401999
  0.53790132544676628  0.54484613857477004  0.55084010141609219  0.55680189737025021
  0.56351917819452491  0.57103419379781428  0.57905363068653004  0.58666415940524508
  0.59451660135869022  0.60294363797592454  0.61226602828085619  0.62141493808143078
  0.63049766166277443  0.64034096301376042  0.65141199933048921  0.66332770647547401
  0.67548989425645189  0.68799342496431548  0.70074785024117781  0.71295302825956985
  0.72555446884125974  0.73784098808610776  0.75149538284865858  0.76510798629138921
  0.77716304561069927  0.78983727484066391  0.81621611872644673  1.00000000000000000
   1.9324195854148597E-008  -1.0000000000000000     
 F F F F F F F F F F F F F F F F F F F F F F F F F F F F F F F F F F F F F F F F F F F F F F F F F F F F F F F F F F F F F F F F F F F F F F F F F F F F F F F F F F F F F F F F F F F F F F F F F F F F F F F F F F F F F F F F F F F F F F F F F F F F F F F F F F F F F F F F F F F F F F F F F F F F F F F F F F F F F F F F F F F F F F F F F F F F F F F F F F F F F F F F F F F F F F F F F F F F F F F F F F F F F F F F F F F F F F F F F F F F F F F F F F F F F F F F F F F F F F F F F F F F F F F F F F F F F F F F
  <DiscreteSampler_grid>
  grouped_processes
  1 # 1 for a reference and 2 for a running grid.
  10 # Attribute 'min_bin_probing_points' of the grid.
  1 # Attribute 'grid_mode' of the grid. 1=='default',2=='initialization'
  0.0000000000000000 # Attribute 'small_contrib_threshold' of the grid.
  0.5000000000000000 # Attribute 'damping_power' of the grid.
 # binID   n_entries weight   weight_sqr   abs_weight
    19   10   1.081877376753052E-003   3.864642717816787E-006   1.081877376753052E-003
    20   10   1.081877376753052E-003   3.864642717816784E-006   1.081877376753052E-003
    22   10   1.081877376753052E-003   3.864642717816787E-006   1.081877376753052E-003
    23   10   1.081877376753052E-003   3.864642717816784E-006   1.081877376753052E-003
    25   10   1.026051296598552E-003   1.986283814382375E-006   1.026051296598552E-003
    26   10   1.026051296598551E-003   1.986283814382374E-006   1.026051296598551E-003
    28   10   1.026051296598552E-003   1.986283814382375E-006   1.026051296598552E-003
    29   10   1.026051296598551E-003   1.986283814382374E-006   1.026051296598551E-003
  </DiscreteSampler_grid>
