  0.00355767624571253  0.01305564782290853  0.02202545067173075  0.03057558052764629
  0.03887512994684573  0.04716813241100044  0.05699932983232131  0.06927059068903707
  0.08254074135445831  0.09559148492711994  0.10774060039443664  0.11941468136919228
  0.13085472542593451  0.14271548291940689  0.15450052192663810  0.16650570838443049
  0.17764333448346270  0.18772011314683598  0.19741387781635400  0.20655229883530724
  0.21686395020892538  0.22749947197658002  0.23851882742661321  0.24829561342304243
  0.25771360844721769  0.26698152044663248  0.27657751529609020  0.28694005262743716
  0.29759626324035982  0.30869280428419460  0.31992865270857085  0.33164722095452726
  0.34165504498409660  0.35118335238127818  0.36100277177459889  0.37264003826412223
  0.38464886432499301  0.39743178338691582  0.40889700472372176  0.41899923983350340
  0.42911670724756495  0.43898052073610344  0.44905128403929800  0.45983902557274048
  0.47046252429395702  0.48077099149136404  0.49183858654226709  0.50390961777342858
  0.51683904716821150  0.52861994844578719  0.53983236438935711  0.55119424976062514
  0.56356323647767348  0.57645422377106459  0.58769918992509562  0.59799921257252653
  0.60733096550156118  0.61688733871311818  0.62705003111587776  0.63794514534276869
  0.64892096938441990  0.66005722668035893  0.67110189588041613  0.68280725177885482
  0.69439503639272604  0.70584524011972916  0.71726739470399858  0.72883647118574402
  0.74017780619381157  0.75162779353279185  0.76180423337346692  0.77149559715076710
  0.78074084594252324  0.78973089918145734  0.79898994421044056  0.80871768079145290
  0.81918050776084750  0.82956979417710852  0.83921381432437014  0.84914503362829996
  0.85887178067421244  0.86895351137680588  0.87947297097018617  0.88987194921872026
  0.90082016808897436  0.91112245160359873  0.92178438646908401  0.93361651746329211
  0.94585986665528798  0.95740156514719088  0.96740903322987670  0.97562596767800447
  0.98107282157189724  0.98685199886505925  0.99274301241720020  1.00000000000000000
  0.00290116070450496  0.01429379013304589  0.02671320329198475  0.03965118763947133
  0.05108439745503391  0.06165217913157239  0.07102656299714311  0.07974211826889351
  0.08869615523874995  0.09862397818180552  0.10995454192844398  0.12175879412434218
  0.13225936147492978  0.14166844993085906  0.15092039216801048  0.16069773777801222
  0.17124154139793940  0.18195681961350482  0.19295821404493205  0.20405944733376788
  0.21446614813321291  0.22404675303003296  0.23350579606435590  0.24271633116287578
  0.25196125688986670  0.26155096865415572  0.27182938767315240  0.28227885255957325
  0.29200744404401618  0.30128829075018232  0.31248733404052526  0.32445645069957552
  0.33640644848903611  0.34773507734783987  0.35877133927224186  0.37006588144600711
  0.38113428913086145  0.39303379884341455  0.40474907003506561  0.41712039246275695
  0.42995861612339897  0.44247326841799883  0.45362528479195929  0.46309249725307461
  0.47130980179079401  0.47953703249974339  0.48756446943062914  0.49721329436513395
  0.50752961983259792  0.51799004995331299  0.52816130141819317  0.53943692507539509
  0.55076337062055547  0.56171486894839107  0.57131206617989572  0.57982235362458190
  0.58809079962536814  0.59759905839106875  0.60909885750012782  0.62055544277394148
  0.63047366504280433  0.64034669251844178  0.65061892381181707  0.66102093593047551
  0.67129685598425148  0.68187304430261675  0.69245501661849895  0.70340458633949376
  0.71409630269547875  0.72442704056965879  0.73560283073086197  0.74694103567845993
  0.75752070218170786  0.76745600517565349  0.77779932817048203  0.78947238560145849
  0.80168498394587417  0.81290887850731175  0.82319961826120913  0.83331880260422420
  0.84445014375760563  0.85581383019593149  0.86468529778653758  0.87337283536239496
  0.88161323005888637  0.89000760361146403  0.90063329233709466  0.91254424637723330
  0.92387221324065294  0.93462196510015483  0.94629870613279110  0.95854834467209893
  0.96976397504892564  0.97988664316972474  0.98989253819023348  1.00000000000000000
  0.00013188639661977  0.00015438767879226  0.00018766189372828  0.00021266824014927
  0.00023082797546857  0.00024742111727933  0.00026335274859472  0.00027923960820356
  0.00029463861430871  0.00031087510206713  0.00032709571962361  0.00034164371870913
  0.00035593619783150  0.00036912832146888  0.00038251937413038  0.00039691641648319
  0.00041238237498222  0.00043025097104474  0.00045023700817385  0.00047082451946827
  0.00049060764803739  0.00051129106984032  0.00053126114630907  0.00054958136492200
  0.00056780755218388  0.00058618275847187  0.00060541685353716  0.00062531758079549
  0.00064444450484832  0.00066343248038859  0.00068370977383400  0.00070917742955699
  0.00073448716751914  0.00075946794656199  0.00078775473299455  0.00081639250425222
  0.00084681168846119  0.00088104550540603  0.00091706257041682  0.00095553363239806
  0.00099418016578719  0.00103257649603661  0.00107132271325192  0.00110948232174615
  0.00114875651484607  0.00118488194540946  0.00121662759783006  0.00124885487854218
  0.00128111895581932  0.00131251373474024  0.00136203978329599  0.00141566964387310
  0.00146337773739932  0.00151259771890849  0.00155210966262531  0.00158430557454425
  0.00162190832163854  0.00166437397933313  0.00171162642107907  0.00179201531321579
  0.00188057270367472  0.00197557852688784  0.00207796653245664  0.00220851641547607
  0.00235980532828492  0.00250874099954766  0.00263946691558048  0.00275715311840590
  0.00286433904625511  0.00298443561512718  0.00311435144458018  0.00325171949763476
  0.00339747896840870  0.00355441971211184  0.00373721229888559  0.00395073073961083
  0.00413795687468571  0.00432669051088634  0.00452330622341880  0.00487196894130532
  0.00536691725016209  0.00569949474101242  0.00594676842662912  0.00617697463749545
  0.00641056281028229  0.00667666755065753  0.00702022350242529  0.00745412911258124
  0.00792413584637201  0.00829163799810734  0.00862919617125029  0.00903538004110672
  0.00981707900010575  0.01053201999514640  0.05219035356099527  1.00000000000000000
  0.00000403281133646  0.00000492222219800  0.00000541711280929  0.00000596339420294
  0.00000679807280674  0.00000745314844218  0.00000812198771189  0.00000882664531054
  0.00000959314417931  0.00001080706739212  0.00001255479345816  0.00001462084642902
  0.00001696033573378  0.00001944876100788  0.00002210675909907  0.00002517898776343
  0.00002887150034691  0.00003317513529578  0.00003792172186745  0.00004335498249735
  0.00004948620836966  0.00005714721487836  0.00006580499813492  0.00007547635969434
  0.00008598591256342  0.00009647804064360  0.00010675394774417  0.00011706335383377
  0.00012899051535874  0.00014055763413893  0.00015330371216454  0.00016675336208397
  0.00018225608429160  0.00019953901540715  0.00021716976613009  0.00023635921675681
  0.00025514221023948  0.00027311803715337  0.00029156514582652  0.00031082865600817
  0.00033560759816137  0.00035572024758668  0.00037540512014185  0.00039457876729888
  0.00041454010595494  0.00043819787440107  0.00046396087742178  0.00049538037130164
  0.00052204344197301  0.00054670821725205  0.00057095533496242  0.00059353667713702
  0.00061516547255468  0.00064004636738182  0.00067050836123904  0.00070470290981178
  0.00074452633627094  0.00078869056223644  0.00083268838529162  0.00087758165518468
  0.00092604402174355  0.00097808174546558  0.00103833573615961  0.00109844616130372
  0.00115427661095090  0.00120782862780556  0.00126558311847437  0.00132531897687192
  0.00139947555380548  0.00146933905858717  0.00151388518104372  0.00155847367164389
  0.00160817696433264  0.00166692135666824  0.00173527694281649  0.00182002495772956
  0.00194608702568174  0.00210980532624307  0.00227622903736748  0.00245438021867901
  0.00265018540589565  0.00284348377558948  0.00302087104234399  0.00318539677298119
  0.00336952866372807  0.00360314936522795  0.00390590586222195  0.00419447935794902
  0.00448548231023138  0.00479261670384828  0.00519230236524472  0.00592787370920542
  0.00724990946224278  0.00907221118876537  0.03041979969978479  1.00000000000000000
  0.00000361318050512  0.00000411624905641  0.00000462007612283  0.00000520184881188
  0.00000589759286325  0.00000650685917591  0.00000712249569958  0.00000776205951581
  0.00000835545832605  0.00000893609980135  0.00000959788903146  0.00001034805835689
  0.00001115091320294  0.00001191019610262  0.00001267415197987  0.00001350399986880
  0.00001438509070219  0.00001541095845798  0.00001645139116407  0.00001757055950069
  0.00001877142241919  0.00001992188354870  0.00002106558489319  0.00002217964407033
  0.00002346611772153  0.00002500605859723  0.00002669330901604  0.00002848802047524
  0.00003027650346345  0.00003203892406259  0.00003373793873426  0.00003529698618845
  0.00003671522447183  0.00003812594686467  0.00003970870745818  0.00004136330077235
  0.00004326523166903  0.00004517460822137  0.00004708904477779  0.00004914345850235
  0.00005151232624928  0.00005419786826026  0.00005690920838095  0.00005970597176999
  0.00006268016963606  0.00006579115883479  0.00006903334589182  0.00007261137400399
  0.00007660314746132  0.00008093732217149  0.00008544829138057  0.00009033078839357
  0.00009534305801828  0.00010095935833983  0.00010658352499757  0.00011248814763629
  0.00011895363559502  0.00012655824960839  0.00013566214939514  0.00014586557359721
  0.00015704308156121  0.00016877670648596  0.00018116453452049  0.00019457535778458
  0.00020936846807016  0.00022499653168410  0.00023929076382914  0.00025310253913502
  0.00026847000473371  0.00028772344427413  0.00031370966451141  0.00034496511830654
  0.00037905535832661  0.00041392442530560  0.00045066950321035  0.00049308695614976
  0.00054692848033885  0.00060374142300191  0.00066663578143952  0.00074581031828487
  0.00085610554113225  0.00099347698045762  0.00116298411782835  0.00136509186945659
  0.00158288867061626  0.00180409653214725  0.00207701671145031  0.00237152363718707
  0.00270224958591142  0.00307162067984766  0.00368829648596187  0.00479426736954598
  0.00603753553725458  0.00769557349665970  0.06343926580440185  1.00000000000000000
 -0.00234169289924885  0.01096941892642830  0.02161729270124669  0.03198138978981410
  0.04211352913111758  0.05306102213374084  0.06451838442126483  0.07562941892820452
  0.08688996830430827  0.09958564386910534  0.11110193365306655  0.12300872315880211
  0.13673386772301632  0.15118316003753224  0.16278301650115559  0.17346415118664599
  0.18366352559297114  0.19284006331713838  0.20140592621902162  0.21058359268734547
  0.22112573281748032  0.23404740811706529  0.24830343837693264  0.26149638288826177
  0.27456644598382213  0.28621078235959013  0.29721556570157787  0.30753922733568151
  0.31747926799027271  0.32774765226700292  0.33886402350374140  0.34949722116801929
  0.35963732772137097  0.36919759976371319  0.38032612701070506  0.39169107977551559
  0.40173456452464096  0.41172707369340444  0.42088421587766506  0.43109306250946228
  0.43964649530414301  0.44868696947540898  0.45806306547438080  0.46825459388904461
  0.47839339141628912  0.48796023536854527  0.49716317562568113  0.50734392622673985
  0.51799438171411494  0.52909338650673043  0.54061989935632671  0.55293686429094080
  0.56592727952464628  0.57799256468523952  0.58952066865462049  0.59975492134370023
  0.60798550099266191  0.61560854417497324  0.62271928098392104  0.63163312055707954
  0.64128572576608589  0.65238265897674774  0.66149013634451925  0.67017547608529804
  0.67849613375467055  0.68643910008626663  0.69709306805147986  0.70856378256222896
  0.71849245335190315  0.72774700381090252  0.73739701161332671  0.74872310925132657
  0.76061717327055256  0.77110972094896157  0.78061532513977805  0.78957540951201244
  0.79873341627883165  0.80840642213618974  0.81912294809979436  0.82904741785405289
  0.83754895594489975  0.84494377517917774  0.85279068664346491  0.86260105395108455
  0.87315955215281060  0.88630212610321735  0.89815260889463089  0.91079610985564341
  0.92296852759656334  0.93390599403428975  0.94388607376692479  0.95339268021209322
  0.96414049391563306  0.97593158283628922  0.98784723176655653  1.00000000000000000
 -0.00225914238337041  0.01238784625435167  0.02265285771016719  0.03127239515330978
  0.03987152060816624  0.04925390485685793  0.05955200690823000  0.07005629404752002
  0.08057871139240505  0.09209216548695640  0.10465111690352422  0.11805115628533175
  0.13102439968205731  0.14189889015717777  0.15171174263629073  0.16152899542938454
  0.17399064931019775  0.18783418872295343  0.19968255261154136  0.21046606718136093
  0.22110524145422794  0.23191994339476019  0.24274480741241536  0.25349906803907019
  0.26357208499279777  0.27284497705628891  0.28257427424465081  0.29208842704627386
  0.30153032693834209  0.31063621620081278  0.31971771264348431  0.32976226398764458
  0.34132670385574426  0.35389455987152263  0.36607230340541064  0.37701416033623630
  0.38638123600719759  0.39554537274045071  0.40478390375787437  0.41369222651060550
  0.42263302164363364  0.43127073660342619  0.44115383785135320  0.45155658034157614
  0.46288458484727063  0.47446664607024602  0.48566112623633612  0.49677475509031932
  0.50846138370999594  0.52102765685606700  0.53238110657448545  0.54201468627920490
  0.55056608635969317  0.55874387743181653  0.56734027059603864  0.57730199686242711
  0.58822303988953206  0.59913286531248400  0.60978352703661265  0.62063237227891577
  0.63131117387161340  0.64257832197834130  0.65429010562363854  0.66532275336400182
  0.67227520201611302  0.67855744735127699  0.68480580394810708  0.69128807852484997
  0.70171871531258601  0.71364134290819903  0.72528743778477434  0.73680733953780408
  0.74845589500015419  0.75997808654714871  0.77051977001380179  0.78079011535802345
  0.79182695403342340  0.80430099356252172  0.81694715891474612  0.82775125167564945
  0.83770360338817285  0.84807058936129853  0.85870736169913520  0.86902663352292930
  0.87945864803547691  0.89068736019526151  0.90094877037361365  0.91100926601413967
  0.92176410097996953  0.93265541417419084  0.94388014436345857  0.95342894068781736
  0.96362529077066439  0.97480086984492986  0.98766959941389465  1.00000000000000000
 -0.00230666166958117  0.00958946423519160  0.01912976154488654  0.02930690532411611
  0.03907485108580698  0.04961210510860093  0.06054528723606683  0.07149943806542822
  0.08216378983904377  0.09243372641232059  0.10252540877910585  0.11150351995006423
  0.11950290600488121  0.12696878707142473  0.13522035909232025  0.14475195303368588
  0.15525357099441625  0.16520397116176022  0.17463202699089289  0.18216369282457348
  0.18890321098065030  0.19606700921751286  0.20384843704281447  0.21242771536428032
  0.22054145907911618  0.22770203321420979  0.23438646997792709  0.24078373793072314
  0.24879146564635179  0.25744427530003128  0.26698420345158269  0.27822513279598249
  0.28861779518688946  0.29920198799521946  0.31011852575767918  0.32109406340861463
  0.33206270549451522  0.34293417748235561  0.35361984394750123  0.36376485642245959
  0.37330320815409745  0.38229334448438523  0.39070029251807503  0.39929215632691467
  0.40867004260732298  0.41909090792740977  0.42808239076682231  0.43694947247374322
  0.44613021041981721  0.45518908679585607  0.46431449190066421  0.47370484009169866
  0.48366472672614563  0.49421297870784520  0.50491989290612105  0.51536222112999597
  0.52490230631187873  0.53417920427731969  0.54404390264510938  0.55515638583956373
  0.56699230281573831  0.57823440845211693  0.58918907026023148  0.60072524982907072
  0.61345201177812536  0.62654143885051750  0.63849316390061295  0.64939836013285046
  0.66013425847190255  0.67026108593744760  0.68084684223180658  0.69203297372722816
  0.70414405031211580  0.71621842021899762  0.72811101052162863  0.73887328458774448
  0.75046856414018859  0.76029399314806279  0.76984060435706436  0.77918350366567646
  0.78979740156250500  0.80278438822590026  0.81739594372737190  0.83241785250083178
  0.84676355544687565  0.86103357909597411  0.87508557025346045  0.88937065061776610
  0.90246523928651856  0.91615958746129289  0.92977360055112568  0.94282847187844987
  0.95619197565682879  0.97071875160145582  0.98586377573549566  1.00000000000000000
 -0.00206695556851783  0.00922773040471095  0.01967855362132672  0.02963339010885657
  0.03898559002302814  0.04855314008626171  0.05922008311612090  0.07077326317563275
  0.08262295762195829  0.09405970012146127  0.10461562168654651  0.11482575384468328
  0.12443454805759509  0.13178421217558342  0.13934646503157752  0.14730980381080910
  0.15645572186138759  0.16895133112261401  0.18105766851781988  0.19271953101678588
  0.20318713264785723  0.21254707957619956  0.22097822523039309  0.22924619379710695
  0.23745531151844071  0.24628267326487438  0.25718892549609557  0.26947218963889552
  0.28314835690628198  0.29584409994233712  0.30741701576838798  0.31929281852527414
  0.33086706994411524  0.34136556418102820  0.35120931982203585  0.36238753681065694
  0.37460239205492796  0.38623935277295635  0.39750819077303862  0.40862855554274735
  0.42027837350565955  0.43115328662291075  0.44173716224552184  0.45117926770850125
  0.46153440125844730  0.47174367321172417  0.48187334224660722  0.49145705891459385
  0.50133855323990639  0.51161136207887781  0.52208383786175894  0.53283801896510785
  0.54371000084133336  0.55470942353581831  0.56564079817776702  0.57607851441296543
  0.58589427863621557  0.59536530380200559  0.60551742518160534  0.61621939699504613
  0.62828378081722214  0.64169533264187739  0.65517781313716084  0.66772503713761033
  0.68024355576124995  0.69107189440261196  0.70088496532843014  0.70974018094684876
  0.71940552929366186  0.73037383137820056  0.74070180880843217  0.74983958337062373
  0.75786447955760727  0.76575662103913233  0.77462037420534458  0.78567642147969241
  0.79897159596838407  0.81257275463546808  0.82545411216529674  0.83757048920197075
  0.84932008580554152  0.86079577068485214  0.87201961195461097  0.88275871743451939
  0.89222287643104881  0.90272923379277958  0.91190244144960098  0.92167228937166490
  0.93190752993873738  0.94264768651368669  0.95318812338663639  0.96256585894805102
  0.97128809299249297  0.97966198201835075  0.98997194085428386  1.00000000000000000
 -0.00129475249176258  0.00500619489769444  0.01043591835172705  0.01544041157624173
  0.02040511621422446  0.02546818550724771  0.03086514296672917  0.03689703150734375
  0.04347721411513346  0.05081111513616392  0.05810688466396887  0.06571975493620266
  0.07399059052827439  0.08280720528915785  0.09159440708483443  0.10006857061684837
  0.10830644183468652  0.11685328571176785  0.12757397690932162  0.14024081320359072
  0.15283370428622789  0.16455859395562400  0.17762056656826203  0.19154235521408222
  0.20518841246233779  0.21937284850319322  0.23513949388856897  0.25099438941452640
  0.26315265439002417  0.27482175656716906  0.28605356474873694  0.29993204789580147
  0.31364465373095263  0.32955670718402097  0.34708808872614000  0.36405543595668621
  0.38058538207128001  0.39649761691954394  0.41135461634823534  0.42729509145162575
  0.44514964628073606  0.46321156324521096  0.47983909969205929  0.49628524085153597
  0.51270144823157304  0.52740798248063037  0.54087420775532791  0.55514498168321191
  0.57194951393202875  0.58802684134187977  0.60342991854597616  0.62073580833825470
  0.63584897725820866  0.64976372305444674  0.66344957385234793  0.67659911373323822
  0.68959772216807624  0.70362863547164400  0.71757523776970911  0.73172277564429555
  0.74515090160796615  0.75842114740579769  0.77064585369523753  0.78150764198972955
  0.79198794084057589  0.80231915540328547  0.81260072549383999  0.82155247626863204
  0.82979610810987914  0.83816380276902180  0.84704083393777985  0.85510063567117722
  0.86199564433380793  0.86875419081994099  0.87449207653110583  0.88101625838377762
  0.88739300298032275  0.89416594551328976  0.90173124191385634  0.90911356130032939
  0.91628959012375377  0.92329184852852342  0.92914514255575642  0.93485744147603234
  0.94071176937089240  0.94680105841564688  0.95381279957742793  0.96090217012894308
  0.96750773102775123  0.97383942885374097  0.97988600673805848  0.98523191001523502
  0.98985120744694943  0.99352122743718074  0.99683173701650707  1.00000000000000000
 -0.00311777422944449  0.01406468377548106  0.02580199561465710  0.03472138426021038
  0.04351047408514772  0.05188752143632235  0.06152715065182185  0.07065979926619972
  0.08014180949377016  0.09013452072600503  0.10100427354684910  0.11263475838887983
  0.12428158825136258  0.13590714898584660  0.14793764366710252  0.15983739069073130
  0.17158080771736425  0.18259606735468270  0.19439492297606359  0.20710597687927837
  0.21946749845027369  0.23135265724550041  0.24242862404214946  0.25155394425700672
  0.26042137485262512  0.26996561113120160  0.28005436384487331  0.29020468959947909
  0.30001272078719687  0.30933748696017838  0.31775431237022106  0.32625527177767322
  0.33556034275037278  0.34628936313767184  0.35616207728533383  0.36560994597155533
  0.37516991609126688  0.38504212928987447  0.39516287027746699  0.40531090544384690
  0.41534750997870973  0.42572213783263435  0.43552988653752173  0.44359875588494607
  0.45115875892015833  0.45900907383235873  0.46757175058983058  0.47794818415817586
  0.48920526893437677  0.50069252024783861  0.51307148658085788  0.52549233848031918
  0.53765697224658604  0.54941605698120588  0.56192261417479383  0.57304960220640133
  0.58502721066110452  0.59660040864008235  0.60666525947395356  0.61608237903260255
  0.62552164214510919  0.63743319984635027  0.64946624002974329  0.66154724019467270
  0.67306019696626951  0.68316550161756695  0.69222955385091300  0.70074385272613648
  0.70975122630488408  0.71948378003111724  0.72988255151329873  0.73879406415762061
  0.74699621132315719  0.75537439099541481  0.76358063028470224  0.77248951059948678
  0.78131295739108853  0.79035973540992399  0.80024384591791009  0.81115054279720478
  0.82364606789945050  0.83571328987909144  0.84722357599936360  0.85723545352320940
  0.86794516573708591  0.87903223400598240  0.89161138166776555  0.90445420458663883
  0.91704709027440034  0.92941766955983907  0.94200586466668068  0.95388590344970781
  0.96604574277645683  0.97791042083191393  0.98865343025983765  1.00000000000000000
 -0.00194262295989674  0.00865259292404358  0.01802373442087313  0.02883353436275162
  0.04012762860736802  0.05287093621967512  0.06571942603207788  0.07804994736460581
  0.08901827708695734  0.09852399376712047  0.10724134147009992  0.11446662546599203
  0.12292769580767622  0.13311538786088342  0.14536411626456738  0.15714825955220674
  0.16794496409159146  0.17774270093615327  0.18810475773444674  0.19839279374553970
  0.20885238595500191  0.21937335943240088  0.23038090601731934  0.24187065998838603
  0.25307261289838551  0.26202810742267169  0.27026956121692530  0.27811764648430015
  0.28628717750590071  0.29527516552276645  0.30480257092725194  0.31628894780285927
  0.32808333349021018  0.33896217218271324  0.34909678180756842  0.35919458753886346
  0.36814404242530407  0.37690208406635201  0.38565830328106854  0.39648643566089226
  0.40740145121690119  0.41797970140035373  0.42804626781736188  0.43794928537024053
  0.44769574720363547  0.45885726606741445  0.47034936813470291  0.48180833589392230
  0.49275080011632477  0.50349761421566908  0.51454187609328450  0.52561672505256107
  0.53605292863309695  0.54560030645257773  0.55461783800019815  0.56348977224854035
  0.57347169948597387  0.58454566301728283  0.59533497071475205  0.60587457907430742
  0.61601695934617318  0.62508469024020752  0.63377055173847552  0.64335791806004217
  0.65460402326286382  0.66743849917126541  0.68083231495372465  0.69420358739743426
  0.70628587165471046  0.71798611937616197  0.72892372746925516  0.73955951336527348
  0.75057980984213313  0.76329366759878203  0.77593769151314473  0.78885719845343494
  0.79928559269056099  0.80907322923395186  0.81851337129099100  0.82863605579421440
  0.84038785451407183  0.85154491414274947  0.86235282561279503  0.87291180142857006
  0.88323943034630015  0.89313255611327247  0.90263293899094721  0.91200356506579339
  0.92213683890091369  0.93289163070018499  0.94435740709462224  0.95447751928156310
  0.96580745258582301  0.97669762830492346  0.98869543287746775  1.00000000000000000
  0.00010471217604981  0.00038961247462897  0.00060069301334052  0.00071765304402456
  0.00083546036813767  0.00095397255665325  0.00107383232745638  0.00119803268866443
  0.00133242941304288  0.00146852001321064  0.00160333367044643  0.00172596271568606
  0.00185108663333866  0.00198027184873324  0.00211125000396674  0.00224312150022255
  0.00239973337134896  0.00255893314985110  0.00272084075481618  0.00288097460311655
  0.00304366423428112  0.00321117802682019  0.00337368109682531  0.00353155766730222
  0.00368289820187545  0.00383683791726080  0.00399365830725314  0.00415662949684415
  0.00433520930989115  0.00451721579441815  0.00469944940923476  0.00488502920433636
  0.00507490628574916  0.00526348255609721  0.00543855236548324  0.00564225049961739
  0.00582826138684789  0.00599865118376216  0.00616725696787991  0.00632640959634151
  0.00647827792215867  0.00661469594068438  0.00675161213392898  0.00688910067820054
  0.00704669376233607  0.00722862403347303  0.00744256630181550  0.00767134148777598
  0.00791045348881744  0.00814548608198747  0.00836018992869801  0.00856622362767791
  0.00876837987527407  0.00896631525838967  0.00915384970395521  0.00930334077438811
  0.00942502260267672  0.00952853518605655  0.00965300251047862  0.00979993343821494
  0.00995404163260460  0.01008761070875899  0.01020233792995289  0.01031819505893283
  0.01044053425455044  0.01058622957824826  0.01074850883623604  0.01089861482853008
  0.01107458881574384  0.01132335256601344  0.01166364248362654  0.01203018787150754
  0.01238763627004320  0.01273111445735422  0.01305553090290246  0.01343042029225712
  0.01383533420967239  0.01431212877659441  0.01486928606746953  0.01532346252323119
  0.01580177931292799  0.01641579220099425  0.01685611373444841  0.01721146843454502
  0.01755266436084114  0.01798427359118890  0.01921450527168404  0.02220528830275417
  0.02377572758167655  0.02507035115282505  0.02617938941084981  0.02893242315218061
  0.03562095546959955  0.05469725513015407  0.09844498241439932  1.00000000000000000
 -0.00335323629559184  0.01525084898798113  0.02669984527891168  0.03904325428260896
  0.04953416780117034  0.06000759569627988  0.07140898071362850  0.08420935266790909
  0.09726181883789843  0.10959357857779757  0.12231665209515033  0.13470008835524619
  0.14754772931021606  0.16081845346814083  0.17316501372839560  0.18392373745825011
  0.19477220570255785  0.20474614884498907  0.21383708359562839  0.22280433529505311
  0.23352557049549433  0.24553333139811626  0.25603435297015920  0.26512369422111104
  0.27427132636941520  0.28449932900423086  0.29553273073596908  0.30618076880922723
  0.31604465745819832  0.32553596632173254  0.33488269839561263  0.34408988767119941
  0.35379295860047011  0.36279645080321099  0.37217573172610008  0.38213482086740791
  0.39258984858744583  0.40306306662804131  0.41207984416044602  0.42095827947182890
  0.42986076824512848  0.43928431792459710  0.44995159062479478  0.46096643910327267
  0.47129559468297755  0.48120246547386381  0.49131952878567542  0.50246921690033719
  0.51416177504859495  0.52535847506946221  0.53701553068958585  0.54833449281849178
  0.55953079739820888  0.57050053066492123  0.58153674411753475  0.59283563304860576
  0.60365374218838963  0.61397733947619126  0.62423853774652927  0.63408101900479719
  0.64286248446567695  0.65163920319230151  0.66032490564053548  0.66960975556261537
  0.67958330802689182  0.68857770830301734  0.69768510323678246  0.70726056446518082
  0.71859253380866117  0.73082602075116121  0.74232071606995420  0.75301863821198778
  0.76334111487821821  0.77314509956760258  0.78281449595377350  0.79217314114649739
  0.80206225196471348  0.81345429400468350  0.82543754644577993  0.83689475819179560
  0.84745411584235331  0.85622306325483355  0.86446944770468803  0.87240769203348789
  0.88030968550015254  0.88906411963369381  0.89894244821793801  0.91029824716812568
  0.92223907678385308  0.93511957211189567  0.94647092009289380  0.95766719485673568
  0.96652990843705300  0.97656481893004887  0.98706462030660780  1.00000000000000000
  0.57763890236593196  0.63227032248581427  0.65591112482072556  0.67490389154283614
  0.68951528915437155  0.70120169328738136  0.71135299601921842  0.72077926380030799
  0.73007161569037005  0.73747792799861656  0.74486347218016391  0.75141646743186707
  0.75725335562355178  0.76282878061252435  0.76823207929850501  0.77315696935913480
  0.77751235268372165  0.78189753020223984  0.78639347529429282  0.79052510783916574
  0.79445533172825178  0.79843903890520762  0.80235233727036215  0.80603783365602633
  0.80928132129480190  0.81221378190746851  0.81506644053854216  0.81793149129430709
  0.82124481789974579  0.82446628296318991  0.82791668269509189  0.83111011730171458
  0.83402316865722304  0.83679758968641504  0.83951534854340237  0.84239703950300138
  0.84562122418207741  0.84923825607940995  0.85314452483074998  0.85671240978770014
  0.85995045286390759  0.86308079455507591  0.86632924351501939  0.86974121553518602
  0.87307800433718086  0.87622879618059724  0.87948717092556050  0.88262437130546589
  0.88561282677544406  0.88817833604410745  0.89046591917107965  0.89264817252172146
  0.89490988039809050  0.89729514954939094  0.90010404540905664  0.90309386587492613
  0.90581921767567164  0.90835093709772219  0.91085582958155387  0.91352469781664791
  0.91626731109223647  0.91893739003896524  0.92157598447895295  0.92411833199011972
  0.92651173900295780  0.92880095048943656  0.93105103436952663  0.93324619824497712
  0.93563374915823050  0.93811801136775275  0.94053545697715324  0.94269537722974750
  0.94456230740168434  0.94633723260126246  0.94805610255793638  0.95006887920840755
  0.95215534407659796  0.95402955635441977  0.95581697264514953  0.95766914279774662
  0.95953851574266436  0.96153401156073415  0.96358478863368069  0.96562849036634224
  0.96776741722001236  0.97007595501920862  0.97258732932078762  0.97519601108988407
  0.97774359849737302  0.98027798895016272  0.98282820156390149  0.98530464657473737
  0.98797382557993019  0.99079447087439321  0.99434959814371415  1.00000000000000000
 -0.01030048572418421  0.12202216408361147  0.14269793307972367  0.15205084160088714
  0.15870806709000590  0.16387456346035426  0.16778499490626456  0.17287633802174088
  0.17900524525465711  0.18550362460574985  0.19323053835067275  0.20101000039661185
  0.20771198411694672  0.21217375971514016  0.21667836779232491  0.22111996311321006
  0.22481659390693165  0.22971672941451479  0.23473914572678289  0.23933184697098545
  0.24388672660001243  0.24862676625650351  0.25345096773262277  0.25791294623796485
  0.26250056470328365  0.26758039283909502  0.27346609956753415  0.27883193634160247
  0.28372325287478695  0.28861756011075923  0.29344220032701646  0.29838395898513470
  0.30352029666029651  0.30863745548047644  0.31359406197755862  0.31828644702008096
  0.32273615183582449  0.32636544787312050  0.33008585765002596  0.33389357786119217
  0.33798981279125306  0.34314440118051248  0.34788500226406727  0.35257065107734792
  0.35716609136627814  0.36183765885898678  0.36698112584755371  0.37198479974345183
  0.37718486602918716  0.38257532753718682  0.38839935748376381  0.39466163876838034
  0.40072284814772291  0.40690970075399774  0.41235103359055986  0.41793455050306860
  0.42356764477838132  0.42946896285304764  0.43611130497260331  0.44289209152323766
  0.44970873399995692  0.45648775918168061  0.46284207728748161  0.46962250276312062
  0.47588737576858103  0.48229029347397523  0.48894294902791702  0.49593461832861346
  0.50318073874124702  0.51021236746398702  0.51735645099643335  0.52448575269231168
  0.53242220370905158  0.54095072736342620  0.54952817737584969  0.55814929061050200
  0.56707807884924788  0.57635165801777777  0.58606873998661535  0.59648630136881875
  0.60596352856048308  0.61484386123853352  0.62347931879266349  0.63692206290335651
  0.65118961244943940  0.66511156988532638  0.67938336398969090  0.69459586312709942
  0.71069321549968434  0.72702496805549488  0.74430430676406956  0.76202811507022472
  0.77991612236414465  0.80149607846675630  0.83016507007514939  1.00000000000000000
   8.1396187195607833E-008  -1.0000000000000000     
 F F F F F F F F F F F F F F F F F F F F F F F F F F F F F F F F F F F F F F F F F F F F F F F F F F F F F F F F F F F F F F F F F F F F F F F F F F F F F F F F F F F F F F F F F F F F F F F F F F F F F F F F F F F F F F F F F F F F F F F F F F F F F F F F F F F F F F F F F F F F F F F F F F F F F F F F F F F F F F F F F F F F F F F F F F F F F F F F F F F F F F F F F F F F F F F F F F F F F F F F F F F F F F F F F F F F F F F F F F F F F F F F F F F F F F F F F F F F F F F F F F F F F F F F F F F F F F F F F F F F F F F F F F F F F F F F F F F F F F F F F F F F F F F F F F F F F F F F F F F F F F F F F F F F F F F F F F F F F F F F F F F F F F F F F F F F F F F F F F F F F F F F F F F F F F F F F F F F F F F F F F F F F F F F F F F F F F F F F F F F F F F F F F F F F F F F F F F F F F F F F F F F F F F F F F F F F F F F F F F F F F F F F F F F F F F F F F F F F F F F F F F F F F F F F F F F F F F F F F F F F F F F F F F F F F F F F F F F F F F F F F F F F F F F F F F F F F F F F F F F F F F F F F F F F F F F
  <DiscreteSampler_grid>
  grouped_processes
  1 # 1 for a reference and 2 for a running grid.
  10 # Attribute 'min_bin_probing_points' of the grid.
  1 # Attribute 'grid_mode' of the grid. 1=='default',2=='initialization'
  0.0000000000000000 # Attribute 'small_contrib_threshold' of the grid.
  0.5000000000000000 # Attribute 'damping_power' of the grid.
 # binID   n_entries weight   weight_sqr   abs_weight
    19   10   1.473464240026973E-003   1.011668223738247E-005   1.473464240026973E-003
    20   10   1.473464240026969E-003   1.011668223738239E-005   1.473464240026969E-003
    22   10   1.473464240026973E-003   1.011668223738247E-005   1.473464240026973E-003
    23   10   1.473464240026969E-003   1.011668223738239E-005   1.473464240026969E-003
    25   10   4.276942672196474E-003   8.679840850317860E-005   4.276942672196474E-003
    26   10   4.276942672196470E-003   8.679840850317843E-005   4.276942672196470E-003
    28   10   4.276942672196474E-003   8.679840850317860E-005   4.276942672196474E-003
    29   10   4.276942672196470E-003   8.679840850317843E-005   4.276942672196470E-003
  </DiscreteSampler_grid>
