  0.00000214330255319  0.00000227522943537  0.00000243824846065  0.00000255744331658
  0.00000266857686613  0.00000277410087601  0.00000287536999595  0.00000298060999589
  0.00000308369694361  0.00000317805312945  0.00000326458285270  0.00000335298883984
  0.00000344728123594  0.00000353633723783  0.00000363002702379  0.00000373894205107
  0.00000385765971255  0.00000398041680371  0.00000410877478969  0.00000422710864482
  0.00000434648850903  0.00000448090559053  0.00000463396843640  0.00000480018226458
  0.00000496244412581  0.00000513426845069  0.00000530627275506  0.00000546216257250
  0.00000561062822501  0.00000575936568739  0.00000588977101817  0.00000602491262480
  0.00000616965056731  0.00000631121442984  0.00000645971547652  0.00000662722798233
  0.00000680426123115  0.00000701123979563  0.00000724032501257  0.00000747556388183
  0.00000771776386537  0.00000796832021340  0.00000821885277614  0.00000846446578732
  0.00000869846288773  0.00000895563956198  0.00000922075551724  0.00000953316904014
  0.00000985397833164  0.00001021106286866  0.00001056820049849  0.00001090271387291
  0.00001132976840427  0.00001174482691997  0.00001217628495785  0.00001267868359361
  0.00001326709996114  0.00001388456653080  0.00001450696139296  0.00001517836257540
  0.00001591995419681  0.00001670993754096  0.00001759568494289  0.00001857719929744
  0.00001954931192126  0.00002045762964531  0.00002153621370286  0.00002269591522473
  0.00002419572318462  0.00002571253687866  0.00002729838066557  0.00002894539411474
  0.00003074951010287  0.00003277370674641  0.00003506394341826  0.00003795877704391
  0.00004119128409151  0.00004480943173710  0.00004898768292237  0.00005402092461682
  0.00005977834974239  0.00006628909495183  0.00007427702634944  0.00008326956611379
  0.00009196292571693  0.00010299313196408  0.00011849448679677  0.00014072574358579
  0.00017866938950348  0.00023262890360385  0.00030697404216723  0.00041913580673296
  0.00062711277790854  0.00131384224865556  0.05836109130538927  1.00000000000000000
  0.00001093808784431  0.00001226566250639  0.00001355013336661  0.00001457207076661
  0.00001548553430945  0.00001635970148011  0.00001725294255651  0.00001825701963197
  0.00001952791336653  0.00002115179776711  0.00002287186957335  0.00002446023072605
  0.00002588578606873  0.00002737860664787  0.00002894849740775  0.00003080624687236
  0.00003270936614553  0.00003455334174872  0.00003651128747953  0.00003860383303732
  0.00004073562020366  0.00004300084417922  0.00004552917331368  0.00004820427286400
  0.00005101301108466  0.00005402631918327  0.00005696499750926  0.00006037154832911
  0.00006420261964782  0.00006835653588815  0.00007274363280646  0.00007742847552339
  0.00008214245029327  0.00008672310987695  0.00009141686931968  0.00009619919914761
  0.00010153977888170  0.00010689054848289  0.00011268368761678  0.00011877947842016
  0.00012561807894175  0.00013375692239252  0.00014288289377910  0.00015279620232188
  0.00016240955688980  0.00017229551917090  0.00018197063443269  0.00019208211291891
  0.00020274573560884  0.00021453579934734  0.00022672232793419  0.00024025779250123
  0.00025451868977919  0.00026816867991277  0.00028111942587958  0.00029585068226571
  0.00031049600361548  0.00032633254118668  0.00034689751084877  0.00036657035374922
  0.00039170693083071  0.00041654589596442  0.00044443749310477  0.00047203825784011
  0.00050070255323695  0.00052941665227485  0.00055902944858851  0.00059142444953178
  0.00062829242854106  0.00066813753376338  0.00070392431017007  0.00073866584319876
  0.00077597967542105  0.00082276749726840  0.00087684545270783  0.00093206865715562
  0.00099224593943126  0.00105750691307977  0.00112305735704852  0.00119713067444585
  0.00128651954442191  0.00139907342531741  0.00152820961217783  0.00168187286298321
  0.00188355002651094  0.00212487625901694  0.00240159784343401  0.00271528729643111
  0.00309626780321690  0.00369732461232048  0.00458132727110010  0.00598890705268769
  0.01341185639802521  0.02676920292086138  0.21214235245769927  1.00000000000000000
  0.00161482746192701  0.02756784131964937  0.04501618972825183  0.05687391200951200
  0.06748463564703594  0.07804573137898738  0.08864692490579765  0.09823681589287887
  0.10735177227039482  0.11711667037749150  0.12822661007130598  0.14032269478124640
  0.15150047607620026  0.16142148763522260  0.17166919691581070  0.18187029709626193
  0.19188425375330836  0.20193494709785634  0.21241269528857876  0.22293965545780195
  0.23276451241084808  0.24260553822348352  0.25268090957609013  0.26275861072379642
  0.27280694583452331  0.28365730065411521  0.29445415731717928  0.30564173888136509
  0.31605627627266397  0.32646400029591943  0.33704466328292970  0.34751545311736765
  0.35735471836190524  0.36672718719225456  0.37634658806545207  0.38697431053162168
  0.39923727166724410  0.41260700109232146  0.42574925182043960  0.43805949257619881
  0.44976302676639379  0.45957364416845647  0.46855786415867529  0.47778201944191356
  0.48718603906382407  0.49869835422913988  0.50976082393761213  0.52010135859615381
  0.53024335939944145  0.53980765481549331  0.55026254012905296  0.56051210175267785
  0.57232932322481822  0.58554021681516655  0.59761321941530632  0.60880555052548824
  0.61791772595943595  0.62632423538651694  0.63424544772436098  0.64195060613936139
  0.64992755360388110  0.65876574584541214  0.66870874115218693  0.67936034847545579
  0.68753492355439727  0.69676806100597521  0.70668662559756545  0.71611875816356951
  0.72688362348081192  0.73809988165623652  0.74870489308275912  0.75884604484202833
  0.76878790307425382  0.77832870804650023  0.78812007120087946  0.79785513882766290
  0.80851118276896483  0.81959767150370344  0.83046785827861835  0.84056307173439027
  0.84988187218385969  0.86006986480764258  0.87060702486668906  0.88158598344735850
  0.89299738228860170  0.90462985040447164  0.91717722957956460  0.92793975407974461
  0.93822726635639164  0.94794089725607733  0.95743294043215443  0.96597368121028526
  0.97426141309699343  0.98346528180695492  0.99255016787482409  1.00000000000000000
 -0.00315717365569249  0.01261039883968738  0.02495731903180659  0.03750386110576186
  0.04976529355338597  0.06048528353820324  0.06988003948986966  0.07917031037815113
  0.08968717765087632  0.10064442301181284  0.11179135578431731  0.12264901191385423
  0.13337786495853307  0.14434658192472380  0.15524750937208823  0.16634132488097167
  0.17501086143046699  0.18438694848795614  0.19441418497755819  0.20489747654229612
  0.21623818046820911  0.22693626596966768  0.23747685110339389  0.24727160909486379
  0.25612615154330592  0.26527619205930325  0.27710050635974859  0.28924441451940375
  0.30038258488892050  0.31103548807743486  0.32280334830426993  0.33530266729919495
  0.34742931465304067  0.35912080926165885  0.37006751153260703  0.38091407077080253
  0.39087497862227905  0.40158168868725208  0.41270560594736611  0.42328498144210591
  0.43260679583054484  0.44116125048084631  0.44944912730603720  0.45780005004083563
  0.46698844099814013  0.47762832460354060  0.48973656369959007  0.50094571758229289
  0.51089727924123607  0.52031049152754472  0.52953237945984155  0.53882995032170922
  0.54788727301833728  0.55665786402515205  0.56548144732713157  0.57530771937793801
  0.58530233060815839  0.59311184950630269  0.60071723708488289  0.60779950905895230
  0.61555908498642498  0.62399749641977442  0.63328347314831446  0.64257399974028617
  0.65241762335208786  0.66165426454696341  0.67200739406776167  0.68437209206371608
  0.69726872445241406  0.71011334247373781  0.72317037796827877  0.73616465651088248
  0.74850602483284001  0.76068745795332315  0.77265644871577333  0.78433998434853192
  0.79482252003506904  0.80490776136833053  0.81517670115979590  0.82654111641607841
  0.83849633985329264  0.85003533113508833  0.85886273170238681  0.86721751478104980
  0.87587152662731393  0.88527315933568207  0.89598465979426278  0.90644926670285653
  0.91613289258465114  0.92726999445285641  0.93825084346598031  0.95127554983639695
  0.96397783650418623  0.97589609588261750  0.98805189086962109  1.00000000000000000
 -0.00229252167312292  0.01128841369372348  0.02252067019782881  0.03443184292411713
  0.04631959773311473  0.05737023220512710  0.06658289551237094  0.07470566743946815
  0.08320601016890329  0.09249934978956616  0.10289172719194201  0.11490211780325511
  0.12584469808985138  0.13712868582330098  0.14714450245614832  0.15788887207716554
  0.16902850658283083  0.18021946067855824  0.19033894011008909  0.19998901287022905
  0.20987758773053977  0.21865760494984943  0.22755547550211544  0.23645327396839730
  0.24943895252527015  0.26331651856493199  0.27670349383042087  0.29072758055139847
  0.30310302385361843  0.31517050407873920  0.32508482555390056  0.33286847466697833
  0.33966797420659622  0.34647815219393124  0.35433388532716581  0.36384514355907671
  0.37464498194365653  0.38496389001353681  0.39618575644095466  0.40825990003045626
  0.42092026861800125  0.43290135774192318  0.44457789052145175  0.45589104547279652
  0.46692905343105068  0.47664484875755214  0.48565400060504421  0.49434597348689480
  0.50312681372785217  0.51122012858338062  0.51923516541039760  0.52721343466040604
  0.53568893266637030  0.54439998062782990  0.55292934436533969  0.56142843875823245
  0.57152498843209165  0.58345889330859269  0.59620829409055076  0.60958584466036692
  0.62269101824139128  0.63530224692463355  0.64702953710714217  0.65845435623981252
  0.66892481389259739  0.67871998666386479  0.68839901052370156  0.69869936211330064
  0.70959598804106117  0.72162319559736743  0.73313037624527322  0.74484175167942746
  0.75626386985368921  0.76806071970899159  0.78086771421012380  0.79294032328549047
  0.80451217047382784  0.81469489963240738  0.82429189648014689  0.83331365293596327
  0.84234140085844011  0.85096115428496477  0.85921634070743513  0.86747041296616145
  0.87476681264629430  0.88249492391837336  0.89184692193061232  0.90373943678838320
  0.91675381900746278  0.92978990797454897  0.94271771321570219  0.95557875835071071
  0.96642446055195730  0.97677733619522011  0.98724242804978879  1.00000000000000000
 -0.00088421630717206  0.00707453415190576  0.01572627385132471  0.02551413376850040
  0.03583098676974839  0.04454626032051993  0.05203259506255416  0.05954783950190080
  0.06723199781299583  0.07515459810796084  0.08508556736287971  0.09592231895611933
  0.10579809615145130  0.11581160136285984  0.12461451343482138  0.13374310371681492
  0.14293134610240127  0.15307893348661772  0.16146643072632638  0.16912782558812839
  0.17747655962832093  0.18724019116808707  0.19712403205664911  0.20783937402100749
  0.21797082984461494  0.22868166000179993  0.23989164687532483  0.25103676388738988
  0.26159747877310724  0.27169887678580718  0.28223695598545140  0.29242096951270546
  0.30287347069117093  0.31408438124554577  0.32407089237080355  0.33437048048258933
  0.34450098296048087  0.35450217876414181  0.36449746813906708  0.37356575080646559
  0.38194892834394589  0.39044526650031075  0.39927739842920773  0.41042991381440819
  0.42181780271580610  0.43110585765769094  0.43973988498721150  0.44818533365985175
  0.45710233434749076  0.46613683083751178  0.47485038207283015  0.48381520397702193
  0.49275619150205330  0.50136556402510779  0.50991439945232231  0.51925608957650438
  0.53004140149483403  0.54289427666458145  0.55654345323345500  0.56921944335704666
  0.58192015827807853  0.59561837941635754  0.60883330653544243  0.62203205009909723
  0.63562660122272863  0.64944537670213298  0.66218013768979467  0.67493829862080590
  0.68790615867574545  0.70096953463690681  0.71411024675842716  0.72685335159057163
  0.73928002782132052  0.75119925906940466  0.76247836149790915  0.77351637432580511
  0.78340053850542701  0.79406328741751131  0.80459809592888720  0.81569891940748829
  0.82652808788730636  0.83782567035517941  0.85074788895942099  0.86386050626809463
  0.87744011865303095  0.89221413609961719  0.90474411259183563  0.91625536508195338
  0.92576637395605565  0.93662373318784653  0.94703389912979030  0.95783615156332924
  0.96875785786016022  0.97988561282963604  0.98993395474552193  1.00000000000000000
 -0.00257234225328319  0.00708070611624633  0.01629593757167445  0.02600528814575205
  0.03775503437318647  0.05019788487366602  0.06275112274370874  0.07529727251819883
  0.08765348470607504  0.09953905899442747  0.11116756984399959  0.12342643892774482
  0.13597806179624511  0.14870399005737631  0.16110604877941140  0.17220592851274988
  0.18243996716239588  0.19263729450822042  0.20235549441556527  0.21353222443969461
  0.22489687911483053  0.23549785071732868  0.24530820415089022  0.25481450756821494
  0.26472973133043931  0.27428609652485852  0.28428789141388827  0.29515437176437698
  0.30671138620839022  0.31863414721824035  0.33018805839393006  0.34092935324941170
  0.35113736811931656  0.36066874766625712  0.36963384056201470  0.37894711240657009
  0.38786699105038203  0.39686503019755981  0.40582325854450296  0.41325387133667768
  0.42244024092759341  0.43295109283573213  0.44657563181776677  0.46039033581953753
  0.47268039580561627  0.48421155341953254  0.49558055001654788  0.50585964511436443
  0.51671342668688380  0.52679725274738520  0.53850968555495271  0.55035170304847503
  0.56223061240862859  0.57429460481359285  0.58509362075954474  0.59546850268531659
  0.60562273355813334  0.61649201959713562  0.62771135799584588  0.63884863128323122
  0.65056646991217781  0.66278704908772723  0.67319147360298859  0.68304628498929965
  0.69260533612677255  0.70134681105963115  0.70985886891651706  0.71864482356728532
  0.72801583646631662  0.73809508654781586  0.74890766393745933  0.76062817293542717
  0.77091089787342548  0.78015922535193816  0.78893524602092924  0.79721421576719265
  0.80650588949020252  0.81653838855515837  0.82494755106147344  0.83357785686769603
  0.84316191979571053  0.85421433567382199  0.86593168919242436  0.87739271924768081
  0.88875473804531113  0.89924323448542998  0.90921078513565623  0.91935323663818214
  0.92974795656907094  0.94047748357605088  0.95148066606296200  0.96175739171234820
  0.97141548078052942  0.98086743450995495  0.99011905673533163  1.00000000000000000
 -0.00356177622719165  0.01703719751728863  0.03214743689237427  0.04487008600962596
  0.05407502245070510  0.06285146727867012  0.07208013168532537  0.08233508689676544
  0.09273056978070027  0.10228393527372562  0.11232359366757283  0.12200094507355443
  0.13133663997378681  0.14001313327259632  0.14990442652918790  0.15973078733866086
  0.16973699111649801  0.17951869204611090  0.18911835608896330  0.19909943824824192
  0.20989743566436830  0.22043755097367138  0.23016703773049710  0.23956631322088789
  0.24915901010684322  0.25979039669029080  0.27166564963416900  0.28237617864707781
  0.29240175879484209  0.30128907167840546  0.31145042390536198  0.32261405012496874
  0.33471606265170134  0.34733271176024216  0.35760200355967542  0.36734118873274552
  0.37660917228249857  0.38567156302594319  0.39661899603534612  0.40738112939242987
  0.41767614711602352  0.42772569831680690  0.43821991831028878  0.44924399965102757
  0.45988344602780706  0.46991123023411724  0.47964892683057919  0.48959250240258406
  0.50035773254349525  0.51168734834488760  0.52232817755547278  0.53327832493267724
  0.54404862020780920  0.55466543061965246  0.56399783399886061  0.57293720719462982
  0.58225149841944956  0.59261676559295573  0.60375418395808123  0.61585030089695558
  0.62746602572604071  0.63757132563407026  0.64722791829201665  0.65692859064110942
  0.66554616570493930  0.67380981180658561  0.68193355409982270  0.69146938823645077
  0.70410292746790593  0.71617696202351477  0.72782760489168041  0.73860169582473789
  0.74891538289063619  0.75899338312252917  0.76956272328907060  0.78068605120760592
  0.79176572775033749  0.80226555160435453  0.81282447433224891  0.82367957036342954
  0.83491281737662726  0.84601607984975669  0.85685039743452918  0.86808588540981035
  0.87904228141458829  0.89084136556587945  0.90242566041942140  0.91421051657419228
  0.92655741723829843  0.93778122131296038  0.94792940500858669  0.95772130960542856
  0.96756939951834497  0.97765635012332652  0.98808841716006091  1.00000000000000000
 -0.00274686382832517  0.00880048581335094  0.01930491801644336  0.02990250569664970
  0.03877897907583638  0.04722437522498598  0.05562706339107343  0.06387356229206889
  0.07561407029840210  0.08686246904643241  0.09740158398230661  0.10762237261853148
  0.11760119933754244  0.12760634425440742  0.13597676631504155  0.14464516321196330
  0.15383501314197187  0.16381504692121751  0.17294822886195421  0.18152110021841664
  0.19051850329116934  0.20178988313753907  0.21466767814039847  0.22712993724802918
  0.23965406926874475  0.25132639783476940  0.26313768033958052  0.27447913202599855
  0.28483582577876354  0.29491107880074291  0.30453664246945239  0.31451938308277405
  0.32569850015103602  0.33797051061791294  0.35076378981463524  0.36272928000658711
  0.37440667139765366  0.38638985185831315  0.40008412770865742  0.41279297596131798
  0.42369738117625366  0.43430307534489482  0.44493600999745203  0.45621324251537893
  0.46833620489786343  0.47999825795393508  0.48985877449952697  0.49832308295751165
  0.50657055722269217  0.51528792606891993  0.52572115580131029  0.53704295825098070
  0.54899531072701291  0.56197303195998582  0.57560752942270577  0.58996831767941083
  0.60445960668129650  0.61685760198451167  0.62918222692981318  0.63918734463403482
  0.64783756288050831  0.65603326340297674  0.66581440694718619  0.67830039351560556
  0.69033233522562387  0.70161817213157940  0.71197913923038114  0.72171061699824446
  0.73033781450381785  0.73940688024943857  0.74906363628612160  0.76014412358509376
  0.77039890636508657  0.78105950550930603  0.79182249012108419  0.80230582396610184
  0.81230747115534729  0.82243397820640729  0.83253506288366252  0.84244647828417041
  0.85237655748162100  0.86255478798545737  0.87321431304821873  0.88449475707119252
  0.89597385717541633  0.90657328164278494  0.91649205493598218  0.92554359318475221
  0.93383001036510072  0.94274399831808897  0.95183437049403141  0.96167957849567876
  0.97170952019668599  0.98106173248546369  0.99081195633628816  1.00000000000000000
 -0.00412587493494780  0.02496321634699200  0.04880464082587484  0.06913711558947482
  0.08832551524683230  0.10729950442665054  0.12822174277084419  0.14470315337512552
  0.15926237136858820  0.17444518830281300  0.19253152025374273  0.21035965072985949
  0.22724942493266495  0.24330105759506879  0.25946350955551889  0.27590824681407689
  0.29436886079808455  0.31352118105329058  0.32918954836647185  0.34275042298109548
  0.35540748740478867  0.36870205956758306  0.38308208130637239  0.39702096835743034
  0.40987653910799832  0.42231139744047480  0.43475617236454417  0.44857572630897713
  0.46378840837895979  0.47912161214293886  0.48996870114779151  0.49868743240223312
  0.50716963553620431  0.51593388117096828  0.52647190869333937  0.53879872516271654
  0.55019187159597416  0.56207908414817298  0.57313246359126979  0.58400880120284782
  0.59537914358597632  0.60731153882759592  0.61969575672939847  0.63202167373594365
  0.64395779628371441  0.65703391408671818  0.66936470129221470  0.68129714089901905
  0.69329423084993669  0.70493180708564018  0.71412760717046175  0.72199881039253100
  0.72949624582754324  0.73727385477195628  0.74655724565346326  0.75593417937174701
  0.76471920050671782  0.77333370753267849  0.78238097684150898  0.79111705348745165
  0.80001328654043402  0.80921783342812414  0.81901554009784983  0.82824880889242880
  0.83664455927273562  0.84541851890462916  0.85474344168181737  0.86390811789258593
  0.87215097664767682  0.87967398419917142  0.88667817349428568  0.89309384845681650
  0.89932608064352981  0.90564338849948456  0.91200125174902946  0.91831456921117660
  0.92426084461266977  0.92996920201068023  0.93607812084739406  0.94112297774473319
  0.94555659201017617  0.94956767583167789  0.95340661664158310  0.95736196110886917
  0.96159912594276320  0.96597339692362738  0.96957068270230884  0.97305068225874436
  0.97633917608527032  0.97955441992015646  0.98289524162061770  0.98647139986282539
  0.98976858085973851  0.99319490392539755  0.99662736320385970  1.00000000000000000
 -0.00232995563974927  0.01123199968478990  0.02363515131367859  0.03561747847129434
  0.04816618627692490  0.05928699073411029  0.06843125496428808  0.07662151331877555
  0.08442630750410493  0.09376053349435123  0.10463922843001595  0.11509251643112771
  0.12475583989135008  0.13364041683525196  0.14282710586409775  0.15322215450887783
  0.16473714182402999  0.17533026659856854  0.18536676097553620  0.19614864651395145
  0.20689723267836049  0.21661273885505863  0.22549357220699817  0.23502160362052510
  0.24574117525197856  0.25675610301630969  0.26729183883935359  0.27792079097286998
  0.28907532038270456  0.30039214382094620  0.31109803048970297  0.32152994910005928
  0.33233717734112955  0.34351832047688441  0.35475953506684921  0.36520510105869697
  0.37576711768829635  0.38630388608027394  0.39566667194026656  0.40417794932987416
  0.41370084827301568  0.42544747901589036  0.43761261432226378  0.44849903026882465
  0.45777154882717952  0.46702645334525456  0.47627152325107175  0.48495272619520591
  0.49273863705748738  0.50066566404749913  0.50946417830374968  0.51933773099319391
  0.53022288099375603  0.54125858479081923  0.55121911997621020  0.56179516936363039
  0.57171914518397560  0.58127973843849012  0.59174891354244563  0.60220691199894039
  0.61331383766324554  0.62452487857112493  0.63592992298286466  0.64784035267080231
  0.66025818264813885  0.67283256060569419  0.68503994158163328  0.69693369942994887
  0.70874691957596181  0.71909921541420174  0.72794463993843750  0.73583825633045719
  0.74281556382137659  0.75093325182020443  0.76042568554888690  0.77102087351337878
  0.78307075085567179  0.79395763149584919  0.80577889421755400  0.81852099301333769
  0.83131148930953436  0.84476670487473082  0.85742183328188848  0.86751170695607505
  0.87705900353261756  0.88742634979057844  0.89917914998938686  0.91119705440747190
  0.92157369130126487  0.93166363059444934  0.94222714961695264  0.95322264114682165
  0.96423774364224879  0.97518156107101683  0.98714362993193605  1.00000000000000000
  0.43632230094892011  0.50449200225872204  0.54688482246731240  0.57135002035056415
  0.58944275334297058  0.60286123095131616  0.61278278058262725  0.62002829703604079
  0.62720880021064340  0.63573033960782610  0.64443015719273111  0.65253945706437277
  0.66088121358728313  0.66861872975151326  0.67618396192504115  0.68388317843414814
  0.69192960428180905  0.69897225023787468  0.70537849598124081  0.71157054934945996
  0.71767841167338398  0.72300863515295355  0.72794737920441077  0.73279844646193881
  0.73781027348671480  0.74326671375059827  0.74907523276959964  0.75487075859610742
  0.76019910468729190  0.76494151624757767  0.76937264240223602  0.77363466669845715
  0.77770796142316423  0.78211657283651148  0.78665631763215860  0.79135729813286138
  0.79601468504691908  0.80032688363825399  0.80456330781806973  0.80844447592631341
  0.81201874165724564  0.81590662764879662  0.81990927254451984  0.82428768214134129
  0.82866222458117567  0.83286242600096183  0.83697070884673919  0.84093994275625572
  0.84485332634496413  0.84811992093963096  0.85131179531981627  0.85439599326856930
  0.85783262690665341  0.86114869946198558  0.86468967367980676  0.86836280899131102
  0.87203659286277824  0.87553071160558571  0.87864074258479574  0.88168887658891149
  0.88451936626985239  0.88730289443303489  0.89008589134951566  0.89284537093398320
  0.89584753153487662  0.89871355978746292  0.90177492673034987  0.90490075871593190
  0.90807791062572618  0.91101278527050367  0.91388022732476826  0.91661138562770006
  0.91922757649083664  0.92218550461762361  0.92503288539253281  0.92793604170514876
  0.93101860746707799  0.93394511515688239  0.93676029623065149  0.93977836144314553
  0.94292454643635071  0.94585383343693152  0.94893474291881863  0.95203046398230351
  0.95533270527527925  0.95862243108799783  0.96188176928310576  0.96525231996638838
  0.96868526102346308  0.97229841149093610  0.97596050380027943  0.97969785829524014
  0.98358385676126281  0.98792559893461207  0.99336076085871872  1.00000000000000000
  0.02134608994214958  0.08273608456654387  0.11986250128297310  0.13806247269081429
  0.15107354072024576  0.16253739034392073  0.17356798957351419  0.18100187751575006
  0.18798489744752106  0.19466691564365662  0.20139658171241615  0.20833486688458561
  0.21434683703989713  0.22074213259409567  0.22766653274941595  0.23382035556390354
  0.23888051828880824  0.24385627008326419  0.24843399453766404  0.25298761719760560
  0.25733376339278902  0.26189697669758588  0.26620932535540665  0.27020233532432814
  0.27429715076627614  0.27857065859700614  0.28373238645958210  0.28828628890185803
  0.29305078325499911  0.29814056449626236  0.30326177713889524  0.30812371506104813
  0.31298616029630211  0.31747571150210491  0.32177882732844870  0.32608540085121857
  0.33078424179385973  0.33601499358827025  0.34145173646641142  0.34758855169479846
  0.35257669638781192  0.35726757962092687  0.36210549284871074  0.36725491879143113
  0.37266353605975905  0.37809839460765443  0.38349831311791643  0.38935768371942003
  0.39564218528216727  0.40177119836755171  0.40751999993542465  0.41310765442071029
  0.41871511664657934  0.42432624266478108  0.42959190764998989  0.43528264201688255
  0.44142760355724808  0.44811979146926795  0.45458460795885175  0.46085515969609653
  0.46719737037474213  0.47351295631235618  0.47993353799103761  0.48617515083625107
  0.49229886155873226  0.49904117919318880  0.50727350039394781  0.51638679217882233
  0.52525377030914511  0.53335764695281462  0.54112063490848172  0.54943644162765071
  0.55879596900388462  0.56811736669690094  0.57602258106044923  0.58370098183334918
  0.59131941515456321  0.59918275607791271  0.60755803696106259  0.61619919910342114
  0.62505031864861182  0.63472050346585218  0.64554483653641304  0.65699582709862248
  0.66888108569524607  0.68095109200850590  0.69347640665068211  0.70278262524106527
  0.71280293445229381  0.72356095281574584  0.73683286273556148  0.75216267372271217
  0.76899593898527629  0.79054113933446279  0.83062882805816018  1.00000000000000000
   1.9293572612989323E-006  -1.0000000000000000     
 F F F F F F F F F F F F F F F F F F F F F F F F F F F F F F F F F F F F F F F F F F F F F F F F F F F F F F F F F F F F F F F F F F F F F F F F F F F F F F F F F F F F F F F F F F F F F F F F F F F F F F F F F F F F F F F F F F F F F F F F F F F F F F F F F F F F F F F F F F F F F F F F F F F F F F F F F F F F F F F F F F F F F F F F F F F F F F F F F F F F F F F F F F F F F F F F F F F F F F F F F F F F F F F F F F F F F F F F F F F F F F F F F F F F F F F F F F F F F F F F F F F F F F F F F F F F F F F F
  <DiscreteSampler_grid>
  grouped_processes
  1 # 1 for a reference and 2 for a running grid.
  10 # Attribute 'min_bin_probing_points' of the grid.
  1 # Attribute 'grid_mode' of the grid. 1=='default',2=='initialization'
  0.0000000000000000 # Attribute 'small_contrib_threshold' of the grid.
  0.5000000000000000 # Attribute 'damping_power' of the grid.
 # binID   n_entries weight   weight_sqr   abs_weight
    37   10   7.379928309009398E-002   1.508285280307364E-002   7.379928309009398E-002
    38   10   7.379928309009416E-002   1.508285280307371E-002   7.379928309009416E-002
    43   10   7.149737802815832E-002   1.414780822576757E-002   7.149737802815832E-002
    44   10   7.149737802815850E-002   1.414780822576763E-002   7.149737802815850E-002
    46   10   3.661369422702815E-002   3.820740860698940E-003   3.661369422702815E-002
    47   10   3.661369422702827E-002   3.820740860698961E-003   3.661369422702827E-002
    58   10   1.075152701333900E-002   3.689106325450465E-004   1.075152701333900E-002
    59   10   1.075152701333903E-002   3.689106325450487E-004   1.075152701333903E-002
    61   10   2.163080476611347E-002   1.437375465003603E-003   2.163080476611347E-002
    62   10   2.163080476611352E-002   1.437375465003611E-003   2.163080476611352E-002
    64   10   2.113412172861713E-002   1.368121680780044E-003   2.113412172861713E-002
    65   10   2.113412172861718E-002   1.368121680780051E-003   2.113412172861718E-002
    79   10   3.661369422702814E-002   3.820740860698938E-003   3.661369422702814E-002
    80   10   3.661369422702827E-002   3.820740860698960E-003   3.661369422702827E-002
    124   10   1.075152701333900E-002   3.689106325450466E-004   1.075152701333900E-002
    125   10   1.075152701333903E-002   3.689106325450489E-004   1.075152701333903E-002
  </DiscreteSampler_grid>
