  0.00259917242765036  0.01437414694564556  0.02661277000546832  0.03781155214413906
  0.04917395179853731  0.06061011409345966  0.07259821128554056  0.08429394419197078
  0.09610083616564311  0.10618062312272147  0.11467624282182334  0.12314438870941467
  0.13101591088053569  0.13867023472405418  0.14741820438195180  0.15780408130949458
  0.16795689639331360  0.17830684852608980  0.18904811240939443  0.20017850714060387
  0.21067085622601295  0.21980311604101729  0.22824981719466103  0.23690586006346334
  0.24666404000792599  0.25879713263105736  0.27188337670253404  0.28409266986924603
  0.29505592116847090  0.30478038847607625  0.31414672603246568  0.32470870200880431
  0.33604833275732077  0.34633118960690756  0.35557711249096347  0.36529950772786668
  0.37503311380451132  0.38464499440922889  0.39472981637190702  0.40644287424801084
  0.41929989045897825  0.43153265238673727  0.44391321682334856  0.45693465436554187
  0.47055201533643942  0.48460563829986453  0.49743358663475440  0.50869418979467707
  0.51840063474815867  0.52787643527527295  0.53784195318469508  0.54845908763431428
  0.56207830924489044  0.57610504492908488  0.58873539109629003  0.59993510197193467
  0.61132128748804160  0.62321210478867062  0.63462483167234396  0.64619722947025782
  0.65768782647143631  0.66949807436347419  0.68217265772941305  0.69475635419593651
  0.70549497974731912  0.71433583676997514  0.72342877132623595  0.73205790018658234
  0.74181745785808506  0.75229221150627978  0.76459270788943667  0.77844269267964428
  0.79071437102641362  0.79991123857444646  0.80777273970890251  0.81506117057463234
  0.82136488419326958  0.82787361110532509  0.83526850092019145  0.84465150947599943
  0.85484891295885390  0.86668320484778583  0.87792431305453611  0.88959751312359880
  0.89899523456396147  0.90881505831686260  0.91876333774277741  0.93134223675404548
  0.94010768385707677  0.94854351405077364  0.95671887299415248  0.96593381899223885
  0.97579845195572401  0.98464310757449613  0.99255813665986370  1.00000000000000000
  0.00004992838592646  0.00007351665146497  0.00009036732122690  0.00010409685287679
  0.00011653368546668  0.00012817889851389  0.00014007635126750  0.00015181451909303
  0.00016308940321381  0.00017459078324732  0.00018657659114908  0.00019938934744851
  0.00021163137897248  0.00022363146561816  0.00023562745798269  0.00024743939868993
  0.00025914017555747  0.00027186846157012  0.00028500730954076  0.00029993778193855
  0.00031569775754617  0.00033228898912264  0.00035047783215797  0.00036994202330248
  0.00038959813096537  0.00040757116374812  0.00042725358363315  0.00045102505313860
  0.00047727389768334  0.00050389655565221  0.00052958662689109  0.00055518249625102
  0.00058200640472876  0.00060997500684387  0.00064050128992674  0.00067270679450973
  0.00070402641040049  0.00073124528828014  0.00076042939982739  0.00079152761559810
  0.00082417901675231  0.00085873968722013  0.00089561924933082  0.00093597818515112
  0.00098118298090093  0.00102279719196629  0.00106372065966318  0.00111197647685955
  0.00115908774779625  0.00121555578532718  0.00127094390168804  0.00133440657841820
  0.00140432002424198  0.00148054588313714  0.00156331406958940  0.00164051372120965
  0.00173081194023070  0.00182517355818715  0.00192240748715718  0.00200649342898536
  0.00208812804910280  0.00215905059170499  0.00225598229934314  0.00234737317710276
  0.00246062431750730  0.00256151262430636  0.00265482494385267  0.00274446973193072
  0.00286336394606108  0.00300761812448045  0.00318023670686989  0.00342358126054559
  0.00368985792869393  0.00388684305921721  0.00404430796020200  0.00424400027216462
  0.00454448038844361  0.00482891761208482  0.00505912857315853  0.00519437498475349
  0.00532962139634845  0.00557001335398375  0.00581266568068482  0.00604977145445222
  0.00628473874628426  0.00671869228748879  0.00733457346548274  0.00772727813641480
  0.00812155366076266  0.00848611589375575  0.00894797946923287  0.00951986806922611
  0.01073970173355854  0.01381089573685242  0.03950180498537156  1.00000000000000000
  0.00298038856738085  0.01328047901434712  0.02499159923051749  0.03681998828478288
  0.04905117037470334  0.06069434615658092  0.07368968389424704  0.08685083543949329
  0.09872496799337260  0.10960737548339206  0.12032620863943887  0.13145782816528520
  0.14228411513467024  0.15262622151374317  0.16257199480050469  0.17399784915660610
  0.18662899627197521  0.19825016777907986  0.20918128221663024  0.22066277717822441
  0.23291087299379512  0.24398183074375573  0.25218628306885760  0.25984581810501667
  0.26721066857652187  0.27427418336804776  0.28313049967121295  0.29193434230983734
  0.30325939712017735  0.31526835772786144  0.32764432549660144  0.33959255280180006
  0.35245493666858702  0.36275960280043795  0.37247873427677403  0.38187126288025897
  0.39193130628566825  0.40361538191175744  0.41656224002885234  0.42979048417935922
  0.44295910249415599  0.45550397585692221  0.46830161704483203  0.47998751653156224
  0.49040294050353483  0.50019832569312273  0.51033738726072531  0.52070773897702727
  0.53080659246207829  0.54023564190896223  0.54900921224246824  0.55766447550419862
  0.56735623302246230  0.57784486229614518  0.58920451603769242  0.60092968132058078
  0.61456229482914826  0.62895786169548573  0.64226671316506212  0.65504616232683421
  0.66725994942941080  0.67844057762257159  0.68866354258353446  0.69848797343406133
  0.70861611165388227  0.71931468185423320  0.73087110353051532  0.74146534313451506
  0.75075330044617572  0.75991579207028137  0.76881698892610029  0.77980285235809832
  0.79141943450860441  0.80230467239944803  0.81222868087221134  0.82106185283936817
  0.82929906236068363  0.83728578582825774  0.84553228141082371  0.85433133818260942
  0.86424323045310469  0.87420633487997601  0.88334446411780088  0.89113256284701015
  0.89841657408934894  0.90576487963701280  0.91478509931265273  0.92605997524252959
  0.93835376108328228  0.95030935395897820  0.96043587346390613  0.96928443103540463
  0.97770868563503510  0.98544894399901617  0.99230355884747068  1.00000000000000000
  0.00015186858632237  0.00028954385000306  0.00035089535963200  0.00040851923944582
  0.00046589558649347  0.00052287745375356  0.00057991496456871  0.00063926423285800
  0.00070025365628428  0.00075985037566243  0.00082018401390421  0.00088113503835973
  0.00093768899941805  0.00099628952961740  0.00105637466931306  0.00112367497198223
  0.00119782480628861  0.00126967276697468  0.00134108710356210  0.00141656867432861
  0.00149194608133025  0.00156843815227786  0.00164333444644054  0.00172559805291165
  0.00181178293597033  0.00190005252219454  0.00199389534045122  0.00210063328746896
  0.00221649447681910  0.00233281341201844  0.00243801892396395  0.00254320562731156
  0.00265646330297110  0.00278291369939152  0.00292101270714866  0.00307520110340321
  0.00326086450972633  0.00346689779995395  0.00368003384521780  0.00389928907052281
  0.00411155176018253  0.00432579108762748  0.00452522735691398  0.00474442780665982
  0.00498053921765429  0.00523722918377963  0.00546982834717330  0.00569573673824041
  0.00583036124335796  0.00595295610258486  0.00608392556946256  0.00623076584696854
  0.00638663394892858  0.00660286311021444  0.00685772600644062  0.00708686632218366
  0.00726936577342273  0.00745350168659734  0.00765010843316171  0.00783045748707638
  0.00798995561968199  0.00815716354074927  0.00836859321295865  0.00860526458652461
  0.00887001226736423  0.00915327925493562  0.00950877575662043  0.00994364771383925
  0.01040824610875827  0.01096528419693296  0.01166076576044621  0.01256850421726134
  0.01358392483362390  0.01478627078623747  0.01616661812991792  0.01759248303065039
  0.01894946161190121  0.02001817169128671  0.02080002449658802  0.02160089257731302
  0.02204586552669615  0.02237231533359750  0.02270382988904049  0.02304071344780503
  0.02337757357206964  0.02371435106972311  0.02405112856737658  0.02492829359686201
  0.02535032489078059  0.02706287296349866  0.02876260954731537  0.03114504756217337
  0.03329816941524551  0.03898874926599011  0.25365419111885507  1.00000000000000000
  0.00000408256567180  0.00000474303751118  0.00000551338304742  0.00000618822632587
  0.00000676711398520  0.00000734264553285  0.00000792724070213  0.00000868017463943
  0.00000946024182759  0.00001032692767168  0.00001114244399498  0.00001197009294903
  0.00001284741612533  0.00001380096572210  0.00001472148003824  0.00001560195971202
  0.00001648752131409  0.00001736139848754  0.00001849187876165  0.00001963412851586
  0.00002080556814654  0.00002203672110810  0.00002339667663312  0.00002486903570000
  0.00002635855836481  0.00002781393448083  0.00002930907969146  0.00003098074673846
  0.00003273507564325  0.00003454108643482  0.00003653763406081  0.00003872685061828
  0.00004112338826145  0.00004407738298819  0.00004716515468840  0.00005015056003483
  0.00005295609323433  0.00005560995256243  0.00005821958510444  0.00006090908879398
  0.00006377735622883  0.00006660122139527  0.00006931207016999  0.00007204703535787
  0.00007504782971211  0.00007845117044419  0.00008205182311653  0.00008569780922368
  0.00008942958108384  0.00009333398085275  0.00009728836383653  0.00010165227178582
  0.00010608002665493  0.00011077090332883  0.00011594503940356  0.00012221020618464
  0.00012856703961605  0.00013490740689165  0.00014139705328895  0.00014867408164916
  0.00015680673608069  0.00016687954688711  0.00017942997993653  0.00019272461685704
  0.00020591008803857  0.00021977106857756  0.00023486856268347  0.00025177530685071
  0.00027135992401914  0.00029137715199518  0.00031102817093895  0.00033170509604808
  0.00035597668191505  0.00038855523784688  0.00042449564382927  0.00046898705364182
  0.00052295828117048  0.00057715104298278  0.00063132855292337  0.00068607028128351
  0.00076613195665873  0.00085419077655178  0.00094697398825245  0.00105106443845752
  0.00117900814080237  0.00135512629934664  0.00152567082744497  0.00173778141998171
  0.00202646710097122  0.00250032627864124  0.00314944856004176  0.00397152316828500
  0.00522235685606890  0.00786238444291960  0.12959821328255164  1.00000000000000000
 -0.00344276306414589  0.01562943368549523  0.02839465470409694  0.04038563886500991
  0.05170497951501812  0.06416486081848934  0.07769982223979861  0.08917355271564793
  0.09802996904200402  0.10649213558467732  0.11435704019859931  0.12531957912394606
  0.13679346674683979  0.14782262319722100  0.15992087683021605  0.17235314865572515
  0.18424232032361171  0.19437902907511276  0.20414333535332724  0.21483834368931581
  0.22707298176172816  0.23929678539828356  0.24991228868807744  0.25924052822855792
  0.26858357338632011  0.27838708056237477  0.29022103782570635  0.30086791040354532
  0.31063536340590558  0.31836973047769518  0.32550860546396548  0.33390533939044781
  0.34204628677426702  0.35104334822430866  0.36033194679172165  0.37088579986639442
  0.38157306732047697  0.39206271418531796  0.40261967779799274  0.41307392012169047
  0.42439114868073385  0.43661483899069475  0.44725803723502983  0.45693869272535281
  0.46672251919728258  0.47732715865391662  0.48911985643170436  0.50059892052075639
  0.51004201770486413  0.51909510299835215  0.52889167279259475  0.53932837541367373
  0.55000649399562285  0.56088378081720314  0.57222270298643541  0.58322245467826705
  0.59244894401471926  0.60092593942809214  0.60959907691152915  0.61897260410872212
  0.63002123927397513  0.64114294161438568  0.65282194778610314  0.66480150462672127
  0.67737980976563017  0.69008702856627679  0.70151891687241541  0.71281040574249221
  0.72311833741286247  0.73332761473692787  0.74220529130078761  0.75099575783149342
  0.76000322370949058  0.76973411512453593  0.78049592413010660  0.79090954707191485
  0.80057243987877591  0.80944498583564073  0.81853817049857114  0.82732515920809147
  0.83645668958671204  0.84624240450167476  0.85653751905555364  0.86732600506903945
  0.87797187744607408  0.88763155340853639  0.89770985075592047  0.90872996479846591
  0.92147890286462275  0.93299985001233221  0.94274735705373958  0.95202206428403657
  0.96293257933523246  0.97606464615659327  0.98830099836751195  1.00000000000000000
 -0.00318849106709712  0.01312861404030998  0.02579381279808431  0.03712556846755097
  0.04714837769728613  0.05644722129988854  0.06550889276863837  0.07461493851611793
  0.08393851775950094  0.09443544499474704  0.10508429371914010  0.11538079566504356
  0.12462048822813029  0.13372171137526842  0.14362057220509647  0.15478658517600402
  0.16646988458386180  0.17948441484904462  0.19140807357637732  0.20275012440974718
  0.21425298704597101  0.22539342388755007  0.23613437460937545  0.24671236831529944
  0.25759096044215185  0.26888899899261548  0.27923658066311530  0.29027005178106330
  0.30286150400861950  0.31813565680981398  0.33284452858108843  0.34709373345772465
  0.36128082468623290  0.37518045409594586  0.38782034795924286  0.39893309402178673
  0.40925294355809777  0.41719662526852352  0.42614992779931593  0.43480844471744157
  0.44551266176568727  0.45885444700905226  0.47128358315108010  0.48330360966927965
  0.49417256116547975  0.50495583465613736  0.51472260144290694  0.52406035996828115
  0.53368122219642500  0.54318829815150582  0.55229043174996850  0.56121521080543280
  0.57002016092353924  0.57843244383345693  0.58692848796729646  0.59574983134479509
  0.60621721523056993  0.62016536286241186  0.63388804122237374  0.64537732977041540
  0.65539655147315024  0.66458162776146823  0.67363065765814978  0.68381725362130086
  0.69292312485219654  0.70256849739222738  0.71243027749842158  0.72372072664554010
  0.73618385002561681  0.74797362047757820  0.75942840742683848  0.77224519941349690
  0.78450189889352395  0.79654010237127326  0.80692755178971631  0.81590950289280273
  0.82464443723715208  0.83438051525195944  0.84556291467611511  0.85702086174519698
  0.86704203952826064  0.87659753873876267  0.88716779137304425  0.89739307722736261
  0.90694557225172812  0.91626410724155205  0.92587864127898645  0.93611164823525395
  0.94693306273885203  0.95736098588696161  0.96566587652041680  0.97347744012271920
  0.98116083895505135  0.98767141522164237  0.99385936895380345  1.00000000000000000
 -0.00239803256372971  0.00993928198896462  0.01994906626750191  0.02900791853257533
  0.03769489078354978  0.04598900868630567  0.05410127340971177  0.06268196214566252
  0.07097926754119122  0.07894291892983450  0.08677984378921261  0.09472053444974173
  0.10295732699233809  0.11169472327313787  0.12034186838818620  0.12826292119814178
  0.13584001010193417  0.14406031120777701  0.15282691550873401  0.16218286374508739
  0.17071059734150504  0.17878818331829494  0.18712884851350925  0.19655930205797742
  0.20685207301948086  0.21717219434867352  0.22762237530121376  0.23733554938491483
  0.24695584898796361  0.25663332678017836  0.26655350070260819  0.27641316925654275
  0.28570500930617848  0.29491358645962884  0.30340335491827952  0.31181226272666113
  0.32131316157912915  0.33191081630289287  0.34258832372219494  0.35300059606128203
  0.36275635100491521  0.37284902697837152  0.38219004620165986  0.39201642774794454
  0.40262576204488276  0.41530810109126221  0.42843536395992049  0.44193555498719667
  0.45523738772327099  0.46746594968451310  0.47856409947802525  0.48912156421845754
  0.50023729092112401  0.51262063066255337  0.52218968272891997  0.53079195938171275
  0.53973145223171326  0.54962920769237567  0.55980420928578367  0.57177419662886275
  0.58427935023949318  0.59936986726808750  0.61519498744784085  0.63227242879753964
  0.64945461715125774  0.66370522399485943  0.67437511586760546  0.68387708859495455
  0.69357702539331123  0.70487813689810030  0.71590276496800176  0.72654618568266993
  0.73763953724413989  0.75001425047928538  0.76238524109812655  0.77317773778044407
  0.78365148856801137  0.79504322419470008  0.80977446566009625  0.82378737475678587
  0.83712665694996868  0.85038772060345769  0.86273377637173221  0.87310349657817998
  0.88367554605103249  0.89542201531164312  0.90668549767903250  0.91674712834721206
  0.92583670403164053  0.93562090081890659  0.94451214806736139  0.95158795414253872
  0.96032279164133061  0.97115669314008379  0.98357392742861127  1.00000000000000000
 -0.00340560251598069  0.01073171146221388  0.02337262628624237  0.03611905281226493
  0.04855713143866167  0.05942135044682157  0.07005461196144810  0.08054500870832150
  0.09106638666504135  0.10060516978420479  0.10899742589938791  0.11731898640641847
  0.12478018978383600  0.13244814263666524  0.14095690564032309  0.15084288660527820
  0.16157024155275343  0.17248462862260808  0.18433300162990296  0.19683637885234298
  0.20790194989860739  0.21823115635333529  0.22859133853935798  0.23969247524844797
  0.25026189424120204  0.26126657906242839  0.27192000465799110  0.28057271453955107
  0.28859012154607167  0.29643149655126805  0.30427963801180224  0.31498677394406394
  0.32590534701282292  0.33607346201179189  0.34456493388146597  0.35326662744956039
  0.36251217729770657  0.37187774986944744  0.38193829829659537  0.39024994430588172
  0.39794335566217165  0.40510024792884958  0.41358352978331087  0.42397053189905726
  0.43386378462993913  0.44350610404740398  0.45356714334645121  0.46478449188589449
  0.47694701734896194  0.48900536445062681  0.50126675179431113  0.51393969286911478
  0.52685074399608800  0.53906988956028246  0.55040477704765056  0.56214605008068697
  0.57487121010258291  0.58772014908503445  0.59970936608827941  0.61058652286125947
  0.62084591666326960  0.63147008238662838  0.64283629376423257  0.65564757234963023
  0.67027868549539060  0.68483276847722374  0.69830907497970962  0.71082591745332380
  0.72288438294484014  0.73468073777854204  0.74660951650201479  0.75762034660504352
  0.76898240306387233  0.77983020095709177  0.79004326272114000  0.79976932379790899
  0.80979215470687804  0.82056291207913423  0.83145205229451880  0.84198066003594940
  0.85245362166873540  0.86313413483900048  0.87326733389616340  0.88218096078646058
  0.89089217549709643  0.89985956506142517  0.90937136697815923  0.91873423748882099
  0.92812905011690938  0.93768376962653532  0.94717773835357899  0.95689495773741828
  0.96679529947002485  0.97757301589095624  0.98861878938624559  1.00000000000000000
 -0.00153063159625687  0.00818668268578314  0.01801503933454014  0.03014179807903049
  0.04593157000920819  0.06043307249117949  0.07224944925974658  0.08404388795602388
  0.09839358035028879  0.11452955719990929  0.12931928235365606  0.14398783700564982
  0.15735625735669814  0.17035339604592362  0.18197322091301979  0.19173175876720525
  0.20093934630043522  0.21081726777578530  0.22283540343501551  0.23551582979951391
  0.24837474424798031  0.26012690924942183  0.27192458057573343  0.28284396125528904
  0.29603341299061692  0.30837486207588771  0.32013994250101285  0.33171328119899873
  0.34309634842531928  0.35459741682902057  0.36609945505929020  0.37791012928125534
  0.38900511349536637  0.40092982345521355  0.41220751031114933  0.42315114034501911
  0.43341695983912354  0.44514920235489824  0.45514946160446018  0.46467571648971878
  0.47426739907218390  0.48430749595847550  0.49473331809288040  0.50545517698203990
  0.51675756814899665  0.52910607606647064  0.53906275190104491  0.54617973802017505
  0.55283076023554789  0.56005607724181661  0.57002767762344386  0.57962858962495711
  0.58920910138409588  0.59886875604729106  0.60989351222453958  0.62293287383979801
  0.63336406662029998  0.64273631550150567  0.65246286295800560  0.66309940234599363
  0.67460080528499555  0.68480973451442861  0.69402764155348773  0.70260324101737071
  0.71139949085880616  0.72084000254783998  0.73035395069455167  0.74003754456163295
  0.74942532603314915  0.75839639084678756  0.76759926704211723  0.77686415443654711
  0.78651209661775157  0.79611662302622399  0.80521201297485179  0.81404882826035863
  0.82306664914212413  0.83259777369547727  0.84188261021406263  0.85117128458286051
  0.86035301558500821  0.86866430558730712  0.87646722516733000  0.88434151704694697
  0.89211780389134887  0.90056682336329785  0.90870526647921235  0.91637422319510220
  0.92482378257830256  0.93391402426725423  0.94372244328814325  0.95487673871587475
  0.96603551133298449  0.97702040747555308  0.98850433040046060  1.00000000000000000
 -0.00180739382218290  0.00872057303486099  0.01914118274321287  0.03131121538566613
  0.04449990690670770  0.05695421953034316  0.06821353849199399  0.08041964827958509
  0.09200905143928532  0.10427327100903536  0.11544988864461111  0.12577079539189123
  0.13570396548060187  0.14578702813908140  0.15521446952510851  0.16423891509739119
  0.17263463730859288  0.18031859442256395  0.18828310653010283  0.19562497030713472
  0.20259666716758865  0.20890879201929041  0.21546956732532616  0.22207287692765271
  0.22996038226379761  0.24014338638776908  0.24998354068210568  0.25987145736988349
  0.26926036827849703  0.27856763295446058  0.28802052457311506  0.29692001637668131
  0.30520302334756494  0.31464716757561273  0.32426105645039993  0.33436486431937812
  0.34374275313923680  0.35275873513049333  0.36191093270034508  0.37161952445939356
  0.38248255251860092  0.39470675869683813  0.40926825171331960  0.42297732728996829
  0.43595598175949418  0.44889277582976972  0.46278193961776259  0.47541706185947635
  0.48950289998126761  0.50277250311639998  0.51406012822586034  0.52474020190193649
  0.53533421929695602  0.54610923461259053  0.55654467102269622  0.56741959492163552
  0.57781973333622483  0.58786515911372894  0.59732284531171664  0.60705575881271079
  0.61730267582023957  0.62737090814093366  0.63667326338887309  0.64540466572759803
  0.65385159225177980  0.66411333408568152  0.67519473788979290  0.68540533839478202
  0.69496393045679972  0.70426253992858578  0.71395975729567840  0.72570819426130884
  0.73767798631904480  0.75130190816795184  0.76352352243906418  0.77605396662802562
  0.78560261432627632  0.79461740598811892  0.80370935814657862  0.81429509378362042
  0.82697498138458148  0.84100238639253355  0.85412311067077740  0.86730823900285126
  0.87989987318883034  0.89124179203812282  0.90152984816359916  0.91075009072322033
  0.91947120497318091  0.92929551422087264  0.94016537748487317  0.95206162965529373
  0.96494379462719604  0.97690480044934636  0.98887683242625768  1.00000000000000000
 -0.00347856728295951  0.01333871146753775  0.02567722903263508  0.03762491344845671
  0.05060634647930000  0.06405414935023417  0.07584666351159718  0.08633874224543618
  0.09547731309356704  0.10432602269648630  0.11396882757343231  0.12364473174864042
  0.13510699311824295  0.14727440911870518  0.15974044374516327  0.17108263688632894
  0.18307495228141302  0.19692873274189210  0.21173896681591972  0.22467477132021196
  0.23752428679275114  0.25017895318884203  0.26324069448950926  0.27457500285819547
  0.28636286601517297  0.29762982796873055  0.30975405843803011  0.32265940466210430
  0.33508841082482704  0.34710900317843324  0.36129033473411210  0.37685789456603314
  0.39117063532867968  0.40353390211139306  0.41468057094095323  0.42626384275077062
  0.43861209093052572  0.45052177834016416  0.46143333293424854  0.47176978248286677
  0.48214670637411644  0.49676228496136476  0.51214340665394031  0.52774058390104905
  0.54234141486849363  0.55502355383755875  0.56716244303705321  0.57972427158844297
  0.59225000430115060  0.60461200743746779  0.61744309066804326  0.63213342036639397
  0.64693278178844615  0.66170208730648716  0.67629539118932602  0.68951002345470724
  0.69942283645978676  0.70837901997280905  0.71687314227400967  0.72694966270038530
  0.73723966669562802  0.74823109065249360  0.75953660978199711  0.77051941943674074
  0.78076030787940065  0.79077845055661344  0.80072555410378743  0.81056421475333096
  0.82014924521033450  0.82940230953062510  0.83768847736216900  0.84487554703402645
  0.85312718031422674  0.86123378151269070  0.86790331439641788  0.87375200678334686
  0.87977125220241204  0.88655886261885042  0.89415554057550595  0.90368079579935456
  0.91358405745402071  0.92300619300328735  0.93012177090304082  0.93738110486722670
  0.94429785305332326  0.95049363089163086  0.95613588814674899  0.96148327485007035
  0.96596485531483711  0.96999286259442830  0.97418016496583182  0.97854322028310015
  0.98322170907850337  0.98830710136152888  0.99381080550239875  1.00000000000000000
 -0.00239254894201692  0.01030369751024627  0.02030963473912818  0.03116983798453002
  0.04176577311017440  0.05217019541632023  0.06197919317824311  0.07241181774491535
  0.08295719384235424  0.09370668614226928  0.10362616536457275  0.11402774749693098
  0.12592447586620431  0.13761564147371302  0.14986378042152823  0.16280491424054355
  0.17503309776826489  0.18686941687751438  0.19939508065110584  0.21100775750946893
  0.22147253827152946  0.23154959467718322  0.24134535838771581  0.25075402574628686
  0.25974542913592641  0.26846096708285766  0.27710635567782749  0.28747339736009997
  0.29988344017991553  0.31487895495884327  0.32915991350511264  0.34015827242530666
  0.34818174315155836  0.35560881368437425  0.36320718557598897  0.37139228304162525
  0.38217148524906391  0.39287445206293264  0.40422082015640876  0.41572608351505985
  0.42656153943012226  0.43694641273309631  0.44733332029776307  0.45720674160620156
  0.46737772047099335  0.47882362339317791  0.49180446901820107  0.50514015207324592
  0.52060685312506083  0.53181935340943554  0.54512900288479882  0.55781859531428968
  0.57021067833742700  0.58234291429735907  0.59516449218129241  0.60803335383810531
  0.61973406482247884  0.63016447729345648  0.63967829725323599  0.64726747968824694
  0.65301794788922052  0.65907003981178247  0.66651521995292085  0.67438399362914192
  0.68318793144780843  0.69328082580023986  0.70319337572674789  0.71442861951419323
  0.72655911161440456  0.73847188065472824  0.74958161930028333  0.75879205159878316
  0.76720334853483285  0.77557304649567305  0.78448109619156969  0.79399660441154130
  0.80292533456612525  0.81230764162322233  0.82282276194080683  0.83395678255026162
  0.84465341441978503  0.85494759537900666  0.86421925215118800  0.87371525952504425
  0.88316122082212967  0.89304945118732215  0.90400877137007085  0.91456669508726773
  0.92429303944760921  0.93358495468525926  0.94381383525941642  0.95397890378038908
  0.96379416357068304  0.97415933825412837  0.98620753627382329  1.00000000000000000
 -0.00229904665783504  0.01284242812407812  0.02557849733303888  0.03835420745895171
  0.04973887105051809  0.06027923813424615  0.07069689497729607  0.08213388718459122
  0.09436951600120039  0.10779116296643498  0.11879142797246112  0.12923084018305395
  0.13960135242307919  0.15013100615730121  0.16227272113229610  0.17477113151206891
  0.18590390183326733  0.19574080431657429  0.20581640493575454  0.21709737556584466
  0.22970543332295315  0.24002854622904604  0.25046971504439935  0.25966231288019964
  0.27012276421227027  0.28066842443743190  0.29131936412550935  0.30139634098207352
  0.31116324722738531  0.32084250512187151  0.33061008746659665  0.34013848146903880
  0.34968732254403617  0.35965836405770168  0.37097181967688986  0.38248243407648586
  0.39297484081592560  0.40347207437814980  0.41264715937560786  0.42059881217414546
  0.42773737206697826  0.43545377031593613  0.44427881096660632  0.45276137643070624
  0.46148288259487846  0.46940735306569237  0.47710911140221263  0.48610669047776950
  0.49674420295660576  0.50846279267111139  0.52002870810043067  0.53060357733424723
  0.54045997899765663  0.55001356805790791  0.55978262755227115  0.56954199361351832
  0.57908134194605654  0.58865818853307794  0.59886455928269433  0.60995803996466125
  0.62200783228728729  0.63530852757897660  0.64764118305113794  0.65745643921801500
  0.66662475199820814  0.67671121612793650  0.68773092459976537  0.69865272920800214
  0.70973856985549788  0.72056084899623496  0.73120486240499771  0.74163172034247682
  0.75153708110271644  0.76103921817376463  0.77170229869687468  0.78315553499279844
  0.79513936665711349  0.80721847061875585  0.81976692941168716  0.83236740568469392
  0.84455854649272100  0.85484435244165935  0.86303626469632111  0.87149554850186006
  0.87986709871573998  0.89021348119005650  0.90106320856756195  0.91124156166671788
  0.92138023813311642  0.93135985453275971  0.94236571000925118  0.95396196978189407
  0.96630207065165463  0.97790561079100635  0.98933580228265727  1.00000000000000000
  0.60709693735667936  0.62731294650312142  0.65001087813940106  0.66398979192317709
  0.67319877881838042  0.68268622893420150  0.69347602187823842  0.70344111437386880
  0.71149579246662520  0.71869459989908879  0.72696188461839562  0.73736340012223234
  0.74449019773874581  0.74957083273512626  0.75439801022619901  0.76035501197074484
  0.76842670766923504  0.77612369785972024  0.78338776566244328  0.78925805976748997
  0.79461690428715082  0.79992283794326646  0.80558324515592994  0.81112952153068663
  0.81609577499186325  0.82055510509590945  0.82562849958779261  0.83053030947734541
  0.83514969485165269  0.83952910838569383  0.84371714437587431  0.84794426550741453
  0.85195536061860966  0.85583775778131399  0.85953073924198586  0.86312497866680449
  0.86632259246549592  0.86985658441102220  0.87315299106047894  0.87682469641345051
  0.88017783228645174  0.88325394124201184  0.88623948324990054  0.88922615842665809
  0.89196445503190891  0.89479769829706424  0.89741852400170896  0.89972506355158466
  0.90196115075535965  0.90417229537337318  0.90647961859987281  0.90902452376333642
  0.91170745461734992  0.91439997338483192  0.91720347365632138  0.91960703610046646
  0.92179724414566289  0.92403788759530925  0.92642579673224734  0.92872491956966829
  0.93086641677457815  0.93293583834974014  0.93499962319615504  0.93708689659567801
  0.93934947477442943  0.94158576923832626  0.94386018997304344  0.94593201803816040
  0.94783516397128509  0.94968528193442281  0.95150267766407437  0.95348768342896406
  0.95563871358680763  0.95768649071150491  0.95969603677396886  0.96170172983337754
  0.96368825594760432  0.96565560504233428  0.96756510908776205  0.96937617253941077
  0.97120967938927216  0.97309975106695723  0.97504902430321627  0.97693937431265720
  0.97886136563687576  0.98063422738272421  0.98245048058089268  0.98417064764331841
  0.98581428111561886  0.98756235287344130  0.98927238468058365  0.99113748632731635
  0.99299594079186115  0.99494341310704115  0.99701628299115019  1.00000000000000000
  0.01531882476466263  0.09456653137700916  0.10701427455558653  0.11663798580713039
  0.12470306086398238  0.13341715582488661  0.14330601804032092  0.15145980009827781
  0.15786908109023193  0.16631140679442816  0.17494085095263529  0.18350735477101057
  0.18912478616188713  0.19418228466396151  0.19945283786206378  0.20489198399148445
  0.21002745736040854  0.21455848756998674  0.21871244135869691  0.22302595979094270
  0.22741845055273460  0.23279678059985889  0.23838925507122757  0.24412735214589015
  0.25006462908957977  0.25619952296760873  0.26286366195606631  0.26982944067342163
  0.27690270985474846  0.28366172983458415  0.29053990393095186  0.29686093195532759
  0.30306346587730737  0.30900286889465040  0.31478599053485934  0.32076524222452757
  0.32700572417163326  0.33349092085100085  0.34006063591782104  0.34585895742583644
  0.35127404604105078  0.35608661423335153  0.36048389083886023  0.36492531647957754
  0.36955302767447101  0.37471517304130170  0.38049417061687191  0.38593627546358611
  0.39127622207312057  0.39701195823242341  0.40296078478135072  0.40852444655252790
  0.41381570628418302  0.41964433620381292  0.42682044230649124  0.43447354776329511
  0.44174574026229457  0.44827787737413854  0.45426178064617878  0.46035426893163167
  0.46580855796488241  0.47140064051621727  0.47740295994376930  0.48388067461947559
  0.49085455452233900  0.49715341937563445  0.50372077863813569  0.50979748810860137
  0.51575465110155860  0.52215321634331180  0.52854829201693831  0.53536652079363312
  0.54295655034571333  0.55076319509437244  0.55867516240478587  0.56690701930799758
  0.57530177713017105  0.58401092091631945  0.59352216589042728  0.60377374006535389
  0.61464137193802981  0.62589597939698238  0.63734860453328823  0.64857780895038530
  0.65961928401857950  0.67209041125469937  0.68444579440767750  0.69618016123807458
  0.70942973771401352  0.72726416645361025  0.74702596001702593  0.76607580369413308
  0.78694279336651296  0.81322240111377053  0.86126675925969953  1.00000000000000000
   8.2040243476739753E-009  -1.0000000000000000     
 F F F F F F F F F F F F F F F F F F F F F F F F F F F F F F F F F F F F F F F F F F F F F F F F F F F F F F F F F F F F F F F F F F F F F F F F F F F F F F F F F F F F F F F F F F F F F F F F F F F F F F F F F F F F F F F F F F F F F F F F F F F F F F F F F F F F F F F F F F F F F F F F F F F F F F F F F F F F F F F F F F F F F F F F F F F F F F F F F F F F F F F F F F F F F F F F F F F F F F F F F F F F F F F F F F F F F F F F F F F F F F F F F F F F F F F F F F F F F F F F F F F F F F F F F F F F F F F F F F F F F F F F F F F F F F F F F F F F F F F F F F F F F F F F F F F F F F F F F F F F F F F F F F F F F F F F F F F F F F F F F F F F F F F F F F F F F F F F F F F F F F F F F F F F F F F F F F F F F F F F F F F F F F F F F F F F F F F F F F F F F F F F F F F F F F F F F F F F F F F F F F F F F F F F F F F F F F F F F F F F F F F F F F F F F F F F F F F F F F F F F F F F F F F F F F F F F F F F F F F F F F F F F F F F F F F F F F F F F F F F F F F F F F F F F F F F F F F F F F F F F F F F F F F F F F F F
  <DiscreteSampler_grid>
  grouped_processes
  1 # 1 for a reference and 2 for a running grid.
  10 # Attribute 'min_bin_probing_points' of the grid.
  1 # Attribute 'grid_mode' of the grid. 1=='default',2=='initialization'
  0.0000000000000000 # Attribute 'small_contrib_threshold' of the grid.
  0.5000000000000000 # Attribute 'damping_power' of the grid.
 # binID   n_entries weight   weight_sqr   abs_weight
    19   10   5.295479205500847E-006   1.367415609423208E-010   5.295479205500847E-006
    20   10   5.295479205500847E-006   1.367415609423208E-010   5.295479205500847E-006
    22   10   5.295479205500847E-006   1.367415609423208E-010   5.295479205500847E-006
    23   10   5.295479205500847E-006   1.367415609423208E-010   5.295479205500847E-006
    25   10   3.350320749849522E-006   5.959321491935859E-011   3.350320749849522E-006
    26   10   3.350320749849520E-006   5.959321491935855E-011   3.350320749849520E-006
    28   10   3.350320749849522E-006   5.959321491935859E-011   3.350320749849522E-006
    29   10   3.350320749849520E-006   5.959321491935855E-011   3.350320749849520E-006
  </DiscreteSampler_grid>
