  0.00290306555350909  0.01428404859832244  0.02528558920561316  0.03560212379031307
  0.04567692681114200  0.05641621793453609  0.06666550624223620  0.07692225258693865
  0.08766965455744483  0.09952471563258375  0.11210119279322771  0.12449483616428145
  0.13665219321371597  0.14901855216875398  0.16117302405735562  0.17250036756585058
  0.18311237390195065  0.19368342028442609  0.20403542463644039  0.21398830904912899
  0.22393469670088614  0.23419160943071396  0.24517552337021323  0.25609826704995914
  0.26680832404186910  0.27690695439595348  0.28769086940802868  0.29834022470393590
  0.30926504965788648  0.31992075098871714  0.33012737545798210  0.33985134944260809
  0.34974293832035208  0.36041265182662835  0.37158582851343419  0.38232423562217455
  0.39237820114150174  0.40220848891138250  0.41235198306950188  0.42337790918102347
  0.43462987513808576  0.44622689256033565  0.45822028115922403  0.47104605187532095
  0.48330229190311086  0.49445389245064242  0.50473878605680778  0.51462499803904793
  0.52512734448635945  0.53637003951184936  0.54821622330387765  0.55931102513549358
  0.56975621265385312  0.57748286391919834  0.58476706695607694  0.59184251188436898
  0.59940144987067945  0.60896023136542654  0.61841764262586230  0.62815834593406883
  0.63838146063963030  0.64882763214009331  0.65990314741654565  0.67162427678045322
  0.68404912376272109  0.69638906206808471  0.70832088846780650  0.71978310177694516
  0.73215672272421195  0.74332587376715009  0.75335129754734176  0.76297984844827194
  0.77298236371986884  0.78273972327995545  0.79163290234006511  0.80000280014811320
  0.80859548212120047  0.81836946744968109  0.82989966469984089  0.84232812011455294
  0.85465230123804525  0.86574710774996022  0.87547562535754342  0.88463987821394041
  0.89382009992809741  0.90307054599664471  0.91315822596415752  0.92245893691847203
  0.93142809155933659  0.94011997023885197  0.94863066414461483  0.95862212761486498
  0.96920819749052334  0.97860292143235905  0.98931196033133029  1.00000000000000000
  0.00312134764484965  0.01485209433113683  0.02739248722497649  0.03987915631179689
  0.05175249814388509  0.06321723134682336  0.07367389184755196  0.08407240078795945
  0.09530312396252225  0.10824000890375551  0.12233208225099948  0.13574216189948207
  0.14835395497432097  0.16048626778193442  0.17148288552211166  0.18142286065618160
  0.19128937899007858  0.20145584610663367  0.21228719453565001  0.22344799328810266
  0.23425477462783512  0.24387964701621662  0.25264019768591295  0.26145929095226578
  0.27050924153974198  0.28024820526831906  0.29116806767265802  0.30354058400010386
  0.31583218790219397  0.32706064224376152  0.33846434403349612  0.34945079445394817
  0.36037300213533380  0.37143961041894819  0.38272036776692586  0.39406228079186506
  0.40501571554690313  0.41607289021728272  0.42749837176091193  0.43896353537537303
  0.45106822101477956  0.46319854209957134  0.47507015111779261  0.48529484152525981
  0.49414751727871981  0.50250039807765801  0.51160346369862142  0.52218702587850585
  0.53231704067996299  0.54172566814758705  0.55244314781873494  0.56385137925844908
  0.57496128009323999  0.58540467928917717  0.59466809897134310  0.60413692442552291
  0.61372466239320078  0.62378336560430603  0.63433354659093544  0.64362934760116419
  0.65265776987173241  0.66182325743307879  0.67117103348244578  0.68284315201513301
  0.69392596675246054  0.70526560919345704  0.71578194854434141  0.72650924229396097
  0.73661544008280211  0.74658174461743954  0.75602840042855157  0.76604712450161394
  0.77664291975822497  0.78887157089966131  0.80048964313985649  0.81128329100928309
  0.82249580592016214  0.83397744930852802  0.84533818554841744  0.85624892144101794
  0.86618436493211914  0.87640952798376504  0.88622783916045811  0.89594709349284785
  0.90566931507847082  0.91645909598376296  0.92704420166377044  0.93726068292394782
  0.94620199998884347  0.95462770916314044  0.96272414489675107  0.96997526913683951
  0.97764341092125528  0.98491804234671188  0.99264849148670586  1.00000000000000000
  0.00000377852434248  0.00000391003567709  0.00000407861574837  0.00000424275870746
  0.00000442668482620  0.00000464358676854  0.00000495287629995  0.00000531579875744
  0.00000567310806290  0.00000604300952728  0.00000641108223823  0.00000685251948929
  0.00000730369234479  0.00000782355614954  0.00000836242803308  0.00000890133427357
  0.00000945718274928  0.00001003832414487  0.00001063387077530  0.00001129293200740
  0.00001196154919538  0.00001263959794201  0.00001334535514340  0.00001405673810741
  0.00001481376805831  0.00001565118774526  0.00001650332654209  0.00001748344235008
  0.00001845947397714  0.00001935885948134  0.00002025894916565  0.00002117853833268
  0.00002214431573298  0.00002328016731405  0.00002463988704955  0.00002605389255923
  0.00002774539707685  0.00002954634276968  0.00003139057519357  0.00003327231753319
  0.00003519577775047  0.00003719901233306  0.00003949121823552  0.00004197818550423
  0.00004462047444159  0.00004739047248065  0.00005046468072334  0.00005385679434969
  0.00005742008529732  0.00006113049790641  0.00006521963278321  0.00006985625702922
  0.00007521485740963  0.00008124178443556  0.00008792502769061  0.00009507826139523
  0.00010303984002027  0.00011219314480880  0.00012195989914923  0.00013232409818690
  0.00014360167688274  0.00015579759693509  0.00016960064261732  0.00018611344661257
  0.00020494848495798  0.00022672333390081  0.00025226465970038  0.00028374813965340
  0.00031779685332224  0.00035096455032280  0.00038548370530401  0.00042332418317173
  0.00046992143677423  0.00051681503010646  0.00056485864577728  0.00061968896015047
  0.00068866431705095  0.00076072091652389  0.00083761362792297  0.00093554397820757
  0.00108400136967925  0.00123098323707672  0.00139749986081069  0.00158424369184062
  0.00178026883542944  0.00200232908642413  0.00225483488137826  0.00249898523289423
  0.00276931032564503  0.00311728628239373  0.00366202305727456  0.00416516072778108
  0.00474022177114375  0.00571198514303118  0.02841114400732398  1.00000000000000000
  0.00000311887721637  0.00000359098044426  0.00000395286129857  0.00000434135714799
  0.00000477849433487  0.00000530598454428  0.00000600804579580  0.00000663853902267
  0.00000735487902243  0.00000817813652433  0.00000909253049583  0.00001006998967756
  0.00001105227368456  0.00001210585656620  0.00001332891600409  0.00001460775400767
  0.00001584736945998  0.00001712397414737  0.00001848609831593  0.00001992723841163
  0.00002139414682959  0.00002301839048994  0.00002482081939225  0.00002687354542635
  0.00002909770613190  0.00003176051468308  0.00003498765114199  0.00003880314861559
  0.00004315283118953  0.00004810614623497  0.00005404854362484  0.00006092076681518
  0.00006871476466037  0.00007678521290972  0.00008483238459156  0.00009323620525419
  0.00010239505244471  0.00011231035676932  0.00012219343269041  0.00013197677280736
  0.00014215684707398  0.00015308724799724  0.00016462598839084  0.00017601664316058
  0.00018823689042710  0.00020152967918406  0.00021615980567529  0.00023231915404773
  0.00024994860426866  0.00026913981100174  0.00028815432952753  0.00030730395699215
  0.00032694989283033  0.00034648291446339  0.00036538976415388  0.00038401847184736
  0.00040333905568578  0.00042322342834950  0.00044362524347093  0.00046577167434366
  0.00048729596038040  0.00050869798110409  0.00053115737584908  0.00055671202147215
  0.00058931129137196  0.00062552204214790  0.00066240322740610  0.00069679345897779
  0.00072579962737421  0.00075948665854922  0.00079459744949769  0.00083066066277413
  0.00087671206970803  0.00092705613201826  0.00098313045037846  0.00104796793331380
  0.00111790089608120  0.00118948872934176  0.00126888562675701  0.00138376723960877
  0.00153059378808022  0.00167270610609623  0.00178820913805372  0.00191275529197952
  0.00208309826121738  0.00231625865890409  0.00258088486929614  0.00289821790288721
  0.00333354775444440  0.00364882835227586  0.00393575945968940  0.00421345597505239
  0.00444790133004597  0.00471131541279550  0.03346594602881640  1.00000000000000000
 -0.00140491728772432  0.00469917941707427  0.01048600334795141  0.01630545833988193
  0.02223221344445150  0.02819595506041495  0.03417403428079078  0.04008470617944838
  0.04587878732235647  0.05191512870109045  0.05833004881698935  0.06509722811211338
  0.07161776985333129  0.07797264491523605  0.08477321149938773  0.09190660567153285
  0.09900210955350748  0.10589467132229310  0.11249866316404890  0.11885131603311239
  0.12497069020818334  0.13088411827046142  0.13687854471127084  0.14303623045387509
  0.14917123529788492  0.15521669767632001  0.16135815901322687  0.16777750534786082
  0.17493795860815217  0.18263165639285692  0.19043394532813221  0.19832989752706154
  0.20626956125676726  0.21447800806295761  0.22214998117706403  0.22997465722778329
  0.23733532664164486  0.24548565019197810  0.25346831315673901  0.26202548816841831
  0.27064725249904992  0.27918915444254033  0.28814470375370110  0.29716142355964004
  0.30586808627619566  0.31403131733047052  0.32168719542112101  0.32936206214767927
  0.33788114957721560  0.34760378246787149  0.35851348353669094  0.36887206169313380
  0.37775198451880615  0.38649514553303232  0.39446512660532318  0.40210860357516914
  0.41061352253155109  0.42032404780459254  0.43008089891457746  0.44001010372734528
  0.44920168791223386  0.45860241653881645  0.46869601119628757  0.47937338716535760
  0.48995581765337826  0.50085680072414418  0.51172481913315104  0.52281189387933236
  0.53350829229007990  0.54519482681533193  0.55801921301400348  0.56964309198485141
  0.58062091148152639  0.59203839195215313  0.60452460979331091  0.61791173313473013
  0.63270640479932139  0.64744289791669218  0.66040061736061806  0.67272442914937813
  0.68613497433271275  0.70143660363648186  0.71560996718922343  0.73030880378509244
  0.74739789422702252  0.76754147123849814  0.78924556575653015  0.81094332793296631
  0.83184011948642000  0.85268621941035105  0.87236184356949553  0.89194220940169000
  0.91236726394851031  0.93769047997668054  0.96845713225698227  1.00000000000000000
 -0.00273140126493540  0.00948087000758076  0.02028314595609495  0.03140842095244375
  0.04204462328824016  0.05197668925453118  0.06157072638271307  0.07150279221625402
  0.08240788250075176  0.09373924082483989  0.10509931148911829  0.11631903907585682
  0.12774909027876624  0.13931499900231520  0.15039858413383353  0.16107660497594189
  0.17140407369968660  0.18131433021366186  0.19160967435535214  0.20262396694773419
  0.21399211048314898  0.22576861105283927  0.23732597672066280  0.24825721715679971
  0.25872210264436735  0.26931826043222529  0.28014944695301230  0.29078363234199334
  0.30093716837630191  0.31093409784776904  0.32112736225681360  0.33200958263094515
  0.34309615341603333  0.35430604531067311  0.36559558264706332  0.37638183915777046
  0.38637964776700046  0.39630114596057070  0.40670832101858273  0.41748104601040470
  0.42784792784340014  0.43790729605301060  0.44810688882552868  0.45875723851904304
  0.47046859491695503  0.48242391408959573  0.49279254024650865  0.50256797906773543
  0.51176703325650119  0.52121780993433620  0.53098029529910418  0.54065915280776067
  0.55089524832868397  0.56151423747943996  0.57124615807439005  0.58164219897902525
  0.59232305199097646  0.60394323804871020  0.61534967059877987  0.62742866373484585
  0.63995966888060163  0.65066342680174039  0.66074398555700997  0.67054200740154157
  0.68118076704019803  0.69246704303060080  0.70394997377857838  0.71410025391506982
  0.72317084230203699  0.73184961131371984  0.73984921044061347  0.74823299970694657
  0.75766176943237795  0.76837157037160986  0.78019469989549850  0.79306860383393118
  0.80553182954838765  0.81734488275996475  0.82844409835321964  0.83880419151458430
  0.84901230193782373  0.85942932965921059  0.86817046725700808  0.87735438711438019
  0.88680904819265349  0.89830219473470529  0.91038851704801704  0.92220878211960211
  0.93294464252119014  0.94271502295625709  0.95227661878164305  0.96271922482095107
  0.97355518384797468  0.98380546971772009  0.99223372283318267  1.00000000000000000
 -0.00253715744285848  0.00922058942493220  0.01931011246678862  0.02998697021304996
  0.03990992781135538  0.05019034023764447  0.06028509197519204  0.07086191183071343
  0.08266999880961898  0.09598780096307528  0.10924795166686031  0.12108150283694058
  0.13229715832938793  0.14360612726086661  0.15500040211865607  0.16602363640397927
  0.17718988497218074  0.18862540459812766  0.20089006186031644  0.21320731502599555
  0.22545592130976419  0.23724942439802296  0.24835697343371121  0.25970844999253151
  0.27157961449269657  0.28339650171074626  0.29398364016064932  0.30405289461317586
  0.31423123309443701  0.32511239767053696  0.33594171531046463  0.34443452274572428
  0.35363605184121055  0.36236684540604636  0.37223684842132593  0.38359604564632388
  0.39456531597310501  0.40508145064020790  0.41568460016912734  0.42790131650696667
  0.43892307299727418  0.45115049722792583  0.46265130941281124  0.47408226301746070
  0.48536916647063844  0.49711602816384987  0.50979509639504894  0.52256301061730592
  0.53475274849835508  0.54638223910470562  0.55818925922221885  0.56963710950364288
  0.58088322760654865  0.59236287626504580  0.60441423446707554  0.61703532118653370
  0.62920965237494020  0.64103083207062239  0.65213431690378487  0.66267764925436679
  0.67360168390735187  0.68468447517497089  0.69520126087498024  0.70558908177620316
  0.71569232665728044  0.72623692214009850  0.73555922402931118  0.74485485929087891
  0.75435378157523314  0.76348614927036729  0.77245501006934170  0.78105603442170046
  0.79040998391640560  0.80029556739962981  0.81006198517793826  0.81941577679071365
  0.82884723435253271  0.83875983902953455  0.84801672870496458  0.85691821424379455
  0.86564044867234791  0.87427481889813852  0.88329914014546596  0.89241410680040367
  0.90253263759299696  0.91324743424415988  0.92164904429987859  0.92964103178318658
  0.93724849602116178  0.94518311642640407  0.95452279448391530  0.96430183534451586
  0.97376351591479093  0.98234200900842117  0.99097661098417977  1.00000000000000000
 -0.00238186734945310  0.01101161229268079  0.02057910708095814  0.02927233170259982
  0.03726901317324108  0.04610033225386399  0.05565838906344726  0.06577143360759162
  0.07567248965254914  0.08573318586604621  0.09707327298814851  0.10861515932658289
  0.11975544851212418  0.13091225967259562  0.14171290282369026  0.15167045944487553
  0.16047382497098650  0.16870957052059302  0.17665182050907932  0.18490265429785394
  0.19416381335102020  0.20374061944918490  0.21417538053984761  0.22471977817906308
  0.23507876326322824  0.24505910049446267  0.25556371087531077  0.26604539778021019
  0.27620842029398984  0.28612900059885721  0.29681142834817159  0.30872038462215406
  0.32102032636627703  0.33238963955797524  0.34296082964155178  0.35312072131583083
  0.36326862025209433  0.37355202149258621  0.38388780610484763  0.39341249826052044
  0.40212797850601129  0.41109997416090804  0.41983706817814886  0.43067920474217980
  0.44133708219415096  0.45165070951618425  0.46202398227889085  0.47325484684448588
  0.48521717163549682  0.49872609139874757  0.51159974469482361  0.52435042416186151
  0.53613914184138090  0.54833031712617386  0.56048648307817506  0.57255210258558609
  0.58270305236000774  0.59201546564817176  0.60157103229964404  0.61029950250358622
  0.62071418522100985  0.63059378399300703  0.64111290871762816  0.65163973594868985
  0.66213493110015365  0.67270612987728384  0.68404923834633380  0.69579225137768308
  0.70780146698252699  0.71976975133938514  0.73131484534842361  0.74267612135249417
  0.75411680482990850  0.76572330361005514  0.77713596836173904  0.78814223977324072
  0.79916571068807329  0.81019774067416905  0.82109439468417555  0.83172566600869513
  0.84218809127984751  0.85236755642707207  0.86235004664485482  0.87239130463182735
  0.88307868959973768  0.89433587425210959  0.90597283495756120  0.91724264130405730
  0.92811622870078625  0.93878825284895329  0.94933770993423250  0.96013556496517849
  0.97111680089008001  0.98087438579104946  0.99046812786183303  1.00000000000000000
 -0.00228880073944739  0.00845017381837765  0.01904144458946192  0.03024912345625346
  0.04231331895404219  0.05461630679322120  0.06586058617444042  0.07633570188198123
  0.08656937246907920  0.09668584827214866  0.10727155593449039  0.11797033618579882
  0.12862202608633430  0.13961275077582222  0.15079838825828515  0.16089275373611861
  0.16996740406276004  0.17884693079501529  0.18881910212241537  0.20011119815382841
  0.21104838251709548  0.22102847743446691  0.23067627231228319  0.24064087804175904
  0.25093199813512213  0.26135352381579630  0.27163796322808248  0.28160494026038257
  0.29098883772370543  0.29939533164647636  0.30719088384660498  0.31476467794970553
  0.32237437489282023  0.33146871768605124  0.34229104182953130  0.35366156767228640
  0.36514933155421092  0.37618432333357127  0.38752194463269413  0.39974451552180201
  0.41293893746555843  0.42544825378119661  0.43663793994814920  0.44781024421751858
  0.45830144629623620  0.46808700142276660  0.47663107728744675  0.48540257302124712
  0.49494193681581289  0.50567459861791997  0.51710067138884597  0.52939686312298817
  0.54206543837046606  0.55521189340523891  0.56722959632667846  0.57786482992704913
  0.58726258188052083  0.59651872055541588  0.60594443967911082  0.61559367413150268
  0.62506360617502632  0.63545246835103064  0.64636881171253846  0.65893038337911025
  0.67064367539025749  0.68096903033397183  0.69062871003557336  0.69989655653299720
  0.70897791984836567  0.71843122747737320  0.72861884850708192  0.73926153166239594
  0.75026479784023303  0.76106177772415251  0.77158204979717881  0.78155878074788154
  0.79108196936789466  0.80123479979852341  0.81164261058970877  0.82199009719493543
  0.83204550532757937  0.84195819479591083  0.85299580062026681  0.86449103157367702
  0.87699616622221921  0.88902411568379081  0.90014169142546141  0.91094315072455145
  0.92300674135276362  0.93474687913315224  0.94510236807830350  0.95490570642224859
  0.96542767547115971  0.97738722368959596  0.98883491567908743  1.00000000000000000
  0.00003981827270195  0.00026883398799485  0.00040570304616700  0.00048379171457444
  0.00055878390589164  0.00063344813282590  0.00070908407807627  0.00078494185466081
  0.00086122650003796  0.00093684159791021  0.00101183699929297  0.00109232420426152
  0.00117607266064608  0.00126599628345063  0.00135068909519300  0.00143307497169197
  0.00151285122501128  0.00159197446739156  0.00167067985207228  0.00175816158603945
  0.00184958182407755  0.00194479576758968  0.00203076049789767  0.00211632140708066
  0.00220098218346692  0.00228813443151774  0.00237763043165563  0.00246840555697755
  0.00255935568788457  0.00263695399215632  0.00270982014319740  0.00277786492639803
  0.00284647730983337  0.00291527642713222  0.00298346026333823  0.00305739042462808
  0.00314599183139512  0.00325137247651197  0.00334644923752930  0.00343988673157913
  0.00353605999884650  0.00364677144313935  0.00376839755520599  0.00390751048046761
  0.00405422611567566  0.00416288757097749  0.00426506755813082  0.00436128187083632
  0.00443449800050226  0.00451050127106438  0.00458733607942189  0.00464509027422864
  0.00470395390024900  0.00476559185581860  0.00482715377004824  0.00488865659098175
  0.00500530369973147  0.00509930672777734  0.00516922534976545  0.00521217825162227
  0.00525182475595006  0.00529178667498849  0.00533182623843349  0.00536541550177367
  0.00539667491258800  0.00546165693036640  0.00553302881815497  0.00561079451205650
  0.00568329681261219  0.00574937723166632  0.00581307059945760  0.00588591387520431
  0.00594864999651198  0.00600422229493149  0.00605546386583557  0.00610816215595464
  0.00616411990192182  0.00623228994260014  0.00640024269954663  0.00666694348655761
  0.00682606139266097  0.00698814581975063  0.00717484654039938  0.00727004105487616
  0.00736425582477136  0.00745820150237138  0.00756382953891455  0.00948500327361051
  0.00986190132425169  0.01009650264941727  0.01066865836465245  0.01215244372302164
  0.01404158948464342  0.01687733997720842  0.02186729482537388  1.00000000000000000
 -0.00202205927115180  0.01016813883955999  0.01997830185540597  0.03071174064020560
  0.04108951792107708  0.05174748492989484  0.06298582305932243  0.07484122974408541
  0.08484786243199458  0.09479343698689950  0.10493852637641635  0.11608954001646710
  0.12780841780691959  0.13959414675800313  0.15118758536107299  0.16213855549246417
  0.17213814160039917  0.18176790918291744  0.19118773739646369  0.20124942448908151
  0.21201521341396362  0.22333357823036978  0.23483170326997063  0.24587892355744367
  0.25662411592898482  0.26768179764943628  0.27943274726972006  0.29119727262091905
  0.30208462196072111  0.31223997022383454  0.32239320773885094  0.33331446463685710
  0.34498130595669912  0.35606424938481679  0.36643533379437682  0.37669659491404439
  0.38725979432019680  0.39743720254923409  0.40665556474091802  0.41509639358807587
  0.42326542880275470  0.43240690199705556  0.44125084249082891  0.45075552009102621
  0.46030749249513819  0.47067397568188085  0.48050965880354829  0.49029512653263219
  0.49981128831048149  0.51014294997975707  0.51883486809522439  0.52819677099562945
  0.53716353162934904  0.54922260146095780  0.56137957972807995  0.57047717682747312
  0.57877653585595701  0.58686830228779141  0.59618563133884661  0.60690100836592775
  0.61728070507360477  0.62708739296065308  0.63711749604148304  0.64725280287229714
  0.65757002679954157  0.66787036786798581  0.67790161005194394  0.68825026351747987
  0.69870042873893135  0.70945658400434941  0.72029119358247917  0.73139944316081529
  0.74222519506484441  0.75322216261037311  0.76459355598188627  0.77702908844634344
  0.79035438424828652  0.80263733875780574  0.81407477924256100  0.82567166144330328
  0.83778242013832227  0.84993790404133263  0.86093606717643056  0.87141977156848927
  0.88166837072140491  0.89307234796937796  0.90502352677704434  0.91655194027182052
  0.92659006221241336  0.93683220809875090  0.94784596951352529  0.95907458025681036
  0.96946591993682774  0.97970108862373539  0.99002051367981125  1.00000000000000000
  0.56780566059362914  0.59816115685424220  0.61378467347062904  0.62805661083672748
  0.63826472842806259  0.64747617894852316  0.65644090515926501  0.66522668109686078
  0.67359236931589883  0.68271819927419108  0.69057762394705324  0.69723580045360645
  0.70371691642089251  0.70962035333377871  0.71518765639304560  0.72065830066090220
  0.72561385389201005  0.73038102359556767  0.73488588812746602  0.73955536458184590
  0.74412306157487151  0.74818566246104656  0.75155453783311099  0.75479461522841029
  0.75823420478389469  0.76174840893747564  0.76530670246145693  0.76884334344678040
  0.77205529081067659  0.77521459055064557  0.77826665699881237  0.78135577621107932
  0.78453928086927271  0.78783691458550553  0.79138293832563311  0.79491042207368490
  0.79858951753053942  0.80238275636915035  0.80597974491606206  0.80936086644283189
  0.81260900694906524  0.81585346817493731  0.81933826547631472  0.82281197960389885
  0.82608736485876877  0.82886756474988799  0.83162546422736960  0.83446249195698197
  0.83754036261914466  0.84083021368110367  0.84400141361310332  0.84714530738533922
  0.85015601816933128  0.85334978562311692  0.85671041309871876  0.86025425171571157
  0.86397682003551413  0.86759233455757867  0.87098870776682402  0.87401651415254733
  0.87674621352329096  0.87944595246573820  0.88219368177720514  0.88533658898069512
  0.88857618937529392  0.89163076864683977  0.89460020405693386  0.89744708473028345
  0.90021111857976321  0.90290014494036541  0.90553998771604816  0.90826706699783266
  0.91118558456430987  0.91405506048948615  0.91669004446841718  0.91930046236017138
  0.92184701066211128  0.92471628292869257  0.92782493961634604  0.93116120294417781
  0.93449948248222758  0.93784654435410164  0.94125186724273713  0.94462516870902014
  0.94803780786541070  0.95157383604235979  0.95528135117961477  0.95929089632084696
  0.96363466150056676  0.96814646664180337  0.97267520615483738  0.97706227423841441
  0.98149904294307644  0.98614831917777046  0.99174402076128643  1.00000000000000000
  0.11094596031636679  0.19822927531765705  0.22250733097630654  0.23998860566367244
  0.25576102490635311  0.27206691325216259  0.28807129201662690  0.30074348797450823
  0.31222470167162358  0.32235933197837724  0.33111500131741317  0.33914563325210578
  0.34746129823139377  0.35625041807837221  0.36465371084055104  0.37245502331027452
  0.38022124627681081  0.38666139688513607  0.39273478940568679  0.39866141432968366
  0.40435722165404558  0.41117303733017507  0.41801555833020543  0.42450689419912951
  0.43089977514800837  0.43705019807190298  0.44281057094674409  0.44832263229961433
  0.45375483201970152  0.45940847698752918  0.46487392005422656  0.47040728116711616
  0.47596677670847642  0.48121625097080328  0.48676146712373708  0.49187277121655099
  0.49687287599821339  0.50168424079513174  0.50637398494643859  0.51139976266654597
  0.51634641091731437  0.52125091267988988  0.52620579346049368  0.53140593916030787
  0.53657667411593712  0.54156054888602889  0.54637009292934358  0.55106087652380364
  0.55573700693527961  0.56053838627750652  0.56512096167721415  0.56976371525688529
  0.57474034154430831  0.58005578488985376  0.58542169542098033  0.59039982560852267
  0.59496350329135106  0.59975444861474647  0.60458636727741699  0.60941390077430735
  0.61417430969235376  0.61885562297423302  0.62383532342507186  0.62886182212092756
  0.63391838958080515  0.63912766968525292  0.64449916003518948  0.64975549301765945
  0.65471792005803442  0.65930087645266144  0.66364097360639207  0.66821676550330933
  0.67308518172044618  0.67803800963861705  0.68327447476856262  0.68895908704340858
  0.69497356741013949  0.70211334871900155  0.70867738288421900  0.71558725989369965
  0.72247537249120219  0.72960160703864441  0.73766713633851710  0.74517470284066178
  0.75276808353280800  0.76017272617962406  0.76831556262833678  0.77626071300608024
  0.78293782221734554  0.78948228063532788  0.79684534272375229  0.80638472813727735
  0.81628254856676741  0.82873417098737645  0.88238499122389702  1.00000000000000000
   2.4302587920591078E-008  -1.0000000000000000     
 F F F F F F F F F F F F F F F F F F F F F F F F F F F F F F F F F F F F F F F F F F F F F F F F F F F F F F F F F F F F F F F F F F F F F F F F F F F F F F F F F F F F F F F F F F F F F F F F F F F F F F F F F F F F F F F F F F F F F F F F F F F F F F F F F F F F F F F F F F F F F F F F F F F F F F F F F F F F F F F F F F F F F F F F F F F F F F F F F F F F F F F F F F F F F F F F F F F F F F F F F F F F F F F F F F F F F F F F F F F F F F F F F F F F F F F F F F F F F F F F F F F F F F F F F F F F F F F F
  <DiscreteSampler_grid>
  grouped_processes
  1 # 1 for a reference and 2 for a running grid.
  10 # Attribute 'min_bin_probing_points' of the grid.
  1 # Attribute 'grid_mode' of the grid. 1=='default',2=='initialization'
  0.0000000000000000 # Attribute 'small_contrib_threshold' of the grid.
  0.5000000000000000 # Attribute 'damping_power' of the grid.
 # binID   n_entries weight   weight_sqr   abs_weight
    13   10   2.070591751422291E-001   9.783921967410944E-002   2.070591751422291E-001
    14   10   2.070591751422294E-001   9.783921967410972E-002   2.070591751422294E-001
    16   10   2.070591751422291E-001   9.783921967410944E-002   2.070591751422291E-001
    17   10   2.070591751422294E-001   9.783921967410972E-002   2.070591751422294E-001
  </DiscreteSampler_grid>
