  0.00282047828110037  0.01550053593381038  0.02780394528499308  0.03960922846347866
  0.05133848286858898  0.06066216594443188  0.06991402529998937  0.07888400895136415
  0.08853603470128342  0.09943255406565187  0.11082392265826453  0.12268439168833105
  0.13525486356880481  0.14751914401713218  0.16003191213630691  0.17174372520788511
  0.18236416148314080  0.19263958582465893  0.20311364495622430  0.21616429489860192
  0.22906968819524751  0.23986185351480124  0.24901118485580562  0.25784354218728589
  0.26709635278724009  0.27718976812627716  0.28895202653523117  0.30142740160501641
  0.31423632736039492  0.32675303383185800  0.33886610441024578  0.35049553473571099
  0.36150933787524187  0.37226195612470897  0.38256921493265678  0.39295045302367027
  0.40380507522408809  0.41498702153286765  0.42606571441338137  0.43548646333257252
  0.44414659605556817  0.45290908115965189  0.46123915538362642  0.46898055339615691
  0.47742611159127396  0.48646138129741001  0.49878974356585781  0.51150923301437079
  0.52393753261943132  0.53418997603843321  0.54470202745719709  0.55536313845657781
  0.56692590796423026  0.57919131811188795  0.59104841138417341  0.60151368356781287
  0.61128702784004763  0.62087068498972986  0.63055988656568518  0.64051223551491998
  0.64999353377521396  0.65912943874510665  0.66724505140139856  0.67614474587886586
  0.68541605910000092  0.69555002206155114  0.70687606950300430  0.71882150397001654
  0.73015888900817028  0.74101560238652930  0.75106380713239818  0.76014610931780258
  0.76957709705925337  0.77876567511753592  0.78896012217219447  0.80092355844502838
  0.81283070103522992  0.82387652481206974  0.83379570258401459  0.84316837002105827
  0.85250942656274264  0.86379920864861648  0.87360471768304082  0.88444602377102843
  0.89457349611946135  0.90483698127206391  0.91656131289848797  0.92736559896579318
  0.93575792523406331  0.94340382521234534  0.95110999888813041  0.95873311145956397
  0.96844497444387789  0.97788117024307086  0.98879663425527575  1.00000000000000000
  0.00000336197006106  0.00000348721091385  0.00000354877829938  0.00000360419482658
  0.00000365710282702  0.00000371497036791  0.00000377977846541  0.00000385253890593
  0.00000393718919735  0.00000403292980184  0.00000413939985839  0.00000426047064122
  0.00000440436271806  0.00000457084103124  0.00000475662924049  0.00000493873600990
  0.00000512127026290  0.00000531117799788  0.00000551179974455  0.00000571315959860
  0.00000593126171611  0.00000620052798719  0.00000649908298234  0.00000682262595159
  0.00000717651977935  0.00000753571596557  0.00000790211403616  0.00000831460291398
  0.00000877792024914  0.00000924089329536  0.00000969573327710  0.00001017602575195
  0.00001068195479270  0.00001127022435247  0.00001192087070232  0.00001253112694423
  0.00001318765295435  0.00001393674997818  0.00001483367087555  0.00001585953952015
  0.00001699780178538  0.00001822340839640  0.00001942993882910  0.00002052378980847
  0.00002173457472029  0.00002303993686286  0.00002454252956885  0.00002661776693905
  0.00002874369779660  0.00003101059864983  0.00003360978954160  0.00003624134387230
  0.00003903788455082  0.00004190651681041  0.00004486867484806  0.00004797519430306
  0.00005160773250989  0.00005571061006267  0.00006068597925326  0.00006662739492857
  0.00007335221221656  0.00008123205427993  0.00009028021210135  0.00010027994386370
  0.00011059412939994  0.00011976919922436  0.00012998087681858  0.00014149876041077
  0.00015381095795981  0.00016787041200264  0.00018354159806671  0.00020269997546537
  0.00022669426460044  0.00025471216214699  0.00028855738913879  0.00032949626037116
  0.00036776938054886  0.00040848765769513  0.00045036234798214  0.00049936941740810
  0.00056475548049042  0.00065102366148893  0.00075364347193730  0.00086419173056584
  0.00099316150067649  0.00115345716060841  0.00132241228809239  0.00152357712621602
  0.00178877976416232  0.00219243575608488  0.00269756282291401  0.00333563756967893
  0.00434074134785590  0.00624273864488074  0.33430355514125892  1.00000000000000000
  0.00000314256816579  0.00000342872534498  0.00000364287290508  0.00000387621415572
  0.00000415641277283  0.00000447989018881  0.00000481010205509  0.00000511629278016
  0.00000542617674885  0.00000573031745124  0.00000605131329228  0.00000637801509544
  0.00000672742344704  0.00000710116548006  0.00000749810828216  0.00000790542780758
  0.00000831244748509  0.00000872678142846  0.00000914111132632  0.00000958513098189
  0.00001008380769418  0.00001061595427483  0.00001118485409226  0.00001181030670658
  0.00001241187726369  0.00001306600606903  0.00001377702471712  0.00001437628045618
  0.00001501841178017  0.00001570411875363  0.00001643974673078  0.00001724141437922
  0.00001808933057819  0.00001891583880186  0.00001966710956358  0.00002040106240512
  0.00002122014302278  0.00002211595569319  0.00002312902862989  0.00002427450447824
  0.00002537096110004  0.00002642993145027  0.00002752720473813  0.00002870821518942
  0.00003017348651483  0.00003175974302319  0.00003337512473801  0.00003499908561232
  0.00003668440734786  0.00003841552037196  0.00004018667325781  0.00004205691278319
  0.00004409534194480  0.00004628751003797  0.00004856939405622  0.00005091714821606
  0.00005323011191605  0.00005562190988426  0.00005827375313242  0.00006103875334591
  0.00006415434109173  0.00006799266328360  0.00007225378743526  0.00007711679537564
  0.00008343058461651  0.00008918836611982  0.00009397931412377  0.00009875388310836
  0.00010340010799739  0.00010858047589476  0.00011634488112265  0.00012674821796298
  0.00013803464600243  0.00014984770050692  0.00016312031880125  0.00017603410655622
  0.00019234267352388  0.00021359546219409  0.00023913170496738  0.00026563611112945
  0.00029475854697608  0.00032424406063549  0.00035667537029694  0.00040394693217662
  0.00046862302316645  0.00053754382152265  0.00060666231673406  0.00070158787821870
  0.00082492591586240  0.00101326195754048  0.00121853103434916  0.00147472703408129
  0.00178983257862360  0.00234407448717962  0.05385336665690648  1.00000000000000000
  0.00000337839011268  0.00000427426041655  0.00000459579604887  0.00000491522043388
  0.00000534158506995  0.00000583876524097  0.00000639807719549  0.00000686833540524
  0.00000734555963398  0.00000784346872785  0.00000843788686087  0.00000916428026871
  0.00000987969398373  0.00001059623501236  0.00001132129216983  0.00001202773898504
  0.00001278303370874  0.00001364682417008  0.00001455837084255  0.00001565165240356
  0.00001681672902613  0.00001801224189222  0.00001925862130606  0.00002050197559384
  0.00002170850775458  0.00002296017716644  0.00002430495945823  0.00002595499600289
  0.00002786484630354  0.00002974645828968  0.00003166857694276  0.00003378883335543
  0.00003606479365354  0.00003872172412085  0.00004179489754246  0.00004500699371276
  0.00004821615803310  0.00005132901048709  0.00005457653869742  0.00005819938326987
  0.00006239627364259  0.00006707715075125  0.00007202728869742  0.00007705328276644
  0.00008231089241009  0.00008794959349234  0.00009406685804317  0.00010098066319405
  0.00010786899848841  0.00011489181151521  0.00012207489308300  0.00012954551587120
  0.00013715297754808  0.00014503920173126  0.00015323177045878  0.00016195199815744
  0.00017300970657994  0.00018544442273144  0.00019727053013842  0.00020844807500274
  0.00022011514209665  0.00023033741672320  0.00024315079751844  0.00025717194030358
  0.00027312066518955  0.00029266327746816  0.00031716225492542  0.00034664051819518
  0.00037821089504875  0.00041515846295528  0.00045511983371182  0.00049975727461210
  0.00054866796207989  0.00059845128181545  0.00064818843980276  0.00069571483161340
  0.00075063782096492  0.00081592032531055  0.00090367231326499  0.00100304390145836
  0.00109977422956060  0.00120212392514825  0.00130885897966034  0.00143613703015595
  0.00160728509853862  0.00183226946734118  0.00211691829329395  0.00243098216891690
  0.00276446776531520  0.00314580064000671  0.00361395933689258  0.00423913796045998
  0.00481090083300697  0.00534326082504204  0.15029252084447769  1.00000000000000000
 -0.00384644315116590  0.01467485193842883  0.02793606978702349  0.03980886101207283
  0.05294705710793958  0.06347436284095818  0.07348657984644515  0.08261500366897578
  0.09143204250848150  0.10220379033033428  0.11458854522668906  0.12759721057064766
  0.13962480157307969  0.15138350284017449  0.16397993795801161  0.17518105120434613
  0.18575014641593351  0.19604847613715848  0.20690218022936882  0.21829792765841438
  0.22924889386578187  0.24116592780441365  0.25174692670304072  0.26248460076465285
  0.27258912883777747  0.28327738249698781  0.29343632942331305  0.30452275844167803
  0.31640020795945401  0.32960515043758826  0.34272116254490015  0.35600610313680792
  0.37034917610472984  0.38349727119169236  0.39609386908324273  0.40668695995809401
  0.41826265724813472  0.42858550664120559  0.43939300065248466  0.45094407603823394
  0.46198968457545525  0.47268486021453393  0.48430311232806794  0.49705451626218772
  0.50976194158790877  0.52076211429726316  0.53099332013009470  0.54133833691795641
  0.55247505682359677  0.56463492483590261  0.57700115316337386  0.58921517668614121
  0.60158115129218503  0.61386796022735046  0.62400446990218772  0.63305741222397183
  0.64195043380464767  0.65118637142086477  0.65960231036587946  0.66761939869758880
  0.67552953776877989  0.68453596055226817  0.69279684979514977  0.70073498310647142
  0.70822505188094309  0.71608311131413227  0.72580194798062225  0.73686186220308070
  0.74878705670553436  0.76108076786738965  0.77253328895638818  0.78303545770178540
  0.79347397226374172  0.80447903676370358  0.81686440040067754  0.82894355888088567
  0.83959583038438712  0.84952143995637186  0.85856216324379986  0.86867623135636540
  0.87759814116646484  0.88583830058227353  0.89360879503631430  0.90109716054490718
  0.90857456817168891  0.91687584775481235  0.92662357930701411  0.93653769405609599
  0.94553331677150454  0.95259464342440492  0.95840622148941623  0.96527745228004103
  0.97219776532442748  0.97973963679847043  0.99013432452715178  1.00000000000000000
 -0.00279650789494414  0.01033116969310749  0.02211449126689910  0.03431677364220281
  0.04548848287616376  0.05548119903364642  0.06506039488099456  0.07544716904801738
  0.08785084796128953  0.10171825373615066  0.11606406866517754  0.13066008243900892
  0.14528435956677974  0.15553112818664366  0.16255856199558913  0.16940946335772991
  0.17688442004121696  0.18600239955671177  0.19627376857127815  0.20712445550477918
  0.21773401629631842  0.22830434014693585  0.23911885831364429  0.25037844229509365
  0.26182903665009799  0.27287090922326962  0.28409911051302783  0.29424576153537013
  0.30364810791832814  0.31361927434333348  0.32513911123246897  0.33711056339552958
  0.34768733823867770  0.35618873668048567  0.36489283453460442  0.37299760664107473
  0.38228107247514242  0.39383443029640941  0.40634020407637228  0.41774726292515701
  0.42871057109039651  0.43914053358633975  0.44952058849536497  0.45987921030581708
  0.47014226306500012  0.48015154581717850  0.49004275379364726  0.49971690280541992
  0.51007638987548587  0.52086651127387029  0.53197842860760636  0.54164082786447310
  0.54981168881954057  0.55805429095785508  0.56797599344317318  0.57937944499722538
  0.58907612758977657  0.59782055408027934  0.60693410036527373  0.61721148953657345
  0.62824989547650267  0.64013671758030288  0.65251750652306550  0.66447302812309605
  0.67580324689256410  0.68712394015834022  0.69886804842554973  0.71125849043843803
  0.72329534163010856  0.73466185362808245  0.74561277334942111  0.75624126105736478
  0.76712146059274200  0.77702236347357811  0.78607820895440939  0.79497412624258113
  0.80493592124921898  0.81633932547182486  0.82838859128956599  0.84031071693657977
  0.85191284930417899  0.86340608345700598  0.87369638783672610  0.88187022937427906
  0.88944648581119767  0.89756207698684631  0.90656222986551960  0.91667638597562451
  0.92608948813571046  0.93724768364205446  0.94906979604211661  0.96025989672302980
  0.97054766831864303  0.98056660969301834  0.99019147708929556  1.00000000000000000
 -0.00302968186066153  0.00939710337092856  0.02072222257351761  0.03259348424178699
  0.04237962770406847  0.05071748380068741  0.05889781237438830  0.06787649457764897
  0.07735857077233173  0.08829815278483827  0.09753269919790555  0.10826995042964281
  0.11759006760451787  0.12606709755978038  0.13457957918594998  0.14399165637218289
  0.15511523616118669  0.16674750175993219  0.17898105460650146  0.19124999972500475
  0.20268497250949127  0.21352462035234035  0.22446294711088358  0.23445400213553982
  0.24471813034960255  0.25497502457451493  0.26635303547847067  0.27659112297750688
  0.28426778751924864  0.29120906509832067  0.29893945908272879  0.30807404883748096
  0.31836325587631453  0.32904636794424880  0.33977477646915355  0.35155556426981005
  0.36309319262634576  0.37394730837148521  0.38499122322885515  0.39651131053511213
  0.40804898733992651  0.41566008016689115  0.42341260339405234  0.43026754723656679
  0.43740259209432780  0.44614641625051393  0.45706613265649881  0.46844605920968091
  0.48091486957968593  0.49208396164670021  0.50341255835061849  0.51401085631515531
  0.52389487575894511  0.53370046597648213  0.54319012991743976  0.55349258910230092
  0.56418586773030610  0.57623655079529079  0.58889471651437075  0.60084167442769598
  0.61167233984358993  0.62191500892773499  0.63240191958595970  0.64344147857054002
  0.65417453228740308  0.66521226620895302  0.67716870705619825  0.68816966665895807
  0.69817277833671598  0.70789315637320593  0.71736680214333925  0.72767889394322149
  0.73872965986656103  0.75106977580293732  0.76340320499648684  0.77518012590589958
  0.78663414056945025  0.79812979049946053  0.80998082049890141  0.82161831023286369
  0.83356653278527248  0.84592744476084780  0.85851868758696981  0.87105689503249828
  0.88258935274122807  0.89380175211827240  0.90481993159212137  0.91612627508343403
  0.92804735993985565  0.94000309868422227  0.95212817043430786  0.96281458922072649
  0.97302838906552780  0.98254584461302108  0.99146211239594895  1.00000000000000000
  0.00004304768066252  0.00006761784858134  0.00011545890319274  0.00018130933601161
  0.00027487209009792  0.00037490903712603  0.00047961526774073  0.00057952672764535
  0.00067955578337197  0.00077679388594745  0.00085453496566625  0.00093009192261671
  0.00101050496816348  0.00109595924581064  0.00118023218769930  0.00126227022704840
  0.00134767575834783  0.00143630361003944  0.00152780414325026  0.00162518678189520
  0.00172360877426753  0.00182387888335315  0.00192661210387563  0.00203288087100096
  0.00213979635540459  0.00224685618071658  0.00235239802672658  0.00245666315110210
  0.00256508985799747  0.00267326292616018  0.00278304155766980  0.00289735626212927
  0.00301620968129066  0.00314032493894861  0.00327375759153967  0.00341205035947813
  0.00354768545996637  0.00368427477453143  0.00381644953075891  0.00397221732093063
  0.00412356821567865  0.00427346625129238  0.00442161680190074  0.00456626829363011
  0.00470822315313004  0.00484121690392932  0.00498365261616310  0.00512881875215492
  0.00528151890768345  0.00545019534205637  0.00563252868121331  0.00583862527519722
  0.00605815786646399  0.00628004979780590  0.00649070859219361  0.00664164124380456
  0.00678499713009096  0.00692886931100022  0.00708410376367955  0.00727429131925529
  0.00750444873284324  0.00774398320250641  0.00795108077089946  0.00815311849691174
  0.00834908836570206  0.00858940018347199  0.00887327047997084  0.00918929966538276
  0.00957497185462040  0.01022567483331059  0.01076913563512567  0.01119826908392614
  0.01164119327382418  0.01210444285378696  0.01245750827915623  0.01279191205635502
  0.01301270996116841  0.01320937222053287  0.01344466076218223  0.01373118098525020
  0.01404897370347028  0.01440126179861370  0.01484607638392966  0.01515319622920731
  0.01548554777013488  0.01591324369170694  0.01616056259716685  0.01641646016617107
  0.01674464579921854  0.01811769726479022  0.01898506059954773  0.01951291636318766
  0.02012114000817922  0.02053677115626841  0.02477553968205429  1.00000000000000000
 -0.00347076160706478  0.01511165778825325  0.02914335061438229  0.04250071888376781
  0.05676036938026353  0.07318966162597190  0.08902084253926018  0.10312173207487943
  0.11628492733134148  0.12959040604062796  0.14359690983579004  0.15845145875983035
  0.17346320821398933  0.18796183314434467  0.20215842482317029  0.21509391500621924
  0.22838621396463193  0.24024957104401937  0.25157458485735806  0.26243453699757091
  0.27417521535581124  0.28589196858594423  0.29683882095107134  0.30787947863608905
  0.31859117013607607  0.32878754634679747  0.33939896943074693  0.34956387430805902
  0.35979242697884373  0.36957837310782915  0.37832475872105259  0.38603959166874391
  0.39367700142599932  0.40188717695150361  0.41047584147740274  0.41956232471929494
  0.42820117817221892  0.43631969419139172  0.44470611557058271  0.45313544716343351
  0.46153657812995175  0.46864989736345003  0.47560072975884682  0.48228475455604042
  0.48877894224535073  0.49533396352180908  0.50239972002665512  0.51059476546555926
  0.51757938637458478  0.52468227187799366  0.53175576609027109  0.53925552714155744
  0.54662967358685188  0.55374427862455178  0.56096249461458714  0.56885101047775843
  0.57790755049232956  0.58737412026063784  0.59625691684358151  0.60254810596823671
  0.60822331633779547  0.61402202353409874  0.61934036016106786  0.62612967605005798
  0.63527162963375283  0.64505129986895571  0.65492181319080855  0.66521284208514564
  0.67540598831115095  0.68478223989566611  0.69405304858480998  0.70377319351206025
  0.71562306448164981  0.72788286418053205  0.73725879884244772  0.74525643537325503
  0.75294948241043191  0.76155767443493960  0.77140937209905303  0.78190466365110556
  0.79202131073486637  0.80696745364579348  0.82318488102720855  0.84011549527972440
  0.85772074967620138  0.86976892588235910  0.88076090078451574  0.89072271857192575
  0.90115087792064974  0.91266088269321621  0.92583260164017422  0.93844844303461961
  0.95470140465143905  0.97068060362092379  0.98638045815782316  1.00000000000000000
 -0.00001645559470360  0.00011138829188586  0.00022587071947598  0.00033590947504745
  0.00045321724534856  0.00058000956208535  0.00067258814945979  0.00074556374335946
  0.00081797780215978  0.00089532632682524  0.00097078766747278  0.00104948477747659
  0.00113165138966121  0.00121811501768350  0.00129889849627732  0.00138118297894224
  0.00146242370340656  0.00154288091933070  0.00162429705006611  0.00170776969514336
  0.00179518134286332  0.00187536285892774  0.00195258364767047  0.00203151900468521
  0.00211111369595532  0.00219235679979218  0.00227846175421354  0.00236443184217324
  0.00245652809528503  0.00254503148034787  0.00263193458729422  0.00272545044567287
  0.00282184602813860  0.00292247334767758  0.00303031609814137  0.00311893346560154
  0.00321473970365904  0.00332248516948205  0.00341955474986900  0.00351724225000083
  0.00361733637547171  0.00372289814313510  0.00383090724691750  0.00394109168888990
  0.00405100947004514  0.00414879770930335  0.00423998632607058  0.00433575088240899
  0.00442904340367429  0.00452977315844932  0.00464538582844341  0.00474938915044249
  0.00484155408058618  0.00492969554385522  0.00500732702310098  0.00508527458383810
  0.00517146170738844  0.00530894522946796  0.00552259120599351  0.00567687364721365
  0.00580728645284111  0.00594346611566697  0.00610071880536090  0.00626046387732746
  0.00639965463100559  0.00653685766016330  0.00667135183043477  0.00679661356320189
  0.00693987956754983  0.00708523641991569  0.00721307870263333  0.00734710651195367
  0.00755646111227164  0.00773588920793510  0.00786612819396724  0.00801344198405641
  0.00815565797292769  0.00828419530585992  0.00842710740384921  0.00888995866375558
  0.00934631207741012  0.00994869610457913  0.01109858170191410  0.01176382769001025
  0.01301546414118746  0.01339837634085429  0.01364053708243631  0.01392398419178389
  0.01407806304343099  0.01423784818889654  0.01487527672886347  0.01514023765751604
  0.01522230413456234  0.01529655122036016  0.19251759896654089  1.00000000000000000
 -0.00296841077404263  0.01231834295126040  0.02165987894921542  0.03082614587488904
  0.03957701439020576  0.04954845340081878  0.06010705126629740  0.06987520570500556
  0.07964360483116550  0.08984619499996126  0.10101641901944217  0.11208488845133228
  0.12243242971343972  0.13195199989118489  0.14237282703591522  0.15343059241169932
  0.16452637249492261  0.17516232709541404  0.18554117238397452  0.19708861022706972
  0.21053277385741684  0.22495952874144728  0.23893152415391319  0.25172330160004641
  0.26361267006701794  0.27486873952008600  0.28449186527531334  0.29312480661620566
  0.30211762010167764  0.31252854991347401  0.32353688203895375  0.33410980453082378
  0.34337710014799161  0.35153008994271512  0.36170363545313844  0.37199401855118097
  0.38347494984927494  0.39458604518177293  0.40502237841083960  0.41581903420160221
  0.42723904180767480  0.44017957101326971  0.45499885759283665  0.46903742355063827
  0.48254225484340740  0.49390319249877490  0.50343876502280904  0.51309601487794620
  0.52290785122390548  0.53409233057575822  0.54742881130430376  0.56086840322725817
  0.57418650029770568  0.58736213383720914  0.60129795195125935  0.61499330409349851
  0.62786681436159275  0.64019967354533147  0.65193614176575843  0.66243708952071789
  0.67290492111977651  0.68339329651174652  0.69476178381143572  0.70628835167411574
  0.71777235120411453  0.72971920102932319  0.74023117555379436  0.75041073337779640
  0.76031353573604155  0.76970202277218636  0.77946938175547342  0.78966603363838606
  0.79864062696798177  0.80655208177382298  0.81420277229071381  0.82137006498342391
  0.82983289627191470  0.83909840692558024  0.84976150664807337  0.86053292916267243
  0.87082067439444966  0.88045450584498219  0.89079306234505551  0.90194820233212269
  0.91247368818611185  0.92138549059045383  0.92924049097827521  0.93715158686473576
  0.94500336494759962  0.95380838833465531  0.96313786825517500  0.97184197020182406
  0.98027752082249486  0.98747623818304608  0.99371815893272131  1.00000000000000000
  0.54330236273226618  0.57645392090689096  0.59039810060372400  0.61153496434679044
  0.62668572076391504  0.63984269550152761  0.65726960500576526  0.66995933460470347
  0.67877970522031361  0.68663039343271837  0.69552623531222202  0.70514025687499426
  0.71388664994153006  0.72256524049390081  0.73073359700206564  0.73912177416851021
  0.74751959936054890  0.75519484957410665  0.76255477318471854  0.76954044227703677
  0.77680373511057710  0.78338726906076539  0.79010075405716940  0.79622528004741600
  0.80262965975042344  0.80906139522865583  0.81538353425363952  0.82146376893312367
  0.82707261347358174  0.83240157523933656  0.83728123259917742  0.84198040679523389
  0.84677822019948823  0.85175947809379826  0.85651301792651580  0.86108917851800681
  0.86533118206647852  0.86932453055741488  0.87309091389708871  0.87677954405123404
  0.88033826471860110  0.88421791414836559  0.88805991588502253  0.89173558146260012
  0.89526156679043412  0.89865306444730686  0.90219602426612111  0.90569884523896171
  0.90916581294295540  0.91246772573230539  0.91553651895543886  0.91841257766982043
  0.92113789224132081  0.92391268899705603  0.92648628645560005  0.92890821775137267
  0.93109393224347448  0.93307889755329798  0.93500589446912330  0.93699616649158302
  0.93931611451689589  0.94159835922538115  0.94396673670570763  0.94605364405948134
  0.94809685813079547  0.95011341248449710  0.95206823155683318  0.95424196733141819
  0.95648667537083965  0.95875674226638807  0.96100498425715652  0.96314203582788227
  0.96504532642882779  0.96676122848775259  0.96849123062847919  0.97027508368302007
  0.97214952649473696  0.97431297435733477  0.97629940462443243  0.97826773429103797
  0.98002651045112266  0.98148358136676150  0.98280219358174636  0.98414822379536016
  0.98546739827185748  0.98683941577066803  0.98819221632134657  0.98946174823828625
  0.99082488155667603  0.99220253807089809  0.99363701675014304  0.99500766843547650
  0.99623821491816411  0.99741444071251473  0.99864615659697809  1.00000000000000000
 -0.02442996215295526  0.18709197859455615  0.22858300430094425  0.24371324807799968
  0.25804365092313952  0.27175440494252440  0.28352531763525368  0.29491151237263913
  0.30603487044048561  0.31693846177934981  0.32592437384323159  0.33321574324531827
  0.34012092017776624  0.34792566503969802  0.35681683686054688  0.36529260603289770
  0.37319898002637147  0.38080254790465506  0.38814336456989784  0.39482062673172852
  0.40125316854856108  0.40802303764150094  0.41500839876092449  0.42200622010752642
  0.42884207810641467  0.43566534623564401  0.44205915563821474  0.44823602586727423
  0.45449637682560101  0.46103737207693002  0.46786764596052555  0.47465294285766946
  0.48141209061128309  0.48760025786048017  0.49299089829503207  0.49801598797900953
  0.50262862310893452  0.50670051031314500  0.51104111735882474  0.51533813818026575
  0.52045339818330760  0.52508775842534794  0.52929472491660401  0.53382601893496995
  0.53852977486646181  0.54359010638790983  0.54908542629998724  0.55447258077260553
  0.55941905008197901  0.56428737596021494  0.56901468577727277  0.57369329855859985
  0.57848459661617357  0.58345829206573985  0.58885592882314763  0.59436085911898273
  0.59979163199477714  0.60541346749522063  0.61116612212418453  0.61719963634192865
  0.62324653710665257  0.62909480658141348  0.63480329640560051  0.64053501216975217
  0.64640350277123770  0.65207918078840366  0.65735896519245052  0.66244417030597580
  0.66777904629709106  0.67350878318468399  0.67963071342745007  0.68537201386399593
  0.69123367762519905  0.69729856763860298  0.70277211644203896  0.70814439500362236
  0.71354319154953261  0.71954789273097919  0.72623163613409769  0.73296359385089149
  0.73913555079322180  0.74504555656008897  0.75153200834621681  0.75976818435589100
  0.76796749778254780  0.77709774776040508  0.78825751793431975  0.80004332688903124
  0.81047716121780988  0.82070604507398393  0.83154825361622087  0.84344565573960162
  0.85815612935473107  0.87877832721195981  0.97738010471350312  1.00000000000000000
   1.2151047717557154E-005  -1.0000000000000000     
 F F F F F F F F F F F F F F F F F F F F F F F F F F F F F F F F F F F F F F F F F F F F F F F F F F F F F F F F F F F F F F F F F F F F F F F F F F F F F F F F F F F F F F F F F F F F F F F F F F F F F F F F F F F F F F F F F F F F F F F F F F F F F F F F F F F F F F F F F F F F F F F F F F F F F F F F F F F F F F F F F F F F F F F F F F F F F F F F F F F F F F F F F F F F F F F F F F F F F F F F F F F F F F F F F F F F F F F F F F F F F F F F F F F F F F F F F F F F F F F F F F F F F F F F F F F F F F F F
  <DiscreteSampler_grid>
  grouped_processes
  1 # 1 for a reference and 2 for a running grid.
  10 # Attribute 'min_bin_probing_points' of the grid.
  1 # Attribute 'grid_mode' of the grid. 1=='default',2=='initialization'
  0.0000000000000000 # Attribute 'small_contrib_threshold' of the grid.
  0.5000000000000000 # Attribute 'damping_power' of the grid.
 # binID   n_entries weight   weight_sqr   abs_weight
    55   10   8.272689688461750E+000   3.207297090017109E+002   8.272689688461750E+000
    56   10   8.272689688461753E+000   3.207297090017111E+002   8.272689688461753E+000
    58   11   1.451342029004141E+001   1.193695721919653E+003   1.451342029004141E+001
    59   11   1.451342029004141E+001   1.193695721919654E+003   1.451342029004141E+001
    61   11   1.183485683174728E+001   9.384406219576340E+002   1.183485683174728E+001
    62   11   1.183485683174727E+001   9.384406219576317E+002   1.183485683174727E+001
    67   11   1.154195660183582E+001   9.088201854105636E+002   1.154195660183582E+001
    68   11   1.154195660183580E+001   9.088201854105620E+002   1.154195660183580E+001
    82   11   1.239030249356990E+001   9.503109929550205E+002   1.239030249356990E+001
    83   11   1.239030249356989E+001   9.503109929550195E+002   1.239030249356989E+001
    91   11   1.103803285291885E+001   8.446044018270411E+002   1.103803285291885E+001
    94   11   1.117358807519198E+001   8.710816927565287E+002   1.117358807519198E+001
    95   11   1.117358807519197E+001   8.710816927565273E+002   1.117358807519197E+001
    106   11   7.523228778013948E+000   2.915725371911656E+002   7.523228778013948E+000
    107   11   7.523228778013953E+000   2.915725371911660E+002   7.523228778013953E+000
    121   11   1.449368298588568E+001   1.173021091963777E+003   1.449368298588568E+001
  </DiscreteSampler_grid>
