  0.00301316673724935  0.01195658311747971  0.02418250579403593  0.03664118091203575
  0.04735574652217054  0.05733426357665918  0.06713684115841907  0.07720039415422499
  0.08635180789513604  0.09632055866475030  0.10650523944382817  0.11732505086577830
  0.12879513553696953  0.13930996862289374  0.15012123105092837  0.16004358216572767
  0.16949396875592121  0.17813085372650869  0.18740081212393697  0.19795835638360096
  0.20865411443861359  0.21798725559796345  0.22674833339815847  0.23571261010038511
  0.24607788618274273  0.25625314489852163  0.26683637607600824  0.27806032108632472
  0.29024145903774928  0.30257239710807399  0.31476442584715802  0.32661765710776125
  0.33849045268886424  0.35035320386683555  0.36180498585857462  0.37309667128027635
  0.38307725054515451  0.39328146558353938  0.40306577738675758  0.41297820135207591
  0.42231866408997881  0.43157848930134179  0.44066098094516537  0.45086493619539969
  0.46158239360840014  0.47309821002950136  0.48492393361702751  0.49632853496559637
  0.50766290863002939  0.51954823498879232  0.53177099513851256  0.54253971118966038
  0.55225996801498844  0.56207448293932816  0.57354227727120710  0.58418552942594659
  0.59465720239234710  0.60474028375025890  0.61584110365868949  0.62733018179224798
  0.63870373434695882  0.64966924880606447  0.66049275372052796  0.67055865753359178
  0.68063669230229984  0.69011984879515564  0.69992780788912723  0.70919374955966863
  0.71848381384249149  0.72715571479725427  0.73599319484129067  0.74555851561572239
  0.75560775896873145  0.76661797399803722  0.77687466115934434  0.78709491345823346
  0.79738209452108733  0.80796927385092021  0.81830594445474325  0.82868148773093164
  0.83915342453854802  0.84946390329134147  0.86005604727144280  0.87107580733653867
  0.88236287977508698  0.89327118024928276  0.90421797984116803  0.91577786518973237
  0.92748354152337198  0.93857812912403893  0.94939134662008806  0.95955092354295757
  0.97025884592597134  0.98024539150759693  0.99041393993613391  1.00000000000000000
  0.00367856801695347  0.01187886122929948  0.02220589824499174  0.03344937573070340
  0.04352446642313442  0.05233832967869016  0.06080658948551725  0.06954156697451368
  0.07895344313056968  0.08908821423666649  0.09979961890450231  0.11063720511050212
  0.12092702260511128  0.13028110091273939  0.13914180916537339  0.14812868730369277
  0.15826607694435318  0.16896487392114745  0.18126274161790251  0.19381520868679489
  0.20623148760201132  0.21718783010370474  0.22792790838953503  0.23904638815287799
  0.25009222594695557  0.26104251551994068  0.27213050345449086  0.28530310235202699
  0.29801732735197978  0.30959109882454361  0.32081264768122303  0.33185563399951101
  0.34308400995258109  0.35472477583170658  0.36608529029270998  0.37718448837679458
  0.38802314955731393  0.39800651893785249  0.40734679937802659  0.41723447158714794
  0.42622579327795385  0.43415665578360135  0.44173665796128098  0.44995743480901595
  0.45896930703021183  0.46987574236915841  0.48141306442759507  0.49414072773375917
  0.50525726858120767  0.51540284656794266  0.52532327728503780  0.53636064035214837
  0.54769557034901750  0.55923967100946959  0.56946207514641278  0.57942245880842469
  0.58942226028281897  0.59963560947243522  0.61035471884126025  0.62125489640244913
  0.63239996513575147  0.64303098297956707  0.65339882656766135  0.66322631156923240
  0.67233167526285009  0.68080909756699715  0.68968600291588811  0.69859433118540859
  0.70899644027543873  0.71843605202873140  0.72843406401381317  0.73877800869199051
  0.74954544537625478  0.75956569607462465  0.76965619402893293  0.78030386734726387
  0.79151514638668408  0.80192846924603511  0.81150832898054148  0.82149923770320221
  0.83224779729448795  0.84282160192100108  0.85261058909317755  0.86260689107593502
  0.87291952054557442  0.88395774605226562  0.89559073040080628  0.90728876649271706
  0.91885715018576708  0.93008917618716758  0.94141098550748292  0.95195971562798409
  0.96192797805329266  0.97194436506060056  0.98211103252362075  1.00000000000000000
  0.00010484989429566  0.00014995714803249  0.00015612462401415  0.00016534387165167
  0.00017565341116336  0.00018590310123557  0.00019426843662442  0.00020104778443399
  0.00020709722027173  0.00021295772040770  0.00021872028994883  0.00022420600067853
  0.00022958510899299  0.00023461982438711  0.00023956646969504  0.00024447306857126
  0.00024925329133143  0.00025409717025021  0.00025907884881571  0.00026418428653035
  0.00026939780652121  0.00027479009474198  0.00028015861049241  0.00028561945139539
  0.00029114879588432  0.00029669225830375  0.00030237664527870  0.00030848711267105
  0.00031462005655674  0.00032076302461632  0.00032694657391385  0.00033320927780959
  0.00033954402415655  0.00034624256782551  0.00035326107082348  0.00036035715392187
  0.00036759474082887  0.00037490496145575  0.00038200383655713  0.00038943813779061
  0.00039737113786113  0.00040533219967035  0.00041346389329182  0.00042176109538326
  0.00043009951375071  0.00043872010578182  0.00044720900408333  0.00045624956455561
  0.00046536029864240  0.00047486827548729  0.00048456404059718  0.00049471761597442
  0.00050584265369698  0.00051715518999806  0.00052883031619720  0.00054132722851995
  0.00055534537115390  0.00056954828172735  0.00058410809656689  0.00059920027384808
  0.00061576643897378  0.00063741748921873  0.00065728086070419  0.00067644318425952
  0.00069714458099630  0.00071910380282672  0.00074242037655747  0.00076615888557564
  0.00078999352679563  0.00081692820466653  0.00084437971111738  0.00087137415894581
  0.00090463101387973  0.00094044091383324  0.00098401982917607  0.00103057242960802
  0.00107878190833851  0.00113360121371729  0.00119330187251643  0.00126385648770662
  0.00132855111494922  0.00139998732520433  0.00147639210296607  0.00158684745473982
  0.00170333064901105  0.00183554937182482  0.00199371034497365  0.00218094017185459
  0.00237650235328854  0.00259273614769321  0.00289806539244678  0.00339717706283764
  0.00412292140055825  0.00619184929344501  0.05272223638215297  1.00000000000000000
  0.00016343322818310  0.00024304716335543  0.00028460140869015  0.00031956676720951
  0.00035076894043723  0.00037959086589258  0.00040706009915773  0.00043433725030835
  0.00046165947400411  0.00048905807137454  0.00051571283638188  0.00054132658427875
  0.00056701234449931  0.00059346165768903  0.00062099062311157  0.00064853873946904
  0.00067472806812587  0.00070040503467823  0.00072679832324020  0.00075424230711538
  0.00078115747103675  0.00080795188999788  0.00083674174250795  0.00086922514229730
  0.00090198082205669  0.00093326417156211  0.00096502719993618  0.00099771914688272
  0.00102960509551658  0.00106296330490859  0.00110013697809257  0.00114093751548619
  0.00118299423954049  0.00122196553003876  0.00125987061115763  0.00129802119655829
  0.00134016463705209  0.00138992713443444  0.00143981345716217  0.00148301893944934
  0.00152719914945310  0.00157354037022748  0.00162486932990023  0.00168031218952690
  0.00174574132868143  0.00179920647188910  0.00185280906532772  0.00190607316976393
  0.00195986203030693  0.00201696175884617  0.00207849807121772  0.00214331093831673
  0.00221408653774509  0.00228679821427343  0.00236256094656059  0.00244088317609735
  0.00251741177608301  0.00259023851293788  0.00266794251516039  0.00275343989486297
  0.00284495667735565  0.00294457327229245  0.00305571283141835  0.00317703610693383
  0.00330531443640874  0.00343171308132377  0.00355967104757585  0.00370057016118958
  0.00384921937529209  0.00397575224394986  0.00411377386514352  0.00427001753711365
  0.00445094234254864  0.00468732109881553  0.00497833991297077  0.00523297810508654
  0.00547847245336279  0.00567519864886842  0.00587029553235390  0.00608194849286067
  0.00633793328577622  0.00670869795438681  0.00723009415143232  0.00775854574726499
  0.00833041678731712  0.00902728244171881  0.00980932618685362  0.01066827773438708
  0.01168131933072635  0.01297389985936939  0.01444262785607866  0.01578360504752811
  0.01776763101435108  0.02069155827737940  0.06910469224317971  1.00000000000000000
 -0.00226877037009440  0.01046356649918799  0.02120587259209887  0.03233486193602425
  0.04314555367891806  0.05410509623974909  0.06550469476161686  0.07649278588021328
  0.08737223119717193  0.09752699431851412  0.10787285738091190  0.11810812573153294
  0.12829678267106440  0.13870273676635447  0.14902466546878937  0.15926780724203846
  0.16963406533200948  0.17987019875061147  0.19028836981414352  0.20107220938033168
  0.21263955981688482  0.22373629996703695  0.23408336194022775  0.24385021408532426
  0.25425692547946349  0.26456764509033082  0.27576788545560998  0.28670838612156313
  0.29792139291674263  0.30836094028827538  0.31846952109070914  0.32940768498195389
  0.34072991444407913  0.35256142505177801  0.36461456704399775  0.37606191472117162
  0.38792548160263057  0.39953867705419366  0.41038066962269854  0.42038810088827089
  0.42948550646771000  0.43847776491374202  0.44759608455763805  0.45724147345289645
  0.46768331974397931  0.47773739969185808  0.48683357007820255  0.49547912113198234
  0.50426539255307679  0.51388121272823373  0.52413900398021562  0.53428344425573238
  0.54448945231475132  0.55488716303953312  0.56522395314163609  0.57519459040402976
  0.58470420688717628  0.59387695688081665  0.60300131296053727  0.61217616080533199
  0.62181204229234111  0.63165893446463905  0.64106772097994547  0.65038387539538334
  0.65955539845948530  0.66873763477669645  0.67813734745950105  0.68841866219971315
  0.69922826197520538  0.70927220528175361  0.71888452109810019  0.72838452804985543
  0.73850930357500177  0.74887184669276785  0.75962975096012941  0.77098067178364216
  0.78223643415119681  0.79332319435445497  0.80478480155245080  0.81625955222572844
  0.82710252710009635  0.83723492952723710  0.84699474978829659  0.85696189013307866
  0.86711891186402534  0.87768341328810517  0.88888361408440530  0.90046592600074837
  0.91108467656104475  0.92165042796219521  0.93312877308180175  0.94553045655568413
  0.95957367970425400  0.97315345097247175  0.98726521731917427  1.00000000000000000
 -0.00216717730427812  0.00901112220335909  0.01992296064473751  0.03087668448968724
  0.04262749783146320  0.05462357709177457  0.06611082258305181  0.07612112191586462
  0.08530111536197742  0.09435528740833644  0.10341672205279877  0.11258421895995702
  0.12205715805866471  0.13311001424847343  0.14491381532330214  0.15721339199655990
  0.16846313752988906  0.17882954828539097  0.18948792292133063  0.19987505310673212
  0.20957149193159158  0.21868001447743335  0.22788809967431861  0.23836166521714500
  0.25000092110075806  0.26158444811342652  0.27255598374931700  0.28291019867810951
  0.29325292317855484  0.30371940509023493  0.31414125149393585  0.32463379512421597
  0.33521464114623889  0.34545138082962662  0.35516187375148089  0.36455524387652088
  0.37403812096473432  0.38374570351268966  0.39430276987716129  0.40626346352765769
  0.41806880445076566  0.42970477275916508  0.44113759556760529  0.45258529375768208
  0.46274308407195114  0.47277904662990722  0.48272597979219628  0.49305901870096436
  0.50411347511838911  0.51557505236454582  0.52724389053493037  0.53970843319783246
  0.55155074465073251  0.56315632156409368  0.57384115442787720  0.58465164442133866
  0.59584026867812023  0.60698015765867175  0.61884199861243783  0.62975973783101846
  0.64033317104130305  0.65030138124284032  0.65990026258448464  0.66897419371455269
  0.67710122804809247  0.68532205604279173  0.69363396703562619  0.70248693107316018
  0.71159624522524567  0.72107164743193974  0.73132700107757198  0.74185362066659577
  0.75240552995379906  0.76249732130363679  0.77205505486340331  0.78158378902456771
  0.79116678183657330  0.80206563169408807  0.81365164462630868  0.82549971394116461
  0.83601348772707940  0.84602559756435691  0.85601479253162471  0.86637798336721228
  0.87763088336894990  0.88804286412667011  0.89789394495110031  0.90764825304185515
  0.91768618631395416  0.92845231499535219  0.93971884916021287  0.95162739532425433
  0.96359243078706169  0.97572660291599267  0.98733586994284639  1.00000000000000000
 -0.00235446603597708  0.01141036426998193  0.02215624663465503  0.03361767931523671
  0.04492997646918113  0.05746723088575485  0.07020070192842701  0.08298576053839560
  0.09468013688465197  0.10509362208645893  0.11585231716022434  0.12647772931622697
  0.13819512803231052  0.14922129717847629  0.16029201288171890  0.17135836178699310
  0.18268023583251580  0.19379449525405798  0.20470748237232467  0.21558182382949898
  0.22645431347213224  0.23701825282032771  0.24709197801554580  0.25706863507093819
  0.26786632980255187  0.27969212133855742  0.29135752115992841  0.30254445242277400
  0.31338720671286763  0.32390982538654406  0.33327279326971643  0.34209581681803997
  0.35082540773410514  0.35983629152306124  0.36771793440875500  0.37534321791412528
  0.38264556827875518  0.39108762818732623  0.39932935569649908  0.40816451184370828
  0.41720951931604389  0.42992065283614117  0.44126599322593246  0.45178695045740414
  0.46148542372494195  0.47037226853259911  0.47919472691079817  0.48827254060386943
  0.49755879618292315  0.50800266277252615  0.51826900789626462  0.52913061642053860
  0.53974265081936401  0.55020715260007158  0.56067287145053690  0.57088114848722904
  0.58092661232389808  0.59085397341478985  0.60100927814328786  0.61163793315423243
  0.62253916128947684  0.63269788551045425  0.64206281933362519  0.65158790443382175
  0.66125898307356590  0.67099532127779471  0.67991182482400059  0.68902153428830260
  0.69843665357457707  0.70788160650523602  0.71721497269480039  0.72683309840054544
  0.73660861508773778  0.74629051936984414  0.75640912543775729  0.76684151683718216
  0.77702358079021971  0.78710709653980671  0.79756143585596706  0.80844225724433927
  0.81956151600304361  0.83056762986022981  0.84281901608233434  0.85542452097592847
  0.86831418066899924  0.88043966230114401  0.89161127723228684  0.90228631214584065
  0.91294440034935631  0.92523673821898245  0.93834521916550873  0.95111410199978252
  0.96362505581215496  0.97569054655791809  0.98810814041838280  1.00000000000000000
 -0.00202556109452378  0.00967816612577011  0.01915006238754802  0.02883217312055032
  0.03886395302381994  0.04918861400568227  0.05947533113613018  0.07018012880007525
  0.08093135199971750  0.09145085064385583  0.10164389174577976  0.11221891205770380
  0.12256057756173129  0.13174428004133920  0.14014497181266630  0.14835136345968106
  0.15708622290677504  0.16655040946354410  0.17666105453287259  0.18771364342837962
  0.19901912240322839  0.21052356308038350  0.22136814581663988  0.23213863291449047
  0.24312032598849403  0.25354366294917685  0.26381757728950045  0.27489792595918555
  0.28641971402031252  0.29763557984145445  0.30903578972756623  0.32016529362384416
  0.33095310269844047  0.34099920434871278  0.35074186473590907  0.36075130769470082
  0.37093255004853048  0.38152752509295762  0.39223119309051530  0.40264342300302480
  0.41293071669270526  0.42377064566224676  0.43530755421595413  0.44715535906868625
  0.45917627241992653  0.47124687587171288  0.48251220271181827  0.49302422480360780
  0.50314304722868597  0.51346197525002124  0.52456075809269498  0.53592184116963737
  0.54772018638183273  0.55983015140260861  0.57154970332042598  0.58261174940003813
  0.59298266556114210  0.60377245585987538  0.61487354111477965  0.62630122934910526
  0.63775499660442292  0.64868297654675877  0.65933208913195984  0.66976055228338460
  0.68000844740176669  0.69022853176920818  0.70051679500680020  0.71090531173756788
  0.72102594726930014  0.73040423828866519  0.73967878579132118  0.74862197701470612
  0.75793368440613262  0.76822759456744161  0.77949592063993789  0.79145165103056381
  0.80347319036459297  0.81532881177469174  0.82669877121738633  0.83751288646362387
  0.84749670106478192  0.85721200817442267  0.86669786424439177  0.87638889914452411
  0.88634487432804143  0.89661932447161674  0.90725639049296125  0.91758051439587007
  0.92827943162458160  0.93854672868356814  0.94838906714378268  0.95831358760920249
  0.96834445369086808  0.97915936476562671  0.98964896585798368  1.00000000000000000
 -0.00166272280036108  0.00621742805280233  0.01354078635452250  0.02088556178636762
  0.02861040736850917  0.03632041340606945  0.04394298557139206  0.05165136049154370
  0.05943797477612351  0.06718893718008508  0.07499247187082796  0.08324584807348491
  0.09234644177229560  0.10173768195108747  0.11145799409999455  0.12146426540605812
  0.13192438834983139  0.14276652559566400  0.15298992206765089  0.16309343845011007
  0.17304923002535802  0.18371664868123067  0.19483111303308737  0.20623890380499124
  0.21742861298878571  0.22892377720499532  0.24059350936762433  0.25162692086046917
  0.26286729660048136  0.27408726221886265  0.28584480333686746  0.29734403525038311
  0.30820125919249552  0.31855677943626298  0.32856720153924707  0.33851238265228056
  0.34898127889505315  0.36118893352988662  0.37396188714960549  0.38645608312958601
  0.39826490018048855  0.41061505074345150  0.42290907057682164  0.43486762975378179
  0.44753210751918043  0.46034252761782918  0.47345321526653483  0.48657840984072703
  0.49958558965653838  0.51270257582893919  0.52543306770676235  0.53807521138979952
  0.54983489689622345  0.56168601504804039  0.57317861388635249  0.58487150727861015
  0.59663079307390321  0.60824194834508638  0.61995123732565227  0.63134863618260284
  0.64243085795151722  0.65344602875091362  0.66486358559724124  0.67595791471082878
  0.68721264379750924  0.69927406762363231  0.71274237476948166  0.72660274226513655
  0.73995801403426043  0.75276708149569416  0.76561001502608994  0.77783853817470905
  0.78950143093973679  0.80054421653082097  0.81114630268991883  0.82152597768516555
  0.83207313467775901  0.84328076752496173  0.85476291880928379  0.86591074967332138
  0.87662540818527013  0.88684063302773930  0.89635531840397764  0.90505482385006553
  0.91324271978783389  0.92161717578681790  0.93056237637308403  0.93988090363803023
  0.94899881235918881  0.95734643865154945  0.96486976180451800  0.97185379726064736
  0.97911920982752887  0.98616843471337179  0.99307483496248494  1.00000000000000000
 -0.00181932549009978  0.00766188708119793  0.01733803137295253  0.02796658359898264
  0.03959762288654695  0.05036399240164967  0.06112459855878685  0.07230768596766979
  0.08314694367561422  0.09385118450606847  0.10441159634747708  0.11637413879843747
  0.12878108809726543  0.14020363539861225  0.15083981543810335  0.16159140253285220
  0.17257457899718423  0.18314767056891101  0.19348037298856094  0.20440168285256652
  0.21560835606338619  0.22649249364493457  0.23697141233930052  0.24703824065745608
  0.25717153679501392  0.26774021695690886  0.27913054381430685  0.29055370939943315
  0.30134495004299061  0.31188669849221140  0.32193709406781040  0.33130100020180031
  0.34039609609055554  0.35010707297287613  0.36111689144457915  0.37296513620582811
  0.38463441193501430  0.39598725988769640  0.40729480588876132  0.41814796831940626
  0.42823815108000435  0.43819533400980187  0.44842723174539950  0.45814832302111974
  0.46718540312436369  0.47622034958686893  0.48674565370261358  0.49766879819831650
  0.50824318003077884  0.51818974069030499  0.52796576947640905  0.53840163232001326
  0.54986276987121829  0.56168360008405582  0.57315859803143943  0.58424380601608739
  0.59561090450832788  0.60746332624088883  0.61897978964861755  0.62990353307610314
  0.64036948856819087  0.65086137841707015  0.66200600614688132  0.67305893857415500
  0.68401835940840272  0.69492474956548944  0.70621690619759092  0.71815380807966533
  0.73009439897075712  0.74120182614361230  0.75189665162334096  0.76321347673500683
  0.77536970904408098  0.78764036089944123  0.79898163434985947  0.80887986390709621
  0.81865128458156700  0.82840223755510822  0.83798291907230915  0.84648500075869337
  0.85505948279604660  0.86378270276439895  0.87283363305734629  0.88191918831199634
  0.89140802416326537  0.90142924222428367  0.91126990948209796  0.92088113381914305
  0.93052141144028044  0.93998580634773332  0.94917178044787065  0.95809672460262674
  0.96736384380358709  0.97784031269688321  0.98842560851424022  1.00000000000000000
  0.00050788608100482  0.00864063229646084  0.01686777615512455  0.02485219417525256
  0.03237426459369042  0.03935775616066437  0.04623424431892233  0.05320202843970899
  0.06075910145839067  0.06952880281549877  0.07861388050556369  0.08821549290303463
  0.09751984414708394  0.10599679936361682  0.11410516270547851  0.12225886001090144
  0.13141566333508792  0.14181643277789882  0.15297246459836666  0.16388491058676521
  0.17358697944176416  0.18293095194719608  0.19247994673185928  0.20327334895832580
  0.21459167604891405  0.22567205213125313  0.23632867772891958  0.24658094505541864
  0.25718342755377821  0.26843468416611121  0.28007506687045319  0.29146335424579461
  0.30343126826757960  0.31535336936822383  0.32658738094629514  0.33798855107414866
  0.34890843487154777  0.36142867196371292  0.37397860014307244  0.38558770850796659
  0.39716936583818407  0.40928890592621825  0.42144499312090156  0.43354251071798117
  0.44636080717356325  0.45977325091865390  0.47342181281591789  0.48793257841650750
  0.50303515904092810  0.51737554040174827  0.53017577320120812  0.54161404745512409
  0.55232662794641507  0.56373927421977643  0.57601803620707859  0.58855605985509929
  0.60076909504777942  0.61330151537044719  0.62592047730264389  0.63856322497880380
  0.65175185414960524  0.66473755513999488  0.67639542603867941  0.68736879229969017
  0.69851575076814654  0.71070964057238450  0.72296970840730779  0.73504131250733973
  0.74658135498876610  0.75722191199132205  0.76738831201716962  0.77800813470804076
  0.78950295744127286  0.80133226209700326  0.81350426588798308  0.82601678337780127
  0.83784241520375147  0.84853073333133511  0.85850130379378531  0.86786728552155035
  0.87660152789014878  0.88488363592718200  0.89343109471389470  0.90244908261372414
  0.91179773693065891  0.92092226633386365  0.92964664805875019  0.93820025459848011
  0.94637497625209344  0.95390631835874118  0.96175528782685205  0.96949633747820696
  0.97772296645726087  0.98569079895989631  0.99297024943162637  1.00000000000000000
 -0.00348875809490457  0.01385465853657812  0.02707617223325861  0.03979582031737381
  0.05160943761100863  0.06324850007824918  0.07458059583802991  0.08580900308171403
  0.09712635765842599  0.10863564099226608  0.11980122313534146  0.13008545037759742
  0.13992485853397682  0.15019511772796709  0.16125200851252802  0.17193187783385447
  0.18222362056620048  0.19237759345823918  0.20234951744990337  0.21244427679408356
  0.22261313015603387  0.23315818163896443  0.24323764722158570  0.25308352351936692
  0.26348147330766009  0.27397816724833712  0.28447789757583625  0.29495738448335596
  0.30542481521101472  0.31627617703121236  0.32726731937789461  0.33868412576198181
  0.35045068520653982  0.36173560352150269  0.37255070250423500  0.38268757193547176
  0.39222930778191234  0.40235324513243342  0.41303985400039955  0.42410373882142488
  0.43477830871261153  0.44473716000980673  0.45442563589164559  0.46412424695832966
  0.47343778493657585  0.48280641426033649  0.49092279798539151  0.49932104457904281
  0.50766728047916287  0.51732153031633143  0.52744384260846966  0.53796606198283936
  0.54876423127728591  0.56038232634172247  0.56993349126574588  0.57970476453596120
  0.58902762750526327  0.59939286582138052  0.61100123347491042  0.62293306321142738
  0.63435570669111452  0.64555536178306594  0.65681620222799975  0.66814461570315620
  0.67890695497494613  0.68989706568499642  0.70117796641537700  0.71300023832296311
  0.72460135910176937  0.73625647287820140  0.74746048609409710  0.75819991149141963
  0.76831423986715564  0.77850537359927130  0.78839775154785086  0.79841921719692677
  0.80853879754460167  0.81846554732374455  0.82797202387627711  0.83799005643992119
  0.84875760408168677  0.85950233780259855  0.86882953479968406  0.87838977101620341
  0.88866630439438044  0.89949862469134323  0.91050369106316797  0.92082606924097787
  0.93067106158412294  0.94063803985197914  0.95061784365840052  0.96074359636142126
  0.97099565837763602  0.98092337535713214  0.99071063743033638  1.00000000000000000
  0.00013873967292780  0.00790515677416018  0.01521362019591775  0.02219827670115661
  0.02904616849157614  0.03720641709901652  0.04551044545100749  0.05422540247579230
  0.06197412970514581  0.06945733362605921  0.07704136041620753  0.08605643136869824
  0.09656544891311909  0.10771294992000535  0.11844061321261416  0.12861118122522586
  0.13838003207688745  0.14819564971449073  0.15851377675152295  0.16915680060685795
  0.17982866985176632  0.19049743817205153  0.20132033818071440  0.21167211357292628
  0.22183765435867309  0.23167723122855755  0.24145925218750344  0.25150919673909949
  0.26252808941823824  0.27449353819319389  0.28629975434312044  0.29752838077938293
  0.30827343480487379  0.31883534517313639  0.32962058352933454  0.34076361816298478
  0.35152276208476413  0.36171928877706971  0.37208882674720561  0.38316929923678178
  0.39486312730281725  0.40679139871542269  0.41860555333236410  0.43016930361007200
  0.44120839484145435  0.45266858278218230  0.46340222129470088  0.47353035139335581
  0.48369872279232395  0.49450920329192671  0.50613985888068291  0.51857205388471306
  0.53136475478828626  0.54351014836066947  0.55507067789676667  0.56661848169906082
  0.57847547078495831  0.59086972948115968  0.60342052162697979  0.61549563027890897
  0.62668518899931269  0.63692166700428055  0.64707782933239832  0.65778655934138563
  0.66948863028786754  0.68169382404056134  0.69443358471404093  0.70712971687681969
  0.71991984243591078  0.73209738844493122  0.74345547790121813  0.75450296575521847
  0.76556305001411440  0.77588899919238197  0.78642398882400899  0.79842503859207503
  0.81163853833500377  0.82459671150669778  0.83675599868613693  0.84765430823977694
  0.85719622257646244  0.86631803487198411  0.87558005859276433  0.88526007742014534
  0.89541956322715355  0.90582601864029488  0.91581997584379393  0.92517096787047248
  0.93440603128773669  0.94415867827792588  0.95400858457147653  0.96327494697850036
  0.97225007698548760  0.98136833033830184  0.99073033163455970  1.00000000000000000
 -0.00269128927654028  0.01026320314170665  0.02095309231405417  0.03128742795710071
  0.04184323043239614  0.05251972822130641  0.06294866390267184  0.07295188128800482
  0.08277919570470310  0.09326155823149232  0.10501819398143566  0.11791459959477138
  0.13224050108538568  0.14534953758290822  0.15556262032918414  0.16499946390695786
  0.17549322540107448  0.18608895652811455  0.19648357285177503  0.20664740282420241
  0.21796326446641995  0.23030868476017408  0.24228239428666998  0.25309122413730067
  0.26333995458429893  0.27380794831192168  0.28471352718658272  0.29605465460963171
  0.30727529150633520  0.31850264750555762  0.32957942682996766  0.33986736390806460
  0.34980265571471486  0.35978229112365473  0.37016602137812782  0.38082785406596598
  0.39099770965400538  0.40130296451227415  0.41203496769587283  0.42307091217481479
  0.43471848371093080  0.44631251171278052  0.45782198304966443  0.46912551409572117
  0.47967515698134239  0.48955372713863582  0.49913237194757376  0.50905429946039460
  0.51931258463032837  0.52901096280827198  0.53823916086478152  0.54767571668234338
  0.55727000884999300  0.56644951711647595  0.57548882575455385  0.58501851762347179
  0.59509579491881703  0.60520893139866350  0.61502015578922153  0.62430739082685527
  0.63340706589312445  0.64273856517706385  0.65261285530954982  0.66329766009765190
  0.67355814444864093  0.68312651731583673  0.69203586793207961  0.70111536368897920
  0.71034436359995401  0.71956115521758579  0.72876395896064883  0.73843865810422182
  0.74908059119494286  0.76021583653117264  0.77149937084658293  0.78325296961924029
  0.79517409999439204  0.80691676945280366  0.81843822854474224  0.83016046850072778
  0.84139009923662367  0.85326033419638003  0.86536861242219731  0.87727043114758385
  0.88695023835238518  0.89599485811864432  0.90537133057994479  0.91551365902863191
  0.92632580817699628  0.93684359909243753  0.94800217160968181  0.95947995835169808
  0.97043271461050273  0.98052732994065095  0.99003449778729047  1.00000000000000000
  0.47901142561896681  0.67439523977345384  0.69488453117143256  0.71094345371692069
  0.72538541682689184  0.73769458948679567  0.74900822243423248  0.75916314693256570
  0.76796146683786304  0.77539504562117390  0.78233352159963010  0.78919393809074179
  0.79588338772774581  0.80204721782205157  0.80829628083987315  0.81425089193511113
  0.81940664032385813  0.82421807430971583  0.82911242589872924  0.83396919844297845
  0.83869037657250523  0.84312523487751467  0.84724794604298814  0.85110414449517502
  0.85471323458207482  0.85807670853407958  0.86139280295044851  0.86464342357006407
  0.86780931239974191  0.87088434631579870  0.87395905516282713  0.87701458061762505
  0.87981319967662353  0.88253092829869539  0.88516743526647257  0.88765796844045353
  0.89024766201914041  0.89284858012924917  0.89538335291199567  0.89771839888378346
  0.89986271854065736  0.90192739031625047  0.90395687513313239  0.90592619376152628
  0.90787320241949820  0.90985347574333775  0.91177910179937860  0.91368879100241240
  0.91553468088938139  0.91733532885284319  0.91909606767732721  0.92087320818804097
  0.92267716998236715  0.92450311034794652  0.92636253774851995  0.92825093888517263
  0.93014443051835582  0.93199724720241672  0.93374316223021847  0.93535950768517928
  0.93691394462078847  0.93847010950166210  0.94006362802678867  0.94167325780681688
  0.94331126706702451  0.94492266541972225  0.94648750156007899  0.94807068097239322
  0.94969122952052620  0.95128137471195695  0.95289831410573089  0.95438347327029083
  0.95585899827329091  0.95727958492750720  0.95876174471772202  0.96030980111362307
  0.96187439332941527  0.96348169000192940  0.96511459183219372  0.96663266033655115
  0.96816816606180223  0.96979717069163918  0.97150866072234776  0.97323102663203487
  0.97491203395554948  0.97656934318996713  0.97826717145509723  0.98003865024453607
  0.98195659383825928  0.98401687375591262  0.98602262967342114  0.98813982323731386
  0.99034705364955899  0.99277092349876195  0.99579765615319049  1.00000000000000000
  0.00020626608814652  0.13129816599112773  0.16054086289682795  0.17870446550981017
  0.19316290831035204  0.20659156812975588  0.21922564883808407  0.23157505221553309
  0.24284141097906903  0.25229150722026589  0.26104995372864498  0.26879522620092250
  0.27747468110682094  0.28623916488436979  0.29529555340980240  0.30434641879817176
  0.31321829579356569  0.32150936116567558  0.32935895650644181  0.33696254765243971
  0.34462018741600120  0.35254533055799669  0.36029865377093945  0.36773429214376940
  0.37506866394939464  0.38219151886302904  0.38895115881719788  0.39517729351400371
  0.40094009149261284  0.40653187650611189  0.41192077702612406  0.41727250518243775
  0.42271690649320920  0.42833334645119703  0.43406446991139658  0.43950549789961257
  0.44451595930066112  0.44945630742240106  0.45452780992579295  0.45950586676981187
  0.46476537788732214  0.47024320378869744  0.47581518231822589  0.48150747978080416
  0.48662953826756972  0.49174753746713612  0.49695357555083708  0.50232857424771815
  0.50760895416246898  0.51314939273894355  0.51862248449578052  0.52389863880800003
  0.52881231114957328  0.53352646259381376  0.53837190803308965  0.54338685412281207
  0.54843108853564593  0.55335111723548469  0.55807885801841528  0.56263078839841207
  0.56706130714554992  0.57150912494155492  0.57639107135056444  0.58231707481250039
  0.58832218917702572  0.59432529505040887  0.59993599609729276  0.60521562103613724
  0.61053186257987291  0.61578108538489862  0.62134006469947534  0.62746884921137647
  0.63450553585775404  0.64149511446712359  0.64852743514695799  0.65540878610927111
  0.66249966187134979  0.66936353779307112  0.67605152929313539  0.68294466868496539
  0.69039069215109605  0.69852834040967893  0.70639854760525200  0.71405428471337862
  0.72212975917413635  0.73140999689249553  0.74173481999123048  0.75264429426105350
  0.76378213888830260  0.77562354236627606  0.78857566450203609  0.80493405710972565
  0.82428508575434145  0.84629555362427200  0.87600102605140073  1.00000000000000000
   4.9385129357799374E-011  -1.0000000000000000     
 F F F F F F F F F F F F F F F F F F F F F F F F F F F F F F F F F F F F F F F F F F F F F F F F F F F F F F F F F F F F F F F F F F F F F F F F F F F F F F F F F F F F F F F F F F F F F F F F F F F F F F F F F F F F F F F F F F F F F F F F F F F F F F F F F F F F F F F F F F F F F F F F F F F F F F F F F F F F F F F F F F F F F F F F F F F F F F F F F F F F F F F F F F F F F F F F F F F F F F F F F F F F F F F F F F F F F F F F F F F F F F F F F F F F F F F F F F F F F F F F F F F F F F F F F F F F F F F F F F F F F F F F F F F F F F F F F F F F F F F F F F F F F F F F F F F F F F F F F F F F F F F F F F F F F F F F F F F F F F F F F F F F F F F F F F F F F F F F F F F F F F F F F F F F F F F F F F F F F F F F F F F F F F F F F F F F F F F F F F F F F F F F F F F F F F F F F F F F F F F F F F F F F F F F F F F F F F F F F F F F F F F F F F F F F F F F F F F F F F F F F F F F F F F F F F F F F F F F F F F F F F F F F F F F F F F F F F F F F F F F F F F F F F F F F F F F F F F F F F F F F F F F F F F F F F F F
  <DiscreteSampler_grid>
  grouped_processes
  1 # 1 for a reference and 2 for a running grid.
  10 # Attribute 'min_bin_probing_points' of the grid.
  1 # Attribute 'grid_mode' of the grid. 1=='default',2=='initialization'
  0.0000000000000000 # Attribute 'small_contrib_threshold' of the grid.
  0.5000000000000000 # Attribute 'damping_power' of the grid.
 # binID   n_entries weight   weight_sqr   abs_weight
    13   10   2.341382805007552E-009   2.206621247031175E-017   2.341382805007552E-009
    16   10   2.341382805007552E-009   2.206621247031175E-017   2.341382805007552E-009
    22   10   3.154077562424941E-009   3.882475015164053E-017   3.154077562424941E-009
    25   10   3.154077562424941E-009   3.882475015164053E-017   3.154077562424941E-009
  </DiscreteSampler_grid>
