  0.00318214223299470  0.01311140363411822  0.02412411214370984  0.03225630486414027
  0.04017859042476535  0.04818451727137558  0.05581971215256868  0.06502976686099926
  0.07577548657674867  0.08631316948082457  0.09745219001285345  0.10798020113245353
  0.11938705115942866  0.13099382042113220  0.14297631769385849  0.15462716049412945
  0.16602100411417137  0.17601073895992861  0.18576625166803082  0.19634789576086353
  0.20846109846362107  0.22077130988221327  0.23213047689015573  0.24339042384428516
  0.25504119331908082  0.26737388649309979  0.27960032249031919  0.29101268255201207
  0.30206742660146402  0.31319935971044660  0.32496845638330824  0.33624057847404681
  0.34831901477527150  0.36061592549847221  0.37226738136130499  0.38367203830892471
  0.39573791418269844  0.40704009821616149  0.41813692774151900  0.42827350704723022
  0.43937957166991332  0.45032723469379243  0.46119936826731972  0.47156693385762705
  0.48271099262210332  0.49498578332076504  0.50674167157012762  0.51669931006911940
  0.52625929097995872  0.53360594238464820  0.54013225417308086  0.54751068684629345
  0.55498199915237045  0.56283505273753820  0.57369270275894835  0.58501589419697109
  0.59554943706655072  0.60587748390393958  0.61529974619143657  0.62455537124050053
  0.63299989451832783  0.64204885469407891  0.65273494750633776  0.66547518043444598
  0.67791858225604895  0.68913623317157080  0.69931863672137085  0.70925437945396841
  0.71934315914012426  0.73042046254208159  0.74123482785138739  0.75231656319817108
  0.76301173179618675  0.77284518468715602  0.78215103010621234  0.79153757902246891
  0.80122128128128400  0.81039608588076895  0.81934360036114740  0.82872001097741133
  0.84014979970461645  0.85352914953827275  0.86581771302040234  0.87842051072774008
  0.88922253633099957  0.89902513338465040  0.90876013994894234  0.91962709451824798
  0.93248102589298953  0.94537477700930261  0.95761192146245211  0.96870905807693231
  0.97722752861632911  0.98490799499133763  0.99242651758050249  1.00000000000000000
  0.00259214445022027  0.01726224097303203  0.02752720264909680  0.03729258834691979
  0.04732277076101708  0.05718744991187111  0.06679316356910413  0.07528161479392853
  0.08337631759211651  0.09159145429896845  0.10049455267518760  0.10953207439591627
  0.11835435988024198  0.12871054398251316  0.13824520275095314  0.14716566166502371
  0.15596571072972160  0.16444422332931879  0.17326831179299354  0.18287160982585116
  0.18964774812379975  0.19671754818699938  0.20417235217286794  0.21192253471845474
  0.22147592845155467  0.23376014835555162  0.24560204208965897  0.25687959164193530
  0.26762129753680447  0.27692861088006099  0.28718417296450316  0.29637261415533928
  0.30643146727699971  0.31830299448348198  0.33053274039215147  0.34305934559242862
  0.35488377944698590  0.36477764733800261  0.37531278674537710  0.38699802346544249
  0.39972051837456213  0.41206547126919835  0.42488538523506042  0.43716419393671935
  0.45001147835382493  0.46165647311889024  0.47337533578298197  0.48501957990593081
  0.49576057127442580  0.50910528078400241  0.52195704174507729  0.53424699795702391
  0.54583760116998981  0.55646885838046445  0.56695558724527728  0.57785777430704877
  0.58959776015451693  0.60256430313647191  0.61453207140916077  0.62437341409161751
  0.63276402843332757  0.64140176933113047  0.65107032208451798  0.66316733357275959
  0.67462485870216593  0.68551458149374400  0.69615279649734618  0.70714481789459915
  0.71886821832860048  0.73134252481643791  0.74332987482558266  0.75415480963115622
  0.76509764098000044  0.77668863516442066  0.78856641383294301  0.80094618028592734
  0.81223222429468778  0.82192498742583320  0.83098494198375950  0.83993395920826142
  0.84892815242861119  0.85814745719020857  0.86845794874024862  0.87855540037568569
  0.89009995659315078  0.90093869245055658  0.90945302653249427  0.91713009964858672
  0.92429179492037672  0.93125690037511510  0.93975578768353640  0.95135678496430154
  0.96193326665553058  0.97197909904875968  0.98239616931377027  1.00000000000000000
  0.00000510947630937  0.00000743391296706  0.00000772716235128  0.00000807654656615
  0.00000854863844619  0.00000894780418480  0.00000929241544057  0.00000962038757832
  0.00001006735507367  0.00001056789677479  0.00001110686946988  0.00001158062313182
  0.00001204766728213  0.00001236721105988  0.00001267561823738  0.00001297652686342
  0.00001329689374307  0.00001371535548013  0.00001423937757172  0.00001490626267692
  0.00001564975597590  0.00001648755594677  0.00001771898237726  0.00001913341476641
  0.00002048417716974  0.00002157534303850  0.00002273329553526  0.00002379511183169
  0.00002478860293748  0.00002615036627375  0.00002757054065453  0.00002924094215512
  0.00003083505206582  0.00003264738283161  0.00003459115240584  0.00003660046524401
  0.00003902045301065  0.00004159731302483  0.00004426076181423  0.00004745976017444
  0.00005075605209835  0.00005458765192049  0.00005947604441760  0.00006480364258345
  0.00007088354251402  0.00007938138938138  0.00009029940227314  0.00010407279142195
  0.00012020376524289  0.00013766488878092  0.00015620946220553  0.00017672594899364
  0.00020071746765105  0.00022801100728602  0.00025574611708201  0.00028192896769387
  0.00031147058751909  0.00034461230122615  0.00038522887880438  0.00042998908598600
  0.00048064173088213  0.00053893225580751  0.00060492976721599  0.00067815318710144
  0.00076273179878083  0.00085873895202009  0.00096830285229864  0.00107414980562454
  0.00117845820985967  0.00129569677899434  0.00141398631972558  0.00152736575717154
  0.00167141767416275  0.00182852040621296  0.00199607185479756  0.00219281742699586
  0.00240897843550836  0.00263170744265622  0.00279553856975044  0.00295604162635785
  0.00316707702267542  0.00342413317168459  0.00368611954286172  0.00421161387338076
  0.00491506855946678  0.00545028503660468  0.00598937579951894  0.00665974704606772
  0.00745953461471338  0.00948967013206524  0.01171893882641209  0.01378835093301068
  0.01538534547145787  0.02109161662953339  0.04921312170080033  1.00000000000000000
  0.00000549157643052  0.00000899837059066  0.00001076228375754  0.00001110948217263
  0.00001158659848756  0.00001196693770680  0.00001235115305219  0.00001271905025635
  0.00001308907160641  0.00001343955840771  0.00001370418276352  0.00001400263291180
  0.00001457733692231  0.00001551200673699  0.00001640681350954  0.00001725626817310
  0.00001797004222205  0.00001864067410529  0.00001957958310291  0.00002055561784120
  0.00002151120713408  0.00002243940669406  0.00002335985480149  0.00002430691708493
  0.00002532822377494  0.00002662721714793  0.00002821817409984  0.00002974430709529
  0.00003121042216960  0.00003266289346714  0.00003419165788804  0.00003582815876172
  0.00003777245376302  0.00003987180039132  0.00004216030094547  0.00004493228541564
  0.00004821358270965  0.00005186932238969  0.00005568639568376  0.00005952044222997
  0.00006376066721632  0.00006831157058110  0.00007395014722555  0.00008161587247429
  0.00009024948580234  0.00009894666652842  0.00010844285302560  0.00011967405221084
  0.00013268586799245  0.00014714223892822  0.00016269417978037  0.00017931642043576
  0.00019845569603033  0.00022053773464862  0.00024586409599444  0.00027707912562311
  0.00031269604918610  0.00035111148537155  0.00039368545171806  0.00043994259368895
  0.00048498835408292  0.00052862865862476  0.00057940175000771  0.00061907951082133
  0.00065893712255179  0.00069952568725412  0.00075885838044173  0.00083852336929103
  0.00093002037303863  0.00102417942538819  0.00111668869174012  0.00119489451688992
  0.00127012721867881  0.00135647984648787  0.00145842613872659  0.00156517929482718
  0.00167532388077158  0.00179470810412252  0.00192297040996915  0.00208052713074788
  0.00225296682412488  0.00243423857843587  0.00259958106117772  0.00272398011570247
  0.00286049676675401  0.00301189667529780  0.00316930860801364  0.00332641220493960
  0.00350946554947579  0.00377107110829639  0.00415692373591057  0.00469447108202562
  0.00526546500420398  0.00604712725014676  0.00729731274389961  1.00000000000000000
  0.00001105206996956  0.00001134332582515  0.00001164208851935  0.00001187994050337
  0.00001199811195401  0.00001211628340466  0.00001227199081174  0.00001243944982461
  0.00001260609959636  0.00001276372916904  0.00001292135874171  0.00001321976340425
  0.00001372501433853  0.00001413675567840  0.00001452012127755  0.00001488822107700
  0.00001527138235871  0.00001565882708352  0.00001610233309385  0.00001669002276105
  0.00001733800114322  0.00001806860842059  0.00001880241598788  0.00001958430005322
  0.00002053850562610  0.00002166016877437  0.00002280309376958  0.00002397826063697
  0.00002520395098055  0.00002675130743085  0.00002898908507892  0.00003108726685073
  0.00003342326356270  0.00003594094529969  0.00003884404016698  0.00004187959746654
  0.00004526583557063  0.00004913609625292  0.00005347404398232  0.00005801297291482
  0.00006262416830990  0.00006765018402932  0.00007330774781504  0.00007954827805256
  0.00008676201431972  0.00009554539631278  0.00010504427588310  0.00011480902242043
  0.00012542929045672  0.00013745881676042  0.00015139540349069  0.00016838487118722
  0.00018757444208006  0.00020794914961504  0.00022849671646258  0.00024975840464354
  0.00027259043090543  0.00029865073753802  0.00032824524628628  0.00036320336506137
  0.00039957391125268  0.00043827042662902  0.00047700669814154  0.00052197153993539
  0.00057503488673001  0.00063945973198446  0.00072053354863788  0.00081855160344634
  0.00091340923177825  0.00100903504878410  0.00111271316825458  0.00121330827382023
  0.00132877217634740  0.00147298215559024  0.00163486879313713  0.00180204723494440
  0.00199406470358856  0.00219192267322697  0.00235692662663401  0.00251316932237821
  0.00273235014806534  0.00297129746610136  0.00326734163540767  0.00369349057921689
  0.00404607995142717  0.00445691834949546  0.00497589817733076  0.00556494620907698
  0.00626818133549353  0.00722903339118537  0.00821068390206703  0.00922172856396479
  0.01055102599292143  0.01316922825841146  0.03676257006415676  1.00000000000000000
 -0.00421397151583973  0.02164551310350623  0.04053860229844512  0.05737506146436750
  0.07424338622301795  0.09194378899625320  0.10816375675661760  0.12428467769587712
  0.13858573994857193  0.15353967609071234  0.16751171449750218  0.17872029789865645
  0.18882366708503098  0.19771428990905057  0.20739351642311318  0.21816794958078345
  0.23176550530149076  0.24949113908682910  0.26599421020282715  0.27943446195745092
  0.29021410441503404  0.29845363877376924  0.30755623437656310  0.31580080312543674
  0.32224888004127716  0.33105790300578114  0.34012035529170853  0.35186690747613542
  0.36424406481401134  0.37759354989395338  0.39113750414651854  0.40384507876546200
  0.41592307382980054  0.42871253109699364  0.44179351329813210  0.45447093619890505
  0.46530748739348343  0.47596822536242722  0.48714559022763487  0.49864971245972206
  0.50966886292988745  0.52011720671777273  0.53071316603379293  0.54123744999405521
  0.55158832582974016  0.56270020774722862  0.57380491150062640  0.58404081471720870
  0.59388905791228563  0.60355711845507887  0.61436797240817964  0.62423685099489923
  0.63332294950353252  0.64228637445933845  0.65127207516761321  0.66077991190150942
  0.67043830489497458  0.67862167336709345  0.68696933609713351  0.69501564967804463
  0.70307910969165821  0.71106818414521711  0.71950635273715757  0.72842111288991962
  0.73858563030244062  0.74943516851988456  0.75977845873906535  0.76939041967240274
  0.77872395960934049  0.78810006734296800  0.79801028548561670  0.80761052206828643
  0.81628527043620103  0.82438247408427212  0.83188731249184389  0.83927630415123422
  0.84724349288947209  0.85569525151619785  0.86407529983639497  0.87175538089424531
  0.87910385972373672  0.88587773662749014  0.89252236139833252  0.89923718286863741
  0.90569795478741777  0.91277597410512346  0.92077060885894246  0.92819838798203913
  0.93602618362461953  0.94364620905551833  0.95205981773804027  0.96159795214045529
  0.97130184936688768  0.98054890586978671  0.98978909242753244  1.00000000000000000
 -0.00250437781093555  0.01019233875007842  0.02121594726627755  0.03183910066146918
  0.04273752926761153  0.05367720282919660  0.06478889747774418  0.07435361838947521
  0.08412156972356355  0.09651932494917000  0.11044975397564347  0.12378280349050894
  0.13589464962084144  0.14726193543116506  0.15823724613097997  0.16841607583733520
  0.17854696747578205  0.18815728887171845  0.19698989823407395  0.20560974220638165
  0.21564615004967930  0.22670810572949171  0.23912504603257584  0.24989358016557098
  0.25728121001022580  0.26343868306248558  0.26865082748385843  0.27402092989936760
  0.27951923167571691  0.29054257779039017  0.30132167438856888  0.31219101334275268
  0.32232739102620295  0.33151442463592062  0.34054723095709660  0.34962062552548345
  0.35877680945728246  0.36837512318834209  0.37845428974944939  0.38983453825525566
  0.40130617764705528  0.41071975141148165  0.41858677218923973  0.42616270954678692
  0.43431323646861997  0.44408286038411365  0.45475060887433622  0.46676616960390838
  0.48064008966027127  0.49487012926535123  0.50938523467284114  0.52235719511898782
  0.53422758768985046  0.54625716907356558  0.55839914914443967  0.56938628611969344
  0.57877952955712197  0.58746284878836819  0.59730240753564212  0.61093579526886932
  0.62412320187194947  0.63416831696985398  0.64267189711702466  0.65135533797795786
  0.66018335175241971  0.67040124772532916  0.68114246484600760  0.69431146700760871
  0.70705225746155409  0.71801725311579401  0.72768729544817390  0.73695368412260231
  0.74600410953263518  0.75538289678464920  0.76542319383574398  0.77577847532133759
  0.78656723102592196  0.79703641390669300  0.80809445488767440  0.81989907052592204
  0.83252331119835488  0.84505134001128024  0.85770461683613142  0.86895237704054729
  0.88031794259228213  0.89250655554982206  0.90655268247328935  0.91930280396845832
  0.92953426601148170  0.93849495418668505  0.94670335634332536  0.95721733253997854
  0.96875554762119320  0.98022390764416956  0.99019984816477813  1.00000000000000000
  0.00078835691315858  0.00175559363586774  0.00272623307820943  0.00382733704297418
  0.00611717219908089  0.00833783070282564  0.01126380978387920  0.02276545409112845
  0.03517684072774626  0.04491134409160049  0.05416406751466334  0.06261165408378379
  0.07381325453477540  0.08504064261311753  0.09658187559884049  0.10676830460798101
  0.11638489985580801  0.12649538288368398  0.13770687412575958  0.15067387709578930
  0.16331531809171579  0.17549482110464062  0.18590985322600348  0.19604213304139265
  0.20638798199532393  0.21800217332298133  0.22948881493996709  0.24214550818604505
  0.25680134687158951  0.27247126329889831  0.28631173572100588  0.29905705937471777
  0.31179635277770201  0.32490343780434910  0.33791020646907177  0.35038953003603562
  0.36202205926789205  0.37335135670889141  0.38504112759588827  0.39670411269496797
  0.40803149794386451  0.41762599653844812  0.42754312656480536  0.43807017283880478
  0.44872653248829669  0.46044110601715887  0.47269819580974376  0.48485316010264695
  0.49559333591529992  0.50642027396389444  0.51639042126319523  0.52648577792914897
  0.53675864220561187  0.54709416449673665  0.55883868051790331  0.57202811056331382
  0.58563014385106615  0.59905810273801274  0.61218184611665871  0.62483670717179096
  0.63734884519449075  0.65072195722189763  0.66472096151402082  0.67719372372055253
  0.68757298427652946  0.69684998177099600  0.70642749004635652  0.71703542004196030
  0.72903402184872224  0.74115592392558749  0.75201806488859235  0.76397812886558836
  0.77610696538867108  0.78918199897801955  0.80204827845861892  0.81315246473260883
  0.82320369109111879  0.83285625984476985  0.84269268364590477  0.85303749954782504
  0.86378905327681887  0.87504951491170158  0.88624460858428267  0.89625593495146094
  0.90507763972055777  0.91391633023785646  0.92173340822627992  0.93050297459457854
  0.93932839575078797  0.94883226963746015  0.95641916051716735  0.96353804851616731
  0.97096372430903688  0.97747730249438347  0.98788591634065193  1.00000000000000000
 -0.00308207693925580  0.01371722356788197  0.02310004598429830  0.03135276161749665
  0.03970139623166259  0.04852306458183152  0.05765104088697979  0.06642074325978799
  0.07484726394052468  0.08575912560907320  0.09781723053709432  0.11021319797716644
  0.12240443047915966  0.13556070313436358  0.14820792343706760  0.15844844945641776
  0.16877529282353421  0.18058662189793503  0.19423780077944183  0.20730448713789351
  0.21983169264790592  0.23158284245893332  0.24263753789946749  0.25331665341092852
  0.26332235735991910  0.27469767391322003  0.28665769207888925  0.29841563855761138
  0.30888550834655981  0.31852184693468089  0.32765189909358439  0.33682364614831478
  0.34638184103983666  0.35634270253453004  0.36666249835119907  0.37664171160620741
  0.38658821133717586  0.39736112301019888  0.40824680791511664  0.41813572866586379
  0.42750045634006062  0.43698780437088669  0.44728886389216654  0.45763264684580585
  0.46727670059646204  0.47631226228809970  0.48538319176628403  0.49553116591149227
  0.50692817577185589  0.51837833828281177  0.52936162819636468  0.54072574873772195
  0.55320605095480446  0.56448601935962428  0.57446534042301367  0.58283269392509895
  0.59059459169835493  0.59624728002293137  0.60230523649858192  0.60822634702618061
  0.61446802508845300  0.62413386651652691  0.63357240058765185  0.64385010483233229
  0.65634792210529158  0.67220563953743495  0.68623457268426336  0.69831927454626386
  0.70890247866644474  0.71931325054776207  0.73109945070390603  0.74490868431530755
  0.75687839269566970  0.76741155981179343  0.77768158341531057  0.78744525765906936
  0.79958678544282080  0.81188307710987362  0.82398932264213354  0.83414417792473494
  0.84353904787008749  0.85280003520361958  0.86251130559354794  0.87289005481257842
  0.88293725288937186  0.89302203938474922  0.90415754122908887  0.91476458784584280
  0.92547546856530793  0.93630235807508921  0.94805670344966075  0.95916472412906140
  0.97029499895307558  0.98102620811468833  0.99092112775896590  1.00000000000000000
 -0.00303709316829914  0.01104872954404712  0.02319194901900257  0.03534132064663290
  0.04612692719699018  0.05518147083899159  0.06450172529130900  0.07438382308053890
  0.08513724756675960  0.09775850265355217  0.11094084916134246  0.12414208242058021
  0.13360400062414404  0.14041533539664780  0.14745230959189110  0.15434534390779461
  0.16487194576547251  0.17653366734612141  0.18707771139396023  0.19678718700292291
  0.20723252317422761  0.21919934942891711  0.23291352255795561  0.24540366837143968
  0.25632498621701355  0.26802377346168738  0.28026338882521318  0.29355235255192547
  0.30747550198630857  0.32043987628546766  0.33212808920334103  0.34269773036622142
  0.35346940937511934  0.36426580712086404  0.37580978660881992  0.38686394561878334
  0.39649483642830280  0.40473939266137182  0.41246159052178116  0.42085427827349875
  0.43048411395704655  0.44071880273969538  0.45055503500077737  0.46004042381854304
  0.46975899416319500  0.48006284037782904  0.48950361924193525  0.49779091018205590
  0.50647455863464830  0.51519310156873233  0.52436349615717559  0.53466694079525601
  0.54446698520565351  0.55396733215325644  0.56498910085606935  0.57734599322565339
  0.58893207159253169  0.59930314075857094  0.60949519081850867  0.61982865469335946
  0.62936931076460578  0.63846689777846832  0.64833197103343565  0.65941758006787654
  0.67090608083381353  0.68191355644341767  0.69227458823667454  0.70240939115203416
  0.71227985423026274  0.72235085266681376  0.73246014357972411  0.74086500998098126
  0.74826355138567413  0.75576710333981789  0.76256415012709433  0.77037086991671555
  0.77885973109245088  0.78744184242513715  0.79710596191490346  0.80884072078881475
  0.82166177407421892  0.83451173766393605  0.84622593032422122  0.85928144734636180
  0.87209026762552444  0.88409685237214797  0.89567639815239930  0.90706611225266265
  0.91870418464929915  0.92930982219563940  0.93960955660860457  0.94993413325038412
  0.96153214445608337  0.97453273413494856  0.98741838393988468  1.00000000000000000
 -0.00010435204143535  0.00080739156964591  0.00126866786931383  0.00167801101624278
  0.00207194435250431  0.00245600549929862  0.00283367723519694  0.00320689924195280
  0.00357946708668570  0.00392017912109804  0.00426853795517758  0.00460821187933823
  0.00493666059958786  0.00527750327006398  0.00557685818824534  0.00583691873672362
  0.00609071652770067  0.00633007729139732  0.00656375539952349  0.00679500855617175
  0.00701846616545468  0.00727676167469050  0.00753640207156250  0.00780156106435279
  0.00808888924185003  0.00838856470635138  0.00873360314277028  0.00907187203270436
  0.00942563901915429  0.00970919230146618  0.00996904730806715  0.01021977607887021
  0.01048509655972320  0.01077528249661763  0.01110112551566783  0.01147642030404678
  0.01183900033968845  0.01224149863047989  0.01265588894027128  0.01308224183374737
  0.01353315008877429  0.01391769422823208  0.01429470487494120  0.01471555281106198
  0.01522756088832239  0.01559762361476056  0.01584245469772915  0.01605325431841125
  0.01625854903986478  0.01646853904898863  0.01668963721413205  0.01702877762414065
  0.01753023347417729  0.01816137456025108  0.01882515885288721  0.01949081305768218
  0.02027837383628189  0.02068149897764371  0.02108408483769342  0.02146226404009078
  0.02184044324248813  0.02213523981221492  0.02242463700277451  0.02314480781963804
  0.02379691479613140  0.02430075027447409  0.02479747004476027  0.02526455175910237
  0.02559605784399658  0.02583750114855985  0.02606885209847443  0.02638595274411277
  0.02671634846217181  0.02707157630632983  0.02780289744657483  0.02825940715681593
  0.02878615595404855  0.02924504347516948  0.02970451940101515  0.03016781577372121
  0.03063545061155440  0.03108630479404220  0.03194489498842858  0.03335549652345917
  0.03383068419744388  0.03428622508485329  0.03478965923372074  0.03560709161662355
  0.03629622360294298  0.03741031074756553  0.03975932715982455  0.04205272431259022
  0.04343584171958207  0.04498555097460113  0.05008399155598827  1.00000000000000000
 -0.00230869035040510  0.00998636063541332  0.02108245671632104  0.03523495272533452
  0.04933192119693470  0.06414574487357677  0.07958632791135467  0.09389468589884031
  0.10686727138337600  0.11947168316854757  0.13241856735397584  0.14519399466100516
  0.15740470704113743  0.16999323314956083  0.18515029887455722  0.20121859837934811
  0.21839301804669969  0.23468664519504107  0.25011883174029065  0.26510276537263977
  0.27930078584837820  0.29193681880550604  0.30368718050531185  0.31538860412019115
  0.32676344796818907  0.33687934138528097  0.34613741186264246  0.35596216435047490
  0.36689698000388821  0.37726420893285229  0.38760604329870391  0.39756434282803305
  0.40800369733427039  0.41830467226730966  0.42833400125302534  0.43823869796318998
  0.44769508329956370  0.45692851711945165  0.46612526683435646  0.47416899402286977
  0.48129710762812911  0.48768841907493760  0.49404567166158425  0.50106251587058326
  0.50880468313787108  0.51731473271228434  0.52436048495979037  0.53033811234733874
  0.53615209107555384  0.54221531655214983  0.54889299601612007  0.55692180619500931
  0.56539282270740532  0.57374975814081797  0.58180543026078380  0.58979963877006358
  0.59783753695563946  0.60570012843048404  0.61307458172694729  0.61973052085794178
  0.62632485923465775  0.63356323288577510  0.64120120063879094  0.64801553357811004
  0.65412718446025042  0.66070853954989051  0.66777420155420852  0.67513675694403863
  0.68293046536678448  0.69070674518107900  0.69880672598985882  0.70965204813337723
  0.72216666377743366  0.73384605463130470  0.74540975896337891  0.75638999299424159
  0.76597452854656722  0.77606666674275249  0.78773821556333878  0.80019015053088349
  0.81222788556956416  0.82353945971198617  0.83448129966586193  0.84429097096656092
  0.85581999613809745  0.86829553941188109  0.87984096825990621  0.89063136614310245
  0.90173049380687931  0.91498587950123245  0.92788317121967956  0.93973785890845762
  0.95178499054663057  0.96536928711183789  0.98079203890039057  1.00000000000000000
 -0.00015637346440975  0.00043375921572847  0.00075866380799515  0.00100935722420504
  0.00127356372525108  0.00153654372030953  0.00176489274120667  0.00196705577346293
  0.00215377293580799  0.00233484184789829  0.00251415789276131  0.00269486103663339
  0.00287134854313848  0.00304055529691824  0.00321144762696010  0.00340603554094083
  0.00361657146585737  0.00381493094429451  0.00399149430944894  0.00417651525624769
  0.00437949974559740  0.00459305241217914  0.00479737368776353  0.00498329397924352
  0.00516344163095655  0.00536337919377021  0.00559964077787667  0.00583057551758034
  0.00601259256290199  0.00619092328821069  0.00638061804685877  0.00661198044359588
  0.00688166932663108  0.00708163143621992  0.00727780062091386  0.00746871158220924
  0.00761695304178706  0.00778837223816137  0.00800776458588210  0.00828979083338090
  0.00860807039958747  0.00886660323990480  0.00907930190470082  0.00931037666716547
  0.00953896198639328  0.00974050298718034  0.00994764990108502  0.01016869937896519
  0.01041398055942298  0.01068125604895309  0.01089959606990177  0.01104837056585678
  0.01119726164619059  0.01134627426294993  0.01149533026874643  0.01164445677336879
  0.01179552324403235  0.01195343100695307  0.01216937417589455  0.01239790855341224
  0.01262761127741031  0.01285212335194795  0.01309896767030592  0.01339072216222613
  0.01372357603841402  0.01414050979111826  0.01543191385292658  0.01652567272617320
  0.01710281952575013  0.01756019843737428  0.01804563698050838  0.01859648905744100
  0.01911916627814068  0.01956724452597993  0.02006834880472351  0.02055817245930160
  0.02107243073447504  0.02136498046628675  0.02160628390308544  0.02195106334470923
  0.02239263853891887  0.02276670817039926  0.02306545403977956  0.02325572801926310
  0.02342712592683091  0.02357829738662827  0.02392476440967693  0.02404733989200069
  0.02417924575334829  0.02438586343263079  0.02536951427787956  0.02659385860195653
  0.03100927086534521  0.03238892265962369  0.03637791828384151  1.00000000000000000
 -0.00185912306109628  0.00960175283964051  0.01821482957472245  0.02547441683091173
  0.03387500915512866  0.04285735462604384  0.05290657568266714  0.06402035788476934
  0.07477983117806886  0.08577465857128760  0.09742068536367739  0.10866218947172029
  0.11918645043713780  0.12899726626676730  0.13866420849805780  0.14873588751547448
  0.15980078217422247  0.17115026646360584  0.18169638639096336  0.19049064256557532
  0.19840129946284799  0.20701591973024100  0.21668044213769722  0.22764462113948314
  0.23881069690660695  0.24990742910858149  0.26310170500846297  0.27683607381631858
  0.28992463619996200  0.30117749590573095  0.31172092353883463  0.32184797241463664
  0.33280566801345907  0.34502645838079760  0.35722830919740112  0.36832081420207419
  0.37842569160679551  0.38978584663942262  0.40082363970524409  0.41209563484080086
  0.42350559036718510  0.43508745299788815  0.44588580593441518  0.45294076271514594
  0.45951326965069317  0.46563102264359385  0.47148045738072875  0.47898678942698480
  0.48745990977348841  0.49598362137251872  0.50618393147659102  0.51701951572143723
  0.52716540025828140  0.53643925084367372  0.54578019451401338  0.55625799296504863
  0.56831127340610021  0.57917895948349529  0.58986542328277924  0.60017457857492029
  0.60991884069627533  0.61977357903481245  0.63016918179373171  0.64167807260685139
  0.65266523740958970  0.66353694696408005  0.67489866346396510  0.68597440700198997
  0.69757411640078826  0.70966873464330416  0.72302172931162512  0.73585980872418277
  0.74765683661701499  0.75873553118291004  0.77009749076039191  0.78118149519083580
  0.79211036071866359  0.80282706745782695  0.81401249166873213  0.82636825610223352
  0.83795705742254833  0.84891288020045208  0.85857100628776684  0.86802543575984548
  0.87786012984018846  0.88816436183968794  0.89885642808473842  0.91038400672572417
  0.92413483552309417  0.93590255188802995  0.94724023830658644  0.95612536786155011
  0.96578059673736716  0.97598852962408400  0.98632668092313469  1.00000000000000000
  0.59408109018612520  0.63754836591386788  0.67045669752817338  0.69123162690239959
  0.71151568135047638  0.72886300959403272  0.74192068174161685  0.75311154869778962
  0.76308711353743242  0.77211222062136853  0.78064491677132652  0.78992320743586486
  0.79832256658428447  0.80630090912889696  0.81362322581105695  0.82041770013581494
  0.82643305531736333  0.83208009615436507  0.83742848901510292  0.84269031488397173
  0.84723412917856900  0.85162267764187705  0.85565455768892662  0.86016533306771992
  0.86463670001763182  0.86845306562728031  0.87203794318053818  0.87555206190030388
  0.87907361741360313  0.88245021572919280  0.88568980420532073  0.88889658483947631
  0.89204344071809982  0.89519295108936137  0.89820017209443137  0.90125294722471572
  0.90366919236993171  0.90588988979789808  0.90801005301758186  0.91012305456101339
  0.91272703221326201  0.91559939460908790  0.91798365036476326  0.92022387738930234
  0.92237471677372695  0.92462239429036452  0.92699462437235058  0.92942793520127465
  0.93175049627477347  0.93383060902264448  0.93573589159325821  0.93752884123202263
  0.93913738344638342  0.94045782998392546  0.94173103754449605  0.94296590804295899
  0.94421504297334091  0.94561433089077640  0.94730393482727349  0.94930702129267541
  0.95139524096290284  0.95326516891365787  0.95490685459736924  0.95647612921731373
  0.95806646828587172  0.95963793276483844  0.96111342136064415  0.96260881878796378
  0.96418915611293166  0.96571143023024475  0.96722198888469713  0.96857711131451507
  0.96987340772829111  0.97118402116105917  0.97250793415299364  0.97366788933516835
  0.97483899377362415  0.97605744154250407  0.97733662198061666  0.97879286865290360
  0.98022545247454973  0.98160548429889205  0.98292873168245321  0.98416247109384059
  0.98524497750128326  0.98626060530836934  0.98726051248437696  0.98831196935012999
  0.98947769879567404  0.99071479585927613  0.99197015109936304  0.99325085262718149
  0.99459283077726124  0.99609280533879241  0.99797154096137175  1.00000000000000000
 -0.02538952770451001  0.16276149304640147  0.20886883915933790  0.25010814197934012
  0.27743917365817383  0.29566669042011617  0.31053891841044440  0.32473742829243057
  0.33888829648454871  0.35214990928048584  0.36516462561163160  0.37739467624706796
  0.38924704296985457  0.39981421303588538  0.40897227076617593  0.41806715128508559
  0.42801486370882830  0.43784159617966473  0.44586599765462059  0.45294911337020877
  0.46021767495157806  0.46821886704587534  0.47615083713334461  0.48348421021038201
  0.49076833915379842  0.49785606877777860  0.50377577740669399  0.50919384883887486
  0.51375774927681883  0.51886112470998957  0.52445889210846741  0.53162809821624268
  0.54012010478881534  0.54829474740790241  0.55639276821114747  0.56349612382510572
  0.57054781241492436  0.57726596793110452  0.58409769781952170  0.59072919874170682
  0.59696938577586778  0.60278819087892122  0.60801400778510550  0.61261457270621711
  0.61689402418199679  0.62120351240838467  0.62560975131027952  0.63032591722276299
  0.63543087123775888  0.64086816956669712  0.64586956622493819  0.65070108044874198
  0.65534294093636547  0.65985777521716560  0.66458044246267223  0.66921263645116680
  0.67380899846725062  0.67853691454082632  0.68344599070070877  0.68828103474284341
  0.69307640571283224  0.69795101027220208  0.70273013961050446  0.70828215237805248
  0.71404640518151274  0.72008100644911577  0.72638973361595349  0.73267790025256974
  0.73869085016523506  0.74450855963364804  0.74929381654791716  0.75208471665582788
  0.75512567444075840  0.75817748773933258  0.76137749420943046  0.76494995816728728
  0.76830067254905465  0.77279311421862762  0.77793659221804812  0.78311886738526104
  0.78809197473472448  0.79299068816650331  0.79793097148183323  0.80291889369807201
  0.80816903997537337  0.81299323058315398  0.81764052659692010  0.82276492702764370
  0.82759959608053968  0.83336252923785703  0.84041080658872203  0.84813937493913083
  0.85647217019469490  0.86941420819518944  0.88523822297749144  1.00000000000000000
   3.6145911721355465E-010  -1.0000000000000000     
 F F F F F F F F F F F F F F F F F F F F F F F F F F F F F F F F F F F F F F F F F F F F F F F F F F F F F F F F F F F F F F F F F F F F F F F F F F F F F F F F F F F F F F F F F F F F F F F F F F F F F F F F F F F F F F F F F F F F F F F F F F F F F F F F F F F F F F F F F F F F F F F F F F F F F F F F F F F F F F F F F F F F F F F F F F F F F F F F F F F F F F F F F F F F F F F F F F F F F F F F F F F F F F F F F F F F F F F F F F F F F F F F F F F F F F F F F F F F F F F F F F F F F F F F F F F F F F F F F F F F F F F F F F F F F F F F F F F F F F F F F F F F F F F F F F F F F F F F F F F F F F F F F F F F F F F F F F F F F F F F F F F F F F F F F F F F F F F F F F F F F F F F F F F F F F F F F F F F F F F F F F F F F F F F F F F F F F F F F F F F F F F F F F F F F F F F F F F F F F F F F F F F F F F F F F F F F F F F F F F F F F F F F F F F F F F F F F F F F F F F F F F F F F F F F F F F F F F F F F F F F F F F F F F F F F F F F F F F F F F F F F F F F F F F F F F F F F F F F F F F F F F F F F F F F F F F
  <DiscreteSampler_grid>
  grouped_processes
  1 # 1 for a reference and 2 for a running grid.
  10 # Attribute 'min_bin_probing_points' of the grid.
  1 # Attribute 'grid_mode' of the grid. 1=='default',2=='initialization'
  0.0000000000000000 # Attribute 'small_contrib_threshold' of the grid.
  0.5000000000000000 # Attribute 'damping_power' of the grid.
 # binID   n_entries weight   weight_sqr   abs_weight
    13   10   3.591167974066672E-006   6.886485428058541E-011   3.591167974066672E-006
    14   10   3.591167974066662E-006   6.886485428058488E-011   3.591167974066662E-006
    16   10   3.591167974066672E-006   6.886485428058541E-011   3.591167974066672E-006
    17   10   3.591167974066662E-006   6.886485428058488E-011   3.591167974066662E-006
  </DiscreteSampler_grid>
