  0.00000211681470852  0.00000221065770866  0.00000228982995784  0.00000235848140381
  0.00000242956913896  0.00000252676286556  0.00000262475901076  0.00000272038517279
  0.00000281610479788  0.00000291014433337  0.00000300462584149  0.00000309221931877
  0.00000319012601297  0.00000331145123459  0.00000345621422147  0.00000358731322123
  0.00000368915307968  0.00000378713371173  0.00000388230992190  0.00000397897888069
  0.00000409096309027  0.00000421024726196  0.00000434265153973  0.00000449739331525
  0.00000467836973574  0.00000487508705099  0.00000505956126094  0.00000521357292560
  0.00000536811434560  0.00000551871453492  0.00000566450461919  0.00000581408873152
  0.00000604192440741  0.00000629107793645  0.00000656080976891  0.00000682442727027
  0.00000710311782010  0.00000738704857015  0.00000765098620153  0.00000789899427169
  0.00000816413113801  0.00000847146955024  0.00000879320809168  0.00000912403707320
  0.00000946547467116  0.00000981893405762  0.00001019338770406  0.00001058597562653
  0.00001102432006345  0.00001149074845171  0.00001199867469824  0.00001252836274821
  0.00001318733979618  0.00001386324839323  0.00001455482223026  0.00001528835262730
  0.00001605803957910  0.00001692289870867  0.00001783486245025  0.00001897108852650
  0.00002015166396195  0.00002154095039905  0.00002298921123303  0.00002459194495690
  0.00002645077265314  0.00002858977668414  0.00003102792014459  0.00003359890802391
  0.00003624069862898  0.00003942339391639  0.00004267840835100  0.00004661742474914
  0.00005105811106211  0.00005713901508691  0.00006426785418159  0.00007262735230278
  0.00008215818259889  0.00009346474106988  0.00010684341457381  0.00012188932452912
  0.00013787414322134  0.00015757279110516  0.00018227875177724  0.00021268225624724
  0.00025433806801956  0.00030328569222523  0.00036384924105967  0.00045444325773434
  0.00058875964344349  0.00077868518336205  0.00111958072279823  0.00168803693808245
  0.00317382885785623  0.00593612512330226  0.18990157321958845  1.00000000000000000
  0.00362868812551447  0.01230664838309713  0.02248846712440378  0.03197953814859954
  0.04151303654819827  0.05087087901057648  0.05966612640346865  0.07043059072981533
  0.08053510504494316  0.09246276215500311  0.10396037489350488  0.11655303568613093
  0.12936819690094775  0.14213663499974766  0.15140857517411019  0.16047013527607404
  0.16980785127451445  0.18099651358789726  0.19437298215826054  0.20661390234053642
  0.21731491687640189  0.22735308914266283  0.23689377088637201  0.24614921890763083
  0.25619605823706165  0.26659757000145484  0.27773040104765784  0.28965265876039764
  0.30207728172641996  0.31463955639135627  0.32638976458185509  0.33751255056434659
  0.34800324144092060  0.35879355682748676  0.37040536523698220  0.38174114573862988
  0.39183298918197468  0.40117599540288862  0.41037131945373523  0.41981272217051652
  0.42986269102631541  0.44204478606319070  0.45558882963529790  0.46780625048397534
  0.47849760183570517  0.48856033489890166  0.49870000662154468  0.50906707352055780
  0.51916709982534781  0.52875503457666251  0.53816752374439558  0.54831670051100179
  0.55901785282122685  0.56920984759807713  0.57900502332597337  0.58885148227980566
  0.59944374797437705  0.61023082594892308  0.62028730674862353  0.63025117360671645
  0.63905279683132366  0.64775449969594967  0.65584869780841260  0.66492573187880200
  0.67424789151757636  0.68366881820272563  0.69388959075283341  0.70338616288067168
  0.71302166770958209  0.72285990665055899  0.73314115734078922  0.74452109180200221
  0.75502237030264241  0.76630754381817556  0.77698729994220517  0.78758364177048512
  0.79723542321893481  0.80586382536121637  0.81438868422036925  0.82298616557044058
  0.83237701310470680  0.84277381043575905  0.85328417498081588  0.86360295666373654
  0.87399209779291742  0.88401143209001798  0.89347574700839649  0.90284806626196512
  0.91272477062293400  0.92371684747273952  0.93487419633006197  0.94605841492839826
  0.95811502772794310  0.97073814965541805  0.98508381893248187  1.00000000000000000
  0.00001962883871143  0.00003554883078323  0.00004132367648043  0.00004609149251850
  0.00005021165584805  0.00005433264307986  0.00005934255274629  0.00006429958340643
  0.00006941474483976  0.00007477478921133  0.00007968897144596  0.00008452111651126
  0.00008937126052232  0.00009411503427824  0.00009949443708487  0.00010481469496181
  0.00011024148333750  0.00011581652714738  0.00012112071215817  0.00012673812648207
  0.00013230600003402  0.00013853453025905  0.00014486217804944  0.00015148297532266
  0.00015874838854763  0.00016636682933502  0.00017403985309820  0.00018303632133378
  0.00019220161195035  0.00020166302774872  0.00021151182263860  0.00022196779662542
  0.00023383808881717  0.00024590907823602  0.00025758675112194  0.00026902814041765
  0.00028065242921942  0.00029350790156545  0.00030910941735845  0.00032528417713630
  0.00034015282270656  0.00035475527481172  0.00036950844470407  0.00038586814224253
  0.00040355920983580  0.00042169932583992  0.00043966894491186  0.00045862286647987
  0.00047655884419200  0.00049447717701684  0.00051458512784778  0.00053866888732475
  0.00056422186448727  0.00058920430712510  0.00061460232959502  0.00064215564752473
  0.00067208014843305  0.00070426372058810  0.00073850795812617  0.00077566758023438
  0.00080859573256983  0.00084237694027277  0.00088069938711197  0.00092191941891045
  0.00096876509860932  0.00102242533055927  0.00107907129079813  0.00114254500573089
  0.00120667641391356  0.00128248280959778  0.00135749984762598  0.00142860199322576
  0.00151342756404522  0.00160156754087676  0.00169622909288708  0.00181837972688770
  0.00195549664931718  0.00209947228894098  0.00220211248560059  0.00230894586781061
  0.00242231385978922  0.00253098929019153  0.00263536114858278  0.00278888564786658
  0.00298823755257070  0.00326969101751274  0.00368489661550998  0.00414009514027792
  0.00452224228075151  0.00498074915749508  0.00563019333844841  0.00652428696098154
  0.00805856440940771  0.01178325402402388  0.02577848501447777  1.00000000000000000
  0.00000294602943316  0.00000341829546105  0.00000403273484001  0.00000473871248576
  0.00000537334554450  0.00000578361850312  0.00000613186998469  0.00000644963104820
  0.00000673811027834  0.00000699387848977  0.00000721768756773  0.00000743795562801
  0.00000767118017135  0.00000811459193802  0.00000871208347007  0.00000941884819271
  0.00001010147236732  0.00001085407594557  0.00001166367785760  0.00001248201706294
  0.00001324603535157  0.00001404172877941  0.00001479335460425  0.00001554568585582
  0.00001629850825723  0.00001708399507768  0.00001790260242102  0.00001873796466605
  0.00001964847330988  0.00002062109299650  0.00002175945729691  0.00002300500825179
  0.00002422865766290  0.00002545577679657  0.00002658540704498  0.00002792098931249
  0.00002948963750242  0.00003119636789630  0.00003308469322694  0.00003495401506913
  0.00003685621046599  0.00003888867663628  0.00004115709294768  0.00004392813514584
  0.00004708107768505  0.00005015762743067  0.00005338347600200  0.00005701319444678
  0.00006148950161673  0.00006609565670906  0.00007084956085410  0.00007609704820154
  0.00008186204286688  0.00008815353068756  0.00009503061120141  0.00010256395123790
  0.00011138803252370  0.00012074446005554  0.00013117560559277  0.00014286828447569
  0.00015539109119065  0.00016902623202760  0.00018298013978899  0.00019781297551003
  0.00021411463912094  0.00023173729577728  0.00025119050890650  0.00027250629257834
  0.00029343308749418  0.00031474821097463  0.00033812209115165  0.00036478859429293
  0.00039736596253019  0.00043370923213515  0.00047399044528120  0.00051749151338668
  0.00056550807214482  0.00062165397504985  0.00068421987815285  0.00075352318477539
  0.00083285635360564  0.00091662099748379  0.00102311020903818  0.00116212579319143
  0.00134086757509378  0.00155824030528844  0.00178656990960969  0.00199874134840482
  0.00221375846158021  0.00250513329051276  0.00294215136644680  0.00366069079096893
  0.00483050059321687  0.00871466686079838  0.10650359280052808  1.00000000000000000
 -0.00256015689842861  0.01227482735415255  0.02280986574728700  0.03208308707897767
  0.04040562273441207  0.04982722505712412  0.05918037901832160  0.06916375824521599
  0.07873294887392500  0.08912836889790422  0.09988533336679010  0.11030445888567506
  0.11997033846667575  0.12966986474109801  0.13924611826931679  0.14923632911892701
  0.15975419520994066  0.17085887821884763  0.18215967392654098  0.19271753353050072
  0.20269708552391563  0.21246071319126358  0.22245012009203116  0.23296140250637157
  0.24325154734693857  0.25363153128409510  0.26437188798876732  0.27625149126623838
  0.28943601838507765  0.30280787605900639  0.31586831079162520  0.32897092378071247
  0.34057692321293531  0.35129459194986845  0.36145464884999540  0.37245718082071300
  0.38225746753312517  0.39242977946109359  0.40308242694676183  0.41367859426146142
  0.42375558886246950  0.43359387726948490  0.44591603908692473  0.45783054726506661
  0.46995686896105326  0.48251480458354851  0.49530566892030709  0.50760354878792724
  0.51970486590201026  0.53170480640688578  0.54383701994799982  0.55667865752760637
  0.56917845406515266  0.58151078035263848  0.59141237873897590  0.60079947815951829
  0.60981823213691833  0.61856662619253400  0.63039214681866618  0.64157780347861348
  0.65199653765555399  0.66247753747884031  0.67459823807680075  0.68690304827698234
  0.69753823340944465  0.70772421880401970  0.71811614326779438  0.73050853928314419
  0.74336403715758692  0.75665031414746309  0.76928267573100162  0.78051880042127020
  0.79053754901488937  0.79963120125886844  0.80838949137868854  0.81746732219812335
  0.82675995698067883  0.83657394262735485  0.84726636919782161  0.85763591767782976
  0.86745281527226081  0.87637647594849011  0.88466850494763027  0.89326983310576746
  0.90214179297926833  0.91160210412933085  0.92158657119428888  0.93114947818125238
  0.93926145386369519  0.94706563331171267  0.95557860121665428  0.96404281293895799
  0.97246362017510601  0.98129786007547137  0.99051962916490677  1.00000000000000000
 -0.00199402104946825  0.00699486367750045  0.01615015561914478  0.02690309637029369
  0.03816994116278981  0.04959635300334667  0.06054026919914035  0.07117466008840176
  0.08211491365423003  0.09453168009045673  0.10656657392040110  0.11781946267015223
  0.12871089143570738  0.14000150548620868  0.15169389206498551  0.16375101527541486
  0.17693651311752795  0.19014528260447394  0.20312204428970357  0.21487424022188215
  0.22520224771295980  0.23483991355710493  0.24377460013198954  0.25419080721913068
  0.26466650383311596  0.27536416838314370  0.28614674929874423  0.29823299845182455
  0.30917912290681326  0.31803750134466063  0.32619253195740244  0.33408116697370660
  0.34386433913131292  0.35373540845465928  0.36343689357368791  0.37288333133174684
  0.38200358995962069  0.39084090782420056  0.39925025615448501  0.40736253852976173
  0.41645743297521848  0.42606736947889207  0.43736075856503431  0.44918697913412248
  0.46118910150623765  0.47289383416691960  0.48445796266256819  0.49659082626049328
  0.50837855239678353  0.51861924626225542  0.52815862757047061  0.53761531172132704
  0.54877503142447970  0.56117643708612219  0.57272179296397963  0.58303552471893783
  0.59344250470708093  0.60347356325008428  0.61300889915377643  0.62212835358537899
  0.63152351233882054  0.64262427404611544  0.65441126433900199  0.66641455056350540
  0.67728955338727537  0.68682291368958892  0.69561413553447926  0.70441261241685116
  0.71374034530807440  0.72349248930878063  0.73417643894653906  0.74642041242462820
  0.75840543156813145  0.77060141949721750  0.78105224448354937  0.79094102145982836
  0.80040362135063214  0.80975216866911603  0.81950855136047140  0.82862354264103466
  0.83748297035433028  0.84572604721686395  0.85393777378417779  0.86256921536263476
  0.87248325958142270  0.88366838656571733  0.89565811186034294  0.90631111023890498
  0.91570257084668438  0.92494815778113937  0.93434112222281085  0.94714908660101138
  0.96116115057285201  0.97454827507117392  0.98771175810657608  1.00000000000000000
 -0.00310935752354862  0.01440864470047815  0.02869097036301730  0.04266087101308881
  0.05486490648026074  0.06589886017591175  0.07745248008870412  0.09038631651823538
  0.10194984129216390  0.11064776497345706  0.11936655949407164  0.12802879767027861
  0.13754220157415981  0.14728308245803071  0.15750255903923985  0.16715228380389138
  0.17689648247298395  0.18697736365802098  0.19907226627957569  0.21106650037162603
  0.22190877592651198  0.23214937275455591  0.24194712925433007  0.25265019656412124
  0.26371523044631956  0.27514190604809757  0.28673519232462752  0.29762864606696354
  0.30781479748011054  0.31729924326374570  0.32676910928373959  0.33721969623853593
  0.34842038968237588  0.35913413020230067  0.36934927756218539  0.37966053598360289
  0.39078891084583611  0.40229659290644082  0.41293051997958485  0.42297294751578746
  0.43223482646423034  0.44087305279313643  0.44905573471246862  0.45788310023385892
  0.46861021014487886  0.48117670524909617  0.49420172242101762  0.50658298510008104
  0.51823344126124649  0.52942692225076793  0.54042471751909227  0.55140371429632262
  0.56153859950608587  0.57101661676606053  0.58016814738446820  0.58895788580111774
  0.59838881888437434  0.60882394625879332  0.61955704482006291  0.63046091232400636
  0.64166530817009315  0.65338081756218969  0.66506165838974873  0.67570698559613873
  0.68547536966760403  0.69389072595332246  0.70165109829639183  0.70958717326261878
  0.71807861658655081  0.72700987938841355  0.73661907383552216  0.74687615605133517
  0.75778222565165998  0.76902338271195203  0.77930850510982519  0.78983755940542222
  0.80050196296726328  0.81230792211158631  0.82468963969478881  0.83594629914706542
  0.84755215810407680  0.85940484311565002  0.87343968725576038  0.88383772759468060
  0.89451239953483952  0.90540002732202740  0.91684292726730754  0.92780284712244299
  0.93765585538703733  0.94728227917937069  0.95620367522465732  0.96512864585702485
  0.97347020331836231  0.98195656218190397  0.99104281776327618  1.00000000000000000
 -0.00246223297025097  0.00941431734088987  0.01803076633974682  0.02716402415864981
  0.03535479229999418  0.04434854384096178  0.05409799604041465  0.06434708744355930
  0.07463227957288565  0.08460588514856518  0.09453985952727217  0.10433057925630299
  0.11389773966492220  0.12253722499693033  0.13167638919465896  0.14265741350947078
  0.15556375899341399  0.16857156713223923  0.18003449430195453  0.19100079454438854
  0.20166220176291613  0.21261815083318097  0.22207435827078031  0.23189072848940867
  0.24208237744276370  0.25297883044819403  0.26315822536993672  0.27339797572366531
  0.28339820486923500  0.29310898664701351  0.30288295954331740  0.31352342455309762
  0.32204525211991364  0.32896442943434862  0.33628969725699021  0.34362551371429584
  0.35153969777233518  0.36446872533856617  0.37696470773855667  0.38949449554814664
  0.40089748177412332  0.41129527128316362  0.42227656378939304  0.43496306796963968
  0.44778573577343850  0.45954777980440670  0.47095479853730243  0.48252559604271333
  0.49480792380148408  0.50700651854874679  0.51869311293676079  0.52996406316401701
  0.54010929009842235  0.55106557403214740  0.56235281689261618  0.57376058516462902
  0.58468530233086857  0.59408580937948074  0.60376652636363726  0.61401839236412448
  0.62511952475505617  0.63561191415369023  0.64533162671141719  0.65576225043384428
  0.66643996116410364  0.67634019797583289  0.68633016664117330  0.69577608234536703
  0.70526452027197184  0.71435024706155414  0.72324690879807252  0.73253509363211677
  0.74179421958210834  0.75152717423487292  0.76150425712410275  0.77095456749542590
  0.78076492416511645  0.79154364390793652  0.80393412590871927  0.81708800376325041
  0.82918199025777695  0.84110900078324413  0.85286821775254917  0.86402062363061904
  0.87471328338122523  0.88569831183275460  0.89788048962229594  0.90987759213051633
  0.92076684595205560  0.93101134452579792  0.94122962043674785  0.95205179033808029
  0.96239585287782015  0.97309703278289927  0.98588436978847016  1.00000000000000000
 -0.00236204453868864  0.00969752347767444  0.01993878085900881  0.03108713696459550
  0.04318478921813236  0.05686277584605993  0.07027139472228729  0.08234569664405672
  0.09374454675799336  0.10569216220806879  0.11823193219510104  0.13115918803120549
  0.14417040444363699  0.15765133540062581  0.17034611310371633  0.18241669720905748
  0.19310624045578031  0.20345273180856097  0.21528090991524798  0.22936890571023666
  0.24248109742630963  0.25452367414637866  0.26691085188234798  0.27901244678136389
  0.29048764978658409  0.30187796254705834  0.31392017532080452  0.32601253817100928
  0.33794912550482009  0.35070872039351791  0.36482884103718777  0.38000364501258876
  0.39380745354381602  0.40652932143530046  0.41818028669163360  0.42919953153650542
  0.44022339820871925  0.45111263050984812  0.46361960553540621  0.47709454185942696
  0.49180405815343953  0.50658521011532076  0.52124937181432829  0.53507674240301872
  0.54769371853612947  0.55921282476832013  0.57063340098298876  0.58166445444750814
  0.59211142513475201  0.60290570372778207  0.61464207628735656  0.62689448506499423
  0.63864097663337427  0.64969537129181354  0.66022193634584692  0.67038405276115798
  0.67984417407853148  0.68903087313041222  0.69891054341167091  0.70968181744602554
  0.72012720269795016  0.72919075639769704  0.73791961900839576  0.74689744844585249
  0.75480625681157199  0.76282839228204347  0.76954609540427843  0.77662868136121288
  0.78588527114019624  0.79619083849692573  0.80650823244264447  0.81606199172442517
  0.82498120425811849  0.83278457103104009  0.83963845566642969  0.84632054461949668
  0.85316350502707128  0.86108059592611941  0.86946122447846408  0.87797273537844045
  0.88751712348204503  0.89634892867347937  0.90467463557783145  0.91264972305317282
  0.92135700569105494  0.93089441835514075  0.93984897620517482  0.94747178534733234
  0.95380725632701036  0.95937014352743732  0.96511288851820498  0.97156052191912756
  0.97918956125035839  0.98700064780471319  0.99389189794586941  1.00000000000000000
 -0.00324611180416518  0.01193237360352927  0.02320461609673206  0.03209410237339220
  0.04121379449538265  0.05048681142789958  0.06068869829317301  0.07040868664387542
  0.08131654240208883  0.09378996299624248  0.10522273598015376  0.11518779711355498
  0.12450037169802911  0.13327461310781427  0.14193101441426234  0.14824613843162399
  0.15562536550591491  0.16260785342870918  0.16959391386499426  0.17691180895273487
  0.18476043486756571  0.19486585597334369  0.20679884206494856  0.21673335673554234
  0.22614428460147168  0.23653242820573878  0.24847856115426306  0.26097986893657238
  0.27284489935034112  0.28446758155545798  0.29520587142560112  0.30583349530289083
  0.31666070666399293  0.32738785976055002  0.33712853902134532  0.34705650012605782
  0.35773751857810021  0.36883186507727028  0.37955038382640371  0.38971917312390097
  0.40005302019044409  0.41011478675056950  0.42033057610449004  0.43038280197457685
  0.43976504167173192  0.44855504447032901  0.45693760028928110  0.46659447364913498
  0.47742641175501005  0.48930185199471221  0.50108588006970223  0.51287703672233220
  0.52382742097857149  0.53434081173107606  0.54477537872490867  0.55553551615625729
  0.56743273366871250  0.57789970345602493  0.58893650415883259  0.59998209703699901
  0.61172253406803834  0.62350557740204682  0.63500074486663027  0.64606485203997333
  0.65731891868778680  0.66909472554098104  0.68058288470364892  0.69229004517617143
  0.70446811075989291  0.71668595010703484  0.72857141007644532  0.73932008822590700
  0.75029048818953725  0.76285275949503883  0.77592311787117629  0.78846574357154420
  0.80064677802934314  0.81255490953875442  0.82241971653058676  0.83105258255332537
  0.83984145842442404  0.84980844135853550  0.86032999247066499  0.87051299479936906
  0.88073587934849185  0.89188708334906375  0.90358230496578873  0.91431661675712850
  0.92405380457789354  0.93342837466508599  0.94332876064332905  0.95476706040184944
  0.96655668235547532  0.97727979322344849  0.98849262406453009  1.00000000000000000
 -0.00226065434425359  0.00968218378395892  0.01982314791719670  0.02875810156562742
  0.03751856467370401  0.04678014390520066  0.05694146679019839  0.06771169154469968
  0.07848948845077766  0.08894982100771384  0.09974474288237159  0.11049508619794692
  0.12203120223859081  0.13335048220120710  0.14499460751752213  0.15596046981378728
  0.16667587493080832  0.17705397241497425  0.18758844135606847  0.19973141706680192
  0.21258738090717705  0.22572937369932689  0.23756187618726157  0.24966781005199468
  0.26191942665286022  0.27467536200752274  0.28534067728548684  0.29611264128939335
  0.30630951152538621  0.31664516319207714  0.32693928481299939  0.33673516979968238
  0.34639453836534190  0.35613940210635098  0.36653690046407034  0.37789735226326965
  0.38937333874087027  0.40052637273739522  0.41179312986927835  0.42415832595224440
  0.43619190027173965  0.44738246501251905  0.45831395938488251  0.46786824658688198
  0.47848722602928906  0.48838651690522589  0.49921334272816753  0.51041639503085634
  0.52083453429597570  0.53142842029661552  0.54183264610796422  0.55290563852091890
  0.56466482966691145  0.57566737137957791  0.58502880173011607  0.59345305373827817
  0.60147765740895365  0.61061771493045802  0.62099595146150599  0.63113682574890606
  0.64120359871490495  0.65189248017837231  0.66298270134408421  0.67396892773081485
  0.68472219664388245  0.69484307046592253  0.70466742588368980  0.71467023669305629
  0.72528828838070813  0.73617525763015568  0.74597553480654410  0.75398596172917687
  0.76166128102056507  0.76980596915238209  0.77960393126770422  0.79041463976662840
  0.80125541382627907  0.81179316859169348  0.82239568555019193  0.83248750693176388
  0.84264685387798433  0.85365082479746190  0.86449222648544710  0.87438362195620489
  0.88390608744289600  0.89365309020869965  0.90413572810326059  0.91547115813384039
  0.92670955312455039  0.93815455165875483  0.94816779110842009  0.95758420191905458
  0.96670348643040760  0.97718563908732370  0.98811278884265252  1.00000000000000000
  0.53325838293882188  0.54177726131232207  0.55565233360494903  0.56885978829870565
  0.58088141925129821  0.59344408138786908  0.60457016863568847  0.61384147465800720
  0.62294709755675903  0.63087018818867280  0.63841470339060957  0.64708697642414137
  0.65656340168290539  0.66687543832263096  0.67573046557073835  0.68279298787507603
  0.68988626831750843  0.69581474053064141  0.70236838458219852  0.70931556431032705
  0.71618240258063370  0.72243782113824984  0.72911762532250313  0.73627939001165810
  0.74280073868818253  0.74927616037399325  0.75540814774228215  0.76076238457612788
  0.76591635956496773  0.77131930563493190  0.77711776488040374  0.78290262576309710
  0.78862221061155457  0.79426342885520196  0.79983346307342185  0.80532336704883212
  0.81121494684197082  0.81695708105395015  0.82207306943915359  0.82646305950311028
  0.83037783441021762  0.83433263840432403  0.83867480099523672  0.84316252144742898
  0.84732226906399621  0.85102710575572660  0.85461922673285518  0.85823684123502686
  0.86140122917487383  0.86414118761970915  0.86695887069315158  0.86976098755870856
  0.87249545902087933  0.87592577950374639  0.87952086148881847  0.88329366770083029
  0.88733770696207181  0.89154556255209649  0.89555695134019397  0.89910771615550122
  0.90238571774566612  0.90572662771015366  0.90919269706641848  0.91258967857646933
  0.91579762191458525  0.91881797655467701  0.92161423472953119  0.92435628329156172
  0.92696754588746355  0.92954034156648513  0.93218232150146929  0.93492640450228504
  0.93770287289617038  0.94078325484833514  0.94366576035819094  0.94661333192393871
  0.94942660072132445  0.95215989854524252  0.95494178024496912  0.95737651761966480
  0.95981051035178522  0.96222770930525792  0.96458384619003412  0.96686932554186056
  0.96911931917386795  0.97152138137467758  0.97388115280287157  0.97629928214177519
  0.97880241969212922  0.98133032447384905  0.98407937747763363  0.98706831686561747
  0.99012499424478295  0.99326477074744546  0.99665765960812880  1.00000000000000000
 -0.01762206095354528  0.11818517496527123  0.13705056444946120  0.15439241359646672
  0.16653989192993263  0.17587190729598373  0.18387894129359802  0.19193124833315978
  0.19995277584107760  0.20856940059268811  0.21743828363880083  0.22482900996156016
  0.23115675878878345  0.23710988758077864  0.24337326408256529  0.25062351114208503
  0.25829395086722562  0.26514602313836355  0.27119215081426201  0.27689904491331901
  0.28238697323632433  0.28869650053684720  0.29453115015556253  0.30029755172426148
  0.30563692302169343  0.31060407386174332  0.31571899823315891  0.32102174882384132
  0.32637979181783466  0.33224312889039626  0.33770705242336835  0.34340302296739073
  0.34930286037588559  0.35520261011712706  0.36058311718710051  0.36567734014558489
  0.37082065019027227  0.37607243621357117  0.38126937284684259  0.38661701281577859
  0.39148017567902549  0.39613909472889447  0.40075180634429630  0.40530646452858543
  0.40978061799166182  0.41423401905792162  0.41876768040486212  0.42366769135332988
  0.42858402123007938  0.43327225411357578  0.43781108242529265  0.44239152637805423
  0.44736974986427019  0.45290528247007877  0.45870753719359125  0.46504310097063389
  0.47124287476772736  0.47751029749018459  0.48315756557147582  0.48863345044669249
  0.49388861912009363  0.49880733383569592  0.50292905943055533  0.50651992709181615
  0.51040576767138812  0.51476323976845773  0.51955676501897863  0.52471518499616354
  0.52941185047421868  0.53419333070648578  0.53911344748563039  0.54440822435902858
  0.55101490354463789  0.55760179067535176  0.56468657442943726  0.57180419994206377
  0.57886871904803550  0.58653450054779521  0.59493260942037107  0.60341014370414825
  0.61168303510275623  0.61950159894434276  0.62737748374308111  0.63599309739090282
  0.64503298426991207  0.65491764608822101  0.66664831369102007  0.68179371109792497
  0.69782529170534091  0.71467998680153255  0.73258516036170707  0.75260536547192225
  0.77573011479030785  0.80311874117991600  0.84199212553850822  1.00000000000000000
   2.0114820306941207E-005  -1.0000000000000000     
 F F F F F F F F F F F F F F F F F F F F F F F F F F F F F F F F F F F F F F F F F F F F F F F F F F F F F F F F F F F F F F F F F F F F F F F F F F F F F F F F F F F F F F F F F F F F F F F F F F F F F F F F F F F F F F F F F F F F F F F F F F F F F F F F F F F F F F F F F F F F F F F F F F F F F F F F F F F F F F F F F F F F F F F F F F F F F F F F F F F F F F F F F F F F F F F F F F F F F F F F F F F F F F F F F F F F F F F F F F F F F F F F F F F F F F F F F F F F F F F F F F F F F F F F F F F F F F F F
  <DiscreteSampler_grid>
  grouped_processes
  1 # 1 for a reference and 2 for a running grid.
  10 # Attribute 'min_bin_probing_points' of the grid.
  1 # Attribute 'grid_mode' of the grid. 1=='default',2=='initialization'
  0.0000000000000000 # Attribute 'small_contrib_threshold' of the grid.
  0.5000000000000000 # Attribute 'damping_power' of the grid.
 # binID   n_entries weight   weight_sqr   abs_weight
    43   10   2.468043736399731E-001   4.264439310667205E-001   2.468043736399731E-001
    44   10   2.468043736399755E-001   4.264439310667298E-001   2.468043736399755E-001
    61   10   7.424384313402821E-002   1.889265509325477E-002   7.424384313402821E-002
    62   10   7.424384313402847E-002   1.889265509325479E-002   7.424384313402847E-002
    76   10   2.468043736399731E-001   4.264439310667205E-001   2.468043736399731E-001
    77   10   2.468043736399755E-001   4.264439310667300E-001   2.468043736399755E-001
    79   10   4.929925996486140E-001   1.928611384977802E+000   4.929925996486140E-001
    80   10   4.929925996486187E-001   1.928611384977843E+000   4.929925996486187E-001
    82   10   4.979047327982183E-001   1.916782846743091E+000   4.979047327982183E-001
    83   10   4.979047327982231E-001   1.916782846743131E+000   4.979047327982231E-001
    118   10   1.276629768078375E-001   5.236006703841466E-002   1.276629768078375E-001
    119   10   1.276629768078381E-001   5.236006703841471E-002   1.276629768078381E-001
    124   10   1.220339058492936E-001   4.894403955818465E-002   1.220339058492936E-001
    125   10   1.220339058492942E-001   4.894403955818473E-002   1.220339058492942E-001
    127   10   7.424384313402821E-002   1.889265509325478E-002   7.424384313402821E-002
    128   10   7.424384313402850E-002   1.889265509325480E-002   7.424384313402850E-002
  </DiscreteSampler_grid>
