  0.00266841051203309  0.01276087687040301  0.02138620423405943  0.03198595694823381
  0.04305642434038938  0.05422462256479515  0.06509021161317695  0.07475581786703507
  0.08422309461901165  0.09311971988450216  0.10262950485880208  0.11217355529722667
  0.12255911777569581  0.13462460066389878  0.14795034492606060  0.16069758473099932
  0.17044205647238270  0.17843462417280212  0.18651416430763995  0.19416028393399865
  0.20354501478411027  0.21329882922532983  0.22222216935568928  0.23101189566449820
  0.23805004896066503  0.24546342786560366  0.25485908094244730  0.26492702655440958
  0.27430782827816236  0.28259905804688967  0.29152618629118848  0.30186587998820025
  0.31270481718403109  0.32228892207500026  0.33143733424215555  0.34138172934209193
  0.35412703811575563  0.36864021273762532  0.38320218883145807  0.39747227388753881
  0.41158517584570592  0.42319501071345117  0.43408858851530968  0.44511314658198275
  0.45688618814649801  0.46817174153264496  0.47997188688203918  0.49249981743112881
  0.50308904907677343  0.51161449016477223  0.51975135924231941  0.52708382645990681
  0.53455221783406526  0.54223449165833992  0.54956329016512662  0.55751908094611780
  0.56714831256332843  0.57767105421126064  0.58829373819060671  0.59855352133225925
  0.60897027897177525  0.61881870088278845  0.63088850644653205  0.64207093799490311
  0.65130573082275078  0.65947547507918147  0.66695190766371115  0.67682313578658004
  0.68697370167245653  0.69847801906542317  0.70976235909888064  0.71901471870318545
  0.72851069992039752  0.73849652211252093  0.74706593691099499  0.75594311174712692
  0.76487330220896521  0.77651297775256678  0.79015233476955937  0.80271343018457819
  0.81430354484638379  0.82530808892548180  0.83631757651935024  0.84779881865853968
  0.85914412061805723  0.87031036880359436  0.88199360249789882  0.89330244126463287
  0.90434567206509431  0.91498881366740781  0.92640011459271698  0.93883749034081754
  0.95232071580334443  0.96652580452527093  0.98186941721133081  1.00000000000000000
  0.00002499424297405  0.00005902443611091  0.00006891767916566  0.00007671646781014
  0.00008367234241938  0.00008918479642566  0.00009448802070234  0.00009963759754671
  0.00010510833139493  0.00011057641994618  0.00011573266904480  0.00012021737160383
  0.00012509146655641  0.00013015544552173  0.00013493381357611  0.00014042993347766
  0.00014625481162992  0.00015236911162460  0.00015887921257524  0.00016513538288847
  0.00017042264758050  0.00017563895010894  0.00018093896327361  0.00018605582768243
  0.00019149898217455  0.00019779418139778  0.00020402623611265  0.00021090877850295
  0.00021772281132579  0.00022423267550144  0.00023099382507886  0.00023888584645084
  0.00024760336785877  0.00025659340678484  0.00026481086675295  0.00027227658946931
  0.00027947568550088  0.00028707455213697  0.00029569692229511  0.00030641117346852
  0.00031802162506427  0.00033050162728916  0.00034341130939953  0.00035604404865069
  0.00036828722989733  0.00038223857268263  0.00039868228629874  0.00041489535305420
  0.00043023783522669  0.00044591214356705  0.00046291762234021  0.00048060340459526
  0.00050160973006037  0.00052080224071998  0.00054055808194474  0.00056244784092165
  0.00058570178806636  0.00060981319504149  0.00063652432024133  0.00066542110022182
  0.00069461742670672  0.00072237568657153  0.00075098904292099  0.00078296353049852
  0.00082177051155666  0.00086735373674701  0.00091190664307172  0.00095352342022496
  0.00099443120745962  0.00103956372001435  0.00110721779792239  0.00115471935247386
  0.00120458836435078  0.00125649188480626  0.00129550150031124  0.00135256620620269
  0.00143946462299198  0.00155559267136710  0.00169917269738787  0.00186580932353763
  0.00193303601884351  0.00198561037793337  0.00204155903259948  0.00211390523218417
  0.00219959969285873  0.00230176084229664  0.00246878191443037  0.00264789383329751
  0.00284121448712740  0.00307042752101229  0.00338742386583766  0.00397695902382268
  0.00490277845226000  0.00642166026058161  0.03458465269560433  1.00000000000000000
  0.00274646928548067  0.01493636806060164  0.02858191074619935  0.03854338989559913
  0.04829923659567614  0.05822729004700313  0.06941610393594976  0.08210973231143606
  0.09246081071702335  0.10096994114825669  0.10956529428582631  0.11811109898722986
  0.12648256284532955  0.13328644272215318  0.14052421110106533  0.14922024209404997
  0.16182754795753282  0.17513322138170609  0.18673363144487992  0.19712462719883797
  0.20732498871806626  0.21810794766513636  0.23016235859636736  0.24201329351566253
  0.25300435444408442  0.26354512208038605  0.27499992244533739  0.28704668971903025
  0.29869995324283655  0.31009653609793708  0.32181736461729382  0.33308838332396168
  0.34485702767447057  0.35708361992996546  0.37063213360599317  0.38361912519506208
  0.39585929944881471  0.40784020691442197  0.41890595609009607  0.42826340087617715
  0.43574149050015337  0.44311101982837620  0.45099068195069458  0.46093077205985417
  0.47225464107537701  0.48371177611593541  0.49444621768031732  0.50483471838147786
  0.51416504614885561  0.52568677778755013  0.53718532219420911  0.54830103001685471
  0.55953291455845811  0.57107416225295760  0.58339250216381022  0.59591176789045286
  0.60620857089996127  0.61707495763628473  0.62801397433386341  0.64022698739295825
  0.65226578584422990  0.66267087669338576  0.67360845952627735  0.68490340802267391
  0.69566251680683999  0.70532172506536173  0.71425758695717967  0.72261037334642897
  0.73143924818245554  0.73993465781656764  0.74774867840508863  0.75624805428422415
  0.76544856958132745  0.77505946144414972  0.78460085953769809  0.79473630406425566
  0.80575351506966353  0.81732331094795829  0.82857421131670494  0.84015339590037530
  0.85261583134092733  0.86539385150814729  0.87758872852013980  0.88513471334818894
  0.89290468085478625  0.89979746314894105  0.90796700083949444  0.91806049731428130
  0.92962392647175007  0.93972575693037963  0.94846985268151729  0.95725724221747466
  0.96582960271591467  0.97500658109261540  0.98762158873494044  1.00000000000000000
  0.00012189435928325  0.00022900448339363  0.00025707335471105  0.00027741498795514
  0.00029987234455766  0.00032044969619648  0.00034088559312208  0.00035901966536815
  0.00037608350203257  0.00039406992168664  0.00041211028738890  0.00043149766636664
  0.00045217179713170  0.00047353822571198  0.00049567302815871  0.00051915253742196
  0.00054327898517523  0.00056800094643738  0.00059243058685527  0.00061419244789923
  0.00063437596268522  0.00065562462705221  0.00067510670231621  0.00070031070535058
  0.00072737122724828  0.00075496214022390  0.00078690842697111  0.00081994919381471
  0.00085336575771987  0.00089339092795871  0.00093661089204998  0.00098041387754840
  0.00102358388922400  0.00106785525391613  0.00111795451895901  0.00117634640025155
  0.00123976150466746  0.00129924651725569  0.00135632149533668  0.00141127428236970
  0.00146279559858221  0.00151439510488803  0.00156942095036686  0.00162854932647515
  0.00169745139332545  0.00177346285582913  0.00184731663103078  0.00191449746978106
  0.00197838148364501  0.00205063862855980  0.00211975252549176  0.00218612224566506
  0.00225230177524356  0.00232084310994346  0.00238855747436364  0.00245311462860209
  0.00251541637349509  0.00258076125063616  0.00268830048199937  0.00281974870674523
  0.00296344393424582  0.00312660808931555  0.00326328354666596  0.00340535078426755
  0.00355817575826030  0.00369690955194653  0.00383139326721002  0.00396232338444627
  0.00418251437145275  0.00441152233574646  0.00463574970927510  0.00485631005037658
  0.00512317806214322  0.00542557058873062  0.00567211172836270  0.00592980425384954
  0.00619154251833637  0.00649102835192060  0.00686629283147526  0.00736621266058565
  0.00803615572665755  0.00848665918198117  0.00868004375794784  0.00895702467581268
  0.00931152442863306  0.00967632067249560  0.01005608527749328  0.01054293904987802
  0.01105263510610730  0.01411437112921280  0.01621440870083593  0.01721710336968371
  0.01830206698186765  0.01965266097727275  0.34067012637122701  1.00000000000000000
 -0.00419218246982865  0.01875332904373390  0.03503192784805109  0.05072312826610342
  0.06384008971862273  0.07684476433772816  0.08882452614943723  0.10295317772432748
  0.11407625507980672  0.12546491109301533  0.13588966055596094  0.14527887679314816
  0.15592625220200215  0.16405571669798186  0.17305355507826337  0.18409763462106390
  0.19290035887945031  0.20261299222357554  0.21058243495818810  0.21956818203513290
  0.22984859356514090  0.24163047890214687  0.25251441968522620  0.26204906522397031
  0.27155573918914366  0.28182379447723765  0.29201938316206699  0.30214318772224441
  0.31302829032733376  0.32448760962910428  0.33587455227227742  0.34695055085336401
  0.35806599068717193  0.36896687363363218  0.37934311944242505  0.38972135770900440
  0.39877948247934031  0.40669535823484393  0.41420349034172149  0.42199561212771419
  0.43077396771517557  0.44164465857116769  0.45240738160709831  0.46242874907326664
  0.47185218689199432  0.48150987437641424  0.49123001987323567  0.50074659297612800
  0.50950635138170841  0.51641342927850920  0.52401687659223495  0.53150853298273393
  0.53959828419054556  0.54888970201643950  0.55864398542950755  0.56807983301596243
  0.57764545414099033  0.58708342009192283  0.59520326751821784  0.60355522334277789
  0.61154345437192215  0.62005706957392681  0.62945051352930592  0.63904349121593096
  0.64807741210362790  0.65603359817606066  0.66393131138209260  0.67311873148097123
  0.68297159692069620  0.69246899927422789  0.70139328696220027  0.71152527902815332
  0.72354781603713481  0.73588838081001862  0.74692107648525918  0.75773489886424028
  0.76627991127133421  0.77611023364566456  0.78618816410971715  0.79793826041865912
  0.81302279194908722  0.82796496877064674  0.84064304285949765  0.85222619589308857
  0.86454683904743235  0.87542115567490397  0.88563533173255560  0.89650968695415978
  0.90968929444643809  0.92422720971941341  0.93926766621504376  0.95405245071453515
  0.96957632513179570  0.98166725158525592  0.99115548347449545  1.00000000000000000
 -0.00143200751174723  0.01212848950791162  0.02179968833262448  0.02955838862008532
  0.03883365692518927  0.04873198752363152  0.05981711476352980  0.07250560915988265
  0.08255923858569857  0.09222565108263414  0.10230407008968961  0.11417941390029193
  0.12695761276431017  0.13962695749969115  0.15145419405231236  0.16304374219532844
  0.17476583450914168  0.18689183999800871  0.19922664231584811  0.21097491619172332
  0.22257731855411328  0.23448414100991460  0.24631673836419737  0.25743415332691916
  0.26706084681426950  0.27286986777137973  0.27928227813288409  0.28631318056130062
  0.29477447598258044  0.30546442249338901  0.31609172805691832  0.32639634864122552
  0.33675014218148808  0.34717969246166525  0.35794819455496912  0.36954211040410889
  0.38266882060258550  0.39578382752371577  0.40726367380219158  0.41810971377330247
  0.42816040825701512  0.43575014087454839  0.44256772153538676  0.44944140000527355
  0.45636813359447598  0.46617947053033665  0.47825432339532686  0.48889977372720633
  0.49937539688516952  0.50943134022117387  0.51992838348267678  0.53151884428513174
  0.54155680707745579  0.55144972005171644  0.56162001927002747  0.57413154837654012
  0.58655169078307023  0.59777174373267750  0.60908960424421343  0.61979276893908009
  0.62954876100139734  0.63898692809497004  0.64954298320013837  0.66240599833151981
  0.67707507147847201  0.69033575835482885  0.69996264693492549  0.70926786010784737
  0.71846620587424026  0.72989219553355866  0.74145627463627006  0.75335083655291757
  0.76497648351269132  0.77647122267281099  0.78811982709482875  0.79973516851761350
  0.81218412869914469  0.82316294270158186  0.83379053916819379  0.84350298939520751
  0.85165785345377454  0.86004855694878046  0.86777977242927584  0.87721270937588403
  0.88686932585807599  0.89694358774610405  0.90744647330977757  0.91843183845971887
  0.92853765351963791  0.94061156689108161  0.95030444716233209  0.96053954528617214
  0.97116315752125937  0.98139310984938954  0.99035309929309545  1.00000000000000000
 -0.00083120639258682  0.00327358917988186  0.00880027334608759  0.01369560534815738
  0.02102592814622902  0.03128553465083406  0.04107077768123737  0.05027678351368423
  0.05979024105804435  0.06804881589011667  0.07862849334493774  0.08558403969171602
  0.09217894177350806  0.09865155238335989  0.10533931280094080  0.11357344600267071
  0.12502627230346242  0.13713876857551099  0.14867052774333087  0.15968318364828421
  0.16996071150051842  0.18046397039809056  0.19287978513404638  0.20531453136471270
  0.21706313417128945  0.22694532413670512  0.23692631783770193  0.24742641780507271
  0.25861847168121449  0.27052614823591076  0.28475611835304548  0.29984706453034482
  0.31283343878934589  0.32420489395572399  0.33532495539862828  0.34670631840650218
  0.35805759074646354  0.37070005368662118  0.38294079746756210  0.39610758632693827
  0.41004490074192002  0.42226683375886842  0.43366091446457483  0.44383967011960518
  0.45406915049183183  0.46437366682115183  0.47468071160570857  0.48429014567653939
  0.49426116141714699  0.50438944113291040  0.51597189608391658  0.53015422122841604
  0.54331804338605871  0.55520984539241425  0.56804195702076510  0.58259424568758356
  0.59717300401131967  0.61131190429005566  0.62491372190883443  0.63643298663054804
  0.64649564232175250  0.65700392974978306  0.66735331479925986  0.67899611716581298
  0.69116215552471050  0.70379650967279106  0.71391023840122403  0.72358614109042652
  0.73310667838431076  0.74286950845212663  0.75211043556709234  0.76005574859363134
  0.76748737371033970  0.77585735559250879  0.78648084451856870  0.79897033141886964
  0.81264481931007804  0.82481350092923356  0.83701227786875620  0.84807231031681296
  0.85813540807927768  0.86762921868228204  0.87733025552908517  0.88761139143709089
  0.89776776647696743  0.90718611566234764  0.91517565181032901  0.92361607257514799
  0.93257519811542722  0.94295485303951698  0.95367546096151867  0.96342604740159044
  0.97289985631954312  0.98235194598242759  0.99147151693727975  1.00000000000000000
 -0.00176873517478256  0.01013383107982989  0.01969827023653137  0.02832258326592733
  0.03681846472558555  0.04623448494881854  0.05623318909480463  0.06724888698883733
  0.07883554288138864  0.09065870206105442  0.10278476473077520  0.11498030647890252
  0.12730325485623240  0.13911658811545760  0.15029342117586164  0.16212668816573472
  0.17382999260934645  0.18621919142735666  0.19742559312451602  0.21010755193723438
  0.22132526827172055  0.23480332058054709  0.24678370793252466  0.25921835095729245
  0.26962948942636111  0.28071883885486426  0.29184734841597204  0.30493130364322557
  0.31768599464490899  0.33009451866528255  0.34200092362802170  0.35242931612366546
  0.36327970379252156  0.37368992232578080  0.38393148821327922  0.39405586029970796
  0.40302234618726923  0.41188986349010775  0.42105965923759453  0.43035166842654898
  0.44058585076933349  0.45067951146699542  0.46215981773152687  0.47292266705271196
  0.48311324646214915  0.49346569932625384  0.50458590948513593  0.51528073877576108
  0.52452051998797999  0.53393614844500203  0.54424594533718795  0.55652800922831669
  0.56787775811800756  0.57764199283722406  0.58727270950049371  0.59744242832184868
  0.60689470048271121  0.61602249542701537  0.62601594714970010  0.63611890099284030
  0.64481033231289053  0.65356637750093760  0.66248070199283915  0.67294202394497848
  0.68214268164334124  0.69082651194568634  0.69918271845039726  0.70793971003911860
  0.71630249451497296  0.72534533249765010  0.73555069085290170  0.74628154598922813
  0.75522269178313317  0.76424010128329789  0.77326009559581899  0.78255253966300276
  0.79501562400710235  0.80794465172825136  0.81984666822741648  0.83067137095115062
  0.84269780234119063  0.85583257665268775  0.86843913812097040  0.87935634159986542
  0.88967318169873744  0.90058147317601933  0.91258582847470093  0.92453431537491448
  0.93559651153569234  0.94589235186671039  0.95588649937573922  0.96595032161556094
  0.97614632495808595  0.98520556606421106  0.99290676614731255  1.00000000000000000
 -0.00264683051816489  0.01503037494975216  0.03001128222401249  0.04398452636368043
  0.05672355918461614  0.06754221818629941  0.07745629384134048  0.08752526273820815
  0.09864811201490180  0.11089232994544984  0.12157848113436936  0.13110433423397796
  0.14099269432949316  0.15173548650022239  0.16258296368989519  0.17272022972770282
  0.18254403872879460  0.19333341720310565  0.20599699299173738  0.22068521077819730
  0.23296172860327899  0.24243946860747823  0.25118378852706691  0.26111112732299741
  0.27365952524430598  0.28638534834380652  0.29844413430640354  0.30938583465776753
  0.31946584511571785  0.32943858585277225  0.33994500661823335  0.34956004630671461
  0.35799861314183290  0.36561088301103084  0.37242377656092718  0.38103177829135521
  0.39095714155861955  0.40091732974117600  0.41248611606881858  0.42546209912496241
  0.43853256466584217  0.45069176213353562  0.46221872652437901  0.47372165520957199
  0.48527592724563817  0.49681040859645814  0.50914066424380944  0.52025793597687686
  0.52636539065012500  0.53239154168709457  0.53895020779205272  0.54423458392637114
  0.54971427895800384  0.55861610638806480  0.56931782987896407  0.57926732099764755
  0.58872545493387862  0.59747236659327141  0.60757859844158901  0.61864285460111046
  0.63018532036463193  0.64075924092853609  0.65097185533785817  0.66194020987272750
  0.67352016705524342  0.68449734187240030  0.69478163149202499  0.70543809290556525
  0.71497514282712404  0.72362069059953416  0.73233806533958601  0.74136524347838118
  0.75325517967664035  0.76646979068850873  0.77721677319835325  0.78615391041713301
  0.79405033440375838  0.80226716404135967  0.81063998911153812  0.82067670332710396
  0.83355750144741447  0.84527299545845369  0.85513437638613732  0.86343035383854139
  0.87104699652795725  0.87944843552033725  0.88977138543423939  0.90284627063919998
  0.91563482708346577  0.92749077357932186  0.94020493242563852  0.95298212923903125
  0.96487773834357726  0.97672228396847061  0.98769500396265586  1.00000000000000000
 -0.00322648950756321  0.01089110618344470  0.02404465036476764  0.03735133338228834
  0.05115445190210727  0.06365126382359990  0.07437307420054631  0.08440126249120954
  0.09445123309688226  0.10446217425283696  0.11491091199099350  0.12526489685712980
  0.13839678391265223  0.15010103673253200  0.16162190525775424  0.17322357019119328
  0.18605321861145138  0.19943233497768528  0.21163002018562713  0.22376133839488294
  0.23327432888154431  0.24018792843690498  0.24659343516072582  0.25401332537332971
  0.26302046171937499  0.27609013463570004  0.28832158088947113  0.30124903271239878
  0.31533415702450396  0.32883717343188135  0.34312743803646473  0.35559933762837859
  0.36533632709401709  0.37353742890209835  0.38081505485946143  0.38915743145013726
  0.39780716351979017  0.41039283933745752  0.42035067663498149  0.42983659614464198
  0.43891497838680316  0.44597077471961483  0.45306441581073298  0.45973234839347771
  0.46767961516434170  0.47677233782065737  0.48615427365666070  0.49686727271601094
  0.50831736470184485  0.51978875088089849  0.53139418579908826  0.54094799036604402
  0.54945748314039267  0.55764026773600306  0.56693742431347982  0.57683947264042534
  0.58646395721405475  0.59623448149752112  0.60640458043788392  0.61654773130838025
  0.62610463361857582  0.63552974538636797  0.64499257354157169  0.65577588382118257
  0.66817954256183254  0.68108410493451932  0.69277719265525073  0.70278331153679663
  0.71305065630523479  0.72371560299827220  0.73535704190857187  0.74584071668129537
  0.75631877323631191  0.76735601007334109  0.77818304215641609  0.78797049895511084
  0.79701711198558578  0.80592553101998310  0.81506878931313453  0.82324331226928182
  0.83052113386009396  0.83872872317553826  0.84722293683937366  0.85890154470522950
  0.87124700404406141  0.88357991464566688  0.89565464979524601  0.90863342393899349
  0.92200470622838038  0.93428054555114692  0.94787755087151726  0.96038527337527169
  0.97360019489329119  0.98268580916871029  0.99166949285007788  1.00000000000000000
 -0.00150378835208664  0.00515586299198284  0.01176558791812852  0.01814923789263389
  0.02451763890028852  0.03123618321593987  0.03865560431846577  0.04804878968181885
  0.05835113854637988  0.06774491941994920  0.07448424410618647  0.08148494659010250
  0.08853186051871005  0.09756703360875882  0.10900092343165714  0.11953655003117759
  0.12784968660614321  0.13502310201713533  0.14245276361572168  0.15148616835606321
  0.16149515313492158  0.17051327453967663  0.17856072196657577  0.18690592427861688
  0.19895559105370725  0.21130836893043442  0.22347368982390586  0.23644806120265946
  0.24713559746255798  0.25622032443319737  0.26548353905608268  0.27416879652367426
  0.28394143425189378  0.29551575226389432  0.30610122301203868  0.31595666873081446
  0.32619841414732514  0.33698774548844235  0.34833760355309978  0.35993681325974575
  0.37189057057287550  0.38501097056082778  0.39862501293533620  0.41293070489232142
  0.42669474061021478  0.43961347668222556  0.45224702562026403  0.46473561041087202
  0.47847381376587439  0.49278396421129722  0.50611779342318641  0.51931497356192213
  0.53220012307021336  0.54630011465699380  0.56073288680868716  0.57305185551920135
  0.58561645172471122  0.59848164447273189  0.60975259926283498  0.62008289645652337
  0.63093949234233349  0.64311689227515334  0.65634456898216575  0.66832690637671432
  0.68198133465901567  0.69450703527542668  0.70820408311662464  0.72163025102501344
  0.73351119268037013  0.74121866084227794  0.74731305900727318  0.75354579568390689
  0.75911945662422264  0.76672856658651467  0.77654585565038248  0.78788531665273831
  0.80030603076809548  0.81336711549289820  0.82614780455709147  0.83964727479545520
  0.85291330223168660  0.86371423871413389  0.87284626315516267  0.88096330705589265
  0.88927220423125575  0.89893392026712715  0.91033016212738982  0.92250207819068231
  0.93466316652844106  0.94627137246494153  0.95695208693867950  0.96648463268373164
  0.97554282050901853  0.98429237086642474  0.99219819665163111  1.00000000000000000
 -0.00197182895770892  0.00872745884748282  0.01889512135183828  0.03050487414954773
  0.04405844082533939  0.05775286790438340  0.07027963115048759  0.08232995951304882
  0.09510164186152217  0.10752465968284625  0.11946951149322903  0.13054532671578881
  0.14201650756181383  0.15371652115835860  0.16530967210284994  0.17732531050486783
  0.18880236415268883  0.19876270728601914  0.20802728519379529  0.21547597557518569
  0.22314384587095859  0.23159003169122627  0.24198589890208133  0.25510730524763914
  0.26764986785384787  0.27985816288895776  0.29115324043799812  0.30303542160731922
  0.31552736632388778  0.32720640702143966  0.33779825716672540  0.34766921480692453
  0.35650992902111506  0.36496484801044593  0.37354750008491683  0.38261685289465702
  0.39330021241751495  0.40602292490438313  0.41873533904514187  0.43187695896692829
  0.44281719274641834  0.45297351198152019  0.46377656453879634  0.47691658230521450
  0.49102286129221567  0.50393655568588980  0.51551837424417823  0.52575790887702989
  0.53457054490840128  0.54318349847807046  0.55162320123572517  0.56202567348179067
  0.57312746582951712  0.58333566290776551  0.59370431076265295  0.60413176283567105
  0.61741268887912937  0.62891459406593220  0.63938672418666087  0.65030525661373628
  0.65913241069909001  0.66721881148203643  0.67511273985199005  0.68431059398075234
  0.69523685921097811  0.70553792799904791  0.71568043903137279  0.72535784919132995
  0.73647500876405203  0.74493539697167455  0.75149415676780440  0.75823281489501182
  0.76509089883991688  0.77399152933079995  0.78481033836205394  0.79549856646862538
  0.80638599585940152  0.81789481690849242  0.82962196693144186  0.84074188343581269
  0.85103443370569964  0.86293177446223757  0.87491848791662574  0.88598702813171615
  0.89578329987617999  0.90593224546327200  0.91548420790436869  0.92369899022009272
  0.93169138590224709  0.93987102924949828  0.94817679422002299  0.95730555548864427
  0.96656546250103992  0.97632323117756881  0.98810762522864715  1.00000000000000000
  0.00474051580636870  0.00964257355905099  0.01265659665147676  0.01595745139907720
  0.01897763017475002  0.02336358750363308  0.02887970491094406  0.03429519303478112
  0.03961048931279201  0.04757692532886883  0.05620441681184149  0.06383685675121734
  0.07155592934689221  0.08035688810250034  0.09128834309436021  0.10510970946909230
  0.11900856998346417  0.13465870460732027  0.14756465784433401  0.15617177609603641
  0.16365160750119445  0.17172661566808683  0.18160441567706739  0.19466964276149440
  0.20751323019400708  0.21832196339335821  0.22849093971228437  0.23757329638830901
  0.24910446202785713  0.26096646899128262  0.27379155134089828  0.28713677318694386
  0.29872571329893621  0.30955926160921260  0.31975484677467669  0.33062948149255400
  0.34267666051941753  0.35414000289013886  0.36550700130850511  0.37773483192557450
  0.39075766682007484  0.40370440586190137  0.41659023797100625  0.42947716764505323
  0.44080905641883378  0.45169838851058730  0.46269836991138996  0.47460527526192225
  0.48762472934499257  0.50033416705452671  0.51238364263716218  0.52511507884132458
  0.53870028736703457  0.55134665069044853  0.56318951099776526  0.57428678828355761
  0.58666925868852848  0.59966066111822414  0.61374795671251969  0.62740236950792394
  0.63966700049519631  0.65147953676898540  0.66423187591060406  0.67846430831065219
  0.69165461795247174  0.70337002428576523  0.71438076291942032  0.72502419621562797
  0.73662947453363326  0.74831442457036590  0.75936123860883364  0.77102579332732479
  0.78339821619920569  0.79527732917053673  0.80542320865032047  0.81437891074022006
  0.82392501026576048  0.83372581401161039  0.84608332751836834  0.85810530350620950
  0.86832117854177704  0.87644148524081844  0.88334859429357893  0.89054516333278610
  0.89917483600085890  0.90842045199260379  0.91717709895048416  0.92497471461166658
  0.93290118320672988  0.94265543280197905  0.95367946736439013  0.96431205879751691
  0.97363188639126919  0.98234963338233183  0.99151640524236917  1.00000000000000000
 -0.00240651665342075  0.00982697283698653  0.02037260341165423  0.03324892558249756
  0.04745247955098950  0.06182791717307914  0.07557225738778245  0.08897091246169157
  0.10112873785511926  0.11199063992530942  0.12177544064663806  0.13267388267276559
  0.14403989375918505  0.15526237932601122  0.16661600284443032  0.17750562400907638
  0.18803007727107884  0.19878322638825446  0.20953770722697662  0.22157309938019334
  0.23338347037611579  0.24603278250129329  0.25887057249355888  0.27249306400518458
  0.28384780842346724  0.29326794111809401  0.30171457549728203  0.31038678571710893
  0.31977084830232055  0.32884292779292273  0.33824472098238079  0.34833201748631404
  0.35773426487187759  0.36672487715583074  0.37578771577878756  0.38607735635078333
  0.39668124536489985  0.40630947290711145  0.41547121913424362  0.42403451732207137
  0.43137201892845256  0.43804437156748355  0.44460292325715350  0.45089643365954191
  0.45740792321396467  0.46555081467941900  0.47314216183860403  0.48222165977303261
  0.49277906249445502  0.50475891927773986  0.51641334931305383  0.52748097187680576
  0.53828066042675804  0.55054797720845450  0.56176563937195634  0.56987296080795891
  0.57722602339579521  0.58497505208067924  0.59290678512129769  0.60178687324037738
  0.61195198479520785  0.62205553735975061  0.63299623509482816  0.64454038016258641
  0.65664111091469890  0.66914752089274399  0.67970078680173207  0.68904919945898679
  0.69830806162360715  0.70658412734867282  0.71474917890267275  0.72317794961515158
  0.73299371663780166  0.74405702744268543  0.75730977824316748  0.77281075814122102
  0.78825581513376197  0.80305408825153790  0.81684397762071970  0.82798193426770172
  0.83842308665590237  0.84873184126727230  0.85983339446398666  0.86908558851739293
  0.87898349474042647  0.88920755014968422  0.90170979368156468  0.91275659936169329
  0.92408544792584479  0.93510294899845692  0.94649428448439399  0.95785055981051592
  0.96860604660867955  0.97906484735253518  0.98954483361270906  1.00000000000000000
  0.49097678255751431  0.64975742856444263  0.67540742009538901  0.69069756501280577
  0.70243689208681770  0.71609881313261181  0.72843968711795526  0.73792910144099533
  0.74575394167814746  0.75255084958873142  0.75960882543922481  0.76748283208314960
  0.77576130307027935  0.78334234433733008  0.78924120995869462  0.79456765715455802
  0.79966959080017930  0.80507162986294312  0.81068667168997710  0.81540475782717503
  0.81960056304184314  0.82340914607844762  0.82747253810526977  0.83145876962805010
  0.83554242000860535  0.83982789838077521  0.84436761592411824  0.84761999096428475
  0.85060865592318424  0.85283694871605120  0.85511641248063375  0.85736292775421452
  0.85966219576279179  0.86227846307454881  0.86531949883508674  0.86840279082204119
  0.87134285261027378  0.87423704397472735  0.87713880587493775  0.87999790690815061
  0.88272132413111237  0.88509048346936381  0.88716675140410794  0.88912644779487371
  0.89124093606143118  0.89336796522529216  0.89543498239367691  0.89758884251249149
  0.89981017478175584  0.90186979238649367  0.90406249416631668  0.90616328200654095
  0.90836493591050549  0.91068441794804467  0.91297752780442232  0.91545256888803728
  0.91798707788891287  0.92058110966114048  0.92287337715270068  0.92513967732970170
  0.92703494792169150  0.92895655061356019  0.93097368942263947  0.93289961528718846
  0.93476956586644988  0.93678506916909832  0.93867780383061494  0.94074036044122822
  0.94288251531906364  0.94490343629285822  0.94682339798169257  0.94878254636834158
  0.95056041541598524  0.95241691777141291  0.95437523858278439  0.95638060550786663
  0.95835553536538010  0.96034759774094192  0.96236848469061720  0.96441644940068116
  0.96639994851965416  0.96840565322506866  0.97040889125227536  0.97239974098387638
  0.97445453469907051  0.97670450771348460  0.97876772061355699  0.98105060370898578
  0.98328483433622416  0.98536289257481846  0.98724239812536840  0.98919001996457712
  0.99118325225912596  0.99316039526984490  0.99606385603923375  1.00000000000000000
  0.02249079336215191  0.14423480000213657  0.17117668682226880  0.18829894066908826
  0.20612811105682871  0.22259602226032851  0.23755761172336845  0.25180675240095229
  0.26344275004439571  0.27316044278113427  0.27928041040819845  0.28479213135844333
  0.29004611978450168  0.29547046098666740  0.30232296858787872  0.30869163823243445
  0.31474248738260391  0.32060482614415770  0.32652077847912442  0.33218455356862553
  0.33828727460575836  0.34437593788492943  0.35018276942079019  0.35656404227619642
  0.36172057847337691  0.36713484255385176  0.37291398276081150  0.37867103875319802
  0.38518396571152863  0.39192913837033921  0.39797863339932965  0.40354038497225353
  0.40858832852621424  0.41351500998306473  0.41875585070692617  0.42438446315415579
  0.43003983200337320  0.43474252056267487  0.43873095786908534  0.44253861198429090
  0.44616467898876477  0.44970701624980042  0.45510557243078326  0.46152758388305931
  0.46779764988531869  0.47386552708127366  0.47963745905353822  0.48529644992447618
  0.49088495766728846  0.49630511591261461  0.50170137477350862  0.50582924884443914
  0.51011960667720080  0.51420911162739669  0.51872150107547321  0.52340112033132635
  0.52916335225037447  0.53560657805445855  0.54179868294049682  0.54763530057022480
  0.55338879430692700  0.55924504075399206  0.56556904318498413  0.57121468602757886
  0.57657090799942445  0.58206197316817199  0.58798851526376106  0.59450625678803626
  0.60115124335643522  0.60726371683906544  0.61329271750396497  0.61946539210956852
  0.62668314685708815  0.63409300250666301  0.64175156138624467  0.64914379401151823
  0.65623577417258261  0.66301311429267473  0.66992070920770896  0.67709006251710480
  0.68477735295788367  0.69310958586721205  0.70263628234291409  0.71309352578924445
  0.72179187352553498  0.72843636912064702  0.73519410101276950  0.74251774671115889
  0.75231516549677713  0.76317686346805524  0.77445898112740552  0.78591176343791602
  0.79878704469824213  0.81457704322448221  0.83619978408492313  1.00000000000000000
   2.0566940434701068E-011  -1.0000000000000000     
 F F F F F F F F F F F F F F F F F F F F F F F F F F F F F F F F F F F F F F F F F F F F F F F F F F F F F F F F F F F F F F F F F F F F F F F F F F F F F F F F F F F F F F F F F F F F F F F F F F F F F F F F F F F F F F F F F F F F F F F F F F F F F F F F F F F F F F F F F F F F F F F F F F F F F F F F F F F F F F F F F F F F F F F F F F F F F F F F F F F F F F F F F F F F F F F F F F F F F F F F F F F F F F F F F F F F F F F F F F F F F F F F F F F F F F F F F F F F F F F F F F F F F F F F F F F F F F F F F F F F F F F F F F F F F F F F F F F F F F F F F F F F F F F F F F F F F F F F F F F F F F F F F F F F F F F F F F F F F F F F F F F F F F F F F F F F F F F F F F F F F F F F F F F F F F F F F F F F F F F F F F F F F F F F F F F F F F F F F F F F F F F F F F F F F F F F F F F F F F F F F F F F F F F F F F F F F F F F F F F F F F F F F F F F F F F F F F F F F F F F F F F F F F F F F F F F F F F F F F F F F F F F F F F F F F F F F F F F F F F F F F F F F F F F F F F F F F F F F F F F F F F F F F F F F F F F
  <DiscreteSampler_grid>
  grouped_processes
  1 # 1 for a reference and 2 for a running grid.
  10 # Attribute 'min_bin_probing_points' of the grid.
  1 # Attribute 'grid_mode' of the grid. 1=='default',2=='initialization'
  0.0000000000000000 # Attribute 'small_contrib_threshold' of the grid.
  0.5000000000000000 # Attribute 'damping_power' of the grid.
 # binID   n_entries weight   weight_sqr   abs_weight
    13   10   1.335501161713662E-008   8.085950866311984E-016   1.335501161713662E-008
    16   10   1.335501161713662E-008   8.085950866311984E-016   1.335501161713662E-008
    22   10   1.290699654005580E-009   3.351709426655813E-018   1.290699654005580E-009
    25   10   1.290699654005580E-009   3.351709426655813E-018   1.290699654005580E-009
  </DiscreteSampler_grid>
