  0.00324210376515208  0.01314065152238446  0.02330713749016323  0.03345006730535142
  0.04393324115878824  0.05424405873814617  0.06609812904689746  0.07937541427081865
  0.09329144171326252  0.10602165360417234  0.11836384450673712  0.13038465007765429
  0.14091703835672773  0.15092065738680394  0.16036455412978273  0.17034631054588370
  0.18112364864622985  0.19104544905681242  0.19939847295857860  0.20805340275040723
  0.21650055625918607  0.22670204462009119  0.23939964838102420  0.25157969899107258
  0.26199522213634313  0.27119589705810454  0.28024569543565075  0.28984130146265236
  0.30009420783754115  0.31064183882244362  0.32041698861016227  0.33064641433868663
  0.34190924394655275  0.35220343256553899  0.36078317873766785  0.36916305171293035
  0.37862532617029954  0.38681384579424505  0.39379903529638766  0.40016127704576920
  0.40677883247788321  0.41304136907754346  0.42150534824609215  0.43139025671076364
  0.44085252356766885  0.45004046518285518  0.46033269814495476  0.47185941613909588
  0.48384087590457431  0.49551264619124047  0.50712314935675085  0.51845997128079935
  0.52924393469417930  0.53965311154354612  0.54991335817604658  0.56075654060728830
  0.57263143370294978  0.58393029231103055  0.59436178138031337  0.60480372753240752
  0.61614073122883306  0.62841808923605158  0.64052334554598722  0.65357618774076565
  0.66671300631515140  0.67978143585454132  0.69261360216823820  0.70584713665630927
  0.71970703271814607  0.73243034107780669  0.74424873059895191  0.75579647303960895
  0.76681163326928581  0.77882765408447652  0.79005235260943396  0.79930251931718632
  0.80772965988678003  0.81623886876995744  0.82639764136431193  0.83643244984678433
  0.84531315060599810  0.85422646849129558  0.86310674284448974  0.87164515142719889
  0.87990017795144948  0.88940064397506124  0.89956251673247078  0.91039753800265999
  0.92059218192427861  0.93054812666677256  0.94165900394678426  0.95343258274664910
  0.96409986465763986  0.97455159624067322  0.98592044534428147  1.00000000000000000
  0.00003359172608329  0.00004115291853558  0.00004685807254251  0.00005131923815525
  0.00005497778639063  0.00005820332099557  0.00006121235043416  0.00006410407016240
  0.00006731153427595  0.00007076614099454  0.00007444475366574  0.00007803172187084
  0.00008131290168719  0.00008438815085766  0.00008732838970588  0.00009031726221117
  0.00009356109293709  0.00009663383367461  0.00009980958656836  0.00010307964815707
  0.00010650715474947  0.00011002537597509  0.00011364863589267  0.00011746003753967
  0.00012071793275127  0.00012368638180553  0.00012662881857329  0.00012977669554675
  0.00013337087690797  0.00013682377469798  0.00014128044317265  0.00014614359083886
  0.00015121202277938  0.00015652462524384  0.00016237035555385  0.00016859793308209
  0.00017480066611171  0.00018053117061551  0.00018649621119734  0.00019231152953744
  0.00019848435016994  0.00020654288148270  0.00021444782698968  0.00022197190285169
  0.00022985277033197  0.00023784891067548  0.00024730526208884  0.00025761252326877
  0.00026818563025411  0.00027867030206119  0.00028936841229522  0.00030243752635317
  0.00031816061081423  0.00033329436315661  0.00035121473706224  0.00036994190629356
  0.00039013385353835  0.00041155721506507  0.00043310285305551  0.00045510088459937
  0.00047791916541300  0.00050067806740024  0.00052464353316375  0.00054896919828824
  0.00057498814305513  0.00060449286425387  0.00063766509953859  0.00067883168985779
  0.00072660029546671  0.00076792800748686  0.00080839045327274  0.00084911604786176
  0.00089789585553272  0.00096169152326666  0.00102487011884200  0.00108227035175760
  0.00113266669438415  0.00117362994864949  0.00123179815297422  0.00129417438968359
  0.00137386071471288  0.00146972301498045  0.00156142190088576  0.00166114463592969
  0.00181357449938935  0.00203538535768961  0.00233450936024893  0.00267203739626004
  0.00296581284830079  0.00328999594760650  0.00368637046027928  0.00421705375813373
  0.00500675031546907  0.00634212168873108  0.10703028674239184  1.00000000000000000
  0.00000279671410273  0.00000285520627398  0.00000292405728938  0.00000299820469314
  0.00000307406953081  0.00000313750180156  0.00000320266082348  0.00000327586119784
  0.00000334883954716  0.00000342125467805  0.00000349782062288  0.00000357833269218
  0.00000366855542165  0.00000375118681334  0.00000383130817166  0.00000388982477450
  0.00000393622297056  0.00000398633643167  0.00000404230105373  0.00000410018646526
  0.00000415241019093  0.00000424334093666  0.00000436006964617  0.00000446685281285
  0.00000457263050345  0.00000466524452187  0.00000475448010402  0.00000484817466103
  0.00000494259437374  0.00000508402544608  0.00000525973421687  0.00000542965890635
  0.00000558843062359  0.00000574424906286  0.00000591854325884  0.00000615661394648
  0.00000645950685980  0.00000673213487973  0.00000698584912923  0.00000734371758784
  0.00000766142826942  0.00000798294668037  0.00000831163491057  0.00000863102400616
  0.00000896320664557  0.00000935557538587  0.00000977884814365  0.00001022214886918
  0.00001067943648359  0.00001111186030553  0.00001155699256383  0.00001201101422802
  0.00001247033288620  0.00001311905207049  0.00001385841903722  0.00001454930861487
  0.00001537215597784  0.00001616841999264  0.00001699367610783  0.00001788718655573
  0.00001883917473309  0.00002001675273898  0.00002130749450663  0.00002252913718244
  0.00002384963847592  0.00002529971625693  0.00002706042036265  0.00002919062881510
  0.00003160732655274  0.00003434103744875  0.00003750701954072  0.00004094909464208
  0.00004479552397390  0.00004881807827911  0.00005333506051002  0.00005798244177511
  0.00006338837340552  0.00006982044894525  0.00007788891326954  0.00008832357556612
  0.00010134921181504  0.00011865964684684  0.00014009812870555  0.00015787417089442
  0.00017664665758250  0.00019759514610771  0.00023416335469453  0.00029598217133251
  0.00038018804545440  0.00047635036447486  0.00060659524007328  0.00086263710242501
  0.00140403208564750  0.00317397978664578  0.19221999453330385  1.00000000000000000
  0.00000548212290680  0.00000571939000634  0.00000606379996327  0.00000661808054969
  0.00000703653579577  0.00000755540248701  0.00000797265162361  0.00000835335434347
  0.00000871627259951  0.00000918258579118  0.00000969779683378  0.00001021637963320
  0.00001079770070902  0.00001155550259828  0.00001244957040188  0.00001330615621819
  0.00001400226590074  0.00001472591898793  0.00001551445616442  0.00001641588743242
  0.00001742490578085  0.00001837418937561  0.00001935334709001  0.00002038719934885
  0.00002154522019770  0.00002286712079516  0.00002430700259093  0.00002569543946166
  0.00002704662414920  0.00002870531288203  0.00003060017883481  0.00003276103777723
  0.00003504573540398  0.00003731962952669  0.00003986947132697  0.00004242803873552
  0.00004548937443413  0.00004867894421057  0.00005225320539727  0.00005545100203828
  0.00005822543371370  0.00006135881180507  0.00006464099904164  0.00006865917468683
  0.00007347131547201  0.00007869781098273  0.00008396611118864  0.00008907570493584
  0.00009459161593040  0.00010077883743339  0.00010743057191153  0.00011399996714064
  0.00012028085339215  0.00012684831125477  0.00013490669173924  0.00014401170759488
  0.00015330013540157  0.00016250748389294  0.00017322491127624  0.00018587784854927
  0.00019904165306071  0.00021286814433969  0.00022343742420964  0.00023460901705837
  0.00024742289410704  0.00026083413880880  0.00027591138846266  0.00029821856130569
  0.00032510033251024  0.00035378939410818  0.00038518754745535  0.00042249792679928
  0.00046686141613383  0.00051489778860257  0.00056682459660798  0.00061698301955971
  0.00067829271072971  0.00074267463884280  0.00081986605461653  0.00092984127829359
  0.00108861801219999  0.00130020151442735  0.00150663333676274  0.00170608712171919
  0.00185669129192850  0.00202449602291519  0.00219725627010753  0.00235606291711298
  0.00259304879498740  0.00287540703968655  0.00321125057653135  0.00371808027763350
  0.00446674422456461  0.00678365584040681  0.09879244566453617  1.00000000000000000
 -0.00286204402893533  0.01192890283628397  0.02274504785145173  0.03282329044363572
  0.04341089567681727  0.05581676341459764  0.06870451351796915  0.08073363521021834
  0.09167910960981070  0.10140084715239367  0.11095353998046052  0.12093431805113623
  0.13135542948641904  0.14251748283276389  0.15359967779096151  0.16120266125539653
  0.16770846123111724  0.17415386146062053  0.18020314243920160  0.18848135535007898
  0.19959224878083687  0.20838292612602483  0.21668093757013143  0.22522293380107392
  0.23524582945393474  0.24763884548482901  0.26018922367929381  0.27149905211644437
  0.28212026111530930  0.29302590950681523  0.30431915098771556  0.31572876979909820
  0.32615241358094521  0.33624219279781004  0.34528939776260764  0.35509192713407756
  0.36465055561541770  0.37357419793789509  0.38155675366600966  0.38961615285120260
  0.39771653060663242  0.40631082031900018  0.41463166021904840  0.42342447219863411
  0.43339911060767583  0.44385434564847037  0.45473320811488210  0.46551531069236540
  0.47649449248893816  0.48817309329678948  0.49945773988433539  0.50983897640741360
  0.51911332233624807  0.52842348265053740  0.53821417353666556  0.54841239303983669
  0.55987785208675345  0.57251903247077940  0.58599878457712751  0.59901806730806395
  0.61215979260219544  0.62423747405812102  0.63617107550714735  0.64728170370523930
  0.65815913717137697  0.66891482836309579  0.67941674368903793  0.69056867306172409
  0.70167051947054904  0.71360439423144950  0.72450973311226186  0.73672807664295636
  0.74943136084832118  0.76329788962034062  0.77703503663184548  0.78957191543309269
  0.80092151602896522  0.81161289399653114  0.82127907182263093  0.83018997909203007
  0.83900611604655240  0.84790569232482871  0.85817529973173967  0.86846443846940835
  0.87690738809460400  0.88472805280892097  0.89269225330836999  0.90170706022643443
  0.91329758590080179  0.92640691320656643  0.93913135227941136  0.95172328926570837
  0.96299404513085474  0.97493072279630311  0.98691821098545485  1.00000000000000000
 -0.00202008677852915  0.00616024099884390  0.01477685236764339  0.02587685225303405
  0.03873780436312420  0.05067936541231125  0.06186399720222020  0.07326372233692430
  0.08395860093040042  0.09462733422398149  0.10579799488913900  0.11751631648819932
  0.12943952442950407  0.14083957440355568  0.15147817532912433  0.16139650473172262
  0.17095531164891856  0.18067286475791533  0.19243504224145863  0.20387720740177129
  0.21446708193318886  0.22518997100321847  0.23598371023394402  0.24752845404428597
  0.25920716340262234  0.27039561443962656  0.28390412234306489  0.29589243007989269
  0.30768603573751852  0.31919885558098865  0.33046726667428955  0.34183318585943157
  0.35352122741038894  0.36362945516431511  0.37259340059828155  0.38063158554060023
  0.38599893500537591  0.39176409780086746  0.39859275880633777  0.40539843362143019
  0.41209162949222822  0.42287419528761006  0.43458464438517519  0.44515741656603303
  0.45648102148324510  0.46931102243635897  0.48147490966414430  0.48941283321976214
  0.49749256012483728  0.50691002003014352  0.51812259638929103  0.52867689764101700
  0.53738899566779041  0.54586305413829672  0.55666039648245458  0.56812375833831452
  0.58066381144855184  0.59459606194207859  0.60849300568332887  0.62016913779394756
  0.63044776408745540  0.64073462623992095  0.65216968457520719  0.66420009216054909
  0.67722053628570367  0.69146632567322286  0.70572987732832693  0.71880328835766416
  0.73096333670663349  0.74291730677877243  0.75478919969762903  0.76650661090760652
  0.77822371505438159  0.79023493621656848  0.80228089046401696  0.81315417896733100
  0.82182388948691421  0.83006351729405514  0.83755885293706489  0.84656451115810227
  0.85635759927449739  0.86708565880413757  0.87659284551624850  0.88488973256539405
  0.89258459446252392  0.90104057072731836  0.90941180986749837  0.91989768403754235
  0.93017410067013484  0.94191220144203536  0.95269317849385127  0.96258185352307657
  0.97219311816008491  0.98154277813387414  0.99067769096190228  1.00000000000000000
 -0.00257624818348611  0.01158554852548432  0.02336229973963025  0.02921318307091027
  0.03492493486856423  0.03983455879454827  0.04389121577514202  0.04784532232719798
  0.05154645178619986  0.05597544453903219  0.06429169830786582  0.07529214995078043
  0.08662458368722965  0.09861870419669502  0.11224422919611142  0.12725722582567361
  0.14111754846252211  0.15197516117669546  0.16098388688763204  0.16983637935520357
  0.17803568508023015  0.18648011516140053  0.19615014783012122  0.20539609352298144
  0.21320981753792695  0.22140277027859243  0.23057909938346458  0.24228662433304171
  0.25486778269502181  0.26730985678853575  0.27985411036342644  0.29346612874809047
  0.30839186717608441  0.32210044322512499  0.33486723481452368  0.34791638279410669
  0.36150873744640344  0.37388740977661195  0.38721191749045658  0.40078101670152844
  0.41488168719171586  0.42829582636050628  0.44139217925009261  0.45413570420415694
  0.46655291165258522  0.47879342079220355  0.49095743987463103  0.50355594184869645
  0.51544488097642283  0.52755968947008458  0.53830760045198389  0.54822941062480446
  0.55782056337405161  0.56799801621180657  0.58048628596516683  0.59456259052956451
  0.60862183750703402  0.62276099714834421  0.63578839221351424  0.64882146430397170
  0.66241668819370381  0.67755785631903642  0.69177689222018179  0.70440487881732927
  0.71559669292000627  0.72724188478040119  0.73927620516413839  0.75232584536166514
  0.76480359673662257  0.77524141164020310  0.78542755423822808  0.79622318129291236
  0.80849208806015427  0.81940402750725161  0.82957464513232693  0.83969635999607661
  0.84967803394542873  0.85661019419897244  0.86352687627995417  0.87047974126991345
  0.87708046774201820  0.88460841734655471  0.89262423504986044  0.90140881122543137
  0.91122145047920422  0.92149497471255482  0.93142467871461221  0.94037149265769704
  0.94811348576878229  0.95491072423271706  0.96133487894548675  0.96779583457705831
  0.97491672941606811  0.98288302984209686  0.99132469692691516  1.00000000000000000
 -0.00296765271498779  0.01407767439566059  0.02791473548245650  0.04105815510554511
  0.05179546871836795  0.06083603942733999  0.06961682496473269  0.07927914825924144
  0.09072752551630840  0.10276911311121444  0.11490491345902980  0.12619347431267763
  0.13728033108447879  0.14755456824400986  0.15636760041133138  0.16474136225883446
  0.17298101230591412  0.18158704126589395  0.19044199461743588  0.19912722737726879
  0.20756020054456084  0.21677786800546534  0.22653975233510490  0.23746923754300975
  0.24886535798326109  0.25979627018271884  0.27091311381472016  0.28146105869301191
  0.29147734420286892  0.30082659181273463  0.31140343357966427  0.31972639592240087
  0.32692230574586384  0.33364674702994307  0.33962891679870644  0.34594158868954794
  0.35279883293484859  0.36060917576928714  0.36981434171188859  0.37993790957399526
  0.39221588004423236  0.40622710138093265  0.41877932772698201  0.42875659847073533
  0.43852710907460496  0.44759362450629586  0.45496709502180183  0.46212802112772911
  0.46914689905207740  0.47629799551790175  0.48596541498767276  0.49880243760534043
  0.51058548157965378  0.52272938342435693  0.53592217505525619  0.54811748942684535
  0.55833136018068641  0.56834752580960624  0.57873484716585333  0.59004830996278745
  0.60244707205872361  0.61399579956491102  0.62478609180637690  0.63660988294737009
  0.64755246250400211  0.66048396184924751  0.67196805448047381  0.68251173598246873
  0.69122903843959116  0.69938437830748523  0.70860935225866228  0.71868164401405499
  0.73014737118289175  0.74276913298575720  0.75527723528776447  0.76849860915962220
  0.78151465348593130  0.79333192375947303  0.80364899258268419  0.81421612888363104
  0.82615358212628565  0.83779638862339700  0.84935047442016953  0.86133442300978613
  0.87312452136481111  0.88461965832184863  0.89578835870344120  0.90882075863033618
  0.92240905878557666  0.93545067821366035  0.94735818280984663  0.95862410362549011
  0.96806269118237176  0.97804973799130857  0.98837073017059962  1.00000000000000000
 -0.00234892172838366  0.01137169555526308  0.02226244178103984  0.03317813062426175
  0.04498224881209619  0.05650501454291565  0.06787791609693238  0.07870781277257288
  0.09146746552633424  0.10565687922508467  0.11782185841678752  0.12872082606311858
  0.13802523266838015  0.14782013172634825  0.15634474817745214  0.16458784201233392
  0.17309945607992019  0.18277252290379944  0.19331210506004196  0.20341413161905772
  0.21320748734977901  0.22355951145730985  0.23489997221957234  0.24701546891849607
  0.25898473922051013  0.26996320910397553  0.27944968626962285  0.28932539102338933
  0.29730471258072261  0.30613336020650644  0.31506935254295027  0.32445738209218800
  0.33390516094617223  0.34421983397696182  0.35356113889260360  0.36475898293482822
  0.37583356800440504  0.38790883018369460  0.39768443498511896  0.40524903356988151
  0.41094576399284249  0.41620980344611108  0.42093820064470300  0.42690323319119322
  0.43710854993710413  0.44908466970530192  0.46286103701170467  0.47643307944968422
  0.48963645034157832  0.50110188804650546  0.51136383384877748  0.52133111739987892
  0.53220456051136666  0.54281688126388683  0.55314834062569040  0.56375753345084878
  0.57515753554622462  0.58575166745619101  0.59549012181549588  0.60502356743220254
  0.61329920919308545  0.62204968639597114  0.63096639379891195  0.64004327649801274
  0.65271769853957939  0.66713997420414817  0.68119663839021072  0.69374273695510136
  0.70518533590176735  0.71674982783031549  0.72913654156986840  0.74061134381502436
  0.75152812153497361  0.76281672432698466  0.77446453066161947  0.78608317435009367
  0.79775739648443045  0.81063082591135938  0.82369155266920435  0.83555748797993745
  0.84617064323309610  0.85640484612366563  0.86740495603859968  0.87894359583611170
  0.89012980092259053  0.90135372468190389  0.91256964154155173  0.92372411662206699
  0.93466518173405955  0.94357315073902992  0.95180290817908864  0.96070768992420530
  0.97052325174398113  0.98112933056560214  0.99095958259983363  1.00000000000000000
  0.00001723585240938  0.00008186300694791  0.00021065025497507  0.00041824195077121
  0.00054032431267207  0.00064477828563215  0.00073335913578941  0.00081890588680291
  0.00090597352403649  0.00099566278270330  0.00110294422752038  0.00121357397390756
  0.00132626040817725  0.00143216290888405  0.00153559556487585  0.00163674442467537
  0.00174119383793707  0.00184804562801548  0.00196098041159329  0.00206629677519270
  0.00216870587909593  0.00225948084827466  0.00235015353241851  0.00243835285773719
  0.00252654122363990  0.00263153473291927  0.00274332415980466  0.00288082944971434
  0.00302392248998590  0.00315522849965782  0.00327455828126961  0.00339251440967999
  0.00350565095783619  0.00361191185737079  0.00373404276648061  0.00386287293884479
  0.00398255483184194  0.00410727293069226  0.00423587719111322  0.00435970374360785
  0.00449134012825224  0.00463559245420635  0.00483022981628333  0.00505228838722868
  0.00519742868199216  0.00532335861839803  0.00544061591950067  0.00555523998903195
  0.00565280762486318  0.00573198216888796  0.00582072976431023  0.00594267464826682
  0.00612869171334588  0.00631578909950855  0.00649822240494034  0.00664209021074225
  0.00677765960815545  0.00690946806882221  0.00701496601828700  0.00712416551943881
  0.00724138554876350  0.00738013777598781  0.00758519133561078  0.00785588327043826
  0.00804832900800804  0.00826629182809935  0.00850797231206415  0.00888979811765337
  0.00969262271963065  0.00989391671657620  0.01009437502645326  0.01031821412196789
  0.01057333933329953  0.01082380014780428  0.01102414842937992  0.01121435648312584
  0.01149225832906978  0.01180670902574327  0.01224811493975710  0.01294917352906161
  0.01346244139067185  0.01385553589534762  0.01464037038331002  0.01500190191096017
  0.01521315018226506  0.01542397235727129  0.01563456298705058  0.01590767466054972
  0.01738699896441760  0.01935554702456740  0.02135887827167973  0.02374821439966115
  0.02811419229317391  0.03523049420958425  0.37104445916138290  1.00000000000000000
 -0.00352464728937408  0.01311786057880163  0.02639805165539438  0.03954055955542346
  0.05116372445854704  0.06180416870472985  0.07192229904363223  0.08444214798042947
  0.09996981422782612  0.11396163108414452  0.12665842402156688  0.13949093027778933
  0.15070166821423958  0.16096272159926764  0.16959335083990565  0.17990908087817842
  0.18919554076993195  0.19894496593094876  0.20847946893647923  0.21790868839474131
  0.22726714683506252  0.23605623502056225  0.24457061839902214  0.25268816594176358
  0.26103627486510023  0.26901689330293632  0.28140927479527905  0.29188937633456502
  0.30070179935113955  0.30890878057357246  0.31731114061621501  0.32661436628367119
  0.33684006667749544  0.34644279998312211  0.35468832019504543  0.36216783411630593
  0.36978632377866372  0.37808945780298370  0.38733562583260572  0.39686857994390562
  0.40673228195498784  0.41700074556292993  0.42751689445206426  0.43864455263934837
  0.45059510605639130  0.46218417122575206  0.47069141039702811  0.47740679835444799
  0.48460973951223635  0.49219660468480153  0.50020354629040908  0.51137519480695848
  0.52302316447604458  0.53436318302139607  0.54527920469631874  0.55596704425882570
  0.56613039640851892  0.57547378117377168  0.58425495440962072  0.59384930631510147
  0.60277839963159718  0.61271427241604837  0.62194971294401158  0.63379481659273496
  0.64590594508236310  0.65724696161558427  0.66727317137311548  0.67671936483921069
  0.68614705016730959  0.69625889638458927  0.70659992483062406  0.71719238779582273
  0.72796465089971985  0.73749099021796083  0.74822454273756756  0.75951646806693141
  0.77234625540078750  0.78532688163005082  0.79791557162242621  0.81079325328306040
  0.82362361445517696  0.83704685979599058  0.85161428081352020  0.86593209736443633
  0.88014639468976497  0.89147919590835190  0.90102248735990254  0.90957632144476686
  0.91723507909293522  0.92579093997174489  0.93491997451934994  0.94694965247659013
  0.95987710473821319  0.97289535535685523  0.98611218285238444  1.00000000000000000
  0.52152849731361750  0.55318381367652425  0.56830366451518477  0.58434772745856067
  0.59939975659234568  0.61533361628651284  0.62415366407606643  0.63171071439734539
  0.63958265649105683  0.64621003330277116  0.65273807386800797  0.65970913127692887
  0.66579740234657969  0.67023942755561106  0.67447755916922147  0.67916472656264482
  0.68521071632144848  0.69104981255868136  0.69670827472504537  0.70237246414187937
  0.70829713990749854  0.71480258763242233  0.72127934358357926  0.72745547604180483
  0.73369165531475711  0.73973917211183782  0.74564576410548178  0.75174447226933960
  0.75746576218180950  0.76322414140119588  0.76851129655207495  0.77333286719743466
  0.77772482888969108  0.78218516358490420  0.78641775498679600  0.79076165319460268
  0.79454946504662793  0.79876669089627139  0.80312139280960926  0.80773231388251421
  0.81190716288640552  0.81619364145628193  0.82030924802521255  0.82426878811979043
  0.82814521126245166  0.83207198805668670  0.83609407633940258  0.84043065649297033
  0.84502136089754443  0.84966258563962072  0.85395348534709292  0.85796555033458688
  0.86182734710832642  0.86575666258732065  0.86986545320976016  0.87404013139129766
  0.87786269816342744  0.88156064622851649  0.88509653606315841  0.88831132488607301
  0.89146874673599008  0.89428812058471896  0.89691469297639914  0.89947722485222026
  0.90211870936186400  0.90482627571818275  0.90759560797630712  0.91061895878550092
  0.91386672392504764  0.91711476170368145  0.92018212515145781  0.92325576596814340
  0.92651934025711402  0.92982973554577319  0.93307378352897452  0.93583412169777980
  0.93825615783049510  0.94055161493597050  0.94280444526926277  0.94511225706900903
  0.94800559320363587  0.95129257202725803  0.95457226683683849  0.95794244509156445
  0.96143514104381622  0.96500481951131578  0.96855554028213742  0.97132367591954660
  0.97400969456788522  0.97664112793863511  0.97926765634486634  0.98226673717545643
  0.98588279975035653  0.99010207977066744  0.99479449438899137  1.00000000000000000
 -0.01212838750532214  0.18798357269354815  0.20102261139512889  0.21370601165213060
  0.22818753788387622  0.24458955450425121  0.25849592526254250  0.26993077049887609
  0.27967869317250243  0.28923077795440488  0.29888268613279834  0.30884160333821337
  0.31899215119666435  0.32877532358311284  0.33728487652966138  0.34475943769240192
  0.35169653239969989  0.35869927512323596  0.36593224462572999  0.37276455455772101
  0.37912230670907349  0.38526452514275411  0.39145814558281739  0.39840049713346298
  0.40508387426687881  0.41133328284547521  0.41741040264716606  0.42333320726585877
  0.42878296250971182  0.43310521253996548  0.43682431896707846  0.44039728721349797
  0.44391121034795289  0.44717308085665092  0.45045000241124522  0.45417646178266330
  0.45827644772323506  0.46226713413272724  0.46674229707428444  0.47177940853014777
  0.47718382063744091  0.48248135043858137  0.48769547425411852  0.49300018419760677
  0.49839395863283198  0.50375613598991753  0.50872398831175436  0.51341477778737010
  0.51797754692486253  0.52263385986353905  0.52756413187805740  0.53326078751934025
  0.53896514650082783  0.54410612332730524  0.54894094301252505  0.55387132312414267
  0.55933275703651431  0.56467794481397693  0.57008209808070243  0.57524247953291185
  0.58058373740753466  0.58605557371126193  0.59052898023978828  0.59507707234548657
  0.59944436785905941  0.60385296100277375  0.60817932081967763  0.61297358865938523
  0.61759253756715182  0.62263653807886576  0.62753677480547643  0.63277669714303553
  0.63804874754227459  0.64373160024004084  0.64957467040510708  0.65511275722617768
  0.65951183115365253  0.66356153645130234  0.66795725073418688  0.67382490550871110
  0.67978889786463570  0.68613289623419527  0.69300046072450672  0.70098104483128654
  0.71083607427386686  0.72141871431551075  0.73150003366225258  0.74132816505081134
  0.75157637715358194  0.76293328127981297  0.77543036384819797  0.78825627823076438
  0.80235268298005935  0.81883526406707263  0.84573439083009161  1.00000000000000000
   1.4546260979808484E-005  -1.0000000000000000     
 F F F F F F F F F F F F F F F F F F F F F F F F F F F F F F F F F F F F F F F F F F F F F F F F F F F F F F F F F F F F F F F F F F F F F F F F F F F F F F F F F F F F F F F F F F F F F F F F F F F F F F F F F F F F F F F F F F F F F F F F F F F F F F F F F F F F F F F F F F F F F F F F F F F F F F F F F F F F F F F F F F F F F F F F F F F F F F F F F F F F F F F F F F F F F F F F F F F F F F F F F F F F F F F F F F F F F F F F F F F F F F F F F F F F F F F F F F F F F F F F F F F F F F F F F F F F F F F F
  <DiscreteSampler_grid>
  grouped_processes
  1 # 1 for a reference and 2 for a running grid.
  10 # Attribute 'min_bin_probing_points' of the grid.
  1 # Attribute 'grid_mode' of the grid. 1=='default',2=='initialization'
  0.0000000000000000 # Attribute 'small_contrib_threshold' of the grid.
  0.5000000000000000 # Attribute 'damping_power' of the grid.
 # binID   n_entries weight   weight_sqr   abs_weight
    10   10   8.103950684730400E-001   3.281838829863712E+000   8.103950684730400E-001
    16   10   4.921887389116534E+000   2.045211161369640E+002   4.921887389116534E+000
  </DiscreteSampler_grid>
