  0.00260240846849049  0.01609812359929249  0.02898705859615181  0.04034769511092756
  0.05080555355823473  0.06139836558719735  0.07217911316059335  0.08331172830569959
  0.09426412379556984  0.10490189836399211  0.11660943042143385  0.12823307214401986
  0.13925210197798843  0.14922061278274912  0.15916211014279888  0.16980275035746614
  0.18162168009966639  0.19226067368349833  0.20226884068661194  0.21225247046625759
  0.22304390805740670  0.23445090353951811  0.24572239446550453  0.25625095594506186
  0.26669342838016286  0.27709925375430478  0.28761335103317204  0.29743974899870523
  0.30718553909602014  0.31713052815192116  0.32739091694037870  0.33780493954728641
  0.34818533479247915  0.35841758696431869  0.36888647901656851  0.37934025627637885
  0.38988835466745386  0.40121985232278407  0.41285678775220702  0.42470078954802559
  0.43664773917417354  0.44863006265555438  0.46021852948583236  0.47134168242109026
  0.48237469332845823  0.49310038484576674  0.50341048579102077  0.51366561782748810
  0.52414539743780619  0.53508412423319740  0.54605657209052949  0.55665337402381976
  0.56671129425064459  0.57669966729603206  0.58713530525023550  0.59760857203891471
  0.60750547365893037  0.61691000269604324  0.62663993671165097  0.63698721249549217
  0.64754487384449155  0.65858539746896527  0.67007331774244716  0.68124800928367413
  0.69037899653507950  0.69918484482699517  0.70751918470268826  0.71638130678657519
  0.72570770028284570  0.73502599560273474  0.74448686145458243  0.75395052765165615
  0.76328784920045556  0.77242310542332959  0.78182004929880877  0.79244836384422024
  0.80344334275538032  0.81396105342410485  0.82428943070437866  0.83437411480489709
  0.84407028956081820  0.85375345036329153  0.86317422974142288  0.87230660737632404
  0.88197606758406444  0.89207783905001470  0.90316410402296121  0.91417138927138220
  0.92459007186190090  0.93482598784068560  0.94485304884461474  0.95460260611878955
  0.96392163735897640  0.97292028335595715  0.98210240682086836  1.00000000000000000
  0.00000255498842719  0.00000279908567981  0.00000290209324327  0.00000302655718116
  0.00000317572581324  0.00000331578206098  0.00000348347983004  0.00000365596074963
  0.00000381825694279  0.00000403695622699  0.00000424730025184  0.00000447202455952
  0.00000472248160760  0.00000497310916956  0.00000524973705277  0.00000556915336300
  0.00000589155188427  0.00000627831109410  0.00000666816887035  0.00000709148618666
  0.00000754399263769  0.00000800352319067  0.00000846500370102  0.00000896180696013
  0.00000948075097530  0.00001007126478728  0.00001065588390962  0.00001127470976239
  0.00001192531102034  0.00001260045756423  0.00001335229381819  0.00001411181866663
  0.00001490622025589  0.00001578311969589  0.00001673207447635  0.00001776376721391
  0.00001884424406177  0.00001997617738427  0.00002114185467620  0.00002238356963826
  0.00002367816287634  0.00002523398237190  0.00002672061463209  0.00002848650520153
  0.00003033888760235  0.00003240154601098  0.00003474650516461  0.00003727592594139
  0.00004017593089714  0.00004312892082666  0.00004667966825484  0.00005026216123394
  0.00005436589050098  0.00005860823257765  0.00006287673113836  0.00006744692186132
  0.00007243831148839  0.00007829294893762  0.00008530541240553  0.00009284570758709
  0.00010175382899152  0.00011204593473628  0.00012375586728291  0.00013597373449798
  0.00014994131162785  0.00016714151250707  0.00018749236946729  0.00021226505529987
  0.00024020874713117  0.00027007190601800  0.00030707275613215  0.00034791675647650
  0.00039056788503543  0.00043892480788093  0.00049722709264792  0.00055867121005042
  0.00062727455658696  0.00072588011966878  0.00086295758574668  0.00102621489144110
  0.00117894670241835  0.00136324200553334  0.00156984199452660  0.00183627304974307
  0.00206684934963122  0.00227023258381394  0.00250413448189898  0.00274728519649648
  0.00297057902139430  0.00319338932104356  0.00355051903037210  0.00395756964864815
  0.00444483962891058  0.00537013325493985  0.03275229829618775  1.00000000000000000
  0.00000338823102998  0.00000352772984897  0.00000362348407462  0.00000372509074295
  0.00000386743401554  0.00000403162451616  0.00000420035995143  0.00000436571368056
  0.00000452335994558  0.00000467898474378  0.00000484311430412  0.00000501477772897
  0.00000520344577353  0.00000539945227449  0.00000559013461085  0.00000577240016080
  0.00000595711820875  0.00000615266280383  0.00000636657749020  0.00000658782368431
  0.00000681571123011  0.00000707138357789  0.00000733873036196  0.00000760869436460
  0.00000788026311276  0.00000816254357823  0.00000847175825570  0.00000879205356475
  0.00000912064389597  0.00000948579576718  0.00000989740393593  0.00001030170126968
  0.00001071686570575  0.00001115836230257  0.00001161645080522  0.00001208579517959
  0.00001257070813267  0.00001308098340170  0.00001365365398946  0.00001418862493891
  0.00001476087887649  0.00001537770418616  0.00001603779810300  0.00001673770849728
  0.00001749188865400  0.00001831666994458  0.00001912964310410  0.00002003678317154
  0.00002101416222967  0.00002207891145331  0.00002318083117092  0.00002448811386639
  0.00002585773615721  0.00002727244701253  0.00002873937550152  0.00003024126053782
  0.00003181924321617  0.00003352854082598  0.00003539959353306  0.00003741232636714
  0.00003974462196320  0.00004216740028135  0.00004504069140272  0.00004776540177795
  0.00005080826626745  0.00005417711932642  0.00005796601545802  0.00006241139288931
  0.00006730934362995  0.00007276079973041  0.00007887293330308  0.00008574939731745
  0.00009337604820446  0.00010126933665535  0.00010972440144991  0.00011879701941942
  0.00012886560331967  0.00014114684615881  0.00015598596269531  0.00017587624088701
  0.00020118727720065  0.00023142101409399  0.00026780232010713  0.00031169743636432
  0.00036953254768888  0.00044034131439134  0.00052020933256141  0.00060730887044648
  0.00073113033781652  0.00091095759287530  0.00117439313741749  0.00144521619327269
  0.00181107286144648  0.00301180693634709  0.01930622154681808  1.00000000000000000
  0.00000357065186517  0.00000490439411077  0.00000559202531586  0.00000623116592898
  0.00000682455031318  0.00000736215080072  0.00000790460454638  0.00000849283425011
  0.00000907996811786  0.00000969373688718  0.00001032621806366  0.00001100081486449
  0.00001169859793643  0.00001239453258592  0.00001314121037328  0.00001390641685548
  0.00001464734743293  0.00001544682321113  0.00001626140586108  0.00001711420525513
  0.00001813329078324  0.00001917614779923  0.00002026347263517  0.00002145373233292
  0.00002264886520520  0.00002392535654230  0.00002530879151963  0.00002681339273897
  0.00002853545357814  0.00003041433283574  0.00003238642975580  0.00003444619851091
  0.00003663255963500  0.00003901013887019  0.00004145066779773  0.00004394733754647
  0.00004662706378124  0.00004957250972558  0.00005291116558439  0.00005653412547685
  0.00006044236471011  0.00006479417721156  0.00006964202959715  0.00007500777225386
  0.00008078999942619  0.00008701540275078  0.00009360110030814  0.00010070767170783
  0.00010830325282959  0.00011614087162079  0.00012406993667482  0.00013226687260669
  0.00014109602217756  0.00015100345774233  0.00016219157730656  0.00017445678620352
  0.00018700362139864  0.00019948827699490  0.00021242862810198  0.00022637770554539
  0.00024172864160613  0.00025760275199392  0.00027399275977469  0.00029205743373473
  0.00031169604606932  0.00033904517641996  0.00036791759432984  0.00039976222101009
  0.00043447087111704  0.00046873885647846  0.00050627854615145  0.00054925794237997
  0.00059405677452324  0.00063991858998816  0.00068835398862378  0.00073939766060549
  0.00079183699199635  0.00084642190945392  0.00089724284063033  0.00094854096003964
  0.00100764899965246  0.00108333968790667  0.00116640089913368  0.00123917106662986
  0.00130406961932911  0.00137093490374730  0.00143838776484568  0.00150806521781683
  0.00159312698254605  0.00170009298760068  0.00182815152791581  0.00197003497718649
  0.00222818208124038  0.00278400763675472  0.03456767513379386  1.00000000000000000
 -0.00115269228528097  0.00522767262635329  0.01121445813720358  0.01715990922459701
  0.02311480143302529  0.02879126385778126  0.03432537648739025  0.03989346884330074
  0.04588249799766989  0.05200176735412428  0.05748852039368019  0.06273272968168914
  0.06792201058581560  0.07344797801602970  0.07923742945385169  0.08511390021500341
  0.09118207677300291  0.09734756313434992  0.10337842473395899  0.10921648411781987
  0.11473000092063175  0.12027552105351548  0.12613208706765391  0.13242818918570298
  0.13918074834677102  0.14608578721178209  0.15274425659643770  0.15947819100280483
  0.16612224501830128  0.17281784277655463  0.17952968327720834  0.18596253324824374
  0.19212301682575159  0.19791551521026249  0.20368874999810990  0.20973807807590125
  0.21638035102835154  0.22364135039035707  0.23109376653616373  0.23879255551810236
  0.24633156042151391  0.25393908341653199  0.26162134642259610  0.26915345796874435
  0.27724706556264683  0.28558419613068320  0.29383817165137038  0.30176111084690671
  0.30963046387385273  0.31769856940124358  0.32609969800094224  0.33485658520232564
  0.34401259897399133  0.35339255400273795  0.36300267046660895  0.37257252420850873
  0.38201801716307709  0.39115580865908212  0.40012982100566397  0.40865197099222295
  0.41694748214166261  0.42532107495790716  0.43412591025088598  0.44370399214176759
  0.45359554760132176  0.46356300761970243  0.47366855900697113  0.48437528796202245
  0.49598619885300482  0.50819837311152227  0.52009051010295215  0.53151825101571171
  0.54239140087928250  0.55378224809414534  0.56545602574583365  0.57774291807263778
  0.58970939528703725  0.60234179191616033  0.61654289017922981  0.63073797764574846
  0.64575929278036226  0.66208989477559366  0.67933363866554675  0.69659107884861116
  0.71394804509177123  0.73071500877396101  0.74748066506900401  0.76495094772950156
  0.78468559028228113  0.80691281341716170  0.83261811572044431  0.86011660097243903
  0.89006760783781935  0.92372328921617675  0.96029743032466697  1.00000000000000000
 -0.00234138011246990  0.01090045734090947  0.02251663064627446  0.03386081318350934
  0.04534731180603998  0.05698119957348129  0.06855146360308136  0.08000128356620424
  0.09091349701906130  0.10155478714560456  0.11204319802876639  0.12255752347149960
  0.13346487207504321  0.14473629596849974  0.15637659540482968  0.16750686845552359
  0.17872130568961617  0.18951049901054295  0.19970090526555637  0.20906992204812599
  0.21820994154795736  0.22792356865408928  0.23892396248921913  0.25051772878784073
  0.26156624894822789  0.27254989361999804  0.28314916111490901  0.29340820993297062
  0.30381746786593278  0.31437850167605069  0.32554117617168404  0.33672708630610781
  0.34776844586824235  0.35862517686871298  0.36969787423328165  0.38068596698732654
  0.39170607533331719  0.40279200509929797  0.41402026483441168  0.42465389507013801
  0.43501891390078234  0.44530981543412412  0.45533605479984551  0.46560058194062282
  0.47589552144943426  0.48617811845735182  0.49703270740915989  0.50755485656122123
  0.51794087147973711  0.52770008502308441  0.53799690146013834  0.54853576312523622
  0.55961145574163118  0.57042948069978705  0.58126115613878226  0.59095888748167180
  0.60018162957441856  0.60926251872840376  0.61862744289094218  0.62865567008565348
  0.63885235057196865  0.64938350179714688  0.65989776199632488  0.67018483598449630
  0.68066615033660594  0.69132362613721776  0.70191928418004546  0.71253610619637975
  0.72322206442755987  0.73383054637557310  0.74436122117593639  0.75508560805198532
  0.76600754942562455  0.77678128850956829  0.78729887307560564  0.79803111822862505
  0.80906803029581498  0.81959912278361957  0.82945729684431835  0.83862112045627268
  0.84768457621373616  0.85719890995277037  0.86691156290083926  0.87713010671003233
  0.88800356138862124  0.89962195474674789  0.91156592564727734  0.92235049505860967
  0.93189298280731636  0.94103780855471575  0.95007372707833249  0.95936301635015853
  0.96893034069939588  0.97832813564143517  0.98905839774362780  1.00000000000000000
 -0.00186460172769152  0.00791953107565796  0.01636364683248120  0.02541979180556315
  0.03519728600307756  0.04588147234444623  0.05662371288632130  0.06722178222251884
  0.07756449518572198  0.08803150060220506  0.09813172000618180  0.10797911918364456
  0.11818205891180447  0.12886309697704196  0.14030760914687662  0.15132245321834417
  0.16260356185994201  0.17433257816064554  0.18628737598368125  0.19710006955705486
  0.20776590875585377  0.21850490646021528  0.22976939952414235  0.24071067228103296
  0.25139047956678789  0.26072193906430818  0.26996633028228723  0.27895968081210210
  0.28848746282326293  0.29812709527975018  0.30808933023338037  0.31684824777366988
  0.32601325443088058  0.33533584889667939  0.34569354466779012  0.35701773543078313
  0.36845716696702430  0.37973193374444592  0.39094054305034054  0.40189250467458276
  0.41252109874048293  0.42339588904657782  0.43450340195849024  0.44573508161679842
  0.45633670522173431  0.46618215027416604  0.47597020456889627  0.48648841672742466
  0.49800928627599239  0.50984952822021357  0.52182635840352176  0.53392012437743219
  0.54571256052023698  0.55680156997414221  0.56751461896532951  0.57799485020830699
  0.58827929455513794  0.59860102812815752  0.61007743360241773  0.62258954836862956
  0.63471780682618872  0.64630851159703395  0.65737983877187611  0.66796506066092254
  0.67890574345196542  0.68938178336173339  0.70027841080678266  0.71081486714523523
  0.72186581340319045  0.73283894596964638  0.74377722266476076  0.75520383646205957
  0.76679334809110089  0.77834333402196165  0.78947994803513377  0.79988130337980823
  0.80982181029360156  0.81934079206382915  0.82908635872255232  0.83957646168056410
  0.84953009890154396  0.85946190792975208  0.86915329217350235  0.87827694437305626
  0.88722628060737896  0.89582118880719319  0.90550658660388295  0.91514401639684173
  0.92475750176198290  0.93413896261790919  0.94423839178637259  0.95549832980516358
  0.96670595269879278  0.97782845466759760  0.98881175639905006  1.00000000000000000
  0.00000363821091408  0.00020803958648966  0.00041913814379045  0.00060113225760314
  0.00068886411203087  0.00077254115566977  0.00085550580081092  0.00093855460468335
  0.00102223793982385  0.00110463197339117  0.00118632318010962  0.00126617337997333
  0.00134361529229240  0.00142062259973990  0.00149579345222411  0.00157001047999330
  0.00164467534556732  0.00171821059574164  0.00179246084880563  0.00186904492253566
  0.00194024942503257  0.00200977061023579  0.00207704086534240  0.00214498153417448
  0.00221348880409458  0.00228872434557647  0.00236477534856375  0.00244078478340000
  0.00251964517377358  0.00259979610850531  0.00267519109613111  0.00275350556060631
  0.00285031805731283  0.00293667915544872  0.00301898035375150  0.00311209284411320
  0.00320637543110940  0.00330139348597198  0.00339931948368487  0.00350183600635968
  0.00360489766575174  0.00370699538800898  0.00380481030342573  0.00391927978884736
  0.00404219308334823  0.00415797121699774  0.00425646687879446  0.00435414644568621
  0.00445288329564808  0.00454614687576815  0.00463334291157224  0.00472107093682965
  0.00480928153779819  0.00489851436379364  0.00498872259990410  0.00508990237650596
  0.00520235698981433  0.00535993472107434  0.00550531437506638  0.00564377127783637
  0.00578292598397568  0.00592791671492570  0.00607272503518080  0.00621621234224762
  0.00635580064393561  0.00647354866932933  0.00658824013934514  0.00670127948606051
  0.00681877259164977  0.00699507883742695  0.00723515172112188  0.00747412167298073
  0.00772772231954242  0.00793080063570784  0.00812828051318982  0.00833597077651863
  0.00848265035283990  0.00861805451719131  0.00875333873556874  0.00888843096947460
  0.00902339031077397  0.00935629302947298  0.00971299523400365  0.01011761512105960
  0.01263309076351992  0.01541629727656590  0.01583773053525599  0.01625405225478470
  0.01661870000809433  0.01788428525232338  0.01870497142284949  0.01907754544598508
  0.02009303223203309  0.02177056909561307  0.19409890545492653  1.00000000000000000
 -0.00247195531336718  0.00907841329655568  0.01938642275290434  0.02982051232435383
  0.04063761568299931  0.05124082009545876  0.06166124406686738  0.07254739403717467
  0.08345463151678806  0.09482336300001015  0.10659123835724237  0.11879478564062472
  0.13090445358360403  0.14249291874856468  0.15397883498755846  0.16509147057173526
  0.17563037206808643  0.18592708648327003  0.19671548558215399  0.20797966687481606
  0.21853976367259498  0.22872440695950422  0.23955702388938308  0.24990183880830791
  0.25946592876601743  0.26896788657724879  0.27935243328315146  0.29077845067280145
  0.30113075995722965  0.31123075035534081  0.32175555521714899  0.33313836104168698
  0.34495554850157623  0.35639192299121597  0.36754941774551225  0.37842484356638972
  0.38915355883479591  0.39957109658625983  0.41071078513659898  0.42106781265392168
  0.43116671241813315  0.44067528878120799  0.45116457726933712  0.46091662456908200
  0.47064805663964426  0.47980815507513952  0.48888441984431480  0.49837064863842301
  0.50792856347955151  0.51724590104444845  0.52638250186534796  0.53553827789101993
  0.54466032562698719  0.55390773219855638  0.56364123341445849  0.57333531150568029
  0.58374046098001453  0.59425536190448480  0.60513246610644800  0.61588558886580758
  0.62646803646147942  0.63705682478583081  0.64755396736497095  0.65721590997876955
  0.66685520195524006  0.67676211441834577  0.68788735979142956  0.70046281427849155
  0.71333341799225070  0.72599115236934730  0.73879996048033436  0.75155229960746828
  0.76393207392313001  0.77528844210083891  0.78493691963959267  0.79390370154208423
  0.80204852664455650  0.81006298388109954  0.81844211365248132  0.82767607466095550
  0.83814072710647003  0.84969769441695664  0.86151351722344893  0.87301457225088031
  0.88364427083646679  0.89362832648194823  0.90370388769866572  0.91418243869150317
  0.92475670240064467  0.93525515215379773  0.94533618940438191  0.95532639774662020
  0.96566699448156523  0.97643301750566214  0.98829917398765510  1.00000000000000000
 -0.00001868116828268  0.00006107541207807  0.00017282557336099  0.00032751231973403
  0.00046228085152824  0.00057651764928105  0.00063244399603336  0.00069117703523181
  0.00075044254204071  0.00080824560153216  0.00086220409366226  0.00091516852075509
  0.00096730375143567  0.00101516181142078  0.00106079589115043  0.00110974472572049
  0.00115954977590433  0.00121158658596433  0.00126555747496513  0.00132327042837160
  0.00137885234035238  0.00143278535157487  0.00148196636427263  0.00152886935222262
  0.00157217135741451  0.00161657910328628  0.00166314937839767  0.00170994165831606
  0.00175711869228216  0.00180612935705146  0.00185795716435092  0.00190512301468290
  0.00194917525176389  0.00198914791874712  0.00202484187113619  0.00206053582352527
  0.00209303941214419  0.00212511688790431  0.00215719436366443  0.00219940736602166
  0.00224180125043408  0.00228758993770698  0.00234009799252089  0.00239620626478139
  0.00247106460000163  0.00254738926505187  0.00262275743645066  0.00268840945128915
  0.00275237436906485  0.00281423647563313  0.00287493833576103  0.00293923600598588
  0.00304378711172313  0.00312045462326819  0.00319752910888525  0.00327053679027735
  0.00333873068670721  0.00341337864022887  0.00349120210453590  0.00357205611176719
  0.00365255371485880  0.00372418155137739  0.00379879999680577  0.00387337748110565
  0.00394705271993070  0.00399185456627805  0.00403405523254361  0.00407623942037346
  0.00411838055229749  0.00416052168422153  0.00420363364934207  0.00424730971744326
  0.00430334914660717  0.00451670199279359  0.00469461778196196  0.00482048158923668
  0.00492787295733592  0.00502995567758384  0.00512463682622374  0.00520882788957475
  0.00529948956995907  0.00539523954845922  0.00548566917831239  0.00558292172309826
  0.00572055758536379  0.00585819344762932  0.00615634172594155  0.00634278625999259
  0.00755342253393195  0.00771780062455517  0.00788053440767421  0.00803980394358728
  0.00844912494731521  0.01313012361469884  0.17407940988993931  1.00000000000000000
 -0.00269134973111181  0.00995888333303100  0.02053104742818588  0.03140595818977449
  0.04254619896411040  0.05381426470685059  0.06562751882828048  0.07707519976603615
  0.08853708702318469  0.09970363155765527  0.11109051392712591  0.12238646722173462
  0.13364977183258148  0.14536468162387467  0.15653658658642972  0.16710184904669498
  0.17761780109833614  0.18852595310789297  0.20016479449195537  0.21102615589478077
  0.22181120405891330  0.23237008120491426  0.24334891935613587  0.25416925935050633
  0.26470028878670077  0.27559827697958478  0.28689611282921296  0.29840944463051722
  0.30912337917142862  0.32041581549204101  0.33148453836856950  0.34198783510488212
  0.35252329671715510  0.36358583444502030  0.37551388528930163  0.38737573357165078
  0.39915312707280531  0.41053194744589067  0.42089915932949762  0.43068891309614271
  0.44091208679462418  0.45146200259432456  0.46170614220935313  0.47131557910863792
  0.47995607083754882  0.48804675454464519  0.49602541298081315  0.50389389994236322
  0.51270807185211065  0.52177255899679997  0.53098958030679977  0.53991243211282369
  0.54839551407138898  0.55677555370101428  0.56536891523242194  0.57407846040086352
  0.58279159239621114  0.59204402954089042  0.60222917623246019  0.61330375538552195
  0.62451116205465274  0.63475861983041315  0.64433229197393516  0.65389799035475704
  0.66345175635117559  0.67338416996445594  0.68347123746269611  0.69439346090572274
  0.70559510745565479  0.71662900024162868  0.72704019503898198  0.73796188972544219
  0.74982355637743570  0.76224934208608675  0.77393508249213128  0.78473504752191303
  0.79522094513126595  0.80596420787846135  0.81765421703267571  0.83011975886830425
  0.84223387197254584  0.85364376836105138  0.86442483069818132  0.87489299198163706
  0.88491369479244908  0.89515356074299335  0.90565026295683049  0.91663631110671540
  0.92654762285395786  0.93657792955481967  0.94712015486851608  0.95792437825127408
  0.96827517046857348  0.97860928184001872  0.98924714671800307  1.00000000000000000
  0.53980679751606997  0.55422562058571412  0.56521507255875403  0.57089072922282380
  0.57465664223047030  0.58327653974392302  0.59023583371534183  0.59724664938731542
  0.60421172344785934  0.61183976290622399  0.61844158930493087  0.62425766146577788
  0.62914710145235564  0.63357035404505957  0.63826655978781366  0.64308823466722154
  0.64817725762372169  0.65319474816809464  0.65807545231054720  0.66287175333292325
  0.66754041948360376  0.67245399749455581  0.67761705247238591  0.68315920412430675
  0.68895526217423131  0.69454388568960235  0.69976894831896685  0.70488726567577298
  0.70953339292079542  0.71390965755570834  0.71819069014045323  0.72251121592653655
  0.72661166069120020  0.73060398335962107  0.73468263384916310  0.73893430086923195
  0.74334356105901989  0.74783729743957006  0.75252910869632850  0.75719443353152871
  0.76165487468863402  0.76606167792199009  0.77058200668055787  0.77545786246438098
  0.78022210627069755  0.78481850941206632  0.78939523363545394  0.79395460047792765
  0.79838155615621398  0.80268752851271541  0.80690111056147917  0.81128661336595342
  0.81557307106869215  0.81981337646992303  0.82390742862845023  0.82811987931041631
  0.83259817553904170  0.83727350820735147  0.84195784779110050  0.84663859224246285
  0.85150804398274893  0.85638361391912321  0.86113972780318249  0.86573830475900160
  0.87024095949148372  0.87476280737228551  0.87938853276219975  0.88393319585385977
  0.88844117291893265  0.89295201103040889  0.89742924943568803  0.90167862599195459
  0.90560488062296507  0.90930303319438133  0.91280397050457518  0.91613333657864016
  0.91940030898303793  0.92271285321027041  0.92605465201213433  0.92958149038473359
  0.93334780649401705  0.93727051310774234  0.94132532873745500  0.94538020815082768
  0.94940869845072462  0.95346891051541760  0.95752493219359414  0.96158070342063739
  0.96560863220910731  0.96959014900089502  0.97375842687586545  0.97828700953816206
  0.98306524042149357  0.98800618996514722  0.99367892450227513  1.00000000000000000
 -0.01622526505371169  0.18705667197592135  0.20701838510042478  0.22279146385549808
  0.24038127470692630  0.25924790191371178  0.27518209266025062  0.28882559050206191
  0.30121923116352894  0.31275424348817960  0.32275616733562384  0.33226664248714244
  0.34108827729669638  0.35011142980096760  0.35852824463197491  0.36665293670925264
  0.37492287431362181  0.38209920075962833  0.38953058638594795  0.39684325819555921
  0.40430068796397983  0.41155082781522101  0.41866786197799355  0.42557363788138719
  0.43249998205380313  0.43918154208407506  0.44580237806264084  0.45257605379476695
  0.45916636486110712  0.46543389656045664  0.47150309697019732  0.47764316088096775
  0.48327333910179027  0.48850299172688244  0.49357815355886692  0.49883901104648454
  0.50389304489873399  0.50865802146408867  0.51339167172996503  0.51817865814592523
  0.52332431832174342  0.52856715047863878  0.53383307174899641  0.53890956013304392
  0.54390420800980643  0.54887216278033679  0.55394035102809758  0.55921385648263189
  0.56452330694004493  0.56966361698391099  0.57465815415992660  0.57947376417199981
  0.58440375283531154  0.58944808617085909  0.59433008000786036  0.59917895122150033
  0.60394009788385594  0.60891584247363584  0.61392566291268302  0.61875943047766013
  0.62336790098188577  0.62781497669517616  0.63232466243209873  0.63706096292954195
  0.64181674269149014  0.64648941098370738  0.65121974254069470  0.65614428700011806
  0.66117206134228201  0.66623041747216449  0.67141089795351394  0.67666563904422927
  0.68194237304450789  0.68726166573356484  0.69284946694766414  0.69853588041795045
  0.70419373593650436  0.70991030465353555  0.71570284753242730  0.72163652268491418
  0.72778747720451731  0.73399735809496292  0.74070195763960178  0.74786595827450064
  0.75496348713733874  0.76166377075927438  0.76784410436694150  0.77381582058970311
  0.78032862143389903  0.78858356760230031  0.79876132883474649  0.80938051417902968
  0.82111690213828270  0.83444852954428517  0.85379584375365325  1.00000000000000000
   6.4569623985392885E-006  -1.0000000000000000     
 F F F F F F F F F F F F F F F F F F F F F F F F F F F F F F F F F F F F F F F F F F F F F F F F F F F F F F F F F F F F F F F F F F F F F F F F F F F F F F F F F F F F F F F F F F F F F F F F F F F F F F F F F F F F F F F F F F F F F F F F F F F F F F F F F F F F F F F F F F F F F F F F F F F F F F F F F F F F F F F F F F F F F F F F F F F F F F F F F F F F F F F F F F F F F F F F F F F F F F F F F F F F F F F F F F F F F F F F F F F F F F F F F F F F F F F F F F F F F F F F F F F F F F F F F F F F F F F F
  <DiscreteSampler_grid>
  grouped_processes
  1 # 1 for a reference and 2 for a running grid.
  10 # Attribute 'min_bin_probing_points' of the grid.
  1 # Attribute 'grid_mode' of the grid. 1=='default',2=='initialization'
  0.0000000000000000 # Attribute 'small_contrib_threshold' of the grid.
  0.5000000000000000 # Attribute 'damping_power' of the grid.
 # binID   n_entries weight   weight_sqr   abs_weight
    10   10   5.469538394717053E+001   1.565653107768042E+004   5.469538394717053E+001
    11   10   5.469538394717049E+001   1.565653107768039E+004   5.469538394717049E+001
    16   10   5.469538394717053E+001   1.565653107768043E+004   5.469538394717053E+001
    17   10   5.469538394717050E+001   1.565653107768039E+004   5.469538394717050E+001
    22   10   5.469538394717053E+001   1.565653107768043E+004   5.469538394717053E+001
    23   10   5.469538394717050E+001   1.565653107768040E+004   5.469538394717050E+001
    28   10   5.469538394717055E+001   1.565653107768043E+004   5.469538394717055E+001
    29   10   5.469538394717053E+001   1.565653107768041E+004   5.469538394717053E+001
  </DiscreteSampler_grid>
