  0.00332011596344981  0.01484887520772669  0.02646619450674821  0.03675707535313518
  0.04679342402340374  0.05703511586067225  0.06812585979948316  0.07944786525490860
  0.08981118607272218  0.09862031165708811  0.10722867874803654  0.11605877094148939
  0.12555703398411019  0.13375136303993479  0.14173568449087937  0.15070614316065245
  0.16082322386977377  0.17102900320295161  0.18015590991827549  0.19003020011354133
  0.20079958595970332  0.21231299584724778  0.22336630795895765  0.23404346009688076
  0.24411622420908655  0.25330267197737405  0.26229645900371162  0.27174393182866702
  0.28243391243565691  0.29144517174644430  0.30058603624499125  0.30917236994317071
  0.32090010011398473  0.33384734677052430  0.34692740947201944  0.36020071881941496
  0.37376036321532052  0.38534293662232189  0.39647970659735321  0.40760686615657965
  0.41990411804214089  0.43246564070262705  0.44502318531736540  0.45766126388334943
  0.47039456653601930  0.48298648238830394  0.49500463737259986  0.50624521360871400
  0.51725470037514032  0.52826621529253925  0.53928571683664128  0.55029005269602671
  0.56101504316610040  0.57176086008101379  0.58290141996661005  0.59421657245053139
  0.60537704436362794  0.61587632141621862  0.62659987461229016  0.63776098915992185
  0.64836798029370979  0.65890350391913055  0.66949169306792844  0.67977788158089569
  0.69030487034124166  0.70036643463427717  0.71087017781194473  0.72242930283507079
  0.73346396072943998  0.74485349325160444  0.75623044546067142  0.76730638981015797
  0.77737723318165741  0.78675538743733520  0.79643853428451084  0.80541786521075354
  0.81439487707772562  0.82354149543571076  0.83299840198858421  0.84345175110597781
  0.85524662367358373  0.86729122579185969  0.87818518424174319  0.88828934922080782
  0.89833424927616479  0.90889114265011173  0.91959217800956483  0.92765732592676875
  0.93567648724701158  0.94276632015692097  0.95093932126651104  0.96128907638683569
  0.97283090691572294  0.98355598671855038  0.99265190106026824  1.00000000000000000
  0.00003865814522039  0.00004921710206529  0.00005960497990393  0.00006803409908279
  0.00007592700739503  0.00008290351442346  0.00008952034000697  0.00009605992449690
  0.00010261812085266  0.00010925568261002  0.00011596746176070  0.00012258538335050
  0.00012910459164075  0.00013587680612615  0.00014246729767314  0.00014910355842168
  0.00015578120741445  0.00016285456567267  0.00017020508618689  0.00017801399308982
  0.00018578934382080  0.00019352207599345  0.00020187590087225  0.00021072214280526
  0.00021943530930025  0.00022798838007887  0.00023670815234895  0.00024534587574841
  0.00025316890741270  0.00026144781211978  0.00026981679887593  0.00027836484979489
  0.00028713826299279  0.00029825018427019  0.00030855179859286  0.00031957368414046
  0.00033178888959637  0.00034506747988121  0.00035853521744967  0.00037252096518756
  0.00038732857252947  0.00040251425495719  0.00041721812168961  0.00043172436575340
  0.00044652402906565  0.00046200214284731  0.00047804557137073  0.00049566998466700
  0.00051492466927538  0.00053462725431211  0.00055460369218998  0.00057341623745780
  0.00058969835067326  0.00060664866315891  0.00062391339234935  0.00064340926225228
  0.00066588787484634  0.00068957567192069  0.00071619662259713  0.00074604023106618
  0.00077699251783613  0.00080785814114534  0.00084858243606668  0.00088545950539839
  0.00092630663486110  0.00097110868852206  0.00101921505431160  0.00107025562627344
  0.00111936998445408  0.00116427027931331  0.00120701162340228  0.00124995526262793
  0.00130069961909840  0.00136326674791879  0.00145034225345347  0.00155803688831578
  0.00166226371963181  0.00174380029537933  0.00182841080757018  0.00191973212459534
  0.00202505076064395  0.00218402164876782  0.00242343222564705  0.00268455899187787
  0.00293835165337171  0.00320077911651500  0.00352533128138929  0.00396820665643617
  0.00457462535184133  0.00548769912673680  0.00650920758283779  0.00777276587629425
  0.00982078082807750  0.01346977287334821  0.10716781419091281  1.00000000000000000
  0.00346621817364893  0.01692324690455931  0.02906263512398828  0.04265683714323493
  0.05546281081836194  0.06754349618658993  0.07783800471243862  0.08645832483321460
  0.09549060611405044  0.10408238116874612  0.11250173743722279  0.12296455857738345
  0.13372601792007766  0.14407691214160562  0.15477143107363553  0.16514435128914481
  0.17554777386329637  0.18622929742438118  0.19725524351174498  0.20785098539245528
  0.21742922659360592  0.22689709188360005  0.23757443431249609  0.24877436227133759
  0.26003384762205894  0.27057176650985404  0.28114365409785991  0.29242047673375676
  0.30330685747486896  0.31448882935680428  0.32398204447003126  0.33272904212993915
  0.34143087909142777  0.35101086366146361  0.36087072900607570  0.37030385672461419
  0.38047358306212253  0.39154003394815751  0.40264434476508187  0.41362427964806359
  0.42438919837721367  0.43529974786569386  0.44538740856538467  0.45550280159009143
  0.46567997019208751  0.47529407751319913  0.48451512595219753  0.49357768053369788
  0.50326060466126787  0.51394947684290082  0.52450285699546673  0.53465837916107151
  0.54466003510253269  0.55499143794317873  0.56514023336447095  0.57504226778893819
  0.58489678813409063  0.59489643718788854  0.60542599100529204  0.61655619428689123
  0.62796121270515337  0.63852486383701079  0.64899639526219044  0.65937188892617393
  0.66945002945947840  0.67982951576047101  0.69156126640506443  0.70499672030565941
  0.71561987270622973  0.72525144521416562  0.73498130654412153  0.74623649304911921
  0.75769383585067795  0.76845533908979824  0.77882364063444864  0.78840247715701628
  0.79793323663696192  0.80732751088493293  0.81721879954084764  0.82742263592265275
  0.83843347700094273  0.85076162850611059  0.86313815705043828  0.87489649198706265
  0.88543305178842047  0.89568354215558343  0.90573984485393155  0.91566140851405908
  0.92602913807536791  0.93620052871413295  0.94627509507829610  0.95690074381505208
  0.96788136923628831  0.97936762349993334  0.98983539136795140  1.00000000000000000
  0.00016959027350096  0.00025888653268930  0.00028997160041829  0.00032117846168265
  0.00035055924419786  0.00037862679471152  0.00040695968087439  0.00043509969420585
  0.00046242764313921  0.00048859482013338  0.00051524282222387  0.00054353008455693
  0.00057440115322746  0.00060518178530961  0.00063500619588236  0.00066338315540122
  0.00069311587556875  0.00072238471669312  0.00075394057763491  0.00078541948766746
  0.00081514664160853  0.00084458667407317  0.00087425592682007  0.00090728074676977
  0.00094563562022763  0.00098455287169043  0.00102211140201404  0.00106002666836362
  0.00109993408403820  0.00114322320709598  0.00118748277039569  0.00123506774382309
  0.00128534089527942  0.00134002658445609  0.00139526271150996  0.00144758474207005
  0.00150102234733060  0.00155793627859966  0.00162181247070081  0.00168984361529857
  0.00175863468672862  0.00182691224907905  0.00189372593175007  0.00197073519491248
  0.00204591587525802  0.00211994618032250  0.00219410676374599  0.00226934478682243
  0.00234320182056125  0.00241520858269820  0.00249022617993432  0.00257010077310799
  0.00265163878704061  0.00273066204047774  0.00280525495554194  0.00287702764687928
  0.00294626145925678  0.00301335219155442  0.00308703126923226  0.00315844197065744
  0.00324101249324840  0.00334988088686298  0.00348116484474890  0.00361795169719045
  0.00373482221613365  0.00384455878932952  0.00395586554755641  0.00405907949905454
  0.00419321290228203  0.00435052545435312  0.00453087380270931  0.00477742295801472
  0.00499073850001792  0.00520835474276471  0.00540977402238967  0.00558834608111982
  0.00575516500470883  0.00592371410147984  0.00609762306041856  0.00631757954600510
  0.00658591743787538  0.00689456018286283  0.00735542797128803  0.00811313441850587
  0.00892740154342691  0.00997892493606012  0.01140143070064959  0.01308901625239848
  0.01449510736457177  0.01556548404283320  0.01674642869566801  0.01801317446593806
  0.01909229434413809  0.02397520999351554  0.13447173260144815  1.00000000000000000
  0.00000351188733660  0.00000365753503037  0.00000387370372750  0.00000410790312782
  0.00000437773711393  0.00000466858021703  0.00000499092508123  0.00000536433248819
  0.00000573515708912  0.00000610270918742  0.00000649679555390  0.00000689375676612
  0.00000731202379857  0.00000775556683475  0.00000821375606139  0.00000872051878328
  0.00000925647460247  0.00000983427250673  0.00001042268492550  0.00001096660704361
  0.00001153841865407  0.00001213971934918  0.00001279745959880  0.00001348590773393
  0.00001434750695432  0.00001524111101636  0.00001612443465167  0.00001704219441459
  0.00001804821977000  0.00001910985272637  0.00002024042632974  0.00002149214389208
  0.00002291064088566  0.00002452687489403  0.00002631944555843  0.00002809969938862
  0.00003004295943107  0.00003204336608860  0.00003408368817683  0.00003626110501413
  0.00003868642986869  0.00004136823381718  0.00004453822036908  0.00004769226773851
  0.00005130889587573  0.00005506302490497  0.00005909596453458  0.00006368680060016
  0.00006871604867743  0.00007387919127444  0.00007909123796382  0.00008442504949756
  0.00008987812214092  0.00009544413111361  0.00010139960395512  0.00010812383811437
  0.00011537540036650  0.00012379291469496  0.00013286662794952  0.00014327573358069
  0.00015475947524871  0.00016669997173366  0.00017966797201507  0.00019453814469441
  0.00021094657704842  0.00022962215262410  0.00024905623648687  0.00026769081082038
  0.00028517400724789  0.00030394284665146  0.00032439455158851  0.00034803092422276
  0.00037325464282738  0.00040102739892861  0.00043356413422626  0.00047231510907756
  0.00051866157075780  0.00056263264928446  0.00060672591177110  0.00066161041171152
  0.00073438516654296  0.00081950142740234  0.00091799962288589  0.00103401172659834
  0.00117649485775815  0.00138937906623392  0.00164520337742055  0.00189443470572341
  0.00218680954422580  0.00263461152447024  0.00346226898374610  0.00474403783658129
  0.00672101850965463  0.01169306869962512  0.09461391710372566  1.00000000000000000
 -0.00293215706816412  0.01218149367540647  0.02444767315127349  0.03567312410487799
  0.04771333573007760  0.06043269587438817  0.07412081869913321  0.08745076402880071
  0.09836913671318194  0.10860382851593980  0.11897706169286551  0.13071495362956917
  0.14429363317731728  0.15711645358791584  0.16936384799999848  0.18157433766460479
  0.19386645440607386  0.20639962945045986  0.21696354431877307  0.22690399522126742
  0.23710757442528502  0.24821524616735902  0.25885850380617037  0.26902428544606627
  0.27927964087058038  0.28994156712204588  0.30069765241844199  0.31115740977379996
  0.32304687514013225  0.33542798761912479  0.34716393804874368  0.35872900100757538
  0.37072636012352828  0.38294029319379991  0.39497328496032375  0.40595897959643412
  0.41736043165851472  0.42884714401581803  0.44011870420984839  0.45076242253246468
  0.46260157826356058  0.47586973776993435  0.48691839045883306  0.49631512851260562
  0.50574919270983232  0.51559991425073648  0.52603938027344332  0.53667407818328550
  0.54747717260218243  0.55863266959010172  0.56995908357751213  0.58092664486726198
  0.59194844573573491  0.60275165096619110  0.61389373731851138  0.62397087687506092
  0.63412509601036349  0.64375026659472401  0.65512470827980940  0.66582540955319758
  0.67691681408236681  0.68717385904319528  0.69720974533164926  0.70678613153167491
  0.71671454744495866  0.72688422944455000  0.73729117352879892  0.74714802773527211
  0.75688064778607900  0.76604492684460301  0.77560038025952049  0.78616638136740680
  0.79633863574596009  0.80648726415717475  0.81710152513509715  0.82835159718830664
  0.83952611619518891  0.84845592562734662  0.85607422046664072  0.86307589661652218
  0.87055665486624745  0.87867214442661101  0.88758771296547545  0.89674947672640481
  0.90596307287979150  0.91439551816099207  0.92156618066582396  0.92874449856713270
  0.93645106187294114  0.94498855633471235  0.95403556429267111  0.96278668089518393
  0.97118370426810019  0.98000520441218431  0.98975091271746563  1.00000000000000000
 -0.00281463266423425  0.01000596310969144  0.02094644827547802  0.03266499660089814
  0.04100583794118778  0.04832284921757106  0.05569304374765051  0.06307269572282301
  0.07279064496344081  0.08355346999713566  0.09506941231615713  0.10702607456395238
  0.11851017598270537  0.12979607952477856  0.14090557940607049  0.15273138909422568
  0.16381082560927224  0.17487795172124232  0.18617792531135918  0.19760597317473616
  0.20962139634936186  0.22114662191294146  0.23228920741361675  0.24311244946809599
  0.25392396493254549  0.26353617186359418  0.27348430570178867  0.28304953893986950
  0.29291592884465861  0.30313464174997401  0.31260103547297902  0.32157062110622775
  0.33062763430837949  0.34024662638491943  0.35033681003410111  0.36021564518542365
  0.36976721875219926  0.37855160985350578  0.38689101831046174  0.39512489038244392
  0.40437441028001586  0.41418821658079508  0.42447527806202001  0.43473234864291693
  0.44886075938983144  0.46325456516309399  0.47556418045052817  0.48682608147412348
  0.49734506595190631  0.50784208664152519  0.51885173067497359  0.53051280922679922
  0.54224369778913362  0.55339639459357703  0.56455015852386148  0.57599383790748104
  0.58711766372209884  0.59797419390208439  0.60863272424261372  0.61924497101150822
  0.62988673193277001  0.64035324245916980  0.65105342956838053  0.66201930195374425
  0.67297265082852697  0.68435034628732649  0.69631262360431356  0.70875106921696407
  0.72014073035883974  0.73093132673698236  0.74059221872055203  0.75102357262454700
  0.76006544552171185  0.76907644627304961  0.77673704825474077  0.78481697754217916
  0.79342927548952202  0.80236281540443410  0.81094598038116550  0.82035255517463124
  0.83099976056079217  0.84265273156029297  0.85554112548182160  0.86779142196322701
  0.87986291455541610  0.89269366320838295  0.90429670201582146  0.91530389827548886
  0.92637805079146307  0.93842395200224793  0.94976486018767026  0.96007985707298749
  0.97016149691515208  0.98009746850416757  0.99014142270857841  1.00000000000000000
 -0.00206937522285681  0.01138664205331759  0.02310691763055594  0.03313725828088941
  0.04189873015893022  0.05085898306263972  0.06050425947312285  0.07305026365844391
  0.08493011161941125  0.09539125548466500  0.10606881707172346  0.11774315424727581
  0.12957146781412129  0.14083637391946349  0.15116303502335901  0.16043662879897119
  0.16906457352577564  0.17784425126879685  0.18733832097429071  0.19664604496607038
  0.20566043093495068  0.21498413973815572  0.22443785321018531  0.23369369971286666
  0.24295703742769770  0.25242735797826477  0.26228615038769271  0.27293500329437548
  0.28361702700748792  0.29494990041508784  0.30668879124734555  0.31780860988579263
  0.32761039067664871  0.33703829676805425  0.34600875128724540  0.35639049984281246
  0.36723914338894348  0.37961504588237538  0.39183270021929384  0.40325410830660458
  0.41331798183336033  0.42338580772210194  0.43450829300091487  0.44732978943648266
  0.46017070369058466  0.47042517423690439  0.47943804454067446  0.48873545438393828
  0.49842490319568933  0.50969879830582510  0.52188259925049618  0.53449496728811696
  0.54764239155301098  0.56023056309587893  0.57253255901080469  0.58462418273286254
  0.59735258005365466  0.60942290673260291  0.62156278400547738  0.63256962514345993
  0.64354538324899491  0.65369999471404916  0.66380461202065300  0.67446195502007156
  0.68555984163817973  0.69632633982223169  0.70663451678393008  0.71656219582128367
  0.72721122043197162  0.73814783005571438  0.74904091282277430  0.75985987557923695
  0.76989694112533402  0.78042888345143147  0.79103432101517301  0.80167254471369664
  0.81155025874573550  0.82193467187376601  0.83300684336388797  0.84453015264661424
  0.85525084069551249  0.86538254672387738  0.87535339821813218  0.88560639869690128
  0.89631665351517242  0.90675651502680965  0.91609544951727673  0.92484541650006380
  0.93358832705587380  0.94251504152709831  0.95201899532839218  0.96204905082872028
  0.97200109423709879  0.98158980505872928  0.99072152050350271  1.00000000000000000
 -0.00154435277246244  0.00912146333398105  0.01840110117819440  0.02878534244512009
  0.03944496527277251  0.04912178019030371  0.05887179630683975  0.06888623804695590
  0.07942321714279511  0.08922345998443668  0.09992497826419508  0.10992276261303459
  0.12085631660861064  0.13185738366627409  0.14257514111747033  0.15280558867459548
  0.16281911304932900  0.17279952069495932  0.18253356433530568  0.19235396161872323
  0.20269380469556939  0.21365189115323607  0.22362881521651631  0.23338311978534143
  0.24184298322957601  0.25006418344412573  0.25818107806292973  0.26762612893386861
  0.27906239232675284  0.29060018636897245  0.30275293428904659  0.31465686421591199
  0.32530267914781180  0.33547805528629010  0.34548336817918573  0.35596635336112809
  0.36612044771995655  0.37511342604895709  0.38531404345084469  0.39579626230595805
  0.40701838406954671  0.41837285921055040  0.42909138956527759  0.43946089152817486
  0.45036999773705105  0.46191438917965388  0.47337695235516986  0.48403840882789967
  0.49422105642496927  0.50479265562689457  0.51608708223167277  0.52676943681397426
  0.53627219837318152  0.54612271646075639  0.55682713066633671  0.56831051044986602
  0.58037116157884905  0.59233997357561663  0.60308591558393865  0.61265524495379819
  0.62232928696435263  0.63327633867459898  0.64466330423534890  0.65698517057641315
  0.66881202835597087  0.67939737243278198  0.68978104064540890  0.70020810251185961
  0.71071421395131062  0.72171190805418717  0.73273917380687370  0.74310510427262666
  0.75308827719136107  0.76244212972420922  0.77271047910469881  0.78314971442696057
  0.79421303274200628  0.80546868954138584  0.81657752035122366  0.82822718147708274
  0.84029957392697541  0.85255374029007058  0.86438058859356637  0.87535590944142250
  0.88615955638818700  0.89699564057383951  0.90773594475774733  0.91837511906078617
  0.92946334786556384  0.94050089663007141  0.95197761439438000  0.96261076120720679
  0.97380680571443756  0.98342985468750710  0.99188161801271413  1.00000000000000000
 -0.00233147860797047  0.00895032493591419  0.01837434070281401  0.02850825459902938
  0.03752984514380187  0.04695064143805050  0.05677389579912710  0.06640854447697601
  0.07739891123365762  0.08802125637508569  0.09919012890427797  0.11100283780709599
  0.12299849998577951  0.13440360761728018  0.14533274798996310  0.15739158647671003
  0.16922956684117701  0.18053240163630521  0.19103067980950569  0.20071030118095978
  0.21091934023477360  0.22087464059898046  0.23104272976553353  0.24144855514918981
  0.25165591280788346  0.26192159160135348  0.27232824982569687  0.28288188285714622
  0.29352366524647677  0.30393183308402838  0.31475221495180339  0.32626003644658880
  0.33792109529463515  0.34882444053150347  0.35950076269627451  0.37012049889701032
  0.38061975480249499  0.39129420916645541  0.40174874043702491  0.41214938583935973
  0.42164704352662974  0.43077973224467242  0.44056058293244088  0.45105440179802414
  0.46113916631767971  0.47162048207914448  0.48237291499838664  0.49432997345975316
  0.50582785154840981  0.51623324990467145  0.52622083454049484  0.53547646776458147
  0.54260209704208662  0.54992764239189251  0.55767828217397863  0.56660134700793130
  0.57826467738918608  0.59030012483008421  0.60153464218643815  0.61255143414320223
  0.62293125696042340  0.63359579245289799  0.64404675490064323  0.65362476268372782
  0.66276819310583057  0.67193265179845163  0.68199502816596724  0.69320297108214568
  0.70360427190170527  0.71292891698152672  0.72181334997251001  0.73174705944968987
  0.74296629538418069  0.75352556879882948  0.76303310914099898  0.77268117949586657
  0.78313585245588158  0.79365327247497330  0.80409757018384675  0.81499687705690360
  0.82672937144023884  0.83807458769142573  0.84867245702128524  0.85871885556530103
  0.86889476368143415  0.87916403422022482  0.88992745096899972  0.90071935233772693
  0.91116823249160561  0.92157824485249185  0.93274653419396658  0.94529766069034904
  0.95972441165785649  0.97477491723100140  0.98827398763583318  1.00000000000000000
 -0.00193960876808040  0.00720584966005132  0.01637894736267338  0.02748873461509901
  0.03926958761051687  0.05082750224215168  0.06135314834677448  0.07199296669106772
  0.08251473845019235  0.09392493341642436  0.10560856755421123  0.11701453284830456
  0.12837709412291498  0.13964840185141134  0.15113205839360430  0.16187731514119541
  0.17195883351706559  0.18228373019375549  0.19288919363192900  0.20332348745009707
  0.21440732450789665  0.22533916024971762  0.23587427318405862  0.24634772440995154
  0.25804244604552973  0.26949639105080658  0.27991948329385352  0.29038441116719688
  0.30123221714321058  0.31248625865274754  0.32333187407747249  0.33387200983020449
  0.34461235911321736  0.35622719383766077  0.36882958771910151  0.38108415655909417
  0.39285838403100143  0.40517876362447303  0.41852986994647706  0.43202440265133640
  0.44325770666862924  0.45292299285506693  0.46191068385694939  0.47111893247683168
  0.48199729202805597  0.49442383627121883  0.50646347477481257  0.51667427413106437
  0.52627941503731002  0.53556137421650052  0.54504146791596453  0.55514050816821447
  0.56586763548389407  0.57708463546831734  0.58836323766055543  0.59971386483326605
  0.61113059158736072  0.62128807126787278  0.63171585374781214  0.64291803673619830
  0.65298749176571302  0.66191326383733196  0.67029479466107378  0.67861391947850647
  0.68746463042517003  0.69668277573576831  0.70566903723363295  0.71400595709250825
  0.72254225941636885  0.73132874763124656  0.74083372122714697  0.75120460792702048
  0.76169564712273863  0.77139976913686126  0.78145732914044863  0.79194905332494681
  0.80271535719030040  0.81277819761734493  0.82224454820682502  0.83135798633029234
  0.84077681692433970  0.85055328638883143  0.86106040465271194  0.87190464939376011
  0.88296810545893201  0.89387415194490205  0.90455339659593659  0.91518397183963474
  0.92604771680714670  0.93695535579570477  0.94711838553306893  0.95728812575551048
  0.96805565145839056  0.97881970642478167  0.98977659693221920  1.00000000000000000
 -0.00219222737906277  0.01402242406697927  0.02681349804084501  0.03931218334359590
  0.05084815921342263  0.06400620946087378  0.07735754820265928  0.09146276076466842
  0.10544459017351872  0.11787639236678456  0.12950402082093046  0.14134033690616163
  0.15336352037983708  0.16583032516167864  0.17885542314614644  0.19179621642315695
  0.20433244878223436  0.21698569003199156  0.22978619625684477  0.24213430501090891
  0.25513275579762529  0.26867734532918486  0.28184992291194350  0.29396929391067123
  0.30588790416280492  0.31884084432502668  0.33236808249661398  0.34575153016767607
  0.35891483836671045  0.37184375627912680  0.38420517299528795  0.39680628605291418
  0.41072126835372713  0.42405983614896481  0.43689564748948589  0.45000436957781548
  0.46411342768023423  0.47978578566241231  0.49616318461494463  0.51115899323549818
  0.52564040024758851  0.53909294934198104  0.55258121488645462  0.56528786849694224
  0.57694355892289162  0.58869775562313131  0.60092212476211071  0.61369052035437566
  0.62609847886261916  0.63798244000962701  0.64960085972482196  0.66118520472126008
  0.67254705091597644  0.68267210823060553  0.69204072476794187  0.70112598820122607
  0.70971830820139259  0.71779374626748893  0.72528923498540798  0.73392159985178818
  0.74308096852256911  0.75393845497796086  0.76482009348502766  0.77515538058566202
  0.78481732186843900  0.79392607345744559  0.80280119759647273  0.81196341396414129
  0.82119634884896109  0.82984572408272395  0.83750054746060154  0.84454596255627290
  0.85158418719089679  0.85917978866194122  0.86699003578138512  0.87461664562841024
  0.88268883973148460  0.89077906816429830  0.89916730137989764  0.90615436068688415
  0.91309247698227625  0.91976249101427776  0.92643778834948864  0.93259539915470280
  0.93799447674294234  0.94305056039812896  0.94786053370680612  0.95332572685520411
  0.95988445580663606  0.96571114992097673  0.97162604160933452  0.97760524099692447
  0.98299320876028451  0.98884978949445879  0.99428188934208073  1.00000000000000000
 -0.00218878142881785  0.00946130429157075  0.01909782553035779  0.02927426147881806
  0.03902009273849517  0.04873699978245852  0.05839835199945072  0.06814057603164272
  0.07823815788330934  0.08888413951529164  0.10038452782008113  0.11332895574427369
  0.12651860138373439  0.13889426183550421  0.15050080888889439  0.16167275966551808
  0.17155904670908001  0.18143780140290694  0.19138798959620193  0.20171046720618424
  0.21215151599114951  0.22272844411660958  0.23275765443167423  0.24079073354494435
  0.24818375578633831  0.25640347086592913  0.26465123104550436  0.27274325884463779
  0.28360217967126949  0.29463530544247996  0.30497806883487077  0.31557611855433665
  0.32472105655077116  0.33402999197914651  0.34391644823297213  0.35406523971001425
  0.36478751734091014  0.37597139723610451  0.38753533787087918  0.39929162904991949
  0.41005428289375589  0.42028182177166645  0.43083967978177612  0.44216706234969788
  0.45385649612786633  0.46478972927440143  0.47580421625177777  0.48764691409782612
  0.49990854337051510  0.51137288743449827  0.52219593590652025  0.53279510628538695
  0.54332798729635812  0.55445162726492858  0.56610309003119719  0.57787405918768342
  0.58945113424386764  0.60117745620771978  0.61305906813019850  0.62437432098122159
  0.63502280230400965  0.64475392319251956  0.65362411792873121  0.66249110252221366
  0.67259401920306638  0.68429047406695731  0.69652059024066559  0.70934069559517043
  0.72285867990626040  0.73580405676966631  0.74751185890561367  0.75808317242442846
  0.76777635988666659  0.77720056854787645  0.78626908901768189  0.79649397181376347
  0.80746033391700878  0.81870883344922041  0.83010266959810486  0.84083356106718321
  0.85164141077321853  0.86237858150500113  0.87321477141449910  0.88415806865599456
  0.89525198573611131  0.90657189506710711  0.91786102602324360  0.92910304410378952
  0.93958600442822349  0.94900262665593604  0.95868451318850079  0.96841584379192758
  0.97751945636590576  0.98562376566292209  0.99294322129761892  1.00000000000000000
 -0.00261893390051823  0.00988226824858726  0.02069876226576454  0.03273282196130672
  0.04430164624548260  0.05476564788401231  0.06510771214656313  0.07584636613294410
  0.08867442484457497  0.09910938314524043  0.10882716687024371  0.11824652032263677
  0.12863440686639571  0.13992171907980652  0.15106390572041420  0.16202614909010302
  0.17370140208465215  0.18573169124212194  0.19709127285218409  0.20766574343881816
  0.21855192692812589  0.22972855184061361  0.24119659736818544  0.25271714548985635
  0.26295630135624387  0.27287967645381628  0.28262493194328209  0.29281360492637548
  0.30332736409390887  0.31334855500059949  0.32350372466809668  0.33361747028250394
  0.34388305081226417  0.35456276512584906  0.36524850579743645  0.37532320285045867
  0.38543033729557247  0.39631198094908504  0.40812011004945775  0.41967869482053888
  0.43016173543940611  0.44072041937072542  0.45096634319298989  0.46124811325728288
  0.47140874551263001  0.48205996384378630  0.49280854195399254  0.50334814089812585
  0.51410701634870271  0.52462396925150423  0.53442539569818714  0.54399307767025351
  0.55429752536930033  0.56581538834453826  0.57842827651337136  0.59135189350816897
  0.60304582159079045  0.61356043918346370  0.62352500534371880  0.63432928473853012
  0.64568707246141244  0.65666717802738483  0.66729594659061719  0.67815996052997851
  0.68944840938963248  0.70049716750797464  0.71124295421902850  0.72179532009817782
  0.73320403841613180  0.74556000380579790  0.75727372523222425  0.76731429802786144
  0.77598903554734810  0.78396525457993715  0.79224636119276681  0.80219878714365689
  0.81198690035041854  0.82159880801789742  0.83108480177322219  0.84054496019328762
  0.84959631971795713  0.85900249271721174  0.86891563097964930  0.87859396137791734
  0.88809094650208509  0.89778201282585268  0.90836184304001111  0.91910595800731343
  0.93033471636198983  0.94204135682685985  0.95359942293910238  0.96452205821760706
  0.97424462738222184  0.98296284635608944  0.99151330004744809  1.00000000000000000
  0.48418963999480130  0.62407617101092971  0.64785133299604736  0.67094435470708313
  0.68531515892796446  0.69536369406984710  0.70315395072214282  0.71070495635270403
  0.71928115927241443  0.72770560167874876  0.73547705324273172  0.74288454239728374
  0.75025001149881032  0.75643526506431769  0.76178706345872282  0.76692905405416556
  0.77202792641408569  0.77732131656653036  0.78256230608818611  0.78799841236705426
  0.79262963223474703  0.79649987417935109  0.80009125663756819  0.80381712914959258
  0.80811405748112652  0.81241306621741083  0.81671420234797176  0.82101275925342443
  0.82544105085358943  0.82978737694221916  0.83374351958984994  0.83748808613970549
  0.84119578418991747  0.84479952055757412  0.84819266852875264  0.85145051415223993
  0.85462959329481647  0.85770887699683340  0.86077837012278180  0.86384952165893902
  0.86690525145355846  0.86995544595542607  0.87311937038797316  0.87620643490387395
  0.87928841181283057  0.88225712003216561  0.88483935601952557  0.88710536145638264
  0.88938658898624512  0.89171746734214352  0.89411968144263143  0.89672600097860067
  0.89933073126610530  0.90182384376860869  0.90423632335103332  0.90660825388475008
  0.90897372218181560  0.91143155139455423  0.91385079257723467  0.91638946096564677
  0.91883430808827049  0.92122805253457285  0.92362186377260003  0.92605136503324026
  0.92846625588285481  0.93086581678873115  0.93330588545352178  0.93568058845977098
  0.93792415250503236  0.94013049212969568  0.94211670640706680  0.94410604944556142
  0.94621752878973076  0.94839956377897827  0.95050966830376971  0.95255378257770473
  0.95456332102267183  0.95661077989613952  0.95874528969952411  0.96090935975959757
  0.96304808924388663  0.96517649923405535  0.96723790315471425  0.96929547228926316
  0.97134013503567651  0.97335981165703400  0.97530764375751067  0.97728555158385932
  0.97932482662983678  0.98137277896186792  0.98347216224899436  0.98589046078822762
  0.98854315622463029  0.99158213706912912  0.99542339696605286  1.00000000000000000
 -0.00851256843502803  0.13576636145540794  0.17164995105167860  0.18927052326264038
  0.20366518034458075  0.21956981596644892  0.23418878035724197  0.24655481482745928
  0.25711516731467721  0.26653789037577519  0.27543018882706011  0.28436200155240965
  0.29262828029249738  0.29998594356599256  0.30692725491540146  0.31341612210178688
  0.31974064074709929  0.32655709667671262  0.33349034072677536  0.34010247831853929
  0.34640347087308271  0.35272977083451851  0.35945669927706553  0.36600030253138893
  0.37220510789746619  0.37788993808799776  0.38293250795567041  0.38770105175459901
  0.39228611365988009  0.39664348653616605  0.40114900251964403  0.40612746261886712
  0.41153657310343872  0.41715626743622325  0.42285560499127828  0.42845076086173201
  0.43412141398887599  0.43993791190945913  0.44562417066903492  0.45109724185212569
  0.45604491159775101  0.46117373383638360  0.46640699287847615  0.47191969465686762
  0.47758177095667115  0.48298163506339686  0.48822092716603527  0.49360420377735559
  0.49882338311212848  0.50415635319201169  0.50998916339877121  0.51627448630401473
  0.52161741826659647  0.52644146158488803  0.53153859148963667  0.53704520374719633
  0.54250287243996609  0.54752640099571293  0.55238821994132270  0.55690547091893827
  0.56128873423036818  0.56555618631131888  0.56942999799369043  0.57388139830520901
  0.57852371077962150  0.58415560366211761  0.59044418213692529  0.59657778826282692
  0.60223963510145218  0.60798039846293017  0.61416101941875689  0.62037161709317901
  0.62653508912021161  0.63237729332187342  0.63839000140714408  0.64474374316876326
  0.65154618702882117  0.65810003311465126  0.66451148058317178  0.67141965465044284
  0.67881589206192960  0.68626380267434939  0.69353078782010913  0.70065457469661052
  0.70853674125024635  0.71779946853710053  0.72785782867201210  0.73786764432223284
  0.74888320918268769  0.76300585462931514  0.77894538248110590  0.79387119255099736
  0.80961095237043423  0.83308630787537064  0.87611988533167628  1.00000000000000000
   1.2964780855333767E-009  -1.0000000000000000     
 F F F F F F F F F F F F F F F F F F F F F F F F F F F F F F F F F F F F F F F F F F F F F F F F F F F F F F F F F F F F F F F F F F F F F F F F F F F F F F F F F F F F F F F F F F F F F F F F F F F F F F F F F F F F F F F F F F F F F F F F F F F F F F F F F F F F F F F F F F F F F F F F F F F F F F F F F F F F F F F F F F F F F F F F F F F F F F F F F F F F F F F F F F F F F F F F F F F F F F F F F F F F F F F F F F F F F F F F F F F F F F F F F F F F F F F F F F F F F F F F F F F F F F F F F F F F F F F F F F F F F F F F F F F F F F F F F F F F F F F F F F F F F F F F F F F F F F F F F F F F F F F F F F F F F F F F F F F F F F F F F F F F F F F F F F F F F F F F F F F F F F F F F F F F F F F F F F F F F F F F F F F F F F F F F F F F F F F F F F F F F F F F F F F F F F F F F F F F F F F F F F F F F F F F F F F F F F F F F F F F F F F F F F F F F F F F F F F F F F F F F F F F F F F F F F F F F F F F F F F F F F F F F F F F F F F F F F F F F F F F F F F F F F F F F F F F F F F F F F F F F F F F F F F F F F F F
  <DiscreteSampler_grid>
  grouped_processes
  1 # 1 for a reference and 2 for a running grid.
  10 # Attribute 'min_bin_probing_points' of the grid.
  1 # Attribute 'grid_mode' of the grid. 1=='default',2=='initialization'
  0.0000000000000000 # Attribute 'small_contrib_threshold' of the grid.
  0.5000000000000000 # Attribute 'damping_power' of the grid.
 # binID   n_entries weight   weight_sqr   abs_weight
    13   10   3.431396547190254E-006   3.790654873882163E-011   3.431396547190254E-006
    16   10   3.431396547190254E-006   3.790654873882163E-011   3.431396547190254E-006
    22   10   2.933761317267483E-006   3.236729423865519E-011   2.933761317267483E-006
    25   10   2.933761317267483E-006   3.236729423865519E-011   2.933761317267483E-006
  </DiscreteSampler_grid>
