  0.00000208445728043  0.00000219126563446  0.00000229374187185  0.00000237723205891
  0.00000245203474900  0.00000252432779226  0.00000260203091132  0.00000267713586408
  0.00000274700962119  0.00000282762809837  0.00000291741996697  0.00000301018624840
  0.00000309847889168  0.00000320636615899  0.00000333207009322  0.00000346294609891
  0.00000359256463362  0.00000370635666706  0.00000381906064456  0.00000393267080308
  0.00000404350588210  0.00000416931586715  0.00000430416041378  0.00000443383022663
  0.00000457070717300  0.00000471105771689  0.00000484454630338  0.00000497106714027
  0.00000509833605913  0.00000523272940659  0.00000537916886020  0.00000553519498217
  0.00000571374773305  0.00000590176388683  0.00000608222931107  0.00000625386563939
  0.00000644294409348  0.00000662574982363  0.00000681993942406  0.00000706174549825
  0.00000730136404344  0.00000754069066712  0.00000777105919902  0.00000801921268890
  0.00000830222653689  0.00000859665587671  0.00000890834394480  0.00000923477069394
  0.00000957688273809  0.00000995783454128  0.00001032303833231  0.00001067374708152
  0.00001103057354912  0.00001140642060590  0.00001180396158927  0.00001228807913967
  0.00001279284617390  0.00001331167537501  0.00001377147151480  0.00001421501560357
  0.00001465920431951  0.00001519769691984  0.00001585592752908  0.00001663449713160
  0.00001747231159128  0.00001834977305027  0.00001921966582856  0.00002022719322309
  0.00002136389924936  0.00002248170869350  0.00002363965896882  0.00002485794518261
  0.00002617386917664  0.00002780423800144  0.00002999222613001  0.00003235505958339
  0.00003495483493675  0.00003800538202617  0.00004116953070968  0.00004439032253090
  0.00004798875391608  0.00005221887035669  0.00005714476806746  0.00006292568769072
  0.00007006191538185  0.00007961102289843  0.00009265939294079  0.00010880429894182
  0.00013292772520793  0.00016903454965462  0.00022602230901353  0.00031907808599178
  0.00055438288431133  0.00138114953552377  0.52651283794638259  1.00000000000000000
  0.00001036875893232  0.00001239362471096  0.00001314202763083  0.00001358102380262
  0.00001413072614341  0.00001468259982471  0.00001512278666688  0.00001554404637957
  0.00001592646954912  0.00001627821418566  0.00001659896781406  0.00001694594131179
  0.00001725104435391  0.00001756541105141  0.00001799868405656  0.00001861272755825
  0.00001932542241652  0.00001993746369585  0.00002053024096435  0.00002108442804379
  0.00002158605142495  0.00002209250228741  0.00002259860184127  0.00002317388918110
  0.00002382556717673  0.00002447847860081  0.00002518168277103  0.00002595571446052
  0.00002668507572604  0.00002751333993987  0.00002839616070466  0.00002931284908288
  0.00003029076671671  0.00003128196380949  0.00003239496002417  0.00003362137420934
  0.00003469899583264  0.00003579896830636  0.00003696128394892  0.00003813016149351
  0.00003940913841732  0.00004061068769052  0.00004176240888185  0.00004309782019793
  0.00004467229770845  0.00004638602773709  0.00004814389326679  0.00004992165910897
  0.00005177688393908  0.00005382799594307  0.00005596385524656  0.00005848604652215
  0.00006142066331403  0.00006459594677449  0.00006748801218313  0.00007034892428415
  0.00007312150340040  0.00007598586859291  0.00007890324008720  0.00008248028292245
  0.00008638102344950  0.00009072696804366  0.00009596021723483  0.00010149254143703
  0.00010735837658372  0.00011383703900169  0.00012142743725118  0.00013015439784546
  0.00014014682033621  0.00015074958797108  0.00016277340924686  0.00017647840890750
  0.00019115447949125  0.00020875448241388  0.00022626872391335  0.00024630313772752
  0.00026851551704660  0.00029703735176981  0.00032838531581118  0.00036109437838377
  0.00040001425468512  0.00045152650528776  0.00052609422851268  0.00061553673987021
  0.00071860825411685  0.00083297004416306  0.00096209887271171  0.00112787387361290
  0.00138663883087882  0.00176145801586484  0.00218188730879723  0.00277390257213261
  0.00386468788749042  0.00633876248007119  0.73618715954010772  1.00000000000000000
  0.00077293675574153  0.02685961684045288  0.04609371832568777  0.05897831307525520
  0.07179344436549487  0.08418691906227443  0.09843621533100166  0.11201716712673582
  0.12506495415002528  0.13744593268930877  0.15002046742492764  0.16337581164145043
  0.17672282525017113  0.18934853905855589  0.19959028791751518  0.20833477527154037
  0.21643308765439603  0.22477662073935281  0.23352937825588893  0.24255917667154928
  0.25349067000287834  0.26513547283938393  0.27605088906155800  0.28531131217805283
  0.29356660868810980  0.30191114849816553  0.30989027690816812  0.31852562148202374
  0.32761352979687214  0.33723204031994680  0.34671959251295359  0.35541024212265365
  0.36424458494845585  0.37320646669785568  0.38154950954765093  0.38986670742131596
  0.39922854007854003  0.41029367031592862  0.42319866649677068  0.43556851878430031
  0.44642973887249787  0.45616780297483528  0.46539035377794813  0.47568002839228518
  0.48553523604325188  0.49521437462610229  0.50469084058761893  0.51460453823430463
  0.52496076272449199  0.53565349160029818  0.54538798347782669  0.55382600300732221
  0.56175742494655390  0.56995200681018388  0.57967985828862734  0.59135570725879305
  0.60339837130269824  0.61393799505197633  0.62361561632733920  0.63289054614716755
  0.64241218964336200  0.65193780879571228  0.66146925591904882  0.67185950571240682
  0.68383936777835630  0.69618843195775004  0.70613708680734255  0.71446450192905742
  0.72238963149106727  0.73035194487234179  0.73778491027761151  0.74498428849761467
  0.75286024912107452  0.76203656124323293  0.77221704852831463  0.78398769345217689
  0.79641205214446820  0.80918927238203864  0.82022652136540197  0.83000012043334537
  0.84024600410625616  0.85144639467418037  0.86172816479208070  0.87123566976606437
  0.88100069570494877  0.89210401258748140  0.90301945649176729  0.91336660605589859
  0.92350210198561711  0.93396016283360506  0.94488574677752168  0.95493052490977659
  0.96430108671003856  0.97365011764678377  0.98475691943956012  1.00000000000000000
 -0.00145974618230024  0.00800462316550447  0.01585987663767209  0.02300243570526057
  0.03002785587099361  0.03721274039470350  0.04398970336264866  0.05155123857794466
  0.05865420705291702  0.06640560232902781  0.07415889500389246  0.08198184753892682
  0.09048033326837344  0.09928987499736359  0.10824521385612793  0.11788005323434740
  0.12924117694298393  0.14189936347029572  0.15229855582243282  0.16107621971251132
  0.16916963635170590  0.17725117854817007  0.18610575038612409  0.19583504040376085
  0.20601281265890717  0.21549547433260480  0.22365896856237899  0.23130216356503863
  0.23888603518068197  0.24720959084800162  0.25670657271165875  0.26615887406150268
  0.27598942525601938  0.28601960630247764  0.29555689945342245  0.30424617630360551
  0.31267190804013884  0.32143173034086675  0.33011170109736121  0.33945173896081965
  0.35065029779098639  0.36034852739186746  0.37268423259782130  0.38541283005739885
  0.39692804436815193  0.40758575586099555  0.41742929736897749  0.42764350564887826
  0.43830300833626562  0.45060560495223478  0.46330781061512077  0.47571662433523659
  0.48778446496209099  0.50056690297478990  0.51249611302055431  0.52496765810738411
  0.53697544784638929  0.54844939249293112  0.55889505638290649  0.56931686121694935
  0.57972737044684752  0.58972738894126397  0.60020279714545255  0.61097520527025573
  0.62279319691953583  0.63480270410089612  0.64681806449837187  0.65929812597328896
  0.67232567159419387  0.68538670090545128  0.69908593039335021  0.71273307664906971
  0.72537686185626316  0.73621238679241285  0.74709732362112280  0.75853427129757511
  0.76929864272805915  0.77934419787672682  0.78855942670549639  0.79899133006825440
  0.81127609514354448  0.82585147988651142  0.84232025568230873  0.85839409029515468
  0.87207960190792888  0.88464847000291658  0.89708858142367853  0.91016589134560333
  0.92250949176995645  0.93340142111720059  0.94426107878009991  0.95543566721547257
  0.96718579654909975  0.97799232146577286  0.98845111366630023  1.00000000000000000
 -0.00238803320717660  0.01105112290315058  0.02148696598376054  0.03208684526412040
  0.04190504552637011  0.05329248831144581  0.06670608743554432  0.07841423882860141
  0.09088732468777702  0.10253617632091661  0.11309062743578788  0.12425407970268587
  0.13287280468900148  0.14128825023755809  0.14962527890620725  0.15832751687969657
  0.16740811020658047  0.17672191130798226  0.18534671100861999  0.19341602049045892
  0.20133978120006563  0.20970971250025455  0.21927570128510354  0.22984498645578494
  0.24140344856362303  0.25230385421023060  0.26340893032086543  0.27483229433974038
  0.28691025246171964  0.30056662540284368  0.31209480018478480  0.32237992549532640
  0.33310843668761092  0.34685555287119241  0.36023662283959995  0.37045186988117501
  0.37932473414864243  0.38867942626785734  0.39815009414977776  0.40866230219701949
  0.41991283602756707  0.43041589481858133  0.44089430965830623  0.45079995626129465
  0.46060389831205789  0.47046232517924019  0.48061852898912810  0.49144095454730180
  0.50247044421644194  0.51429006166581448  0.52652634949770249  0.53726744071848587
  0.54684382379415808  0.55633275315809527  0.56758390224256039  0.58164099038187067
  0.59317280227528368  0.60533271317476678  0.61631470030380897  0.62504889103265737
  0.63383148895536434  0.64291557069748917  0.65491673891775348  0.66591377904471205
  0.67577937504977914  0.68562052231125237  0.69565268255477231  0.70766390548363622
  0.71982787110385604  0.73203698967329822  0.74370017401406141  0.75510704792064931
  0.76712642418012644  0.77900171522405492  0.79130767257894052  0.80386471437507045
  0.81540970288810855  0.82516939746645301  0.83444967671140435  0.84409084013608748
  0.85536474884945679  0.86515351845776767  0.87457791645134220  0.88381684676110484
  0.89342419608622747  0.90322549704468480  0.91233953261918288  0.92097170531196260
  0.92944686943845900  0.93819236089020630  0.94747661461311561  0.95702619966024782
  0.96690641562642965  0.97713743543943365  0.98866396901823206  1.00000000000000000
 -0.00183621949953735  0.00822734845647878  0.01666172058520236  0.02435973134800101
  0.03094347859911633  0.03795050554779082  0.04660256007322661  0.05558283441263427
  0.06672309499572522  0.07689327299218549  0.08587067691842880  0.09491675491871135
  0.10393607377794571  0.11384938599410532  0.12503838166604350  0.13810705982903856
  0.15071984912631647  0.16403461436518035  0.17770099594833291  0.18981636847991423
  0.19979644127282167  0.20868246988731740  0.21687333195339337  0.22582911590143648
  0.23572613473360984  0.24891149512235222  0.26224632859293801  0.27446792024508510
  0.28617689424545389  0.29869201421280067  0.31063270095655321  0.32268707114054362
  0.33513147140259381  0.34709617330376125  0.35817694562108277  0.36888961013516292
  0.38057760721041328  0.39322946169118655  0.40463185192464385  0.41426005482758277
  0.42281998697364126  0.43160292145519524  0.44088752477949783  0.45088247691267291
  0.46218409269389776  0.47604765325378401  0.48861629293285408  0.49915133871947209
  0.50932088174566370  0.51957043363720934  0.52972474440278450  0.54038691471182720
  0.55037632693457594  0.56226837349505832  0.57213176891830386  0.58215671248238887
  0.59184018562336449  0.60187860907893309  0.61260200029164524  0.62310570302672108
  0.63556170969637715  0.64783382823647595  0.66007442705320674  0.67201376537597768
  0.68391976038268709  0.69416562015118399  0.70392501917418604  0.71344220765925881
  0.72409440350659215  0.73613712008841814  0.74940909432808434  0.76071766211279646
  0.77025229511102800  0.77892431437412024  0.78781809419698356  0.79779432119633364
  0.80829055235239511  0.81845385293847728  0.82887575348192388  0.83984015671174539
  0.85126534046399371  0.86270533533434313  0.87254807365814480  0.88177385179703494
  0.89117001653250494  0.90223032530784297  0.91361546229589874  0.92652600040217070
  0.93934272726373824  0.94879643342901876  0.95700423436820614  0.96446494524190418
  0.97152027175756683  0.98071289035631404  0.99005438187319506  1.00000000000000000
 -0.00306725620391594  0.01114873083418166  0.02144759402779943  0.02976952765278070
  0.03828517386937830  0.04738626425574119  0.05621089946755613  0.06474277371006718
  0.07392534410873902  0.08411184851084250  0.09464602145808335  0.10577019071399618
  0.11765738124511987  0.12937749705173562  0.14080101432695008  0.15151500456928260
  0.16145533034118298  0.17137704373973228  0.18128332998467825  0.19204532499801974
  0.20402992504144052  0.21624219510815029  0.22729534039850419  0.23743344242352357
  0.24786605390933791  0.25989608911722878  0.27395469101397901  0.28731725523097706
  0.29939510177947026  0.31061198001357654  0.32104824496931650  0.33173258010877948
  0.34235452572677938  0.35253213842564624  0.36279917874324985  0.37351245520247095
  0.38573177068783876  0.39926917186834610  0.41351948828314222  0.42515230061385284
  0.43519597177326697  0.44506678542279288  0.45565521566039524  0.46568275190020963
  0.47489515468482130  0.48629985486794020  0.49702537109889355  0.50661823174889464
  0.51549739409340545  0.52540160167025596  0.53507524115814342  0.54417539531346548
  0.55301925421597364  0.56298836075936787  0.57302657920422173  0.58161137103919269
  0.59001276195653285  0.59924851957336445  0.61023472442563220  0.62085540572155340
  0.63136579073247445  0.64246077801411017  0.65315627451257141  0.66260246376678278
  0.67319794813229938  0.68415961585141361  0.69517880455300896  0.70609903510843985
  0.71796738272262606  0.73066075423353338  0.74252387802652364  0.75321414180198376
  0.76125839628744107  0.76904546623733838  0.77531327541518291  0.78292815998935505
  0.79138097392130502  0.80099657403201707  0.81200111188603219  0.82340307602981722
  0.83515557623986225  0.84636609892554848  0.85728682115234744  0.86787182432766008
  0.87869684771981416  0.89011991617082364  0.90056484704511874  0.90986307492669682
  0.91903405943383387  0.92962042970289471  0.94169820327646847  0.95382192232963803
  0.96516910281156443  0.97741529352333056  0.98863573311448638  1.00000000000000000
 -0.00243962019204510  0.00812642665918412  0.01724879336308216  0.02606387574360093
  0.03415950229802356  0.04166546434627401  0.04948606690587685  0.05771786447259995
  0.06647711895790484  0.07521119665076506  0.08493910484365340  0.09471377882909546
  0.10436500210690156  0.11339090626444095  0.12288006217009467  0.13277929167159347
  0.14221264882529180  0.15096151963866786  0.15927398619915983  0.16967187373567341
  0.18075163232788755  0.19162564641005672  0.20166259587439520  0.21182020019244241
  0.22299794353556213  0.23460883375065561  0.24574230408611311  0.25621090512353029
  0.26639358517312040  0.27692870121522128  0.28796798662720013  0.30087908658825402
  0.31529058958332551  0.33120810491578373  0.34461875429241634  0.35605429620467971
  0.36670808883395634  0.37787984979165024  0.38839259867153131  0.39941913283659741
  0.41055906044702845  0.42199666067025765  0.43322090167399507  0.44368772042470006
  0.45349021547050661  0.46254477320582876  0.47094279046558685  0.47890430330319300
  0.48761382970953310  0.49670070186698190  0.50822286097361957  0.52046283493030132
  0.53299105143900183  0.54206206916474320  0.55075993035393589  0.55866931062277247
  0.56670249503997616  0.57565572128644404  0.58519196359586656  0.59702021323740861
  0.60951722542073372  0.62267508014378947  0.63509608125013028  0.64806686272927938
  0.66096878101778955  0.67340172263161491  0.68429981707857301  0.69561370133436928
  0.70698148871672339  0.71819260908945759  0.72796403857550906  0.73817766219547154
  0.74961480341706677  0.76200366940388764  0.77487520049589698  0.78888155873963361
  0.80075848385506532  0.81139365257836327  0.82173468010811301  0.83056747143668763
  0.84032130892325096  0.85008021311832660  0.85836916202743341  0.86737221510449736
  0.87744280380491402  0.88782429820957365  0.89758763709320799  0.90767983526191898
  0.91860959573002188  0.93137387615234113  0.94520653350306505  0.95846326826267225
  0.97007614312496582  0.98028151549931397  0.99028887560145940  1.00000000000000000
 -0.00260961735734964  0.01199821778028580  0.02396935289679336  0.03534914686707388
  0.04630982977335456  0.05579472347116315  0.06509423794818474  0.07374835808787752
  0.08303951153941591  0.09406484070120341  0.10664533950906488  0.11763206640945684
  0.12614190512218659  0.13406485785341393  0.14213846955364026  0.15099744923996178
  0.16275955386990609  0.17403790861168775  0.18540158055839340  0.19693094953790682
  0.20832369966966777  0.21938232257194881  0.23120801250770845  0.24333288900396077
  0.25515964555674026  0.26662094747255255  0.27773960261286540  0.28973898931284126
  0.30302276683189772  0.31632393352087723  0.32811731814814654  0.33843696903521325
  0.34868214560676769  0.35934658101579187  0.37035382534306172  0.38174827234986841
  0.39368904700468793  0.40669978089380671  0.42038733827516872  0.43520353393598576
  0.44648925854496146  0.45855005315751357  0.46668648165230320  0.47479168067069261
  0.48297543835757117  0.49347286664063089  0.50483926409278124  0.51604220943006129
  0.52739590824643601  0.53791738343611217  0.54855531008823166  0.56069076445596355
  0.57422725334277747  0.58632543097534529  0.59701663266887772  0.60723960036823255
  0.61729047973364293  0.62715219234678066  0.63646004481121177  0.64502516621021544
  0.65448043290199776  0.66388535854157782  0.67427088175271621  0.68427343129177887
  0.69474013648598354  0.70545949786003215  0.71557072699973590  0.72534184621686126
  0.73472064573697315  0.74468662454628776  0.75448806924854495  0.76382838068350734
  0.77338481980950957  0.78407239931902362  0.79359988013813842  0.80125860073694322
  0.80881438005749950  0.81673885325149409  0.82654103196744544  0.83720727751014379
  0.84738939867582008  0.85648098428005570  0.86513203452099852  0.87374131137452393
  0.88249831249910637  0.89074626711194438  0.89979729668808595  0.90883788219120631
  0.91891921632616491  0.93063012099832165  0.94347637289794584  0.95621750372245218
  0.96793522540207022  0.97870364374676200  0.98940303731294788  1.00000000000000000
 -0.00489722876287012  0.02345956788925294  0.04512438104645658  0.06533963825635357
  0.08336384132904165  0.10011656332412168  0.11525149279083222  0.12983877368487701
  0.14551699717443686  0.16168578413562171  0.17737253441111520  0.19264237280731267
  0.21141292924486071  0.22636138378847018  0.23999352766320811  0.25146070579674251
  0.26274300537069317  0.27334841248464103  0.28389402409178355  0.29463373735136189
  0.30603154792929327  0.31797506609553750  0.33091030098624619  0.34526654990978906
  0.36081002274610041  0.37605763553771637  0.39100132027764684  0.40418187233499636
  0.41666750866417057  0.42774916524814616  0.43885810795745761  0.45093404483445382
  0.46340873142248479  0.47595694534174882  0.48931137945619485  0.50231520215371483
  0.51282698061005794  0.52221027623341543  0.53094394782806131  0.53897903477837195
  0.54693400667476033  0.55458562398450018  0.56342962439744704  0.57532304326847539
  0.58695645888419312  0.60012634231328676  0.61108551738054961  0.62151761122831350
  0.63136746977750757  0.64067781807224988  0.65039196833447699  0.66033469621929053
  0.67015329838622695  0.67992935785576358  0.68965060152080770  0.69905608915114592
  0.70775521203145741  0.71591614018748628  0.72392637065640308  0.73321418781869929
  0.74359487828445126  0.75477799435592619  0.76531716668908700  0.77673220677287791
  0.78768665333323995  0.79768413940623228  0.80630834873789548  0.81435605752433560
  0.82239427487362549  0.82959167785154864  0.83686224169809720  0.84442147843443871
  0.85203432363948073  0.86024773547516786  0.86797164662550075  0.87524914400299736
  0.88281152077364933  0.89029075031542104  0.89702370408341359  0.90376125569339261
  0.90976387040035434  0.91583584458262191  0.92156238835234938  0.92719186827189359
  0.93324614172609899  0.93904938330612531  0.94588734111646322  0.95258233354473343
  0.95948425951478777  0.96535714622741997  0.97060694992483298  0.97582182315104926
  0.98118080364987281  0.98712152285122945  0.99360795957310344  1.00000000000000000
 -0.00227311852101046  0.00952396203635743  0.01962055745799135  0.03013485061938558
  0.04150498237792845  0.05392109928629876  0.06601339471150290  0.07802582254480059
  0.08976928765062624  0.10204295478605735  0.11215225669943435  0.12143078441452095
  0.13046035966753428  0.14070562982956877  0.15245414199401008  0.16635794224163114
  0.17910329460964458  0.18943556211139073  0.19743986016702414  0.20521854486559585
  0.21326079607438531  0.22258722908719389  0.23293010826613342  0.24289930649067087
  0.25265263744074873  0.26268976461056770  0.27235459696280778  0.28272627838360376
  0.29318361541595372  0.30416265137140358  0.31584600485837316  0.32763910416520797
  0.33785009371582164  0.34727451417367167  0.35698731280466078  0.36798264257562496
  0.37944567260445644  0.39029054858812617  0.40060262192087648  0.41008273427113573
  0.41975068443898966  0.43006216448094470  0.44006821449154837  0.44988091341526887
  0.45967340148996877  0.47029045353750926  0.48192722013475259  0.49369738455695206
  0.50605285434638592  0.51874893360393826  0.53001117057995673  0.53960041814025350
  0.54864205166512092  0.55760894988706500  0.56688560941081312  0.57658525813728656
  0.58693226313286706  0.59753276727242577  0.60777005005784246  0.61775781310205047
  0.62935447468686367  0.64335384579542609  0.65550792437241712  0.66619578464971474
  0.67685271501205435  0.68834743510626695  0.70065711954324994  0.71171642792004330
  0.72279794028820799  0.73276873534933440  0.74165804351988429  0.75050922578782386
  0.75993850731992074  0.77067803629540732  0.78179988427615399  0.79260306072265574
  0.80362892784867190  0.81444359365937946  0.82497921005709740  0.83584044354669074
  0.84622943070147805  0.85647536855349060  0.86554618277941053  0.87416658272315850
  0.88433827767895345  0.89407563960776770  0.90408996534812547  0.91412033494532163
  0.92370224838654968  0.93377688969317918  0.94440461030882505  0.95590976595854327
  0.96721882238129320  0.97815160057742245  0.98923888474604493  1.00000000000000000
  0.33982065398431899  0.54450367835299718  0.56734539907467552  0.58004138934125660
  0.59529186853279636  0.60974183714652130  0.62505481160933785  0.63681876144271710
  0.64665675643228859  0.65519440600978762  0.66200362924727552  0.66902138577497361
  0.67555209478534051  0.68147355861849557  0.69115963525108393  0.69937535136210294
  0.70663491404240264  0.71291950113018865  0.71809780629420028  0.72259860303200463
  0.72728538513378660  0.73233113724920096  0.73719801002902108  0.74205257097385957
  0.74723112633467681  0.75157572628062963  0.75609323977881038  0.76051672171380147
  0.76649041888470404  0.77292762683706218  0.77849067418109186  0.78304215819454237
  0.78742953144903538  0.79194282920853809  0.79658700339128896  0.80089861510170368
  0.80530235879560086  0.81010022155888817  0.81485864678169473  0.81883225150676486
  0.82299904968824922  0.82733014985526687  0.83164946601458756  0.83558904242531518
  0.83918472926762810  0.84302994206470783  0.84701056567050226  0.85114845117270665
  0.85476670221063467  0.85818181474446054  0.86143961256294110  0.86470002227307485
  0.86809798858879561  0.87152221193165547  0.87511496565094382  0.87880585291458169
  0.88251340497097985  0.88576726168144193  0.88818759762466049  0.89066997259519520
  0.89341014059393042  0.89637489592912711  0.90003787003001567  0.90362206665052114
  0.90687712873647774  0.90996762248494445  0.91288754902097036  0.91567923481065028
  0.91844485201718573  0.92127297327602709  0.92415863331472226  0.92703677140692919
  0.92987515009468691  0.93260819027004260  0.93535066976415593  0.93814284406163984
  0.94108838518453086  0.94407582420332126  0.94697834870513919  0.94986037622219643
  0.95240665206650565  0.95468379442971807  0.95691554336216278  0.95925778451433130
  0.96182659118950886  0.96492008553688757  0.96802386435417986  0.97110741878802320
  0.97410458856443649  0.97715140707624693  0.98041049124600532  0.98345903357408204
  0.98645969092664432  0.98981226922154675  0.99402658639979780  1.00000000000000000
 -0.01817102379080229  0.11685209255966052  0.13185900258245178  0.14219577279909140
  0.14959539346201081  0.15613657327583741  0.16282175969210846  0.16766979991487221
  0.17254118812011893  0.17733164188480838  0.18320956035180361  0.19045178911485197
  0.19714179264686221  0.20293558407848397  0.20842102874642704  0.21227315647182396
  0.21640370388586919  0.22086341334193943  0.22524603353494316  0.23033113000602840
  0.23616976561579509  0.24197060032054077  0.24779294101517008  0.25365340505880735
  0.25933135857738443  0.26453601191510528  0.26927756432763528  0.27390580928618258
  0.27866176321591024  0.28403796243370699  0.28886214716592695  0.29337447740908384
  0.29780044362757724  0.30209867275720703  0.30684279674345921  0.31230248535192057
  0.31811876138278450  0.32343359581791614  0.32822515845109207  0.33282606184600472
  0.33774748016039646  0.34311953461053180  0.34917111447344362  0.35581732911924591
  0.36250839613288915  0.36907993543924966  0.37526581972795431  0.38129848368042257
  0.38752842539857052  0.39386702040381766  0.40057414918987655  0.40717514911099423
  0.41367887185638019  0.41969209846162686  0.42536801656812717  0.43105063470059046
  0.43716005287912668  0.44361755746220582  0.45008933044283772  0.45605958593286744
  0.46180389499441776  0.46778733546981760  0.47391176368375554  0.48058835059621136
  0.48786924114340202  0.49428472061011952  0.50006304151349190  0.50620782987710800
  0.51299853332097800  0.52067376964222800  0.52850469445977399  0.53579870569455179
  0.54320973465313049  0.55136494874516173  0.56019575456346693  0.56748426032643662
  0.57348139655321595  0.57966175554846278  0.58758063652441728  0.59731052492770009
  0.60668737756398750  0.61569727245293127  0.62537258393395556  0.63620585185974798
  0.64758837773103428  0.66005847524490469  0.67120211972598109  0.68362121994212788
  0.69656011628220471  0.71140346457336912  0.72745434983539448  0.74388038213427365
  0.76173228272552140  0.78293171365980263  0.82391861572524216  1.00000000000000000
   1.2125980532955008E-005  -1.0000000000000000     
 F F F F F F F F F F F F F F F F F F F F F F F F F F F F F F F F F F F F F F F F F F F F F F F F F F F F F F F F F F F F F F F F F F F F F F F F F F F F F F F F F F F F F F F F F F F F F F F F F F F F F F F F F F F F F F F F F F F F F F F F F F F F F F F F F F F F F F F F F F F F F F F F F F F F F F F F F F F F F F F F F F F F F F F F F F F F F F F F F F F F F F F F F F F F F F F F F F F F F F F F F F F F F F F F F F F F F F F F F F F F F F F F F F F F F F F F F F F F F F F F F F F F F F F F F F F F F F F F
  <DiscreteSampler_grid>
  grouped_processes
  1 # 1 for a reference and 2 for a running grid.
  10 # Attribute 'min_bin_probing_points' of the grid.
  1 # Attribute 'grid_mode' of the grid. 1=='default',2=='initialization'
  0.0000000000000000 # Attribute 'small_contrib_threshold' of the grid.
  0.5000000000000000 # Attribute 'damping_power' of the grid.
 # binID   n_entries weight   weight_sqr   abs_weight
    13   10   8.254569372538874E-002   5.452367035775988E-002   8.254569372538874E-002
    14   10   8.254569372538874E-002   5.452367035775988E-002   8.254569372538874E-002
    16   10   3.198859222706477E-001   8.973941016396811E-001   3.198859222706477E-001
    17   10   3.198859222706469E-001   8.973941016396761E-001   3.198859222706469E-001
    22   10   8.254569372538874E-002   5.452367035775988E-002   8.254569372538874E-002
    23   10   8.254569372538874E-002   5.452367035775988E-002   8.254569372538874E-002
    25   10   3.198859222706478E-001   8.973941016396816E-001   3.198859222706478E-001
    26   10   3.198859222706468E-001   8.973941016396756E-001   3.198859222706468E-001
  </DiscreteSampler_grid>
