  0.00250820812814063  0.01518147162125961  0.02776598766494833  0.03865444545475107
  0.04838180139578055  0.05789033510630519  0.06780656205596294  0.07795517324509935
  0.08786341526639863  0.09821721429942101  0.10875522060037976  0.11911227130852223
  0.12940957976950221  0.13972050686776846  0.14945546501591581  0.15869583876734392
  0.16846383520860972  0.17876711650233368  0.18909009241315450  0.19925491144006957
  0.21040921965485668  0.22298576843381498  0.23534957235234416  0.24636542890698687
  0.25661237257922920  0.26682302776081979  0.27724367340235662  0.28838446765947384
  0.29911527586205366  0.30953108987271127  0.31899216211372816  0.32849837715130858
  0.33859155142203112  0.34960444607447039  0.36183029575918974  0.37406639178297457
  0.38594984751663958  0.39759172508916157  0.40908485017926227  0.42023392614895155
  0.43122738174848330  0.44226194103013150  0.45340315155499600  0.46446521510007444
  0.47539059602705452  0.48709206853118331  0.49863681915102648  0.50981462518998522
  0.52012250446264208  0.53035162823157189  0.54029721154129728  0.55077161411839437
  0.56075425237514864  0.57030338344759901  0.58028999410612359  0.59055279555737061
  0.60092880691675143  0.61040862376293359  0.61955254528668979  0.62943436783883921
  0.64051786166713276  0.65234534046525605  0.66408874067892898  0.67538102342602457
  0.68641286252773159  0.69678952518998361  0.70688412691945135  0.71709833549111490
  0.72739543391423966  0.73759127852251793  0.74712944978356555  0.75677687431610008
  0.76653193901269900  0.77595848135270595  0.78583956313274694  0.79545021946283856
  0.80578261612475011  0.81662393437630421  0.82741234632726546  0.83857289953204717
  0.84989452114496256  0.86117888129958042  0.87222667922885577  0.88358865038813916
  0.89453246857923208  0.90453814299417157  0.91445225458351820  0.92449555993373123
  0.93479038596677844  0.94476300617651876  0.95460464796361888  0.96403817528603652
  0.97306978400650856  0.98189730229339922  0.99101414644600361  1.00000000000000000
  0.00247416804926560  0.01726045811399518  0.02947852551904160  0.04156217989837638
  0.05277176832493252  0.06318184013046764  0.07376792169762716  0.08431691248674908
  0.09576589069614798  0.10642631447197363  0.11673294455801184  0.12722519923363004
  0.13839671763751998  0.15023478008808774  0.16171975655304374  0.17221846906608432
  0.18119849265978394  0.19100930894679619  0.20137701715680270  0.21246027404976578
  0.22352766531704518  0.23477541486580455  0.24654153957073210  0.25825314458625986
  0.27011241114663381  0.28153854060943029  0.29286068451741920  0.30387732557349767
  0.31402693742694682  0.32391383442347293  0.33370020498304104  0.34394044586463934
  0.35382600852290308  0.36334456152043576  0.37276447902065579  0.38257568361605809
  0.39300881940917953  0.40383452923179980  0.41513440628633208  0.42633444332572346
  0.43741497499905896  0.44791790350578536  0.45847060053569355  0.46943280916603930
  0.48058070896481814  0.49110921116311484  0.50052933374211317  0.50986496088299793
  0.51929543769979081  0.52942102435309191  0.53989831750290318  0.55060574107574567
  0.56092659326958172  0.57129424168179443  0.58243852210150526  0.59369554520571277
  0.60411173053746370  0.61361987815089414  0.62356408399564389  0.63443950045882358
  0.64576456615226185  0.65723761241681367  0.66822598165228919  0.67897788304808249
  0.69005513455353584  0.70150008454196866  0.71222098099291364  0.72210982804677315
  0.73223747940373052  0.74305019127568439  0.75458413121575063  0.76572471787163121
  0.77694167144203763  0.78807712043035649  0.79873944288161136  0.80906227220819649
  0.81920237440922861  0.82889696353215370  0.83806202720028000  0.84731971994646205
  0.85735809388107631  0.86824106225901609  0.87865520449301759  0.88829326770295947
  0.89831027688807630  0.90915349958999347  0.91985111312862688  0.92984366340212488
  0.93988692691803966  0.95095879724871168  0.96054565312701634  0.96926396839943241
  0.97800622276400828  0.98611051517650583  0.99230105796035284  1.00000000000000000
  0.00000335641756524  0.00000406723711759  0.00000454401937983  0.00000487881994309
  0.00000538028437331  0.00000590914739813  0.00000643693203799  0.00000691126938420
  0.00000735249282600  0.00000781780586964  0.00000828993487981  0.00000880104623030
  0.00000938457340545  0.00000997923812409  0.00001063292994165  0.00001134040080174
  0.00001207211482208  0.00001284333508956  0.00001366402026203  0.00001455049521316
  0.00001551564322469  0.00001650407954619  0.00001753137898087  0.00001856821072678
  0.00001966799657525  0.00002084653792177  0.00002208352555849  0.00002340549735488
  0.00002487218573264  0.00002637997562880  0.00002820709560148  0.00003000232912501
  0.00003183542764216  0.00003363471401817  0.00003553182818826  0.00003761073669739
  0.00003981085810964  0.00004203179645288  0.00004429271989167  0.00004645676385308
  0.00004889116952210  0.00005174962076025  0.00005505856790983  0.00005889316416029
  0.00006301831038638  0.00006750321918631  0.00007261567239756  0.00007847764207723
  0.00008504439225461  0.00009225070871838  0.00010035390236754  0.00010960272357359
  0.00012003076445935  0.00013147112145603  0.00014384583899379  0.00015694343080451
  0.00017082491033693  0.00018526416541229  0.00020064776904314  0.00021784096649264
  0.00023749813849297  0.00025935582809033  0.00028410605641931  0.00031732140835811
  0.00035638695793645  0.00039790435391385  0.00043865861855940  0.00048088720130444
  0.00052955604299273  0.00058823546551935  0.00065561599462179  0.00072125606872972
  0.00079348530803804  0.00087960279669828  0.00098418969133421  0.00110455896100188
  0.00123967371848934  0.00140624096401286  0.00161518871420058  0.00182471032658986
  0.00197380240106809  0.00211028590781850  0.00223609412506905  0.00237302461822060
  0.00256850682971288  0.00284671456890439  0.00310890258457134  0.00371245652810786
  0.00432586481914238  0.00489425987807240  0.00563485280347738  0.00644629359171648
  0.00756787188404019  0.01420293504339352  0.04294905768044877  1.00000000000000000
  0.00000574920629015  0.00000627922045073  0.00000670059266420  0.00000710484697713
  0.00000751859669867  0.00000799741047649  0.00000857720716177  0.00000915480939773
  0.00000975244306716  0.00001028216712424  0.00001078676681054  0.00001128168967191
  0.00001180684175428  0.00001236433262996  0.00001301161284033  0.00001374903700131
  0.00001454373423194  0.00001534568775673  0.00001618926191740  0.00001706487717197
  0.00001797124640447  0.00001890435070561  0.00001989795549298  0.00002096334202055
  0.00002210355358890  0.00002333731047254  0.00002468476366791  0.00002612090663755
  0.00002765069304773  0.00002931617380534  0.00003107163411351  0.00003297581850895
  0.00003511017304613  0.00003739101564256  0.00003988872837727  0.00004258372443452
  0.00004550137737163  0.00004879564502318  0.00005263527614017  0.00005728459504609
  0.00006269732140726  0.00006907915170202  0.00007638216430681  0.00008457033924202
  0.00009349981042552  0.00010380636930943  0.00011547867329708  0.00012713357404421
  0.00013876386216544  0.00015077604536898  0.00016395042443760  0.00017849389892691
  0.00019389118635264  0.00020959719276405  0.00022540615853669  0.00024157068055080
  0.00025779844410733  0.00027420070862186  0.00029221637615374  0.00031047002009069
  0.00033009480130301  0.00035189505543292  0.00037617381338197  0.00040406558142517
  0.00043237486933161  0.00046330908149496  0.00049656776229894  0.00052943912536744
  0.00056303330295014  0.00059804666170220  0.00063456796317032  0.00067106174281259
  0.00071585653135240  0.00076069189893241  0.00080822967452271  0.00085832702570470
  0.00091154579184210  0.00097867208632716  0.00105970566932303  0.00114560983378905
  0.00124977493240790  0.00137199507211055  0.00151390763121211  0.00167027517563032
  0.00183558640139835  0.00200668421880138  0.00216911459689627  0.00237922470871045
  0.00270004092470283  0.00301465553586391  0.00342629738227434  0.00372278273365425
  0.00405670647698419  0.00447670087772418  0.01399804811657068  1.00000000000000000
 -0.00657720516604382  0.03731969158026706  0.06802421908781138  0.09256502449129639
  0.11629081053252013  0.14232170410393080  0.16808409808970179  0.19147214257071746
  0.21338824017533484  0.23552758304715735  0.25682804465008785  0.27591819900599707
  0.29305807270806561  0.30936918272408115  0.32649284470002565  0.34315241103301930
  0.35934594626337152  0.37485700193794014  0.38933499233867230  0.40346366718140381
  0.41759125745252390  0.43179436647159941  0.44574466157323978  0.45948905367278814
  0.47259536846500877  0.48464317122542744  0.49670199688081729  0.50790414060184064
  0.51889318395264761  0.52915148034101700  0.54030406272930642  0.55046565788041901
  0.56027413674030047  0.56965871565767778  0.57958600253885861  0.58883821498390609
  0.59784450823942137  0.60671203170807597  0.61564247308081521  0.62478218628031978
  0.63406444753777813  0.64266113632754396  0.65034716489240330  0.65755774243146614
  0.66493046731808692  0.67260899693036480  0.68020775456634630  0.68804444606704762
  0.69548771148002031  0.70272083010983932  0.70936139708001522  0.71637224666052746
  0.72347680706562489  0.73070936091780014  0.73825186550580069  0.74581846759109094
  0.75313203648436566  0.76026584091832627  0.76772121154053996  0.77521347063276913
  0.78231010797668998  0.78904631088672550  0.79554853906687761  0.80210347854052233
  0.80905193987884849  0.81574575137578176  0.82220333031928139  0.82835680810903800
  0.83428377424127742  0.84026892328994574  0.84647969595023098  0.85268538170457242
  0.85876765967536239  0.86463616648673702  0.87013166217934268  0.87589846727375109
  0.88140155682385879  0.88741342168891102  0.89311179555255127  0.89891009956694123
  0.90469430298570275  0.91071767044043039  0.91715508405703494  0.92405000692971750
  0.93140526543720104  0.93874383387635885  0.94576873670306516  0.95243109842243678
  0.95866760481243951  0.96463920829306093  0.97053865234731596  0.97641419749771596
  0.98223709156160188  0.98804207616783968  0.99382880916366878  1.00000000000000000
 -0.00242632816589895  0.00995978460611190  0.02037357509120493  0.03167255121176059
  0.04319803893650014  0.05426517075179295  0.06506567089916193  0.07627866877405827
  0.08771287412835231  0.09837315360656729  0.10854845390467001  0.11853902545609836
  0.12825156133997717  0.13771405004182571  0.14784559065779923  0.15905130700393338
  0.17090290956463014  0.18231932225251596  0.19345310838789392  0.20492953256703600
  0.21675525144115690  0.22842888838100472  0.23951729011744322  0.25020912025958214
  0.26042023989070667  0.27063654969236101  0.28138294812917586  0.29216901274258472
  0.30290229784226852  0.31320026940820855  0.32317185911031510  0.33251209417534383
  0.34201650575661935  0.35137385786361092  0.36293821255562703  0.37452710829066771
  0.38510175207329345  0.39605798539953663  0.40712045671624209  0.41750982694039179
  0.42736854800464152  0.43678481122698187  0.44659734591247124  0.45677542628452267
  0.46646747100655706  0.47648681179537450  0.48655484239697755  0.49618149215237189
  0.50665494027774338  0.51645096242564870  0.52697475940636107  0.53774322402301100
  0.54962861337318714  0.56153704799890436  0.57292877376007523  0.58400277589971872
  0.59452357536459599  0.60468763831662753  0.61472248594458589  0.62570022319652974
  0.63769783607297925  0.64853960680785072  0.65861871352519574  0.66873995537524911
  0.67948967714189701  0.69053938570329365  0.70129384334479028  0.71245768981523183
  0.72413082498991965  0.73451750845588459  0.74348938199559267  0.75252543779501346
  0.76176407866914031  0.77028456623150110  0.77892240094988341  0.78754021580186728
  0.79945920248867963  0.81248991934224002  0.82308450717000936  0.83313227738526219
  0.84207277049382168  0.85129156733127687  0.86046521677690990  0.87073728922886862
  0.88219610344534194  0.89346734803957395  0.90372565169315633  0.91356995392364382
  0.92409792179982309  0.93555044037953572  0.94625268338566459  0.95692111842669558
  0.96687431291835579  0.97780107995399312  0.98869582733811567  1.00000000000000000
 -0.00271446658543509  0.01160567602949790  0.02366525987804003  0.03527519719623960
  0.04601731335104249  0.05608624728510702  0.06667304632057749  0.07828215765361710
  0.09033868788288058  0.10193227417230262  0.11285156669118157  0.12367729919057006
  0.13421023658762282  0.14479954119100413  0.15509902038346701  0.16560721002614265
  0.17616043078258065  0.18673775003059009  0.19743440026008446  0.20811844307595928
  0.21964420406467697  0.23167272316433021  0.24474338925489000  0.25764625457951751
  0.27037991209410922  0.28375542704671131  0.29617920504557504  0.30817600336494599
  0.31983095620876206  0.33174437107622340  0.34349239273000221  0.35505615476298491
  0.36661878755713023  0.37793660993153660  0.38925393759308308  0.40076917042954119
  0.41250618983595921  0.42359914863724824  0.43479593456846310  0.44578311569955625
  0.45731129581529956  0.46938734902273072  0.48160177640808366  0.49377364054831807
  0.50591257650427823  0.51790360580592054  0.52945929003590475  0.54108810487520620
  0.55320768440591750  0.56635437812422040  0.57920539923542647  0.59133910860376093
  0.60267684677982136  0.61353707824454062  0.62431394492787662  0.63492311397378576
  0.64533980216986597  0.65612860248076410  0.66759050617451099  0.67971414537541397
  0.69096839615354211  0.70120745319067590  0.71158433172526125  0.72113014295637878
  0.73106269397710399  0.73993414828467108  0.74876171561237526  0.75756479138249588
  0.76641922390366635  0.77556181674624081  0.78404526236666294  0.79351978843884552
  0.80188876349458760  0.80953527464400332  0.81683057988744623  0.82395419636070488
  0.83155917056533035  0.83995453667966113  0.84931063405451956  0.85988578986445807
  0.87054234966327837  0.88049926899002551  0.88960850825740412  0.89854085911945347
  0.90748724189428220  0.91630828058689529  0.92454580532554176  0.93266088520652746
  0.94135648889348189  0.95032101771882627  0.95893674115956828  0.96697934018795595
  0.97514205764663220  0.98381673301613826  0.99217757353859382  1.00000000000000000
 -0.00254481504322627  0.01080101884514565  0.02127513814209515  0.03201669707697121
  0.04140315034368887  0.05196394699566596  0.06217366059984487  0.07214490655515475
  0.08123558136105390  0.09057973609372628  0.10078530059381020  0.11104209055517812
  0.12128519183447167  0.13127342593624522  0.14132343143178619  0.15088419016906157
  0.16008382059583148  0.16993791602160499  0.18101473594191619  0.19260643898178081
  0.20533157089987444  0.21822297484994699  0.23121438635161023  0.24354162252470254
  0.25538086691708312  0.26707199306667140  0.27829091234216591  0.28906458119291439
  0.29971971964283473  0.31041015078173395  0.32120390509134750  0.33191016799672807
  0.34225746328717349  0.35203372121181198  0.36170758525661434  0.37205935023698894
  0.38334335233654548  0.39504914848443989  0.40608203096435691  0.41615849066546423
  0.42587189223223126  0.43578718254942678  0.44707949641171973  0.45915376438696826
  0.47104167732715402  0.48279300000794367  0.49451249167097944  0.50544983628772311
  0.51498882568426652  0.52421503985964180  0.53335619060063733  0.54388221196832798
  0.55517797174358507  0.56667954771328810  0.57842307928638304  0.58922771720881151
  0.60039078387617806  0.61134831352763441  0.62326846247411150  0.63451397285432865
  0.64578690114641568  0.65663555240074800  0.66726286957998393  0.67782035721308209
  0.68876948109604463  0.69960659542010994  0.70986675281340228  0.72009354378558454
  0.72990778798727107  0.73930579721224410  0.74863735165645562  0.75748139160798544
  0.76649859436747958  0.77596629964369535  0.78611921489334158  0.79834692445088051
  0.81160527440275498  0.82247318483575238  0.83263305348369332  0.84208367712331833
  0.85181408716946561  0.86184388619023844  0.87210471949784030  0.88292668456078849
  0.89323879029564801  0.90336442092108882  0.91329914788949695  0.92294808489838132
  0.93273829501835226  0.94212165016652927  0.95131482456623251  0.96166023671985290
  0.97161681006492717  0.98124042591397620  0.99020546085817363  1.00000000000000000
 -0.00253565806782529  0.01079043046969957  0.02077132523625917  0.03178818236220216
  0.04257001214791501  0.05411206076952578  0.06497321945609154  0.07568556980545756
  0.08700711838035455  0.09898401299172670  0.11098285545143936  0.12181533159932335
  0.13193942289040966  0.14185771958697657  0.15171460018417041  0.16145811984472075
  0.17124288991733999  0.18166560357309594  0.19341877671139732  0.20548490662102517
  0.21701784116702910  0.22799968572849685  0.23935207092435073  0.25004955987456695
  0.25939653342956298  0.26886817604848451  0.27940814749061860  0.29019622957688912
  0.29957429588876200  0.30844749801940008  0.31807173370064118  0.32870784037736750
  0.33972294889052740  0.35018702061720458  0.36061018161177577  0.37046725850316514
  0.38071598597802869  0.39102194710426275  0.40155771434087373  0.41178096968203975
  0.42230612154483660  0.43392099164087844  0.44604654530441362  0.45784053111348150
  0.46896630880029194  0.48001861839684157  0.49275805167500453  0.50495075187654836
  0.51650088471313538  0.52738815086760049  0.53796104124259003  0.54732189277228016
  0.55625851999918219  0.56549250509393956  0.57589577994115182  0.58680090952406061
  0.59772980671144793  0.60864440077729476  0.61923797310721784  0.62941515396818548
  0.63948080819397390  0.64925905790860761  0.65859684051381495  0.66832110333566364
  0.67896071224565080  0.69003028277819467  0.70078926237810657  0.71091862250854976
  0.72128190441644924  0.73137598224432354  0.74223945054994045  0.75483375951829512
  0.76807566432680741  0.78126686204919260  0.79310344711953540  0.80378537280422435
  0.81411114174763466  0.82426787803003032  0.83427430988058193  0.84443258076821892
  0.85514640448551971  0.86629472323248469  0.87752799709854423  0.88836820967563079
  0.89837900376911728  0.90759990695704496  0.91692430474078779  0.92599770826575234
  0.93464063086806637  0.94346221979931588  0.95210825011700184  0.96142420378804117
  0.97066041428098582  0.98031207379333696  0.99003000279031050  1.00000000000000000
  0.00005211093307365  0.00032427176040981  0.00052574670364533  0.00066948133028959
  0.00077450234777422  0.00087872813554456  0.00098256276348441  0.00108737002464140
  0.00119406346250392  0.00130221664389777  0.00140907679398911  0.00151441229038660
  0.00161809872649014  0.00171601542008169  0.00181291623835504  0.00190899484727338
  0.00200751975675566  0.00210800550958195  0.00221350596284660  0.00232616477866691
  0.00244370838902735  0.00256346079217974  0.00269107846418869  0.00281517976367874
  0.00293435322356217  0.00305377624651483  0.00316512143289645  0.00327285228834368
  0.00338379077692018  0.00349681625578214  0.00361206995893394  0.00372983725773448
  0.00385008182560736  0.00397600053042359  0.00411035669578902  0.00423765645285563
  0.00435239089090243  0.00446172812345397  0.00455843069416155  0.00464885023767558
  0.00474287418499632  0.00484528082548226  0.00498488358845712  0.00515336379797150
  0.00534758946929629  0.00553018748579323  0.00568341827806756  0.00583253641159867
  0.00597858190963821  0.00613929229291141  0.00631481135612673  0.00648952641549408
  0.00665579526007448  0.00681719985587080  0.00697957518045933  0.00717301317598696
  0.00739615629816519  0.00762487889325674  0.00784725591150727  0.00807453597392794
  0.00831156265985359  0.00858643175135375  0.00897720641085229  0.00918546648393104
  0.00930922868473442  0.00963400604393671  0.00984544926138767  0.01014648455606368
  0.01024804470991383  0.01034474780854505  0.01043403671016449  0.01054068972030640
  0.01066776611049591  0.01163684414332868  0.01195700878118830  0.01226212781336455
  0.01258939699650727  0.01299182421306353  0.01360349654748388  0.01472815643271805
  0.01515418693458943  0.01536600546936775  0.01547033391303164  0.01557469748583617
  0.01568148927974033  0.01578828107364450  0.01589489190640697  0.01600143104258886
  0.01620397811764819  0.01656480295977672  0.01976803318995272  0.02044363358971576
  0.02971491079857010  0.03991031703484022  0.05225064078284179  1.00000000000000000
 -0.00215493478039047  0.00800738295494677  0.01778502158133113  0.02847091815861647
  0.04011930779516838  0.05247436489579371  0.06474487572191465  0.07545642326744968
  0.08613891783628878  0.09719208924650984  0.10929412582069667  0.12147195965950910
  0.13365370126663870  0.14579620335298982  0.15766159377186628  0.16945452731684266
  0.18101960368512213  0.19278895658685982  0.20385378656949291  0.21545340066912963
  0.22753754836049039  0.23990004030797479  0.25203264031927730  0.26435824625674731
  0.27623451493166684  0.28725600573796856  0.29755581773632955  0.30789632120893723
  0.31815295082590689  0.32846524367766278  0.33850068878534106  0.34805019949443927
  0.35863549006323436  0.36989511940921777  0.38141470861986010  0.39224940419737625
  0.40124415765451349  0.40894072730218040  0.41649256226678621  0.42409435716497373
  0.43212330082773703  0.44066341800042846  0.44907060994479081  0.45763070361983926
  0.46732273111920902  0.47773112985399058  0.48919420413577691  0.50056560770993763
  0.51032404560281763  0.51996561587488488  0.52869362785002760  0.53718728418563477
  0.54586308259275573  0.55486477531087741  0.56450208200814544  0.57456570544406527
  0.58492580928452398  0.59534250614308581  0.60552641551957886  0.61583882816898228
  0.62634781913316784  0.63743960546945055  0.64852902689945302  0.65906132777534510
  0.66900449343366408  0.67867675105254810  0.68866345407747198  0.69914193557524729
  0.70925808429841464  0.71918083075136652  0.72893155232049101  0.73955837149805392
  0.75102017612555194  0.76378962831922237  0.77700160914413030  0.78923827136494396
  0.80089264775930291  0.81189998211374925  0.82259232161721552  0.83268297065656816
  0.84283060650041497  0.85349440533683141  0.86458066198898620  0.87658987920933296
  0.88848663230785685  0.89974495999616866  0.91020254196285388  0.92184665085549000
  0.93286584699008701  0.94315612915964797  0.95202004180855204  0.96165298617429640
  0.97126993391573047  0.98170339865955492  0.99079999675756258  1.00000000000000000
  0.54123113189122152  0.59862523588369410  0.61888794156115490  0.63531557347483958
  0.64981704307691723  0.66098389672274083  0.67046487923212017  0.67909677072913621
  0.68761624089809470  0.69566366230571097  0.70389994333503259  0.71173628313905868
  0.71854974203076860  0.72457710565938849  0.73011221229042145  0.73558629147415266
  0.74119252354180376  0.74702109226883007  0.75256276105438269  0.75783344021660926
  0.76274451408759714  0.76782756492339932  0.77305072695394050  0.77812337768792295
  0.78279291993353084  0.78671394826737806  0.79065796966345525  0.79467575107188559
  0.79914987229034484  0.80386980596472590  0.80851833620432179  0.81289774457899411
  0.81683680794927060  0.82070696416201339  0.82459736384867510  0.82839345309668366
  0.83195714797060061  0.83516556621293658  0.83806540622807568  0.84091747718620269
  0.84360169358357484  0.84621083731059088  0.84890480220804243  0.85149927901107325
  0.85408474102520560  0.85661157284510103  0.85931484331679686  0.86210186928432497
  0.86500418941526525  0.86797267031674263  0.87079445205768358  0.87350121930900004
  0.87608622927725799  0.87857266579935533  0.88108415945889218  0.88360479985098173
  0.88607585040615711  0.88857860070181183  0.89127060511585054  0.89413797135295925
  0.89693484181324001  0.89953004451449825  0.90205325424978755  0.90453707028962771
  0.90692992833879105  0.90930100167408956  0.91169555529231960  0.91429090500449850
  0.91693821724126567  0.91945489049438311  0.92186332396549631  0.92426550116204753
  0.92667352263909530  0.92908972823268077  0.93152454443530874  0.93395956738474184
  0.93649743610733316  0.93907908450932442  0.94173072899210297  0.94429785983759862
  0.94700054013396817  0.94983343341958559  0.95278029938121045  0.95578838878998051
  0.95876287702885443  0.96195596339132505  0.96528017366947505  0.96870693970904131
  0.97214954963394473  0.97557539948678407  0.97889668627514326  0.98238437581563365
  0.98588743005106638  0.98977827654201522  0.99437840289619583  1.00000000000000000
  0.10862381781168937  0.21619686451319481  0.24771637818980552  0.26951956518479897
  0.28826226267661381  0.30425352223222851  0.31925429710835784  0.33111027305995272
  0.34215801591771583  0.35252891465193609  0.36260786585430255  0.37239668553739880
  0.38166562160816569  0.39004714198626722  0.39802878278782006  0.40636649767373723
  0.41483983297821553  0.42333236821431808  0.43145051668803397  0.43939097064135779
  0.44678846243641068  0.45363955750792589  0.45990358246464130  0.46591465159993911
  0.47250991545433318  0.47984217377278193  0.48760405081823621  0.49512424566541535
  0.50192993181168999  0.50830976116879101  0.51487032666437904  0.52181174079844350
  0.52864273426872888  0.53518589148258600  0.54152612856116933  0.54770780563043353
  0.55374361587808940  0.55930451617830179  0.56497087081333763  0.57085615535589207
  0.57697935372806175  0.58337053055064814  0.58974763806228359  0.59597229040722244
  0.60165815360400143  0.60668993207721089  0.61133487115950069  0.61608825750446894
  0.62111455933423854  0.62654348826166817  0.63179476652306343  0.63686079922123362
  0.64182806260817760  0.64645708703466531  0.65127362097681063  0.65602552733712716
  0.66094686717424256  0.66604107885637531  0.67131212120987049  0.67666307147811255
  0.68181537075993315  0.68695548081514124  0.69176514858539695  0.69671741490207784
  0.70178897269042739  0.70700649730719711  0.71235589683421552  0.71731413139247913
  0.72216748682170750  0.72703721928039811  0.73218432871621897  0.73742162487027929
  0.74268112440708600  0.74770014890559466  0.75203236059803624  0.75611548666986628
  0.76004845791415465  0.76417418446982288  0.76882870865268027  0.77384193117025468
  0.77903646933647397  0.78434064369952194  0.78941370761191954  0.79415245047871497
  0.79878488168703154  0.80365233905475686  0.80965308403003122  0.81749233881819650
  0.82594562161817375  0.83394634509566490  0.84213111006754537  0.85047504122195872
  0.86242415190515098  0.88133665136697248  0.94648864965065937  1.00000000000000000
   7.0746392964020052E-008  -1.0000000000000000     
 F F F F F F F F F F F F F F F F F F F F F F F F F F F F F F F F F F F F F F F F F F F F F F F F F F F F F F F F F F F F F F F F F F F F F F F F F F F F F F F F F F F F F F F F F F F F F F F F F F F F F F F F F F F F F F F F F F F F F F F F F F F F F F F F F F F F F F F F F F F F F F F F F F F F F F F F F F F F F F F F F F F F F F F F F F F F F F F F F F F F F F F F F F F F F F F F F F F F F F F F F F F F F F F F F F F F F F F F F F F F F F F F F F F F F F F F F F F F F F F F F F F F F F F F F F F F F F F F
  <DiscreteSampler_grid>
  grouped_processes
  1 # 1 for a reference and 2 for a running grid.
  10 # Attribute 'min_bin_probing_points' of the grid.
  1 # Attribute 'grid_mode' of the grid. 1=='default',2=='initialization'
  0.0000000000000000 # Attribute 'small_contrib_threshold' of the grid.
  0.5000000000000000 # Attribute 'damping_power' of the grid.
 # binID   n_entries weight   weight_sqr   abs_weight
    13   10   8.268646252422759E-001   3.240120803990359E+000   8.268646252422759E-001
    14   10   8.268646252422738E-001   3.240120803990336E+000   8.268646252422738E-001
    16   10   8.268646252422759E-001   3.240120803990359E+000   8.268646252422759E-001
    17   10   8.268646252422738E-001   3.240120803990336E+000   8.268646252422738E-001
  </DiscreteSampler_grid>
