  0.00242683150964831  0.01800733338641271  0.03340807632911402  0.04867560707900755
  0.06304924328846315  0.07675016845446384  0.08928007270945081  0.10139290043892615
  0.11420117243918060  0.12593528900569675  0.13696832152551450  0.14636340651709018
  0.15544423116480427  0.16409704090491017  0.17312172098075934  0.18088937613643849
  0.18734199943325844  0.19385525143082974  0.20096125945863441  0.21120278232995601
  0.22361607664348934  0.23649933977407359  0.24844155340273941  0.25995326947243053
  0.27042686431437690  0.28103423900313512  0.29134854412122396  0.30206230187307759
  0.31299856379002072  0.32426482896836351  0.33565604633459101  0.34801500882665604
  0.35927258989689437  0.36963642853497108  0.37922606334658981  0.38911255069496425
  0.39991450622391583  0.41051997412112257  0.42056006393475565  0.43107475721810623
  0.44183490481508669  0.45357488214914793  0.46463802882085414  0.47636671064083502
  0.48815558049718472  0.49958575902129809  0.51035244856547768  0.52136829411689223
  0.53303104097539888  0.54478816434238697  0.55615231958901479  0.56751873893693150
  0.57868689090948611  0.59007276642233597  0.60054732058377702  0.61035606166849043
  0.61993291790930727  0.62934611294605747  0.63892759638482510  0.64929417068435114
  0.66042288770032165  0.67405128655973401  0.68735219460397512  0.69859497279954319
  0.70929924495104024  0.72027828274692129  0.73187978060513170  0.74227334675834999
  0.75161364015186094  0.76091711804830442  0.77050415898608160  0.78106152348733948
  0.79186005622662348  0.80315812046454216  0.81082180750029886  0.81877949204679823
  0.82707298504906812  0.83486617333329927  0.84246746193451838  0.85406189807683497
  0.86528088023951943  0.87627203743870841  0.88679929548890224  0.89817156353122862
  0.90967298580795819  0.92062372444688834  0.93132702691443081  0.94256056477830841
  0.95325238623297115  0.96218350681694820  0.96961033348413916  0.97745733681577818
  0.98384673752078933  0.98872859837617666  0.99176912199483847  1.00000000000000000
  0.00000209558385475  0.00000215983685088  0.00000220636795130  0.00000225583546251
  0.00000231070241880  0.00000236371891065  0.00000241328338771  0.00000245928245615
  0.00000250733383231  0.00000255588682160  0.00000261274837760  0.00000267631694340
  0.00000274128421181  0.00000280538897795  0.00000287296837737  0.00000294215730116
  0.00000302703273117  0.00000311424772940  0.00000319560612522  0.00000327651853175
  0.00000335912869979  0.00000343940650607  0.00000352623012820  0.00000361460634362
  0.00000370877130402  0.00000381355453037  0.00000393652586581  0.00000406982419370
  0.00000419710996178  0.00000432973251838  0.00000448537392035  0.00000465479894364
  0.00000483664318862  0.00000499028308749  0.00000511084734761  0.00000523609732860
  0.00000536567882205  0.00000549577248460  0.00000562628879054  0.00000580717125378
  0.00000602571462333  0.00000624994538314  0.00000650790964317  0.00000677141054512
  0.00000706479671658  0.00000735751241467  0.00000763946010077  0.00000792791281082
  0.00000824760352764  0.00000862202855669  0.00000899776637298  0.00000940091777461
  0.00000982072306496  0.00001026435146302  0.00001071361016658  0.00001116656363185
  0.00001164838352975  0.00001214565698163  0.00001268592484498  0.00001329279618137
  0.00001396881465785  0.00001473221767199  0.00001554546128473  0.00001636824732583
  0.00001722838936469  0.00001822664910440  0.00001938319700554  0.00002062768494474
  0.00002200722834574  0.00002365510492116  0.00002548742789422  0.00002762924751430
  0.00003013629613697  0.00003311247117633  0.00003654903277690  0.00004032825861452
  0.00004471321937421  0.00004967060340473  0.00005555359178192  0.00006240402790151
  0.00007022107777370  0.00008011198531168  0.00009339196630722  0.00010997288852895
  0.00012912266024990  0.00015378189499376  0.00018785464583488  0.00024075456293104
  0.00032958554357997  0.00044351829662605  0.00061605335675659  0.00096460726089914
  0.00183831625609189  0.00480436651435679  0.06723783829156423  1.00000000000000000
  0.00000447367563135  0.00000682694534607  0.00000744013253334  0.00000808511381033
  0.00000871547178390  0.00000922241211226  0.00000983214887954  0.00001058950582907
  0.00001132438437317  0.00001198455919930  0.00001262533411963  0.00001334687771342
  0.00001419483645300  0.00001523907698016  0.00001647544361266  0.00001783467211454
  0.00001947797015418  0.00002138476429623  0.00002358031846828  0.00002565681143798
  0.00002786298725628  0.00003022719046867  0.00003302592582352  0.00003624992165988
  0.00004062745838044  0.00004510439724679  0.00004933124667775  0.00005403393449173
  0.00005955541949846  0.00006744072616966  0.00007806357779201  0.00009034624827489
  0.00010353317727521  0.00011730349255181  0.00013252661558490  0.00014983708859611
  0.00016834732650108  0.00018879880324953  0.00021234003696810  0.00023859971806193
  0.00026923500004302  0.00029954845915691  0.00033201098751076  0.00036477430896656
  0.00040061665375201  0.00043825573963157  0.00047869583377033  0.00052123870188054
  0.00056600310019733  0.00060654589781910  0.00064490147069279  0.00068502204999336
  0.00072645710424912  0.00077090434004782  0.00081919337538727  0.00087406585984156
  0.00094107526746619  0.00103516720829923  0.00112558648216076  0.00120148697897708
  0.00126824008973109  0.00132296151837830  0.00137421949956197  0.00143015987388896
  0.00148321677967231  0.00154224950024010  0.00161480037346724  0.00169242788200998
  0.00181043700328402  0.00193872137039932  0.00205838995579091  0.00218895102351461
  0.00232970279081609  0.00249059422707565  0.00270403901798520  0.00294708367868850
  0.00311110272635929  0.00324436479477697  0.00336041672852541  0.00348674422781130
  0.00366057768589553  0.00389332375429829  0.00413515817587992  0.00440880178165399
  0.00466752606742615  0.00542701194350303  0.00672853506673267  0.00835852210283791
  0.01000470676545819  0.01104018030023904  0.01195220465278702  0.01293514459270840
  0.01406879841947978  0.01594551645099740  0.35875898674923584  1.00000000000000000
  0.00000386866124934  0.00000473162926236  0.00000558849343028  0.00000610806459036
  0.00000660647641917  0.00000710972425802  0.00000767759977594  0.00000831715707725
  0.00000902451916287  0.00000961047680304  0.00001008581196937  0.00001059602947906
  0.00001126986933506  0.00001213209950547  0.00001306773371566  0.00001404585228664
  0.00001517998583471  0.00001652043400650  0.00001806241701822  0.00001971663359133
  0.00002142556689659  0.00002326494641870  0.00002528226937375  0.00002738280035127
  0.00002954822775893  0.00003180450060212  0.00003400719749730  0.00003633432227281
  0.00003892997247021  0.00004180166905817  0.00004471272851977  0.00004776389441623
  0.00005158714313583  0.00005568579062766  0.00006006592899090  0.00006476020800997
  0.00006954249329007  0.00007476395740418  0.00008080899627167  0.00008648690950698
  0.00009179603593875  0.00009814054553884  0.00010530641301650  0.00011416113262656
  0.00012481825161461  0.00013489680007027  0.00014576872405304  0.00015758196832055
  0.00017021393981969  0.00018329574958002  0.00019834446793547  0.00021437394190443
  0.00023348909261349  0.00025488111506317  0.00027958867532019  0.00030638451825665
  0.00033299001956172  0.00036181168520423  0.00039397016587249  0.00043096039956433
  0.00047288137461313  0.00051849666235324  0.00056891548838461  0.00062850507477961
  0.00069577216940494  0.00076730311152607  0.00084332740112692  0.00092758874653380
  0.00102124574214640  0.00111410434572474  0.00121589071520410  0.00133081561580881
  0.00147684699287791  0.00167819199281944  0.00195726639070179  0.00225115063481267
  0.00251191050941904  0.00275646500208223  0.00305651059336897  0.00349107993673495
  0.00414090693374891  0.00469410360317317  0.00528875923033061  0.00564061638028103
  0.00605090525008552  0.00657045191235051  0.00758259865129166  0.00870402253085858
  0.00937415955822549  0.01004429658559240  0.01919565796448661  0.05449696808228081
  0.08979827820007505  0.12509958831786927  0.18509047585523364  1.00000000000000000
 -0.00302816465376049  0.02133698468875367  0.04576705758114800  0.07173098711794541
  0.09370852573068934  0.11182321885912612  0.12902611679157827  0.14619364385740663
  0.16415072874506370  0.18214714252791550  0.19986851937021083  0.21922777723032641
  0.23666765510262161  0.25092307893823163  0.26330968323096848  0.27638571717275306
  0.29087720655330485  0.30441754108427632  0.31768740418251107  0.32919564076946062
  0.34117204809137841  0.35260426045104315  0.36453445013809910  0.37705335398689166
  0.38751898336377039  0.39716180973610471  0.40651294929493342  0.41675187849829515
  0.42729706692217462  0.43830206602656024  0.44970548866431814  0.46142989482056335
  0.47333943633609971  0.48560284683539129  0.49716914907836313  0.50809101417261748
  0.51840756529899656  0.52827061812039811  0.53835045229122058  0.54893014932741813
  0.56019466934751561  0.57065243207212279  0.58103078039362477  0.59101065308890288
  0.60068142612437858  0.61027462911477370  0.62011667632438061  0.63112750601876477
  0.64340983714599720  0.65315180878807466  0.66280776091672178  0.67231498212329821
  0.68091690281431916  0.68906987254658991  0.69714423161670414  0.70514914003840024
  0.71278222270133829  0.72009444136269851  0.72757461230823228  0.73579444936561078
  0.74388610515045528  0.75148043127796693  0.75858128092737198  0.76519681133678896
  0.77198066725540715  0.77905691372238950  0.78665825167309311  0.79624702942663450
  0.80501812644839965  0.81377557618193519  0.82291794351499592  0.83151883523721504
  0.83967425943961638  0.84568668693540483  0.85049705668834907  0.85532460574716251
  0.86015626695901237  0.86501827499862793  0.87009112027754809  0.87753334937532046
  0.88590672956976912  0.89332926156252168  0.90113218662378258  0.90887801385400402
  0.91722739320913493  0.92627836961818688  0.93548048368113002  0.94434671517889801
  0.95196513545571315  0.95873270566907043  0.96505760167954857  0.97166121892335122
  0.97883133441839998  0.98597432601469859  0.99303258862051857  1.00000000000000000
 -0.00234577829994489  0.01128636031836436  0.02232309090549100  0.03248443683418912
  0.04196435705858791  0.04989319412556741  0.05706646813119931  0.06419677266473339
  0.07266648852395792  0.08127225809554890  0.09015530098127961  0.09876408745865670
  0.10977542810193978  0.12157527019849655  0.13344078771110088  0.14381446570012762
  0.15343193361178570  0.16266429985642539  0.17206337718153245  0.18214674301295250
  0.19287767057781302  0.20452678694993570  0.21449707069641094  0.22293169986549252
  0.23026915289017341  0.23774673306097197  0.24676016029734910  0.25647204776976013
  0.26675157298845159  0.27729501062147432  0.28812341212972242  0.29851146350823610
  0.30849032065554588  0.31860145200399881  0.32905226500696644  0.34009378906488147
  0.35169695819339031  0.36313988571245243  0.37385506993037138  0.38405663068486967
  0.39469683218426327  0.40657298186040519  0.41897078570080332  0.43097549132299035
  0.44311001242464060  0.44996547460508507  0.45600822212820608  0.46244214384036247
  0.46884856431287447  0.47519983606021537  0.48389126322820530  0.49493588431796592
  0.50674065539839841  0.51927886655934130  0.53275378953320285  0.54610934238841513
  0.55840221814542679  0.56866275204041439  0.57833229234818673  0.58829317697594319
  0.59907608596204442  0.61032185175240472  0.62132326086869394  0.63248669911653799
  0.64411764343223865  0.65617589349598093  0.66871712730502675  0.68151707725221944
  0.69377317084640633  0.70617334660690401  0.71941114111655524  0.73282847127214346
  0.74565885203575399  0.75786442673932797  0.76930594743187375  0.77980537069976263
  0.79081826202025540  0.80318603900754737  0.81482804158886091  0.82540779525683261
  0.83575701868065766  0.84607098665131408  0.85609719470839030  0.86591091118304264
  0.87579378623856474  0.88603100028289283  0.89579820799438659  0.90559608446360684
  0.91495960654787389  0.92593457915737232  0.93808200479685266  0.95122314634405247
  0.96375057071639136  0.97609711259085130  0.98780442224305032  1.00000000000000000
 -0.00162691562169702  0.00739649711458948  0.01527709158614753  0.02278229411127537
  0.03161717626749579  0.04148076711694283  0.05036065299168747  0.05837217319130436
  0.06600103960575621  0.07344098149783672  0.08108597400025937  0.09001833540404500
  0.09954035594467585  0.10952119460106838  0.11833609198899554  0.12625700091162048
  0.13483082029123455  0.14319440333867015  0.15185594020071855  0.16078046414317868
  0.17056397089221723  0.18152458669367535  0.19176769633059071  0.20102843665362419
  0.20993902899068817  0.21891243686775202  0.22933994611802824  0.24127525501540867
  0.25444194506986439  0.26690487212729902  0.27928560875805492  0.29178171311395024
  0.30334752460729442  0.31487242626320983  0.32492532011018177  0.33580487580701124
  0.34644471356099188  0.35785456707136565  0.37183348296636143  0.38577838914883222
  0.39937941091727158  0.41309076496699149  0.42734253467657884  0.44159238716376803
  0.45476996534557074  0.46702827486378407  0.47909753226619489  0.49140898567790020
  0.50341642592685687  0.51051808003348864  0.51770682089552955  0.52497327510916769
  0.53318467519989832  0.54311784591566448  0.55856041157059388  0.57310775998219499
  0.58721033673679135  0.60164871264914632  0.61625039077408916  0.63058453014860205
  0.64443890444813579  0.65755129909485377  0.66942241392860546  0.68051890923462011
  0.69224149684400949  0.70376055676507854  0.71482479028164247  0.72616087489069481
  0.73805460627465924  0.74955867641676632  0.76075018875230582  0.77153526517643334
  0.78237291967997835  0.79326871438229207  0.80339795874022080  0.81410237169053978
  0.82461591867639716  0.83455750954319963  0.84310106485011871  0.85112403880211618
  0.85863158531578232  0.86667139306851126  0.87541442505323463  0.88500479914749308
  0.89489447299456037  0.90370547432366333  0.91206803748033949  0.92083246183989653
  0.92998908245894851  0.93968305733097213  0.94908637758009484  0.95821062464279416
  0.96737162301890367  0.97756506879926930  0.98788458759997511  1.00000000000000000
 -0.00256464501599546  0.01136024136765429  0.02159278799250080  0.03147123825604523
  0.04135950524295619  0.05148259553522659  0.06169706506125408  0.07353547964570135
  0.08634098901466637  0.09844880355808060  0.11052687276940587  0.12091511035818577
  0.13043083102237837  0.13994838973472987  0.15055959727986912  0.16246701304018860
  0.17443291217001361  0.18634225588001499  0.19660934712151670  0.20880296076241453
  0.21936368988849958  0.22850665163517173  0.23694698209484666  0.24572174971396371
  0.25391978454512282  0.26154877840534885  0.26945665949875064  0.27875637362613592
  0.28972902232209036  0.30036359550460240  0.31018617268574072  0.32098599196668715
  0.33178869495100355  0.34118770687916988  0.34977368117786450  0.35848905158783240
  0.36814528270888119  0.37853271073284311  0.38885477603647839  0.39958858165596473
  0.41110524589839642  0.42339523412011559  0.43554309581461026  0.44633474561301539
  0.45677420757261106  0.46677296048331562  0.47756158670879434  0.48946902639328477
  0.50087660850421278  0.51163573511931704  0.52150313408891191  0.53103078470679232
  0.53957180815945127  0.54520892709762769  0.55001014661373770  0.55481669680351109
  0.55985980107582778  0.56529664003073088  0.57456588508441908  0.58629653999140219
  0.59991084012058316  0.61269985643963454  0.62500789218590147  0.63764517966166590
  0.65125719123867598  0.66350062872931892  0.67519727573364785  0.68608151976527887
  0.69738132903028949  0.70749861070499587  0.71812414349112041  0.72905537824162381
  0.74090595267703607  0.75264216526442984  0.76385245211078634  0.77612981212751520
  0.78838880744503703  0.80029601537954653  0.81193685300361418  0.82404768316408228
  0.83475905415421736  0.84535232575205144  0.85573327588023351  0.86659562444290605
  0.87774012862153872  0.88913587341486189  0.90047253876248079  0.91120882849892937
  0.92107795453016328  0.93157671741248216  0.94340937253326707  0.95532049519049955
  0.96633504046391661  0.97693945581056685  0.98803569559061588  1.00000000000000000
 -0.00320910013645751  0.00985289159918105  0.02069074094842896  0.03085726436776860
  0.04158141953396729  0.05313240371276801  0.06464554566815972  0.07520670794117119
  0.08565378899029158  0.09665264588230987  0.10670725325170066  0.11507123741038584
  0.12358748441563085  0.13302965736450190  0.14235682247157933  0.15073875233305442
  0.15832676827231087  0.16610598446134520  0.17572748636188773  0.18633809487329484
  0.19750237086306027  0.20926582009048608  0.22075441570913659  0.23227510000767493
  0.24439566547692790  0.25675574844538457  0.26888587822801968  0.28082903227099365
  0.29269369915139770  0.30432226646123139  0.31653017529085054  0.32980465315309038
  0.34268648869329088  0.35557100815932630  0.36743646300671978  0.37876922801269897
  0.38967321606212330  0.40067966155846824  0.41178373941395729  0.42263502796608021
  0.43386044934147749  0.44463369657417617  0.45485263535874432  0.46456775369298037
  0.47439335854008902  0.48500546714466042  0.49575596068676936  0.50684287641344683
  0.51787811416944696  0.52882065912413001  0.53993791672234603  0.55115002017822357
  0.56267853333003126  0.57336759049634278  0.58344267960132257  0.59328541556399772
  0.60303167502566069  0.61299411085469646  0.62313585377204861  0.63331781350962946
  0.64352004108550387  0.65426102652939511  0.66586225559908085  0.67776840992563792
  0.68929623162388010  0.69961751138711481  0.70872261280439319  0.71763952035707457
  0.72684065109062379  0.73690962839021457  0.74786326073698561  0.75886970980893032
  0.76937332864223085  0.77964994089201911  0.79056644438634771  0.80310493080638157
  0.81523903062895786  0.82303290820628583  0.82960421987414901  0.83616531688769558
  0.84272572493976594  0.84935668649155749  0.85697719842199360  0.86887300789372923
  0.87990139076073504  0.89106031772543270  0.90287671341917020  0.91479612736610794
  0.92725811635307587  0.94001651656028962  0.95190980746100817  0.96246325284608647
  0.97190444827128886  0.98119501369927808  0.99003820561943234  1.00000000000000000
 -0.00010450761758345  0.00011834706978491  0.00041515499820908  0.00074726843580388
  0.00093543842361473  0.00112922547227366  0.00132696859125521  0.00152769134563824
  0.00173012666510102  0.00193240315576867  0.00212658223396089  0.00232375389698752
  0.00252743043921707  0.00273883276918269  0.00295504173928952  0.00316633327379375
  0.00333296320452441  0.00349234935742869  0.00364773973113055  0.00379394123947549
  0.00394714990388015  0.00411764453796400  0.00427159949176284  0.00443208047356550
  0.00459685314197622  0.00474435394365186  0.00489893229088564  0.00505990734763286
  0.00523352995939475  0.00543760850872033  0.00568889890098113  0.00588273013955877
  0.00609397112819154  0.00628399035121567  0.00648868955310646  0.00672591213069213
  0.00697409615244165  0.00715905858177300  0.00734354410957330  0.00752726016903404
  0.00771252567611242  0.00794796710400721  0.00831830088324525  0.00864350782443699
  0.00897007536332456  0.00930772721056972  0.00970382364355722  0.01014385801209108
  0.01058331535141421  0.01092888769886347  0.01128230741599713  0.01162471628800801
  0.01197868233373943  0.01238656154506797  0.01268822436522312  0.01290801959277993
  0.01315683064747677  0.01341240490379724  0.01369193365939053  0.01400520565687750
  0.01460378668694687  0.01507857655298276  0.01559797090353145  0.01583862755108749
  0.01602805692985441  0.01621321003075967  0.01638996650355035  0.01656323691936829
  0.01672628995568840  0.01693701854743955  0.01712767574366602  0.01730560732662618
  0.01751416743271415  0.01762575673299152  0.01767287392225337  0.01771999111151522
  0.01776710830077707  0.01786074163854383  0.01795972908737986  0.01805871653621588
  0.01815770277981213  0.01825663474743115  0.01835556671505015  0.01845449868266917
  0.01945757169262407  0.02869374196875422  0.02924595212170816  0.02979653921954886
  0.03034547120071444  0.03180628593625882  0.03608030638807745  0.05855007229765909
  0.06541369958115216  0.07449208828702912  0.12630331218398944  1.00000000000000000
 -0.00345723210874562  0.00483286956696393  0.01238007680508062  0.01951542133895692
  0.02638620758695382  0.03723194104460227  0.05111184397213082  0.06404193147299804
  0.07550032526074006  0.08639991760774751  0.09781041696049073  0.11037773078690005
  0.12237638482990208  0.13356346554132406  0.14458104168140587  0.15629703644596363
  0.16879478927434322  0.18050064460016230  0.19231868686300266  0.20349301161468383
  0.21516342479846640  0.22596488553754077  0.23672751828074864  0.24813674642495012
  0.26008524128310995  0.27386488538061665  0.28807351464626219  0.30212964573455775
  0.31507455853295069  0.32629299085105523  0.33736374258234159  0.34792476164552333
  0.35870137326195078  0.36876247811345247  0.37823530577482400  0.38796120770715314
  0.39685131856840933  0.40502569289579865  0.41310358393528701  0.42087925918312180
  0.42871597044475501  0.43686784839898185  0.44582933327419605  0.45529643509573364
  0.46547022919764863  0.47589217308970355  0.48568291238439698  0.49504470143955909
  0.50480555264436711  0.51443482466306034  0.52374981337127202  0.53239502905755520
  0.54124505315628724  0.54969070683995669  0.55658212791103190  0.56321769227300622
  0.57048358409902433  0.57867901992368365  0.58787175460951246  0.59663793371440510
  0.60515222646827449  0.61350065450016600  0.62311588162394937  0.63353167940500787
  0.64304383354366179  0.65237105823393282  0.66160278864092625  0.67066578063746862
  0.67910354734048506  0.68749414972862066  0.69656349175375232  0.70580661434058845
  0.71504820651763734  0.72281220786042211  0.73123558439638459  0.74051847178009100
  0.75136591011880716  0.76255214295057039  0.77384923999374611  0.78474498992515185
  0.79515171757838421  0.80593437968448001  0.81845962177296938  0.83105579666030061
  0.84448987607745396  0.85798312738283888  0.87175720291121495  0.88625531743522412
  0.90107670611743096  0.91598811134199398  0.92921173422679670  0.94149814075900284
  0.95389008849814361  0.96840346209476147  0.98417743335503405  1.00000000000000000
  0.34451712834312365  0.52397807211148240  0.58058291575606091  0.59458469414421722
  0.60566985947464846  0.61626087175714861  0.62826487114415286  0.64042111767258703
  0.65029629497027364  0.65950691245838267  0.66962900000097614  0.67814597919014985
  0.68591387417786509  0.69251843051268369  0.69959342558256499  0.70644118722877047
  0.71268631844594876  0.71895069731207872  0.72579439571760229  0.73310434478900688
  0.73989591840178848  0.74607066833109525  0.75220190990896796  0.75785913808828675
  0.76353471028233832  0.76899938311555560  0.77433640396595405  0.77965747812703401
  0.78521779982446549  0.79074062001927758  0.79537034117267225  0.79982657492136144
  0.80429317425868663  0.80896349941786982  0.81356281349559445  0.81819030657621006
  0.82311183749799555  0.82803973098802763  0.83269554801104761  0.83671860053873803
  0.84059446526223336  0.84434343496227315  0.84807061900368563  0.85183362621722813
  0.85572279538944951  0.85979618141358316  0.86479353143443927  0.86953239945200889
  0.87393200467338938  0.87793933079911413  0.88174730152983349  0.88562871787559561
  0.88950928309462030  0.89328655821697278  0.89696298801499919  0.90040786364929570
  0.90390455159821737  0.90743107113380261  0.91080376109050876  0.91419707190774369
  0.91739597066079315  0.92049884230299639  0.92347044185301164  0.92640838392471203
  0.92931052899256061  0.93220890385725164  0.93506955936515079  0.93786002994616224
  0.94060633607468691  0.94326302814361596  0.94586501716903348  0.94852410817703736
  0.95132189552463653  0.95428415443684533  0.95707726848458574  0.95974573390522355
  0.96150871932987314  0.96313570312413410  0.96467573324239564  0.96621399989437284
  0.96775061514007865  0.96956474797095760  0.97146247373149008  0.97337349616172264
  0.97531120963296258  0.97753824428811831  0.97974991497608377  0.98186305745622571
  0.98399066871529295  0.98608093317006396  0.98808526479287784  0.99008993072256180
  0.99237270412259104  0.99476988324414373  0.99722301617744624  1.00000000000000000
 -0.02384097164000052  0.19733889932179555  0.23808435398591551  0.26562912159806895
  0.28787838375473374  0.30589446926070796  0.32246448502092451  0.33744173867208727
  0.35165857243961884  0.36419945299546130  0.37579341483856388  0.38603375009483371
  0.39669365643226090  0.40812350827699212  0.41998053806966928  0.43101301843383311
  0.44046359373275051  0.44927078064288561  0.45784658969456982  0.46595536506850999
  0.47374696346854267  0.48141744547863169  0.49006998590362516  0.49777332801950902
  0.50468626938413963  0.51159091752531338  0.51859556206691870  0.52542855918399212
  0.53142214142319100  0.53767516836987295  0.54444543168588344  0.55127586748861335
  0.55773998929823221  0.56372117580609016  0.56944673404307122  0.57507440845327595
  0.58090084933443453  0.58608260770461884  0.59002300185886025  0.59406269333624329
  0.59813910219983590  0.60227497231918548  0.60761843143983751  0.61426303751237143
  0.62041967782787066  0.62593651231675163  0.63117248200122689  0.63629471759152589
  0.64161361581822274  0.64699047536748755  0.65240324780154335  0.65825167888588121
  0.66413596688955523  0.66928585893555825  0.67396736551934855  0.67841865300247783
  0.68304127777492285  0.68810490318883444  0.69318642019588228  0.69799996769850636
  0.70260973652052749  0.70707156183032527  0.71149221201897805  0.71609402519239163
  0.72068386024190667  0.72563321137059389  0.73074568147111929  0.73552905474520058
  0.73999052332912563  0.74414077489106967  0.74850276643296598  0.75228001629959451
  0.75564248674820100  0.75977456760101436  0.76348246000629771  0.76730070514994775
  0.77147164913224064  0.77544050451691882  0.77923471184932658  0.78283465309674694
  0.78653591990927274  0.79057208380611355  0.79498326624638449  0.79953520181909488
  0.80350120095284394  0.80705483438892256  0.81062184051616815  0.81512558601144169
  0.82082801881768919  0.82743102204809194  0.83495400432389788  0.84369559306365483
  0.85340508156268147  0.86906303397475149  0.89315309954799615  1.00000000000000000
   2.4423321486000348E-006  -1.0000000000000000     
 F F F F F F F F F F F F F F F F F F F F F F F F F F F F F F F F F F F F F F F F F F F F F F F F F F F F F F F F F F F F F F F F F F F F F F F F F F F F F F F F F F F F F F F F F F F F F F F F F F F F F F F F F F F F F F F F F F F F F F F F F F F F F F F F F F F F F F F F F F F F F F F F F F F F F F F F F F F F F F F F F F F F F F F F F F F F F F F F F F F F F F F F F F F F F F F F F F F F F F F F F F F F F F F F F F F F F F F F F F F F F F F F F F F F F F F F F F F F F F F F F F F F F F F F F F F F F F F F
  <DiscreteSampler_grid>
  grouped_processes
  1 # 1 for a reference and 2 for a running grid.
  10 # Attribute 'min_bin_probing_points' of the grid.
  1 # Attribute 'grid_mode' of the grid. 1=='default',2=='initialization'
  0.0000000000000000 # Attribute 'small_contrib_threshold' of the grid.
  0.5000000000000000 # Attribute 'damping_power' of the grid.
 # binID   n_entries weight   weight_sqr   abs_weight
    10   10   8.281117940363689E+000   3.217914922257946E+002   8.281117940363689E+000
    11   10   8.281117940363696E+000   3.217914922257949E+002   8.281117940363696E+000
    16   10   8.281117940363687E+000   3.217914922257943E+002   8.281117940363687E+000
    17   10   8.281117940363693E+000   3.217914922257946E+002   8.281117940363693E+000
  </DiscreteSampler_grid>
