  0.00285865695822403  0.01584759227398905  0.02896093951255298  0.04153865719666627
  0.05368764338960860  0.06594392857737112  0.07779638408440941  0.08937698624204013
  0.10061400288689865  0.11157531385224094  0.12249011057087085  0.13364055861692234
  0.14507066695378021  0.15656074353338700  0.16795641480118037  0.17896600806047461
  0.18954427054907891  0.19978431751336675  0.20949029109417791  0.21916653311722456
  0.22915517487350057  0.23955829495739298  0.24978506744274859  0.25931136549432626
  0.26878094132069125  0.27870655263622424  0.28921683794014552  0.29984224177662433
  0.30973950194578448  0.31957073734278069  0.32978759813938097  0.34025751594395742
  0.35063213472690585  0.36070849477221339  0.37058937988145313  0.38069161509368138
  0.39118795207630197  0.40197126570687092  0.41254306811898078  0.42314846960154895
  0.43406827174065477  0.44433832522877070  0.45412118118802697  0.46415218030836930
  0.47483944132635630  0.48620936386656877  0.49685384649404413  0.50746563147256929
  0.51831939659387849  0.52943925847024398  0.54063244536320221  0.55146193905245522
  0.56173277488794038  0.57183569222228570  0.58212930929341045  0.59276618183592378
  0.60318713248719447  0.61327257814979186  0.62320163155701491  0.63341194687897950
  0.64374913391282118  0.65453703699183519  0.66525851401732716  0.67591494038487998
  0.68609799198406074  0.69631025517266532  0.70668882316881854  0.71744946394249853
  0.72848297032438858  0.73956609767897874  0.75047019423322447  0.76100536335033131
  0.77114901084088405  0.78131581205696687  0.79178959295028473  0.80251178057764239
  0.81315839645553489  0.82343561299501067  0.83362446519001765  0.84404894081036697
  0.85483275669375225  0.86555061648704457  0.87573524558220839  0.88574083877553411
  0.89591117129818509  0.90632965675649668  0.91673703057133482  0.92681477150120262
  0.93690498963971558  0.94700225978460317  0.95664879038587503  0.96594134925934116
  0.97455761868378799  0.98304914862600457  0.99277322196387918  1.00000000000000000
  0.00222019127641145  0.01655234495642687  0.03042504677265435  0.04315687358744901
  0.05533919084607986  0.06724798179450862  0.07845571383585240  0.08975483078960403
  0.10049605459497229  0.11149578178968680  0.12205635248717112  0.13341276784451425
  0.14454664946804197  0.15562659325748696  0.16666402665369540  0.17796656768487448
  0.18904894618201398  0.19969183631531162  0.20983177114059290  0.22000175224936308
  0.23032818484847095  0.24086962356110603  0.25151178084614356  0.26227282925642775
  0.27325504419792157  0.28412519871085684  0.29499557566812934  0.30587913440651482
  0.31701183307891484  0.32817024585333965  0.33919332121442036  0.34953721195965815
  0.35944989348854972  0.36890392495691371  0.37913497765367854  0.38915258410102144
  0.39913848908007771  0.40957771809184607  0.42050213866144015  0.43187702423276353
  0.44320968862761467  0.45428751027420200  0.46493063499597975  0.47552788430460663
  0.48616640592899701  0.49680723707738944  0.50714027327157385  0.51783160727732425
  0.52875941162675888  0.53955511715459958  0.54997732613194772  0.56064157708181939
  0.57109466458300195  0.58134817134545969  0.59113144611877855  0.60088372193268935
  0.61079264927403965  0.62083611582324849  0.63091350588925366  0.64102653266302512
  0.65113403707354844  0.66132939050135764  0.67152829196009900  0.68154538764378225
  0.69170618091030356  0.70197215681848202  0.71234423681799708  0.72277928182843643
  0.73326371316977623  0.74405231347987821  0.75503056127737755  0.76594122876244253
  0.77699850112679059  0.78775333325474484  0.79857386666245722  0.80869284107257811
  0.81867369765783748  0.82790835120327799  0.83744373409853445  0.84675903910978623
  0.85702964778119994  0.86738942115646489  0.87740967206164022  0.88704064955377671
  0.89663916352281536  0.90642328323671406  0.91639847863579948  0.92632215145331998
  0.93623294679026081  0.94615440316997534  0.95593228601245550  0.96526175472864462
  0.97426764328820659  0.98302598771434568  0.99285772075786527  1.00000000000000000
  0.00000318794018866  0.00000355261146902  0.00000370759988273  0.00000393282996575
  0.00000419188268513  0.00000446171289514  0.00000472159953297  0.00000500272746461
  0.00000532213287586  0.00000569196092995  0.00000609700756448  0.00000653690227205
  0.00000701481632852  0.00000752544218410  0.00000806390837999  0.00000863696223768
  0.00000924729375707  0.00000989007860454  0.00001051003606690  0.00001119278249182
  0.00001189141339261  0.00001266898776913  0.00001348679577333  0.00001437327605255
  0.00001531930918340  0.00001631026399769  0.00001734113981875  0.00001841931105014
  0.00001956584254020  0.00002079161118310  0.00002207195026752  0.00002338868866092
  0.00002479513582310  0.00002617905700109  0.00002784041554167  0.00002953504219160
  0.00003137840424209  0.00003329606501828  0.00003528328566953  0.00003748444945888
  0.00003982947885524  0.00004246334622516  0.00004539630577221  0.00004850343981506
  0.00005193901032637  0.00005571370949965  0.00005996952078960  0.00006481868601533
  0.00007025913825711  0.00007622702014809  0.00008279767258081  0.00009001109475821
  0.00009796328447620  0.00010675626474134  0.00011677434469549  0.00012846298824384
  0.00014265919797054  0.00015875649983811  0.00017695744560709  0.00019855408306871
  0.00022460990492836  0.00025402142025820  0.00028555410776052  0.00032235392904717
  0.00036561912904518  0.00041574801417999  0.00047289824633024  0.00054074979780445
  0.00061818884741202  0.00070072044311446  0.00078533194777343  0.00087929792438139
  0.00098887317077053  0.00110830445316776  0.00123752327542244  0.00142534214179912
  0.00162974123318741  0.00183031603597682  0.00202473034747524  0.00220092785687456
  0.00240384750225146  0.00263641240406347  0.00290673933072534  0.00321201187504585
  0.00360307503343843  0.00404410882568171  0.00447026492371643  0.00488385548738412
  0.00533697317357888  0.00584918133014254  0.00639624754353716  0.00703296764473370
  0.00782254395496454  0.01191475130132742  0.02812261603084607  1.00000000000000000
  0.00000258551007561  0.00000297804239100  0.00000331554353523  0.00000364975916331
  0.00000397444905428  0.00000430139675555  0.00000465265605493  0.00000502995155339
  0.00000544608479731  0.00000590115666433  0.00000638835653993  0.00000689786148727
  0.00000743750106027  0.00000799851072507  0.00000856992470458  0.00000915145500916
  0.00000974717608617  0.00001036515620913  0.00001102063966105  0.00001173658437635
  0.00001249632422204  0.00001325821445391  0.00001402048805511  0.00001484859254529
  0.00001579431416913  0.00001682255448329  0.00001792777980291  0.00001907959638459
  0.00002030312631399  0.00002160527290145  0.00002303619843518  0.00002460463620741
  0.00002637054324796  0.00002834264951509  0.00003057630258950  0.00003312510282419
  0.00003608630923415  0.00003965521544750  0.00004382951296423  0.00004883675433719
  0.00005489310053357  0.00006226333406596  0.00007119629833548  0.00008161393644444
  0.00009350348439713  0.00010695211029508  0.00012187117911462  0.00013781372873838
  0.00015442719803805  0.00017193920822928  0.00019043623617856  0.00020994963539076
  0.00023053966862357  0.00025163751793481  0.00027406420793564  0.00029849817535661
  0.00032621646634587  0.00035531962877920  0.00038698566375531  0.00042111413101223
  0.00045809156040855  0.00049819861252829  0.00054171368643830  0.00058845882879288
  0.00063822764843549  0.00069240606198383  0.00075000872269005  0.00081194224138829
  0.00088091943231680  0.00095309684685827  0.00102633966125129  0.00110193062021146
  0.00117985106206679  0.00126409081358731  0.00135596363704845  0.00144545100292631
  0.00153499472722003  0.00160495491153539  0.00168449187880943  0.00178108810342696
  0.00190507392785918  0.00206801601317792  0.00225757470288414  0.00243879817958639
  0.00261528739284334  0.00280409208844039  0.00299444584049351  0.00323726792051013
  0.00347059700501438  0.00369182761241971  0.00398986093067715  0.00441996031865523
  0.00509173149400764  0.00668274621464756  0.06126552304318571  1.00000000000000000
 -0.00709921514826216  0.03369168950094909  0.06686013094703071  0.09799362168354320
  0.12596214637517725  0.15190209823215353  0.17638989374801456  0.19815523504368088
  0.21919253920240092  0.23962669040131535  0.25879180210558328  0.27891343118378248
  0.29837269094554020  0.31816960004778194  0.33616820552110105  0.35236892117990881
  0.36805758824801571  0.38369513242489495  0.39888108699027036  0.41366731219445879
  0.42781604890457570  0.44091261479067101  0.45385710174480126  0.46713607989166073
  0.48059023371264087  0.49308202185668831  0.50531928987495467  0.51753372706895218
  0.53003761850016040  0.54231011361457016  0.55366366171444115  0.56422547896948771
  0.57417404262910776  0.58409815889904593  0.59395108215514092  0.60398885346067555
  0.61389895411065698  0.62364929439430650  0.63301750847987170  0.64222863470854519
  0.65116390189466411  0.65979606683992964  0.66823783127443837  0.67667135279125223
  0.68495192900178159  0.69299883576018040  0.70071312909095829  0.70854308157710266
  0.71619335549365748  0.72367488920043499  0.73114000115079003  0.73861526457827498
  0.74598901576320575  0.75330840629667484  0.76060597207651992  0.76789171437773829
  0.77517978915080299  0.78243048277965277  0.78952389230304110  0.79647040818668535
  0.80303029573684004  0.80931288164134874  0.81554957981895393  0.82177328531641236
  0.82807360485559023  0.83434194896895086  0.84045773200133989  0.84647819116870282
  0.85243807436132857  0.85837140981013349  0.86447598209366239  0.87037163696927333
  0.87650575234456285  0.88240275210598018  0.88831049273295892  0.89427047742992216
  0.90009057532405046  0.90572613450096651  0.91130369538785583  0.91696986667749802
  0.92259678464242312  0.92809723252692689  0.93363677091149933  0.93897990925891484
  0.94430802814191206  0.94960554992486379  0.95488575703335077  0.96011489857300014
  0.96523791076138665  0.97019101823655818  0.97496292339774826  0.97970109527426286
  0.98447799317449491  0.98944296090698658  0.99472935320432998  1.00000000000000000
 -0.00232073479018803  0.00992502424179090  0.02047888954175806  0.03083387713079937
  0.04138419950702656  0.05139466828968457  0.06157650873413885  0.07170158023106631
  0.08289045849908173  0.09405959997446725  0.10541612367470250  0.11661816136791191
  0.12806617373307411  0.13925550958777952  0.15068147811046886  0.16189242986118946
  0.17310788097801039  0.18387399651962222  0.19476094447704179  0.20588157541016144
  0.21660187585380067  0.22706669912008509  0.23721449713250350  0.24785712522287298
  0.25851571643043664  0.26892977753471936  0.27874635134358150  0.28870544716486757
  0.29883070514881127  0.30928350281590111  0.31988121661818558  0.33059331789112778
  0.34160635729225769  0.35237400162914367  0.36244995549208403  0.37250777214284814
  0.38268572472518869  0.39302319708064265  0.40315852127533441  0.41303922140420968
  0.42301965886597204  0.43312934812886084  0.44321099014327248  0.45373793814701108
  0.46384584377939791  0.47425538516619997  0.48439516004075661  0.49490900023585044
  0.50539017264476715  0.51625737618782752  0.52714649030159411  0.53815938708021860
  0.54819737339415153  0.55851195937489073  0.56851950773111726  0.57900164512547936
  0.58898516921294053  0.59843461191200242  0.60812266024507322  0.61839560649170555
  0.62950700685180661  0.64063131633560744  0.65138756591265323  0.66185443938416189
  0.67217950260480197  0.68254918936028131  0.69298068926207912  0.70323289639634878
  0.71347164002281882  0.72385519871087967  0.73449643203156123  0.74531914355253948
  0.75582777210635954  0.76626220945357226  0.77649633203838730  0.78701900844702899
  0.79737519946894497  0.80789616702162392  0.81820841045146231  0.82894036496408008
  0.84033818653184633  0.85169045374532204  0.86266727588221370  0.87322364109212924
  0.88409767081426982  0.89498165125820806  0.90608761069916299  0.91687817919485548
  0.92722555913890148  0.93747925874403415  0.94760832396024286  0.95796342642556676
  0.96837849548097066  0.97885072991777355  0.98949059334652711  1.00000000000000000
 -0.00285555264830119  0.01170609303280854  0.02408317207180279  0.03662252611379385
  0.04907152138022655  0.06098369025016796  0.07285319361531459  0.08453074339760434
  0.09586463279273297  0.10688022719653657  0.11764402180122244  0.12845027531039668
  0.13952657763200269  0.15086830515266555  0.16256449993791802  0.17443523813169387
  0.18655683703458653  0.19867320346554337  0.21059731619866981  0.22267386659879382
  0.23456559691053139  0.24625854374677078  0.25783535050501094  0.26971732434662032
  0.28197441167064374  0.29419830724147050  0.30641913444954050  0.31843689185159701
  0.33068589247931551  0.34281143983641083  0.35487690768225416  0.36656817067607411
  0.37844956532233409  0.39023465918666539  0.40218418128696037  0.41411819872211358
  0.42618043891639795  0.43800901588277097  0.44942324758095148  0.46085920653084567
  0.47254047838396962  0.48469156919988610  0.49644645182082997  0.50721429507791083
  0.51774589504247648  0.52846577384439464  0.53962084731392035  0.55086961343461704
  0.56204038778516985  0.57291599165049134  0.58337391030488961  0.59350029244949576
  0.60373838809256020  0.61436420075179943  0.62504841905445740  0.63542422108977614
  0.64569396792439315  0.65617284292257305  0.66671286292042864  0.67706039459971068
  0.68714342524734628  0.69741485032742601  0.70805219471573588  0.71822242376982093
  0.72770493817822035  0.73701998529869361  0.74648792175580714  0.75594216177280327
  0.76504344339158359  0.77429686620750282  0.78402137575059128  0.79376672894258704
  0.80294765804748547  0.81189426309479595  0.82076193741483094  0.82957292205173250
  0.83819324698927622  0.84658599485881048  0.85486869332126292  0.86305782775256801
  0.87117437683528132  0.87933275024718649  0.88756772779597970  0.89591783082162901
  0.90441572503467982  0.91289518687261806  0.92143375172829212  0.92993093959213213
  0.93861502446320888  0.94764274198082021  0.95689919113742272  0.96600277147901992
  0.97493026160615148  0.98375711318334558  0.99198369983369072  1.00000000000000000
 -0.00255892636641093  0.01008907232411753  0.02079402913896844  0.03238905530466103
  0.04329685175721072  0.05357918037999530  0.06338918303236685  0.07353420439038938
  0.08404048005281591  0.09512112141389954  0.10556641084596176  0.11593295240759170
  0.12609559749509666  0.13651024844543588  0.14720143334171232  0.15835848247349774
  0.16931992208962124  0.18008359456303444  0.19030558578892190  0.20128590308822900
  0.21202341779659262  0.22232098165374065  0.23214107094847772  0.24162079000857856
  0.25170462458264542  0.26195441827694799  0.27210271140171721  0.28199998220632722
  0.29132412989206213  0.30121466920687873  0.31128486030496799  0.32186045298849664
  0.33260689944975963  0.34389128370495142  0.35523581721254022  0.36657816223486767
  0.37724848100717151  0.38753652751140694  0.39796322926702771  0.40850579857308705
  0.41878120325851975  0.42885381055541161  0.43897743390835153  0.44953968827980162
  0.46001310472440737  0.47030521286259991  0.48068260222321396  0.49136892112394603
  0.50233272171993693  0.51234938451356171  0.52230356043511117  0.53287765853239244
  0.54326653593763852  0.55374237981642949  0.56430649305381686  0.57560780001653811
  0.58572483214016191  0.59587035411467559  0.60578238123069739  0.61609863034842449
  0.62638724438667981  0.63695844621696551  0.64738847227919594  0.65780227064534147
  0.66771545859122716  0.67758800069200620  0.68751318288400121  0.69786540773471295
  0.70857325485320710  0.71945006126332456  0.73026855895375642  0.74132332082878116
  0.75236831982965247  0.76314100000479757  0.77343544788183749  0.78383568384680813
  0.79412003101477247  0.80438526005552213  0.81407968936115915  0.82434173803867894
  0.83471233085651253  0.84603179477446810  0.85696823010433654  0.86766875571025126
  0.87852291462025867  0.88918771257330820  0.90022841759857219  0.91136609130058610
  0.92268774080423344  0.93426692204428041  0.94534323020080835  0.95659020569405684
  0.96737713293387551  0.97832780832264654  0.98922945202426993  1.00000000000000000
 -0.00221113061164071  0.00910599158695852  0.01866862608418061  0.02898791325749036
  0.03893740872385060  0.04832468616053116  0.05786819263423983  0.06801506769899200
  0.07847564865581258  0.08898582090075738  0.09933357633675519  0.10982329953575447
  0.12026844962978048  0.13046693680224547  0.14089751796872288  0.15125931634583520
  0.16165513438946416  0.17190547271193465  0.18220529852818579  0.19244028783291364
  0.20222897327426870  0.21200992114332121  0.22198892523061114  0.23262617363466676
  0.24317625856802025  0.25367547592621192  0.26414912208067404  0.27460613745940476
  0.28529628540623514  0.29657608048766848  0.30844544607057728  0.32011967093217997
  0.33145168405110159  0.34285984212467496  0.35424825577010760  0.36517921614692861
  0.37560447591527230  0.38611795798246762  0.39701202257248824  0.40818765515694222
  0.41862428494142567  0.42854708699361349  0.43860429640337550  0.44906643941995877
  0.45989712642184472  0.47044338737270935  0.48101811068881462  0.49164326560389060
  0.50213805216360274  0.51249718071278005  0.52287890142336524  0.53361993668783614
  0.54428214938991759  0.55450141794279206  0.56462382198937722  0.57507163783728332
  0.58591730892886495  0.59699571313026112  0.60805985771160198  0.61899959475931621
  0.62963866507855315  0.64003981227191942  0.65037807659220659  0.66077535855936698
  0.67155561934161001  0.68244567708776349  0.69296896310135070  0.70319054767729372
  0.71340956898016639  0.72407367476490914  0.73495305037315295  0.74601243136190887
  0.75719414073421565  0.76825388418326390  0.77875221830214736  0.78903388554294362
  0.79960135855027814  0.81081931339303248  0.82165779244239412  0.83222997330979420
  0.84254257678065969  0.85347186427947008  0.86480156278380327  0.87610327464234850
  0.88722698176256964  0.89839661615317568  0.90934009967181562  0.91998728913493588
  0.92998479456877503  0.93998413893505173  0.94979136375682516  0.95986687340399401
  0.96989828319235405  0.98011065066085701  0.99007811754982267  1.00000000000000000
  0.00005046639302681  0.00020259366539035  0.00051712131473151  0.00074736109471743
  0.00087845165741144  0.00100720160846913  0.00113136819534130  0.00125262541832359
  0.00137104423792232  0.00148696782763391  0.00160244045822458  0.00171188370663559
  0.00182344097142873  0.00193072404702515  0.00203518231419383  0.00213884297948163
  0.00224053314674019  0.00233904105442016  0.00243853007336253  0.00254259867619766
  0.00265486730525806  0.00277939551278855  0.00290315706868427  0.00302096696564890
  0.00313571717374321  0.00324856088933295  0.00335956004246787  0.00347241164240082
  0.00359016372458874  0.00369452172479033  0.00379641902667107  0.00390211634580373
  0.00401484134891499  0.00413885160955234  0.00426556379567902  0.00440455732815686
  0.00455079747427711  0.00469444456512385  0.00484023787547039  0.00499118283633003
  0.00515547567089828  0.00532150606974497  0.00547179728284343  0.00561576716405762
  0.00575247709811298  0.00589743004860878  0.00605107521498230  0.00621160840895989
  0.00639198794766584  0.00658885030943319  0.00674937788524177  0.00689138912806217
  0.00702115823697855  0.00714109894247947  0.00728661564001693  0.00744820044035735
  0.00760193063159685  0.00776844221691235  0.00791718626999387  0.00805050877524325
  0.00819123718293231  0.00834216783872568  0.00848469730235662  0.00861827556217135
  0.00875371641643667  0.00893456011212395  0.00913452055447636  0.00935748750274590
  0.00958614989730103  0.00979299695571079  0.01001527863938598  0.01021695239081372
  0.01050875186163602  0.01084096905904854  0.01123806177799064  0.01157376866679006
  0.01189887707867094  0.01218309079290376  0.01260136118726588  0.01304451033227535
  0.01365545551598514  0.01402578260680232  0.01449586778708689  0.01492166581890626
  0.01547588377487689  0.01632312819043140  0.01663374027161035  0.01692337480158057
  0.01720850900811633  0.01809099956843517  0.01902831917778038  0.02000683532763270
  0.02177272148225232  0.02380552490107198  0.11076791537697075  1.00000000000000000
 -0.00201412566974691  0.00808980770168544  0.01755429634984174  0.02736785973469817
  0.03724471451506390  0.04678855193023027  0.05601308297049618  0.06547207796423340
  0.07483151010299259  0.08451802741324377  0.09432912951598492  0.10456114044044548
  0.11486272375910789  0.12550103584160208  0.13634599799761526  0.14694278223836249
  0.15691512141446945  0.16670412012885472  0.17660391708724121  0.18687612611105422
  0.19693038377546290  0.20702770765131601  0.21739163875303155  0.22839117488272373
  0.23994079744471383  0.25168717531706980  0.26294987551218335  0.27340510218046793
  0.28361622368754219  0.29402448259214903  0.30548313457357079  0.31692606724153388
  0.32843074287588847  0.33960615642408248  0.35015682919801205  0.36011247875465890
  0.36985346943707859  0.38020137452023584  0.39110923118648067  0.40226727975614107
  0.41347675004777018  0.42473266114199731  0.43668855144073004  0.44802738560000099
  0.45909520677075355  0.47042418063042213  0.48241967873233660  0.49375286323372419
  0.50471218739299994  0.51556545752457539  0.52713562063457742  0.53930909603069210
  0.55106833871656069  0.56222018621663594  0.57327001977180525  0.58482507003807194
  0.59654603028292863  0.60800220113069559  0.61967396872111002  0.63086030956117489
  0.64230501683045116  0.65321705940494856  0.66476719643085236  0.67646239743675785
  0.68800940130850352  0.69899434426295870  0.70964130409964354  0.72059522385394303
  0.73170299219351265  0.74336177933390857  0.75482930038212182  0.76600695154871634
  0.77642714184249961  0.78656991680669175  0.79658730065152805  0.80683154358050846
  0.81716896657646620  0.82775686842764884  0.83834593273467450  0.84884450609285189
  0.85919801338352242  0.86911415242601897  0.87895984419954154  0.88833227583429664
  0.89766147719305422  0.90710235819890994  0.91674193665282222  0.92617762804602499
  0.93569121844403735  0.94478917321503408  0.95381926091043012  0.96289444226176202
  0.97221863350207938  0.98193765296180358  0.99103536020842653  1.00000000000000000
  0.33812541735283963  0.58580472467401035  0.61602169542663288  0.63631705731811739
  0.65209091869632885  0.66532110489707452  0.67693908795793056  0.68741236696526387
  0.69651177990154434  0.70482484793832878  0.71284569017830046  0.72056367855969039
  0.72764976341112531  0.73414115405508662  0.74022726008874595  0.74632931265929225
  0.75213145483815136  0.75767088432136653  0.76302677234286820  0.76827527892180347
  0.77316222730995465  0.77776143331332903  0.78236903526580637  0.78703197004283476
  0.79164407680516446  0.79601876655261850  0.80019006527096059  0.80430896901424109
  0.80837864424004080  0.81233366603699042  0.81614915261577237  0.81988286225892371
  0.82369087984896672  0.82744858538730770  0.83117646905916176  0.83477464296567538
  0.83826432483134317  0.84172487498599557  0.84508985298078132  0.84822484164265877
  0.85130874197767814  0.85432834821595938  0.85735512090959787  0.86037355228715828
  0.86326192624290965  0.86614076269202767  0.86894323088329151  0.87166158377213188
  0.87440143567407969  0.87697344347549733  0.87943922981664213  0.88190821113519491
  0.88421501484186094  0.88655609847758265  0.88902262599537274  0.89156935200490428
  0.89414679562329091  0.89669050912706694  0.89916486856507216  0.90157649625039482
  0.90395139850856387  0.90630177047486760  0.90870603752557544  0.91120780717462413
  0.91383510886285912  0.91642454179032140  0.91889405928829393  0.92127918726133540
  0.92364193019568819  0.92605984453874235  0.92847210425938376  0.93088571413652355
  0.93327964560528087  0.93562213125073657  0.93795858565718282  0.94033720496165674
  0.94275980003055249  0.94522469408721910  0.94758062068841109  0.94995878062001371
  0.95226165578018851  0.95451326582207829  0.95681907228720453  0.95920486211450096
  0.96170302551805520  0.96430859709478556  0.96693463526387669  0.96958249608129599
  0.97226685325911577  0.97505364459820598  0.97801382055056330  0.98128086127139680
  0.98475349058285022  0.98867540501757423  0.99357780544240981  1.00000000000000000
 -0.04059490221934443  0.19081608747389617  0.23734654279484796  0.26970104351787749
  0.29268446832414702  0.31184421286526465  0.32812443020683557  0.34241909752573962
  0.35597625368588642  0.36910275871126436  0.38120484517280345  0.39259817592091317
  0.40367105071019754  0.41469251982591965  0.42517523973565186  0.43503156446045971
  0.44440556160809680  0.45322883965869309  0.46166548949494018  0.46974638290465814
  0.47753611704897370  0.48509105960971693  0.49230862475447529  0.49924140398769623
  0.50603628759500430  0.51283916578636102  0.51981262269067485  0.52664665076131789
  0.53324436185558499  0.53938201829595944  0.54534944004869934  0.55146589532446133
  0.55774733514386621  0.56406301508324197  0.57020824336724751  0.57613120529703943
  0.58191712852178357  0.58756067372751408  0.59308990309509890  0.59857372687939792
  0.60409566207136123  0.60969631043899020  0.61523497112710579  0.62069960891831566
  0.62595531488088574  0.63108445045800976  0.63607506727654017  0.64105042526175571
  0.64610805496477119  0.65121830703530958  0.65623901178157051  0.66114366044385220
  0.66593880361479918  0.67068689703769535  0.67533237924194656  0.67995392401798804
  0.68466104124389837  0.68940594516092046  0.69416259369079081  0.69893183434555062
  0.70366574911689816  0.70833372020741769  0.71295633357729271  0.71752768207148343
  0.72203725957489784  0.72657815073789156  0.73116144381884263  0.73565210077896315
  0.74024443325437994  0.74483377653616190  0.74943602793428632  0.75406079027518669
  0.75886204992396433  0.76359269324967349  0.76815950188852722  0.77276097169840929
  0.77730040091261166  0.78187061739483443  0.78633364180716980  0.79076855471637619
  0.79510324784598219  0.79946159939302841  0.80398580958574917  0.80855742401246977
  0.81306743689671401  0.81780446263478213  0.82227153457514079  0.82704589573450626
  0.83194984290341711  0.83735545478473905  0.84311130574402116  0.84921242619577453
  0.85680478800008342  0.86580170041317961  0.87727523932856744  1.00000000000000000
   8.1918292343578252E-009  -1.0000000000000000     
 F F F F F F F F F F F F F F F F F F F F F F F F F F F F F F F F F F F F F F F F F F F F F F F F F F F F F F F F F F F F F F F F F F F F F F F F F F F F F F F F F F F F F F F F F F F F F F F F F F F F F F F F F F F F F F F F F F F F F F F F F F F F F F F F F F F F F F F F F F F F F F F F F F F F F F F F F F F F F F F F F F F F F F F F F F F F F F F F F F F F F F F F F F F F F F F F F F F F F F F F F F F F F F F F F F F F F F F F F F F F F F F F F F F F F F F F F F F F F F F F F F F F F F F F F F F F F F F F
  <DiscreteSampler_grid>
  grouped_processes
  1 # 1 for a reference and 2 for a running grid.
  10 # Attribute 'min_bin_probing_points' of the grid.
  1 # Attribute 'grid_mode' of the grid. 1=='default',2=='initialization'
  0.0000000000000000 # Attribute 'small_contrib_threshold' of the grid.
  0.5000000000000000 # Attribute 'damping_power' of the grid.
 # binID   n_entries weight   weight_sqr   abs_weight
    13   10   6.714029590452446E-001   1.066441680929372E+000   6.714029590452446E-001
    14   10   6.714029590452461E-001   1.066441680929376E+000   6.714029590452461E-001
    16   10   6.714029590452446E-001   1.066441680929372E+000   6.714029590452446E-001
    17   10   6.714029590452461E-001   1.066441680929376E+000   6.714029590452461E-001
  </DiscreteSampler_grid>
