  0.00290189808600538  0.01478193495212780  0.02844740401744592  0.04227892885592836
  0.05441429899161264  0.06640167750540127  0.07781593021574561  0.08954315633003813
  0.10120130626919090  0.11325081446188232  0.12537159912545770  0.13779980226125726
  0.15040514645015113  0.16285285741286637  0.17448499112163190  0.18586781355958651
  0.19663709711042521  0.20721357629575010  0.21742302594775137  0.22740968368649625
  0.23770837285289115  0.24787400331603723  0.25697796909182574  0.26587418967139537
  0.27472883173929702  0.28476634262422329  0.29494185701111991  0.30468452249754757
  0.31479470746425281  0.32631363016827003  0.33841817080757958  0.35064781134091560
  0.36240435538192345  0.37336921304812354  0.38442334100717301  0.39592873033066678
  0.40713409897672820  0.41648354664344639  0.42517733735343322  0.43356583444158681
  0.44181155518886372  0.45103319935379743  0.46108109935229347  0.47140828396499623
  0.48219046140807137  0.49317347218670982  0.50339167422073561  0.51347331857531897
  0.52429781861832681  0.53614000397624817  0.54853439545143090  0.56082167107293546
  0.57183970565280817  0.58212144182568659  0.59146759568404372  0.60095983326874658
  0.61088507576359008  0.62108256980104770  0.63150039701202598  0.64080226705359578
  0.65138657394345101  0.66244981461993491  0.67245949226997004  0.68018939731414452
  0.68784745573445694  0.69703859631546350  0.70750469138688155  0.71792558330802470
  0.72720444620718172  0.73592746145294297  0.74457565957258010  0.75316612857912679
  0.76240151586471205  0.77220907364556945  0.78236187436662219  0.79289262932692561
  0.80365916759610290  0.81476009196664345  0.82644175626940963  0.83821751338982176
  0.84900972484836212  0.86018108347264777  0.87072280205735653  0.88207672212251487
  0.89180227467473294  0.90162045335390817  0.91169351839937551  0.92232483918615604
  0.93323446097952090  0.94333723925309376  0.95355664141102237  0.96313440899775715
  0.97197230281911817  0.98077710980099320  0.98968338658517208  1.00000000000000000
  0.00000597325293092  0.00000672550092372  0.00000730867762008  0.00000761840859178
  0.00000786419499469  0.00000842312320276  0.00000897143419968  0.00000950964423268
  0.00001005716413969  0.00001060607215896  0.00001122820626423  0.00001195944256559
  0.00001279707600328  0.00001365944687119  0.00001459939185292  0.00001568612597072
  0.00001679273650287  0.00001811491253974  0.00001957639253925  0.00002105927834533
  0.00002255022984761  0.00002418100137097  0.00002604633526229  0.00002826412315478
  0.00003087643269407  0.00003376806205952  0.00003694635378527  0.00004038674316123
  0.00004456720313338  0.00004948660158533  0.00005531789714203  0.00006159250703089
  0.00006864101167152  0.00007647910644405  0.00008503585254362  0.00009459993713996
  0.00010504758585026  0.00011716417663618  0.00013044466896114  0.00014561217134620
  0.00016209548174982  0.00018102685649550  0.00020151652839351  0.00022071132922992
  0.00024003968447346  0.00026134314205321  0.00028605611247205  0.00031308950317338
  0.00034238475602444  0.00037406514925482  0.00041170815034079  0.00045044615888124
  0.00049198100898298  0.00053526030900729  0.00058222543973630  0.00063081972058082
  0.00067635975286528  0.00072023819460236  0.00076184173681680  0.00080578695363049
  0.00085714176658226  0.00091061531060639  0.00096712113908677  0.00102818704110833
  0.00108651242497276  0.00114488046411813  0.00119496657574107  0.00123998342117076
  0.00128862852289005  0.00134479676120109  0.00137672679275186  0.00140679744700050
  0.00144094820878068  0.00148811085729431  0.00154649915137263  0.00161123571899849
  0.00172303571088134  0.00185896888392148  0.00200512205796871  0.00215492378968658
  0.00231706790903141  0.00250303429778164  0.00271776790404147  0.00295209611687708
  0.00319564821254356  0.00357583381969576  0.00394193648239489  0.00438096249988645
  0.00480411987854856  0.00574782806380835  0.00796217299228570  0.00994645996920375
  0.01173243016876485  0.01353380834277417  0.05849472495643694  1.00000000000000000
  0.00000297898900735  0.00000325326457598  0.00000347750864184  0.00000361617661776
  0.00000375067276587  0.00000387976490272  0.00000399286494364  0.00000411214613188
  0.00000425074083859  0.00000441304205432  0.00000457746270096  0.00000472151802545
  0.00000485056808681  0.00000498297715570  0.00000512142261304  0.00000526927415864
  0.00000547007207937  0.00000568485267361  0.00000589677710838  0.00000612214733972
  0.00000635768991790  0.00000659507805292  0.00000684355318034  0.00000710854355092
  0.00000738243786688  0.00000765317919393  0.00000791876264591  0.00000821620638729
  0.00000853136770432  0.00000887649711212  0.00000925131032514  0.00000966196169796
  0.00001009429007159  0.00001051972570262  0.00001097064106202  0.00001147203413569
  0.00001201124897343  0.00001245185402149  0.00001291858402315  0.00001340335380963
  0.00001388622513247  0.00001441043997419  0.00001498388044115  0.00001560953230719
  0.00001631855390120  0.00001703524825829  0.00001790731579522  0.00001876447062353
  0.00001964841308840  0.00002057867259456  0.00002155972811230  0.00002261740126006
  0.00002373466183573  0.00002490642874069  0.00002612624525767  0.00002738351145016
  0.00002888671877233  0.00003040899048966  0.00003202492642979  0.00003386332476633
  0.00003566667940820  0.00003762685141205  0.00004002733783471  0.00004268791500010
  0.00004575754872954  0.00004896029108689  0.00005238284738839  0.00005586540796202
  0.00005971563791214  0.00006396246811395  0.00006889092051405  0.00007464396583933
  0.00008088209524401  0.00008821260382732  0.00009555350808662  0.00010212242442035
  0.00011033055925958  0.00012005127109389  0.00013208548252530  0.00014804583589934
  0.00016563785496027  0.00018662752099644  0.00021473703126369  0.00024331407242756
  0.00027742011249408  0.00032461683714381  0.00039250869281796  0.00047591775566534
  0.00057784258139021  0.00071754726765039  0.00091816882066269  0.00125948810101693
  0.00194551255296026  0.00334900159952199  0.02354622455273539  1.00000000000000000
  0.00000372489328422  0.00000444802658948  0.00000485186606240  0.00000549542852096
  0.00000577060833790  0.00000604390894987  0.00000630148043777  0.00000655905192568
  0.00000680581823318  0.00000705251177673  0.00000756123907325  0.00000812058217615
  0.00000871504057728  0.00000927313405830  0.00000979659727739  0.00001030401145561
  0.00001084348994190  0.00001142430494261  0.00001200507958953  0.00001256740659440
  0.00001316692205426  0.00001384802707868  0.00001466772710056  0.00001559224185086
  0.00001653086198344  0.00001749768867143  0.00001850309920495  0.00001951909625569
  0.00002051796692133  0.00002155035469398  0.00002255705476397  0.00002370187734022
  0.00002495296986956  0.00002627627331579  0.00002772314822970  0.00002936052888485
  0.00003095970807011  0.00003280383693225  0.00003470122443843  0.00003674674147564
  0.00003891721229497  0.00004120396063922  0.00004368837337798  0.00004649433217580
  0.00004951027295103  0.00005291291200714  0.00005654904292046  0.00006061756390311
  0.00006466553709312  0.00006907767074792  0.00007372641350442  0.00007869709550381
  0.00008426010111457  0.00008993273225425  0.00009599900434364  0.00010255034718256
  0.00010940300371453  0.00011649222400126  0.00012420554319207  0.00013302148515497
  0.00014356341627564  0.00015564735281735  0.00016837400044571  0.00018249989990356
  0.00019712501159059  0.00020960929578023  0.00022079038086772  0.00023270370804783
  0.00024608851602209  0.00026214505512987  0.00028360175846295  0.00030892337793781
  0.00033375765457428  0.00035816311511295  0.00038390904107132  0.00041251790158864
  0.00045013222735646  0.00049182929607913  0.00053702383275972  0.00058880941625123
  0.00065688808679844  0.00073539106864456  0.00083048832565297  0.00094504887815729
  0.00110005743401468  0.00128049969286948  0.00148701303016741  0.00178867228083759
  0.00222642852657696  0.00287244409539827  0.00326051533165047  0.00368722191240107
  0.00414660353315246  0.00526313337894683  0.04035816801093003  1.00000000000000000
 -0.00165321428906737  0.00665199973351385  0.01470668773510222  0.02256806638987269
  0.02961943182498743  0.03668472723660180  0.04391378975472190  0.05110441651958417
  0.05816362034897019  0.06506583212495570  0.07232425910151885  0.07969828374976867
  0.08711961539473806  0.09426382574436133  0.10107510966640693  0.10784716388668732
  0.11495184163368691  0.12204530093362462  0.12955766644109612  0.13724247696902872
  0.14515671029808322  0.15371567514647400  0.16283671870907618  0.17191420758561846
  0.18044579507275527  0.18821492979170498  0.19572381803713765  0.20330034989385865
  0.21049721640729649  0.21630551999094202  0.22209428573410031  0.22780347520071181
  0.23367245315996976  0.24022971731166251  0.24801426330294435  0.25612718711937715
  0.26402980274244564  0.27203998453482819  0.28012166030123786  0.28841269098631811
  0.29626793195022738  0.30362804432102863  0.31057273676836972  0.31739206371789080
  0.32453066245552464  0.33192859452338302  0.33972779812884762  0.34792464816759233
  0.35607453372979109  0.36386612289466008  0.37147800262434905  0.37930400680291615
  0.38758972049526391  0.39635556614200057  0.40515903622717125  0.41285460441803490
  0.42115145059270370  0.43108030248860207  0.44193850865339257  0.45308286358750083
  0.46250282385549468  0.47188010653095147  0.48126834745527747  0.49079603915725784
  0.50125002111888983  0.51096311175808629  0.52079564533330791  0.52956595348148017
  0.53961293927337173  0.55009392590777317  0.56067945109192241  0.57160095624071339
  0.58275913656468714  0.59460092396027509  0.60640999692717024  0.61809672578809949
  0.63003017508557180  0.64223101792848403  0.65437130534979149  0.66718506842581748
  0.68195279288526556  0.69831330576618411  0.71534409540371180  0.73179040611349488
  0.74756835410647993  0.76465284962644675  0.78293956616177918  0.80332979454966258
  0.82473322741376753  0.84746491310066985  0.87138242705679925  0.89525987866231949
  0.91927114906367158  0.94307428373960400  0.96980724107314564  1.00000000000000000
 -0.00277511957882514  0.00979204792349513  0.02000770990656806  0.03009462899178228
  0.04022600599949476  0.05166429242998642  0.06376889343979905  0.07497401067030346
  0.08613651080317263  0.09701278669354382  0.10745117881895340  0.11777926215370135
  0.12822640550078931  0.13876705334446993  0.15010973245098475  0.16169384134024706
  0.17300071068836151  0.18382395043901650  0.19415383342077175  0.20440537741752643
  0.21442913401883978  0.22483066643947475  0.23562284768403141  0.24573103656006512
  0.25599741660647873  0.26614786176744831  0.27666855110973554  0.28623372878520631
  0.29499375448848569  0.30382326136117654  0.31374255883807700  0.32377604244630503
  0.33496386360350533  0.34480594092027861  0.35467290505169863  0.36495826073961757
  0.37567669440419171  0.38708039883342532  0.39848228624483023  0.40803901235226370
  0.41578277322049623  0.42372330954649179  0.43116333223127634  0.43987100475060958
  0.45034650007617671  0.46044875451230355  0.47074136335761696  0.48220722669448107
  0.49485223689127006  0.50787602487176142  0.52053159507669700  0.53273186197926214
  0.54444009364788226  0.55562884772649035  0.56650651231686111  0.57730360543567061
  0.58753610463097827  0.59705033362763182  0.60692789432011085  0.61765436829399334
  0.62917861065387037  0.63932241762255693  0.64939460185551956  0.65921702392957071
  0.66947382953856516  0.67877475838521972  0.68856997482028570  0.69875053230803685
  0.70864981371562563  0.71809965005089149  0.72768544132720381  0.73801332532892427
  0.74851173152521022  0.75906302536095605  0.76987180930426269  0.78064785101998724
  0.79047368394720341  0.80018596662698060  0.81011865109312575  0.82156642850217765
  0.83348780337372252  0.84524161323703317  0.85735681790744422  0.87013740077482593
  0.88262921101773439  0.89383840019000971  0.90399804662341943  0.91409378470592739
  0.92489161263230457  0.93645005679203897  0.94720010395692311  0.95724803169325257
  0.96759734586396451  0.97830185977992445  0.98951616503609663  1.00000000000000000
 -0.00217834636362166  0.00838222582956947  0.01755123256599494  0.02673249563317901
  0.03665261196040267  0.04647282674704202  0.05642561917248954  0.06598720374979637
  0.07571300520839476  0.08540670211630016  0.09568044460848849  0.10712379452422031
  0.11883678773872318  0.13082680598708418  0.14274109806529922  0.15283794771339762
  0.16175101727076394  0.17075027203659188  0.18058300256326712  0.19164979085101166
  0.20356152751854781  0.21537514929969551  0.22654518303791230  0.23714216313524109
  0.24825228206270325  0.25985951804359170  0.27177515998976232  0.28337086444103415
  0.29450441356572166  0.30559047762908009  0.31635138714377831  0.32716405478952409
  0.33819337030913882  0.34932187576622847  0.35998131955432433  0.36996201647272198
  0.37949527877480882  0.38884520527209260  0.39847712481166592  0.40868343438861915
  0.41951611691659257  0.43083019080333906  0.44141177066219339  0.45242048878085273
  0.46357251981189596  0.47499185629732943  0.48524997690248889  0.49334306737461708
  0.50046583579308423  0.50837537109051467  0.51670309156437144  0.52543401463279704
  0.53571289472304495  0.54737549425298493  0.55852480456607345  0.56864561363804322
  0.57823967242166696  0.58801705309641839  0.59806915191651466  0.60806733579936090
  0.61708516463465302  0.62567098085452710  0.63539587174253354  0.64668281818673579
  0.65907577593279576  0.67126181680040531  0.68254938316037561  0.69305309561721606
  0.70351237360152707  0.71326907841340681  0.72275621132002388  0.73284658999737118
  0.74414038461835830  0.75551473757555643  0.76586109945723713  0.77592091930501050
  0.78629617168099508  0.79743771017142484  0.80851277293531965  0.81938473143811530
  0.82996009300361095  0.84025499370560408  0.85043717802847518  0.86046243585220394
  0.87063057668246324  0.88148930958929272  0.89326773512787261  0.90570220066239049
  0.91842029404294856  0.93028334947721203  0.94137770807086851  0.95214608390155908
  0.96337325346652691  0.97543472784145491  0.98741731605705207  1.00000000000000000
 -0.00008472084979807 -0.00002096437047449  0.00004279210884908  0.00029666265408651
  0.00054888534091381  0.00069497900956542  0.00083178266896833  0.00095428787782426
  0.00107888002549408  0.00120518040002259  0.00133415781814625  0.00146510437459021
  0.00159406220787058  0.00171739743642422  0.00184380750776994  0.00197199081073290
  0.00210278807625903  0.00223312559876548  0.00236309356599927  0.00248964730794095
  0.00261898340475867  0.00275297499000273  0.00288209769688193  0.00300893087005398
  0.00312271847233449  0.00323585711699709  0.00334561602564659  0.00345621839307337
  0.00356951756748140  0.00368952412422503  0.00382068613399572  0.00394033833510409
  0.00405647329485045  0.00417712933685198  0.00429477031187655  0.00439936211746177
  0.00449886420979842  0.00460005125710109  0.00471298762453803  0.00482014288722402
  0.00492562621510377  0.00502236424311047  0.00512405432902168  0.00520737892950726
  0.00528291562354929  0.00536403900428458  0.00544723446870017  0.00553973481181285
  0.00567174962479663  0.00579013735813828  0.00589936559616843  0.00600975054374074
  0.00612300976582170  0.00620054824898472  0.00628717583063789  0.00640304180162235
  0.00652105557140340  0.00664368914589601  0.00676994873867844  0.00692244014102026
  0.00709130290529494  0.00729985438890853  0.00763916501534681  0.00798124024358301
  0.00828031307885928  0.00860891409757633  0.00897238049987367  0.00938498331628989
  0.00992252335429511  0.01027473169459453  0.01055726904417053  0.01079478024834750
  0.01100139432639233  0.01123860113636718  0.01156784874978879  0.01187713119741800
  0.01206994946898472  0.01219348239104407  0.01231603608757273  0.01243782077594492
  0.01258383206817534  0.01282073646906761  0.01315458358267491  0.01358505604968948
  0.01415531482134488  0.01520040894605934  0.01621128374770904  0.01752180803492709
  0.01812581808830422  0.01914293868357551  0.02759916941171451  0.03401806333249734
  0.03692246404962365  0.04271569040611468  0.58727579932855478  1.00000000000000000
 -0.00227314428979151  0.00976963083299134  0.01993439205654435  0.02948619205992643
  0.03951807397754542  0.04997620362657535  0.06147089922013037  0.07295494696963774
  0.08390042028218000  0.09448062652051660  0.10524150893762763  0.11616239818646770
  0.12780785475364365  0.13955133034089420  0.15063558320357037  0.16042602606496098
  0.17070102339997473  0.18086944568413899  0.19138163295222593  0.20233694917492501
  0.21354525395097837  0.22513409135503498  0.23624747159351139  0.24729305743875818
  0.25861128454079246  0.26740299969215575  0.27555729272221402  0.28404899323536809
  0.29277303150581407  0.30393542103172783  0.31669974269625806  0.32987022583041387
  0.34148898315213794  0.35196215875921344  0.36267284101677572  0.37409748617536581
  0.38494955371562806  0.39562535321414621  0.40637207468482689  0.41833256431314692
  0.42937964702203252  0.43967988028303606  0.44917439753290100  0.45892075782873604
  0.46914020200629508  0.47965267280611784  0.49055081533912326  0.50141279646097225
  0.51182286794842657  0.52164281224668585  0.53082942130604638  0.54057524644201727
  0.55103998690214273  0.56268039235395229  0.57350261970366112  0.58527827903679774
  0.59631209465521640  0.60581266616361484  0.61469967712876061  0.62319416639293235
  0.63280745961932372  0.64221207957706783  0.65218714223032936  0.66151092832844238
  0.67154459738756134  0.68230922233627389  0.69364818960658625  0.70549042993458699
  0.71646331236481031  0.72719465369766578  0.73768086239850184  0.74831321135700213
  0.75935181801294305  0.77038176370634370  0.78172980182602270  0.79335045268913862
  0.80412068853260377  0.81439116747209372  0.82471209132933732  0.83515616646460356
  0.84516059255205944  0.85481220976995509  0.86406514554321034  0.87362554682089544
  0.88396357634363676  0.89486898890570910  0.90713267490656080  0.91956938718161241
  0.93150921084185523  0.94209017114036508  0.95210936052413997  0.96182690123222647
  0.97159167023448467  0.98100876529494396  0.99054765189122651  1.00000000000000000
 -0.00007315163411754  0.00006346191007470  0.00020100640803249  0.00038430359041908
  0.00055091980377523  0.00063464443215620  0.00072070184508750  0.00080927068750213
  0.00089885031893511  0.00099030733287520  0.00108558179675263  0.00117822156759446
  0.00126972527200718  0.00135232318355624  0.00143464804345056  0.00151489569991966
  0.00159479425588627  0.00167315567299061  0.00175416092644598  0.00184103826453113
  0.00192658373314784  0.00201131148432812  0.00209156595753154  0.00217105040353070
  0.00224866459827547  0.00232716624314956  0.00240804467192418  0.00249007676854702
  0.00257315889241672  0.00262346915219060  0.00267280785570840  0.00272310861431612
  0.00276378606659583  0.00280465078517070  0.00284576399728181  0.00288445450208447
  0.00292234625552931  0.00296651384596563  0.00301075185011006  0.00305437072871609
  0.00309867394720342  0.00314164631170842  0.00318141277684708  0.00322106873547809
  0.00326073551984755  0.00330126019071093  0.00334817233652553  0.00340388817921153
  0.00346157429077456  0.00351008542509620  0.00355564912165716  0.00359858490339883
  0.00363873305297557  0.00368511417828511  0.00373525802136798  0.00379346220862702
  0.00387512024547331  0.00395286533105293  0.00402291828837817  0.00408881653971323
  0.00417736250273506  0.00427614827712241  0.00437573107515358  0.00447574363894075
  0.00461114192007982  0.00475170713390883  0.00488691482485598  0.00502393864882325
  0.00515887728276143  0.00528091915151688  0.00540296102027233  0.00554451350575653
  0.00569537547338341  0.00583963740333734  0.00598119412685165  0.00627900707428240
  0.00666555552251650  0.00726990558778072  0.00756412150153659  0.00779588178642397
  0.00793805497775494  0.00807973119501874  0.00821604381123084  0.00831125689417656
  0.00840633440962955  0.00850122779305837  0.00859658052151577  0.00917078641060658
  0.01178838430091907  0.01203960625010634  0.01228776072870166  0.01253871322752309
  0.01660429240054539  0.01691397835195873  0.20409652926333183  1.00000000000000000
 -0.00270015075014476  0.01110750836246828  0.02242142112653536  0.03320322496164514
  0.04417446355290273  0.05549505578169786  0.06760731521079180  0.07966942560693765
  0.08928596342439821  0.09831485372738664  0.10602123399982197  0.11372524132946910
  0.12191485836323408  0.13090163749742434  0.14333381108498791  0.15618661900486749
  0.16825096666757067  0.17979061771400404  0.19132117527773876  0.20326363944350739
  0.21476562547714778  0.22604767549944677  0.23782030434684034  0.24979885102699348
  0.26163023277480185  0.27295533820993606  0.28402661755369663  0.29477489999765905
  0.30581282802103760  0.31616552771596584  0.32554163142125397  0.33485877534370034
  0.34452774521010870  0.35506460409317214  0.36634209364288928  0.37814412366716710
  0.39022335373525069  0.40150025421586433  0.41183089390138145  0.42180944054073821
  0.43152814202588063  0.44034705133008778  0.44952893388393700  0.45927910186888743
  0.47019304806833701  0.48100595455875350  0.49096579877944135  0.50076999879617956
  0.51059386426429221  0.52101173763896924  0.53224430333151784  0.54325261555680615
  0.55343526277240973  0.56247204247671923  0.57092343688332958  0.57982732277294080
  0.58835920090631133  0.59758666317526887  0.60723707504037305  0.61686077310544851
  0.62699981991241249  0.63733861298870431  0.64807237981124399  0.65752730011792204
  0.66658979697419685  0.67684423472953770  0.68745657772409174  0.69880075685974574
  0.70977789215801323  0.72144328783251066  0.73361769635864471  0.74560671002729073
  0.75743945324722117  0.76921602913760445  0.78106728152986915  0.79319866608211165
  0.80494728117612679  0.81689824673766609  0.82941961770072803  0.84085124783381182
  0.85062305020631968  0.85947492687651583  0.86818557176384803  0.87644836369235646
  0.88496335526576986  0.89386093680884937  0.90383330358440894  0.91313942901279255
  0.92207316424253738  0.93154507991573465  0.94273035833253038  0.95474710657224005
  0.96682736653928791  0.97846080853928319  0.98933890531629221  1.00000000000000000
  0.49932865335724314  0.57239737179254402  0.58474971552134136  0.59493623717353972
  0.60328778050061593  0.61162747294543496  0.61842643873271741  0.62438722421029935
  0.63020375025328867  0.63626512955432379  0.64249077936808974  0.64872523901724410
  0.65530616082623816  0.66235200197669797  0.66913278792550657  0.67553507669384139
  0.68211738544023359  0.68871467704440359  0.69471822352801127  0.70018749168198346
  0.70560137573560611  0.71094870094579177  0.71620381173866809  0.72133955450953047
  0.72611874231681695  0.73065621418315796  0.73514701246423197  0.74008195135796306
  0.74533056665605324  0.75049544677112545  0.75552459006527806  0.76043990330355893
  0.76533429515326501  0.77021410681544811  0.77491776427142911  0.77957067445578110
  0.78432028455523284  0.78921333141715833  0.79404618373054137  0.79884751200872994
  0.80347836813851703  0.80809090335023448  0.81259318592691965  0.81693734254295802
  0.82138456018587247  0.82561117603348688  0.82989308883986268  0.83424765330863737
  0.83863808645534688  0.84301847588179391  0.84718845149719668  0.85120774521340159
  0.85509422642007105  0.85899549123945929  0.86286381616824959  0.86683034293079986
  0.87070884127624371  0.87456671824642063  0.87841868820924296  0.88214062604532029
  0.88566618840757894  0.88910631052680289  0.89249269153494115  0.89599517452884703
  0.89951438415451135  0.90282895389600881  0.90617724592976001  0.90961361285109799
  0.91319273911536913  0.91680846925559933  0.92046976199553543  0.92421911581497651
  0.92759717644749062  0.93088722768645693  0.93410210143105898  0.93732259987476418
  0.94056015882339727  0.94383158465529882  0.94695529707023796  0.94998940785994246
  0.95315118734516058  0.95623535103581114  0.95938468161427992  0.96255461820654642
  0.96547774388205476  0.96812063940128879  0.97061094230882328  0.97309609583501155
  0.97557150186015928  0.97816910262300072  0.98104559366534350  0.98445227065855456
  0.98796579271792007  0.99185675380181859  0.99575920538783458  1.00000000000000000
 -0.03388128218630618  0.18304745533675265  0.21304516617651431  0.23856598347015376
  0.26012922126309090  0.27864556163166482  0.29563989643194505  0.31107582428726077
  0.32334861739099446  0.33514308966916756  0.34568941654564816  0.35590412598158661
  0.36526206487304008  0.37474183788658855  0.38442846594198399  0.39413919693207594
  0.40315640530662916  0.41122636737262669  0.41835909055488990  0.42494670035585763
  0.43169809317892233  0.43876772687447047  0.44596937035232481  0.45287164530741592
  0.45968888836445715  0.46605840717448627  0.47228031608570142  0.47827940721014528
  0.48450987879309759  0.49081539450745776  0.49682829550384244  0.50293158829188955
  0.50892127095614159  0.51542534737571910  0.52225744616453507  0.52919662017920521
  0.53555841156402273  0.54139033291935657  0.54684330663057490  0.55233354966311621
  0.55776617780250581  0.56292933557244607  0.56770409390066101  0.57222367764866433
  0.57670995743301001  0.58131148635746788  0.58624701789886424  0.59116645811816981
  0.59695367644978548  0.60270579566985960  0.60857705533782702  0.61286558435167970
  0.61685649077310234  0.62093267607295377  0.62464731180000554  0.62822856041258079
  0.63203360553316235  0.63592804970710937  0.63975222633865003  0.64422617074036037
  0.64881639699406846  0.65377647951392914  0.65940063615653477  0.66501644954037276
  0.67048976207901068  0.67568006728033414  0.68093988461536348  0.68663112174936691
  0.69291275464745805  0.69919119348613024  0.70527778533202468  0.71135565575978132
  0.71754053144770713  0.72364979272333818  0.72968308181644670  0.73563481058417557
  0.74169309771760528  0.74795339904491276  0.75469177782129349  0.76189050579306761
  0.76905485745771274  0.77601623598677927  0.78329019823842794  0.79095033287330641
  0.79896269039832368  0.80627509215675308  0.81323633968003517  0.82071708762969586
  0.82955123451534130  0.83903324329464213  0.84829764258022888  0.86113710061446147
  0.87294893663807638  0.90323677530400326  0.97810492589197628  1.00000000000000000
   1.4539693841512647E-006  -1.0000000000000000     
 F F F F F F F F F F F F F F F F F F F F F F F F F F F F F F F F F F F F F F F F F F F F F F F F F F F F F F F F F F F F F F F F F F F F F F F F F F F F F F F F F F F F F F F F F F F F F F F F F F F F F F F F F F F F F F F F F F F F F F F F F F F F F F F F F F F F F F F F F F F F F F F F F F F F F F F F F F F F F F F F F F F F F F F F F F F F F F F F F F F F F F F F F F F F F F F F F F F F F F F F F F F F F F F F F F F F F F F F F F F F F F F F F F F F F F F F F F F F F F F F F F F F F F F F F F F F F F F F
  <DiscreteSampler_grid>
  grouped_processes
  1 # 1 for a reference and 2 for a running grid.
  10 # Attribute 'min_bin_probing_points' of the grid.
  1 # Attribute 'grid_mode' of the grid. 1=='default',2=='initialization'
  0.0000000000000000 # Attribute 'small_contrib_threshold' of the grid.
  0.5000000000000000 # Attribute 'damping_power' of the grid.
 # binID   n_entries weight   weight_sqr   abs_weight
    10   10   7.650050144339792E+000   3.473162141749963E+002   7.650050144339792E+000
    11   10   7.650050144339798E+000   3.473162141749966E+002   7.650050144339798E+000
    16   10   7.650050144339794E+000   3.473162141749963E+002   7.650050144339794E+000
    17   10   7.650050144339798E+000   3.473162141749966E+002   7.650050144339798E+000
    22   10   7.650050144339788E+000   3.473162141749957E+002   7.650050144339788E+000
    23   10   7.650050144339792E+000   3.473162141749960E+002   7.650050144339792E+000
    28   10   7.650050144339788E+000   3.473162141749958E+002   7.650050144339788E+000
    29   10   7.650050144339791E+000   3.473162141749958E+002   7.650050144339791E+000
  </DiscreteSampler_grid>
