  0.00000217028043918  0.00000234552115347  0.00000249961864700  0.00000259443226202
  0.00000270493630478  0.00000282629131867  0.00000294712751029  0.00000307097877111
  0.00000320190747743  0.00000333281436664  0.00000346071231148  0.00000358471121562
  0.00000370015321648  0.00000382258958041  0.00000395001234522  0.00000407689723665
  0.00000420182983277  0.00000431263932601  0.00000442824122276  0.00000453486071258
  0.00000464875259826  0.00000477545706994  0.00000491165372721  0.00000505265753937
  0.00000521480309269  0.00000540571851699  0.00000559493385855  0.00000578041721857
  0.00000597149521964  0.00000619122505202  0.00000641520277385  0.00000663807671903
  0.00000689707214175  0.00000716477435062  0.00000746499579479  0.00000776524318594
  0.00000807230613464  0.00000839408730628  0.00000873699050488  0.00000910638305883
  0.00000953850331429  0.00001004425133499  0.00001054502334948  0.00001104440726058
  0.00001154093575286  0.00001206492337685  0.00001262151527266  0.00001320854275009
  0.00001386044216294  0.00001459070506660  0.00001538182693822  0.00001618061974412
  0.00001688701310048  0.00001761721058645  0.00001842958619869  0.00001934955758540
  0.00002059110499184  0.00002212304471849  0.00002369877175564  0.00002530776330259
  0.00002688748080383  0.00002849793801995  0.00003029027859115  0.00003218283045620
  0.00003461729649648  0.00003707261666463  0.00003989162199961  0.00004260160365606
  0.00004572463006196  0.00004952265297272  0.00005394385746463  0.00005922778312273
  0.00006529406805573  0.00007193317670020  0.00007952691038162  0.00008885992220015
  0.00010031453605029  0.00011324312361609  0.00012759105818321  0.00014471725964927
  0.00016349376752304  0.00018574788943144  0.00021568177185147  0.00025331674971548
  0.00029830227087558  0.00035661679568802  0.00042371795278729  0.00050894910064141
  0.00064986267034687  0.00089413963040122  0.00116198122401259  0.00170009159716579
  0.00286514013249252  0.00702200610018375  0.04148430300899747  1.00000000000000000
  0.00321934362652506  0.01493391086420497  0.02810970584477776  0.03951452060813936
  0.04941959098620233  0.05942082131400300  0.06924492322637468  0.07933751066641309
  0.08990954222939394  0.10107764878630245  0.11296968463841051  0.12496381225040257
  0.13737556919647315  0.14914285816823952  0.15980560756751927  0.16998864476425213
  0.17949271465015057  0.18826359383075258  0.19682096246415332  0.20676093871695997
  0.21851965675884472  0.23021357880473436  0.24140499425451875  0.25166462257035338
  0.26155243924454896  0.27199988688303028  0.28364703650281103  0.29547639695773892
  0.30689193591265673  0.31704780421116424  0.32667563789710607  0.33688669293057794
  0.34768177494274582  0.35815870131024230  0.36838615931213758  0.37793253958373479
  0.38915468558489896  0.40056718094564198  0.41264291671089481  0.42484981544453043
  0.43645399102371901  0.44684079298354618  0.45726575804655212  0.46796779315283016
  0.47695227968120441  0.48638080965311115  0.49515420200803756  0.50507788251215469
  0.51540007609950433  0.52605974151887547  0.53723064284361099  0.54914727022396626
  0.56180148418890508  0.57440618075812666  0.58639852546050386  0.59719268517056390
  0.60758386633325878  0.61855389737509525  0.63006967499846589  0.64157791317902535
  0.65348154968673766  0.66501275434908069  0.67669576792094066  0.68770732147430835
  0.69837923075328479  0.70961371997325773  0.72280405919567225  0.73359105291401094
  0.74333971198083815  0.75285552567844938  0.76228496525907852  0.77378696047061202
  0.78568526626239510  0.79773601581540532  0.80955233008951233  0.82067782170592907
  0.83091582616664161  0.84166491458334014  0.85272350549633291  0.86438220321198833
  0.87474339099550402  0.88421175714673994  0.89344051715239570  0.90289111796861310
  0.91173231361553453  0.91962128506471419  0.92688956916082865  0.93427289606780906
  0.94330825201381086  0.95310136006750645  0.96313903751152408  0.97227580898785770
  0.97932732957858681  0.98568342079671323  0.99269134088146338  1.00000000000000000
  0.00002520939503955  0.00003572841485402  0.00004200821060566  0.00004718235193148
  0.00005244614614802  0.00005773746807085  0.00006278757612278  0.00006805405603614
  0.00007250800347004  0.00007754395840863  0.00008194080684841  0.00008640206069286
  0.00009117524254393  0.00009613241323079  0.00010095999810474  0.00010563843189868
  0.00011035710302819  0.00011542510904755  0.00012111453815814  0.00012725765872090
  0.00013364026425468  0.00014045480194293  0.00014777353654362  0.00015611114718624
  0.00016403344163218  0.00017136452188242  0.00017889721940990  0.00018695825192421
  0.00019408390378874  0.00020169518688821  0.00020896411720165  0.00021602828842178
  0.00022296803690491  0.00023096053073796  0.00023992306508688  0.00024978331521144
  0.00025953270622884  0.00027241992012024  0.00028492618864757  0.00029789507637358
  0.00031210574407083  0.00032659492642740  0.00034210577454360  0.00035954420834809
  0.00037767294214740  0.00039699065010384  0.00041672459986592  0.00043603885214964
  0.00045654732867098  0.00047706963850105  0.00049599111129359  0.00051672861025488
  0.00053795794607774  0.00056175342684574  0.00058973096996145  0.00061858585152123
  0.00064855426583402  0.00068041905157194  0.00071441041272234  0.00075594236666359
  0.00079455866538144  0.00083769865372079  0.00088555609735404  0.00094073003163253
  0.00099923099772954  0.00105629861421716  0.00111589213809359  0.00117912790143311
  0.00124546391985844  0.00129760397647992  0.00135616420520363  0.00142443202163854
  0.00151207935223857  0.00161486184088310  0.00172056713109666  0.00180906854269910
  0.00191473488044760  0.00205217187342174  0.00220684972512660  0.00238558206582653
  0.00257553115539145  0.00285345033809767  0.00316826002047790  0.00345126463825041
  0.00372837262853522  0.00392593417850612  0.00415535324075353  0.00442713162155499
  0.00475746090647615  0.00522949555997004  0.00571084385288060  0.00628315009769669
  0.00808300578191243  0.01232314383500844  0.14569611428939039  1.00000000000000000
  0.00000462337695394  0.00000519825909936  0.00000583014449264  0.00000629667695916
  0.00000672846005211  0.00000710298044542  0.00000748302321999  0.00000792464605456
  0.00000831457748253  0.00000864953795365  0.00000899572174051  0.00000935026380192
  0.00000976641479143  0.00001019082543645  0.00001053112117918  0.00001085325707865
  0.00001119101646736  0.00001159818778731  0.00001206783886914  0.00001258445601916
  0.00001316023552418  0.00001377932147885  0.00001446363822036  0.00001527418029682
  0.00001612691882529  0.00001691612143324  0.00001768632884742  0.00001849747601010
  0.00001950464906329  0.00002062353618660  0.00002181307496709  0.00002296555231363
  0.00002419916943698  0.00002550737886046  0.00002681716380721  0.00002826414568927
  0.00002993674784345  0.00003166942221488  0.00003352934952811  0.00003545974441201
  0.00003740858022949  0.00003941770573522  0.00004131556852452  0.00004324945261557
  0.00004541374483684  0.00004771166482954  0.00005014122603008  0.00005251920074516
  0.00005481326388674  0.00005773259994786  0.00006087723199548  0.00006491341115836
  0.00006976257073308  0.00007512868168795  0.00008135800456941  0.00008804067457171
  0.00009571310223862  0.00010414167917511  0.00011248439026795  0.00012154390913171
  0.00013152335948173  0.00014327707244802  0.00015668336671289  0.00017116596070822
  0.00018703546728089  0.00020130766406493  0.00021648146778014  0.00023214729949837
  0.00025255725037623  0.00027437050412520  0.00030099292479858  0.00033708566607857
  0.00038181494447788  0.00042294717674926  0.00046912482506563  0.00051897358129933
  0.00057704322565234  0.00063809126895066  0.00070799066579616  0.00079503404589776
  0.00091120285980543  0.00103236109419382  0.00116930530901184  0.00134487272592562
  0.00154780734140252  0.00179977743480057  0.00220027222511797  0.00278663780636839
  0.00331901397757175  0.00392296601235782  0.00481681186746904  0.00606826172014013
  0.00895178223807478  0.01609111577858125  0.03364042776595960  1.00000000000000000
 -0.00152673437394362  0.00632868121606147  0.01393689223191424  0.02012996188651213
  0.02632204293519685  0.03461312196737161  0.04308120903742578  0.05222818832151184
  0.06118342987973150  0.07042872079535638  0.07983132025557388  0.08990771074624794
  0.10080664189463870  0.10869412912074004  0.11694458748604003  0.12554972500246403
  0.13594531703818982  0.14574328643407000  0.15524301112101233  0.16493268492647131
  0.17650946777022977  0.18891290836621921  0.20155020656646253  0.21325934004676098
  0.22400498957771384  0.23466165412829998  0.24547283614457446  0.25630542161589898
  0.26694174519728403  0.27804586359785216  0.28971730160154135  0.30190206395927893
  0.31480365376393232  0.32586214458474122  0.33656944945950351  0.34728430268180138
  0.35950336803207095  0.37256887468000965  0.38555104148837399  0.39855974329829441
  0.41218487724389297  0.42597144238731555  0.43891815965393227  0.45135619552021383
  0.46325029344370222  0.47501556867908545  0.48662350291473855  0.49777810858929888
  0.51155625834079177  0.52554909923696125  0.53918715805855133  0.55271196385670884
  0.56733034581666542  0.58316844991925987  0.59866092882688848  0.61112136025851005
  0.62062935889548998  0.62961698594861637  0.63798519403014264  0.64584706076332266
  0.65442838453913810  0.66342641720195739  0.67608504729441887  0.68783370332928484
  0.69632577907896498  0.70571113567080868  0.71412053158993760  0.72470175688805816
  0.73434863492038649  0.74387986313439147  0.75284281499847616  0.76279676397206952
  0.77407053916698521  0.78612884769095326  0.79691694104732558  0.80759355412063116
  0.81677915127002965  0.82521781070967748  0.83381362427023009  0.84313551889478500
  0.85473032874970678  0.86485393750239514  0.87499353594472074  0.88421684270421652
  0.89241997103717408  0.90078999994769338  0.90916769501016925  0.91756230281127993
  0.92562942557547645  0.93297214559185504  0.94184803962593211  0.95261233184170169
  0.96334909213068787  0.97644944012844448  0.98802110148280586  1.00000000000000000
 -0.00232764997397195  0.00965322922999842  0.02099696627579565  0.03300445192524703
  0.04584438111811644  0.05841527322154390  0.07176937115813752  0.08452123839021340
  0.09534117279493336  0.10542093810852972  0.11585937449567435  0.12689538725383384
  0.13727300804392653  0.14596444769424791  0.15469358004017986  0.16338862016965083
  0.17263811506052459  0.18325079399685923  0.19385214946635460  0.20403245553871102
  0.21442274229169087  0.22531773244544046  0.23687007356194553  0.24854663017999984
  0.25963140725220207  0.27013109237176469  0.28025537630788949  0.29012681847585187
  0.30106697245929970  0.31202782799099099  0.32266580710171133  0.33283717112271988
  0.34295798844351671  0.35425960868529227  0.36579402391845639  0.37715991316489045
  0.38856506773358218  0.39992250288761561  0.41097369423757019  0.42189695402694027
  0.43299747873634559  0.44312400287353909  0.45242714919880461  0.46135086078753468
  0.47026657848984144  0.48015677203781570  0.49015801457819197  0.49916607891145920
  0.50823976934181503  0.51689556761494126  0.52618912655993766  0.53549547570694400
  0.54593935990975917  0.55692046281315888  0.56659127041201141  0.57535008703458446
  0.58364843659313148  0.59221500725241305  0.60186188562759468  0.61225955402227716
  0.62292857366302790  0.63351918848754141  0.64368910676671331  0.65485342420368153
  0.66694324952205164  0.68025729571057458  0.69434869352550999  0.70637532009650905
  0.71802282631548831  0.72942416458000903  0.74060028412562040  0.75159426659781270
  0.76308439264032335  0.77500070045010916  0.78754991745075487  0.80041463242482602
  0.81195373374336643  0.82197875444977497  0.83137082331184986  0.84295465170859030
  0.85393843246841505  0.86217040045539040  0.86991249413963689  0.87893361131109715
  0.88898741004199133  0.89810188825042381  0.90666580281290221  0.91633144345579975
  0.92874610116117085  0.94039334759198390  0.94994531490885503  0.95925554189333251
  0.96827370552580283  0.97898005897621454  0.98957212898906988  1.00000000000000000
 -0.00273254175706602  0.01210054403562470  0.02326423215827381  0.03016207371441235
  0.03700304218976851  0.04417168199764706  0.05095860938809086  0.05899862435237170
  0.06603546722132148  0.07232854342923065  0.07798626129760297  0.08271252899150429
  0.08935874256688374  0.09644802323472287  0.10440713659638318  0.11324266997807758
  0.12209375368291953  0.13063209370786455  0.13965436990153102  0.14891940613918581
  0.15831044668574454  0.16738961982084385  0.17418798592322904  0.18055499670003522
  0.18709903443942680  0.19387715033758410  0.20286650666404027  0.21211606949623762
  0.22141722350839688  0.23127891082568283  0.24069552943639341  0.25067175906528683
  0.25884649589838393  0.26672072123607654  0.27524008954336820  0.28392121643448703
  0.29193755288631701  0.30018590902485287  0.30883341875122672  0.31770174610195068
  0.32738337158354475  0.33782128682841667  0.34912403050475094  0.36049925137838695
  0.37132150576115908  0.38161780074987439  0.39200352140776235  0.40337829843492573
  0.41456963386215889  0.42476184147462820  0.43460938298621532  0.44429328532971618
  0.45497886882787592  0.46662605298051457  0.47770686022085784  0.48867055589505309
  0.50103637309346505  0.51450727327605239  0.52870563779170887  0.54242343976236729
  0.55415095391323144  0.56510619021506370  0.57563110607130896  0.58554241840780896
  0.59567693692573642  0.60666367678832422  0.61821771613663434  0.62946402453224326
  0.64107528128978786  0.65344672166592255  0.66672418716153026  0.68150136933257266
  0.69652283110411073  0.70961568281924048  0.72132970698382648  0.73327361467869789
  0.74525989347858312  0.75728268686669375  0.76939501352024808  0.78399649193258247
  0.79813172705990121  0.81077340304021861  0.82326480859709639  0.83654547922199995
  0.85153977915720225  0.86721453844894392  0.88224928724680252  0.89546411946931470
  0.90825187825102471  0.92091082225232823  0.93407018584875956  0.94715326842131808
  0.95992807361091026  0.97419205144808751  0.98738042528182390  1.00000000000000000
 -0.00199222563322910  0.01040867477581340  0.01946429410421024  0.02727041023712462
  0.03513120213287793  0.04408193381883560  0.05397018805442481  0.06388512170533585
  0.07324300562019849  0.08177821572655868  0.09217489556333663  0.10386073013581117
  0.11625188862918634  0.12702271237029028  0.13720343332428611  0.14730441721927379
  0.15963517949702724  0.17071855522293511  0.18087736843468591  0.19103869728695019
  0.20221344149303910  0.21351819176140466  0.22351918851964625  0.23270010607607194
  0.24203999544180421  0.25224682170326890  0.26342605990262324  0.27586838556206145
  0.28826276928855482  0.30011234185641761  0.31159174190896399  0.32272639048018015
  0.33334661539534960  0.34330654783139219  0.35322487819931492  0.36237797181482539
  0.36945189076815960  0.37792408018573292  0.38680842551467537  0.39660223461709615
  0.40838167500959693  0.42084252508404113  0.43369728657264223  0.44588964714996970
  0.45696176913218373  0.46611469960462149  0.47500335183946280  0.48427730281107079
  0.49523629651372408  0.50593826519333274  0.51559946377506427  0.52601912041135601
  0.53689890326017120  0.54853059223188472  0.55825871765614088  0.56880135055210668
  0.58078003681429136  0.59243608454425500  0.60298294664830432  0.61250063782170805
  0.62179019199210706  0.63137530889550353  0.64121898483467088  0.65140854344170618
  0.66154648246541725  0.67291831897447152  0.68466673223689778  0.69790352098094111
  0.71161896153233428  0.72662104934385485  0.73977751890539467  0.75115081984180543
  0.76026683486545299  0.76942868477473170  0.77919443594882920  0.79052113083848830
  0.80180940425454528  0.81212693869585773  0.82200191122365407  0.83230851828377517
  0.84327745194722414  0.85481822196776169  0.86574775437755258  0.87647444718236078
  0.88859416109286626  0.89868273886362704  0.90743272528818852  0.91562119985570267
  0.92466017361989217  0.93469935504198887  0.94514634782457874  0.95546910721319844
  0.96576133781849849  0.97648310508258818  0.98725802440781096  1.00000000000000000
 -0.00259258774977373  0.01210999018542930  0.02509286156189059  0.03872814159357947
  0.05413453474043040  0.07042690950306524  0.08624282187406648  0.10114559858338075
  0.11593887074736024  0.13104254052357028  0.14532103656341644  0.15849252647863127
  0.17097347131557372  0.18408991613287748  0.19667015808858299  0.20924993641932310
  0.22271279112637934  0.23657375961259750  0.25041030578603390  0.26283830288132687
  0.27487803054530940  0.28698846396397976  0.30117802404551702  0.31549627971071997
  0.33018540990545953  0.34305792439703120  0.35588691051477445  0.36781889691816577
  0.38018183271268902  0.39352431933487969  0.40609231614688296  0.41827845780090961
  0.43067852248724880  0.44303218652497778  0.45533204013193757  0.46725162237633594
  0.47841486134100231  0.48802228907689232  0.49766526353571111  0.50797897339568954
  0.51961598316337598  0.53003288225392320  0.53971363685398532  0.55016637421062387
  0.55932568938404514  0.56923041486963466  0.57909191116868264  0.59162937340612876
  0.60641985103474971  0.61894823989150560  0.63043923730092799  0.64074304255389780
  0.65049914240435147  0.66128468054456990  0.67242440667255277  0.68347796660012028
  0.69413198468258464  0.70297443522527581  0.71264837462222497  0.72274785082019821
  0.73306166922918048  0.74168700068510451  0.74979036742656691  0.75765140896088456
  0.76563730416935483  0.77494502047734160  0.78419657463886738  0.79361023258630015
  0.80308122366746704  0.81223110146666555  0.82285425078604135  0.83445934028139024
  0.84570512005978171  0.85589844341396570  0.86296386804867664  0.87065801673430787
  0.87822622448810128  0.88570093370677783  0.89299502045235768  0.89980939493025058
  0.90592171966656898  0.91235865105728176  0.91813536535397033  0.92366130002396518
  0.92938505520655146  0.93549468144136838  0.94149253850048975  0.94757307350110165
  0.95355858947994665  0.95930928274925054  0.96441994026580313  0.97060299952467977
  0.97718303162738307  0.98446557142990432  0.99191977039840484  1.00000000000000000
 -0.00206697269563165  0.00957818373544378  0.01931424222866657  0.02960089270167796
  0.03994185610261330  0.05021020463021782  0.06144022538576230  0.07242222501432663
  0.08477161723049451  0.09682202483120703  0.10735858378798448  0.11755037944632657
  0.12731003279760755  0.13810697001320490  0.14868624945613290  0.15890652176082820
  0.16803428900353526  0.17725540600351800  0.18671099594872240  0.19608685829166897
  0.20577562738780364  0.21557451951009193  0.22550976579686999  0.23523405333150896
  0.24411802357341042  0.25307074312608013  0.26228017663559783  0.27278790718103585
  0.28415450603373804  0.29533843721667447  0.30620928345356002  0.31635386258745335
  0.32730216012993663  0.33857989524709320  0.34997728994110078  0.36173754337579067
  0.37220620056231757  0.38375113091905810  0.39505666613517321  0.40667233189778684
  0.41816725010733863  0.42969629947549304  0.44164768257975950  0.45437704475136953
  0.46633721082932894  0.47753000776758936  0.48857810865663176  0.49895196992079710
  0.50828502963795985  0.51663097391398627  0.52617685265450465  0.53655066910859384
  0.54805550936014091  0.55911814150624939  0.57108491041642229  0.58192292075263885
  0.59358882334750196  0.60463018465093632  0.61432529140117986  0.62386476155741899
  0.63409016843731825  0.64615978714342504  0.65883545404968924  0.67041798154050003
  0.68132051963610119  0.69145569224597514  0.70192272003385914  0.71327087717648396
  0.72485915960556258  0.73675405465554911  0.74838593539950282  0.75926344272324864
  0.77154828071954906  0.78295056398469276  0.79452156047313327  0.80406404306044998
  0.81311949069269063  0.82311535126571722  0.83276266197404203  0.84266693232326406
  0.85235349835934859  0.86152603669181627  0.87040758505927829  0.87966521044841584
  0.88882680788024471  0.89793889652434900  0.90828767581590675  0.91937605826593072
  0.93151936477113573  0.94144657905025864  0.95120121150207926  0.96037972594290122
  0.97048050685658460  0.97968391775832375  0.99010744389030703  1.00000000000000000
 -0.00236861633640441  0.00985034223247346  0.02136597721844997  0.03163393294681653
  0.04311142128449534  0.05469955166556117  0.06534889907595491  0.07556717514623580
  0.08461050591375033  0.09433761864594283  0.10631433240258481  0.11856968329635208
  0.13012339168428283  0.14101669767281916  0.15171472046930082  0.16368765491961576
  0.17361538251545844  0.18258285918739406  0.19130401531283486  0.20054461624690897
  0.21007378506511873  0.21849070621379701  0.22544073303205020  0.23270053001639165
  0.24084241226812636  0.24999264679864774  0.25981736145263434  0.26900435655792654
  0.27921769915093614  0.29058509819053874  0.30101648119895053  0.31072436643093682
  0.32032120045382351  0.33063551713054107  0.34050890833361436  0.34966301816364870
  0.35845522284305958  0.36664928078901821  0.37476543329136380  0.38324985052423299
  0.39276450783590050  0.40457518504072959  0.41765246625765012  0.43067665238012148
  0.44316681387867535  0.45509887439932722  0.46662180243445517  0.47820099023643842
  0.49060908997520547  0.50310452251772997  0.51566403335927125  0.52813088097783878
  0.54077726999148135  0.55279947771582483  0.56541684990426189  0.57703780055100062
  0.58721596881628380  0.59683706731029984  0.60659545650136948  0.61667045613577787
  0.62667300293006023  0.63680332560605912  0.64721861480153620  0.65771440153795713
  0.66856245012581639  0.67888153006411944  0.68969140741905277  0.70231721514059897
  0.71550523523658538  0.72787957487376254  0.73778539591614301  0.74582703591799737
  0.75405998229261728  0.76268760928801627  0.77287373262127246  0.78451003017099308
  0.79649591860800728  0.80830945606308091  0.82038505343890389  0.83340719305602939
  0.84652588624664016  0.85971560196558694  0.87118058193295667  0.88083296409465905
  0.88886585950028996  0.89651710350182579  0.90500699623980352  0.91512603207156740
  0.92474802228527520  0.93383810183260030  0.94363824403429586  0.95420542586107338
  0.96408296734583976  0.97369021025290103  0.98484746020234304  1.00000000000000000
  0.49177178342707434  0.53382329762512504  0.55644980116584630  0.57735226768681669
  0.58853989315250532  0.59599042348165332  0.60481767068239345  0.61779801998688177
  0.63252600608216913  0.64528150316285937  0.65670576779189826  0.66790097198734300
  0.67719436983497761  0.68684227488747629  0.69505826425893136  0.70272859915009778
  0.71007545455947851  0.71711454964716448  0.72397674906068876  0.73060217835829333
  0.73788938398394111  0.74586434778975941  0.75283722573483103  0.75839322000529974
  0.76385779483431726  0.76937091974272509  0.77505056597182842  0.78012526369835222
  0.78543262528513158  0.79095492349502194  0.79662531721655416  0.80190775460040042
  0.80706416834575234  0.81198277010363096  0.81717754106438978  0.82264009727866205
  0.82785322817125029  0.83267975150970264  0.83746904968940949  0.84196011761846434
  0.84625886088541491  0.85041566261053025  0.85472262339254002  0.85897735303288780
  0.86280938135762419  0.86646598953720944  0.87019778924536939  0.87442314753688699
  0.87880655408128017  0.88285556973955648  0.88662363883839579  0.89010524175475325
  0.89368470730022997  0.89709078951951216  0.89994953065740357  0.90258539975217145
  0.90532251211138104  0.90815018638476175  0.91133340107413685  0.91456100242621463
  0.91749930795390466  0.92026329637044235  0.92308716494114451  0.92599409014298795
  0.92890192243933589  0.93183841151532909  0.93475907595285535  0.93760224790717883
  0.94031220333175713  0.94292382291514931  0.94551244706826831  0.94775650618705876
  0.94983530169864461  0.95184877716188165  0.95388205554068706  0.95592193912776258
  0.95782228289198623  0.95978729317592759  0.96187350778779757  0.96401217833011854
  0.96626990318656358  0.96849840474560123  0.97060077820681689  0.97262152617205888
  0.97458515975546856  0.97657805851043966  0.97864821555524950  0.98079058173776579
  0.98299822720615337  0.98533666840666889  0.98782153824651620  0.99021750568571576
  0.99242884762927852  0.99500785821936877  0.99753905302741419  1.00000000000000000
  0.05190229143987724  0.11048850761968063  0.13405648875323195  0.14981377433629092
  0.16162264416800123  0.17187188532701936  0.18101115577096452  0.18855251939146511
  0.19566826497820219  0.20225560584263974  0.20860135717085029  0.21477069815634542
  0.22109549383927782  0.22761530721188988  0.23412113134461204  0.24065930036678326
  0.24741582258002509  0.25369566584060588  0.25924350207912694  0.26452016912674781
  0.26954193808547000  0.27447001110504754  0.27920583870603610  0.28422865783606882
  0.28939076656830010  0.29438620027937185  0.29930344083207938  0.30379735655394496
  0.30781098562058340  0.31167314600717744  0.31579021186422723  0.31944784273452392
  0.32311804052033416  0.32689531611752992  0.33092044480553701  0.33566151824122820
  0.34026861836012323  0.34490138695407863  0.34980010211909202  0.35470433394165690
  0.35919564968684276  0.36401850095899618  0.36871681075333002  0.37367332907374418
  0.37858681540776851  0.38361355479514181  0.38900396089566397  0.39494756458982883
  0.40109209819586561  0.40695853595663806  0.41294955636859054  0.41894418853547039
  0.42428413827997569  0.42888945472185847  0.43357707465521783  0.43852041860327656
  0.44358500146531460  0.44814823131191694  0.45221147045159205  0.45619579189963538
  0.46107496089537953  0.46639026167390074  0.47145779966978191  0.47623037593480472
  0.48066926456770032  0.48531516785066547  0.49109462236486306  0.49711202614486549
  0.50351897474688689  0.51021478954400867  0.51697550441839091  0.52335523756511348
  0.53018488845270384  0.53707621243972137  0.54479808053428214  0.55243353803045225
  0.55991451968782524  0.56769443612133175  0.57592668684167059  0.58473110271929851
  0.59395701863038197  0.60400816978561900  0.61537581919801621  0.62744651607197921
  0.63864249318411181  0.64946205005368429  0.66027841636361662  0.67033511480085495
  0.68194677646384072  0.69521996017236187  0.71070813250229836  0.72822031674775234
  0.74914380831810090  0.78028911930703415  0.83071655163179092  1.00000000000000000
   2.9420880329383097E-005  -1.0000000000000000     
 F F F F F F F F F F F F F F F F F F F F F F F F F F F F F F F F F F F F F F F F F F F F F F F F F F F F F F F F F F F F F F F F F F F F F F F F F F F F F F F F F F F F F F F F F F F F F F F F F F F F F F F F F F F F F F F F F F F F F F F F F F F F F F F F F F F F F F F F F F F F F F F F F F F F F F F F F F F F F F F F F F F F F F F F F F F F F F F F F F F F F F F F F F F F F F F F F F F F F F F F F F F F F F F F F F F F F F F F F F F F F F F F F F F F F F F F F F F F F F F F F F F F F F F F F F F F F F F F
  <DiscreteSampler_grid>
  grouped_processes
  1 # 1 for a reference and 2 for a running grid.
  10 # Attribute 'min_bin_probing_points' of the grid.
  1 # Attribute 'grid_mode' of the grid. 1=='default',2=='initialization'
  0.0000000000000000 # Attribute 'small_contrib_threshold' of the grid.
  0.5000000000000000 # Attribute 'damping_power' of the grid.
 # binID   n_entries weight   weight_sqr   abs_weight
    37   10   1.055753524825712E-001   2.668871112606315E-002   1.055753524825712E-001
    38   10   1.055753524825712E-001   2.668871112606315E-002   1.055753524825712E-001
    43   10   1.033793296448970E-001   2.605739003132814E-002   1.033793296448970E-001
    44   10   1.033793296448970E-001   2.605739003132816E-002   1.033793296448970E-001
    46   10   6.258344655980796E-002   8.438307147484714E-003   6.258344655980796E-002
    47   10   6.258344655980794E-002   8.438307147484714E-003   6.258344655980794E-002
    58   10   1.975350163480340E-001   1.400044307523988E-001   1.975350163480340E-001
    59   10   1.975350163480339E-001   1.400044307523988E-001   1.975350163480339E-001
    61   10   2.636912955081540E-001   1.423948452109024E-001   2.636912955081540E-001
    62   10   2.636912955081536E-001   1.423948452109022E-001   2.636912955081536E-001
    64   10   2.802468927659112E-001   1.717859848746991E-001   2.802468927659112E-001
    65   10   2.802468927659110E-001   1.717859848746989E-001   2.802468927659110E-001
    79   10   6.258344655980796E-002   8.438307147484714E-003   6.258344655980796E-002
    80   10   6.258344655980794E-002   8.438307147484714E-003   6.258344655980794E-002
    124   10   1.975350163480340E-001   1.400044307523988E-001   1.975350163480340E-001
    125   10   1.975350163480339E-001   1.400044307523988E-001   1.975350163480339E-001
  </DiscreteSampler_grid>
