  0.00345941663695046  0.01367223682542980  0.02544321568687045  0.03695010768914571
  0.04762004325299712  0.05744316074221151  0.06803446335976923  0.07951986475228440
  0.09107722823916289  0.10186319232088331  0.11200681138500186  0.12207730230894127
  0.13270132968619314  0.14403363354814927  0.15570870358309860  0.16681063902841575
  0.17839187745880644  0.18955920420165850  0.20031404891875890  0.21092878681105767
  0.22188088341174525  0.23318975703875786  0.24326624495370261  0.25323739081104424
  0.26357542171469039  0.27376998071419573  0.28304469037530106  0.29181540296607206
  0.30105400131237814  0.30986137212597953  0.31883418516390422  0.32774166509263664
  0.33772625698535180  0.34894018303773311  0.35988501678092044  0.37094686282003853
  0.38170852432915986  0.39230825236912942  0.40310570028264575  0.41419622441393955
  0.42498168877065939  0.43468181246613097  0.44453484766683338  0.45514022871360504
  0.46628453194516101  0.47758221409761031  0.48821712081966417  0.49916260766594950
  0.50925311094583381  0.52032081711618916  0.53127747593766506  0.54311642970909302
  0.55319498268955469  0.56295871715152357  0.57219488792228235  0.58219292176898740
  0.59331138518775195  0.60481067761984031  0.61636661301085083  0.62733817715574114
  0.63840356000854948  0.64956355561375190  0.66071921279132939  0.67160305741545268
  0.68202164898995943  0.69156877818559970  0.70103264530972631  0.71116553741820143
  0.72185623649124242  0.73223060759811220  0.74195281245978262  0.75190763738095345
  0.76301649779139902  0.77402911689026144  0.78504983887521029  0.79622574258630152
  0.80768079267342452  0.81858515776827256  0.82864123417782753  0.83830117916221092
  0.84791684589670646  0.85799252186895558  0.86875515879227871  0.87962447035526736
  0.89060667530834237  0.90162473804190912  0.91299043083847109  0.92385575454961522
  0.93412558487141206  0.94412758843670230  0.95401727319955221  0.96390054638162503
  0.97345139716254903  0.98306364640525268  0.99258800428650851  1.00000000000000000
  0.00308929623925566  0.01319774099360806  0.02565390544675828  0.03772194544699856
  0.04920356490725904  0.05974337796395273  0.07038488775361126  0.08098489524347512
  0.09134894923661384  0.10171073148540392  0.11260300771906021  0.12408215240073464
  0.13575641227033883  0.14742438783747336  0.15894683030636064  0.17012224479215682
  0.18065967135568448  0.19094241067535458  0.20126794225746958  0.21122789042177961
  0.22097561902829671  0.23037972132779147  0.23954008315437469  0.24872646787483788
  0.25824658453883359  0.26846837612482793  0.27864976326737340  0.28830230864083045
  0.29765545476604205  0.30695658006698212  0.31615913708173515  0.32515018623532976
  0.33470150147466188  0.34539604072392877  0.35728177973466557  0.36969709990078170
  0.38181445067586334  0.39327867769223251  0.40403448273385539  0.41371297529980050
  0.42261582475923798  0.43138197199973644  0.44075116391207553  0.45090994822453079
  0.46147006647518063  0.47188562719629557  0.48181426637156538  0.49143804823276077
  0.50101942730561955  0.51130377510760827  0.52203009137761691  0.53331738715141963
  0.54461002984751405  0.55556654063360844  0.56631384262399287  0.57672430119096973
  0.58717993212341546  0.59754782156362030  0.60753362094019980  0.61779335289091408
  0.62820052097440915  0.63893956940606234  0.64961422245642741  0.65979910354527482
  0.66975307425070041  0.67983558476275285  0.69005621395804495  0.69995118131539613
  0.71019936376196591  0.72092267307682978  0.73235662579837657  0.74340813390184712
  0.75436620106466712  0.76503220299659191  0.77552018290827340  0.78569406796777741
  0.79590106777452307  0.80643509157863547  0.81760578500399950  0.82875666910503543
  0.83927423880604213  0.84937197813255250  0.85937922092566854  0.86953257825482888
  0.87954660764707104  0.88947958458962029  0.89935936058711086  0.90978794571573085
  0.92087353036907782  0.93186608812197058  0.94239610219640846  0.95243093197214590
  0.96220494443748006  0.97203269083727184  0.98174129420130041  1.00000000000000000
  0.00011860474850367  0.00016193442891135  0.00018507291695513  0.00020290360444373
  0.00021695349352202  0.00022931147430286  0.00024123860577243  0.00025279653823606
  0.00026349429658578  0.00027414009135789  0.00028476279351110  0.00029560679187333
  0.00030624286183534  0.00031688759340213  0.00032802362462404  0.00033967485186156
  0.00035196191178574  0.00036456661090674  0.00037696286677670  0.00038962085866225
  0.00040298550488944  0.00041618220012250  0.00042963333851871  0.00044360315968552
  0.00045819270905936  0.00047359689894476  0.00048993964983089  0.00050667036548887
  0.00052269611065958  0.00053807097026419  0.00055367474991972  0.00057018274495300
  0.00058727977145626  0.00060482170931214  0.00062348174681152  0.00064318382468059
  0.00066386359152567  0.00068571498252970  0.00070866783582306  0.00073176645680300
  0.00075480242725755  0.00077933473898912  0.00080527189690413  0.00083233165587340
  0.00086204123986810  0.00089451535544619  0.00092543973355967  0.00095454402629887
  0.00098700936930588  0.00101895185840005  0.00105251192920771  0.00108542451739172
  0.00112118832099371  0.00115948102349794  0.00120193546376259  0.00125257321369103
  0.00130336971565232  0.00135474610558452  0.00140450632760510  0.00145422099123618
  0.00150528176451021  0.00155839881201718  0.00161079846920006  0.00167106613925528
  0.00173122746540436  0.00179919087451257  0.00187474048964292  0.00196363087044028
  0.00205772438804618  0.00215771213080281  0.00226654621573844  0.00238700517114010
  0.00251335551439380  0.00263417794489339  0.00275812260063009  0.00287813745046180
  0.00300208166575893  0.00313707272417983  0.00330598711778620  0.00348610702061327
  0.00366796794973753  0.00382658759028520  0.00398815264027102  0.00417639971822250
  0.00438884554210439  0.00464900917006103  0.00495346727751905  0.00536823923617303
  0.00583320128555092  0.00632026762257800  0.00684101749183367  0.00741178161205929
  0.00813125447987821  0.00920761112253165  0.03519366478479416  1.00000000000000000
  0.00000380566649257  0.00000478689775325  0.00000505487819338  0.00000531363578461
  0.00000557229371787  0.00000582923681228  0.00000611388561268  0.00000643733224810
  0.00000681007413426  0.00000728263158065  0.00000779613874764  0.00000835440857114
  0.00000894423083255  0.00000957974354565  0.00001028288656022  0.00001104673021244
  0.00001187839746718  0.00001277629013241  0.00001375458987063  0.00001490246364723
  0.00001621614003466  0.00001760477299310  0.00001909608147298  0.00002071743789972
  0.00002249427136139  0.00002440531206552  0.00002650710434031  0.00002884060048846
  0.00003142912632950  0.00003412729139837  0.00003703400576851  0.00004023374303547
  0.00004384521768109  0.00004765677285241  0.00005183481447089  0.00005627387009043
  0.00006102810578478  0.00006624008116311  0.00007218071297170  0.00007852294565559
  0.00008531351423395  0.00009228668740692  0.00009987441233435  0.00010800441484361
  0.00011713426931126  0.00012707858139866  0.00013729226922974  0.00014792303343303
  0.00015891973101910  0.00017057348401823  0.00018241196222618  0.00019456390595710
  0.00020745490417179  0.00022165705308526  0.00023776162793995  0.00025473807947869
  0.00027242284160499  0.00029172159225478  0.00031337793899331  0.00033675949949860
  0.00036011315255955  0.00038390046902279  0.00040824682505133  0.00043377574736166
  0.00045979084911734  0.00048804016255733  0.00051835561000309  0.00055243631939351
  0.00059113165708395  0.00063053417495148  0.00067058312960452  0.00071263356508941
  0.00075907331137963  0.00081190768869204  0.00087029288742317  0.00092883165812115
  0.00099349607760887  0.00106845415857820  0.00114752545268446  0.00123523489611972
  0.00132876123023077  0.00143310999640042  0.00156091433107663  0.00171808167753532
  0.00189100660797695  0.00208704931501130  0.00230895637588505  0.00255165819877624
  0.00289240775821803  0.00333777448844373  0.00396882876047602  0.00470953486933075
  0.00559774993634144  0.00765057963119209  0.13408486465182598  1.00000000000000000
  0.00000353589894935  0.00000400648557667  0.00000432500311343  0.00000469479475118
  0.00000512008082376  0.00000559706788720  0.00000612124392616  0.00000670328844744
  0.00000733189827617  0.00000801066227487  0.00000876189631825  0.00000955009008905
  0.00001036682302734  0.00001122506104309  0.00001211926965039  0.00001311065237035
  0.00001418221695998  0.00001535359316274  0.00001662183535554  0.00001795542740456
  0.00001946253823746  0.00002124105128154  0.00002319370508945  0.00002534633330219
  0.00002777826956586  0.00003054079983910  0.00003353137026187  0.00003668358697606
  0.00004000958655646  0.00004356463685490  0.00004743372766795  0.00005187969278431
  0.00005684973654722  0.00006202608075042  0.00006732777701151  0.00007289392559194
  0.00007889444734450  0.00008531790915757  0.00009204711672088  0.00009918156732406
  0.00010698687389609  0.00011591632975895  0.00012555875961145  0.00013582786497383
  0.00014704793407790  0.00015864249335588  0.00017089590390023  0.00018308861939424
  0.00019633068407421  0.00021012377939395  0.00022546302339553  0.00024247651370987
  0.00026126579922650  0.00028221984454989  0.00030398691647855  0.00032785800719363
  0.00035325866193923  0.00037950598785372  0.00040686303335726  0.00043535650447287
  0.00046693712871748  0.00050242980298697  0.00054063613858630  0.00058400492059689
  0.00062135538986274  0.00066901834695724  0.00071732380345254  0.00077595002045128
  0.00083992703487446  0.00090920370051842  0.00098397067601722  0.00106714863768696
  0.00116282216542428  0.00126200314494710  0.00135548244420557  0.00145041602888622
  0.00155772956745490  0.00169385926178333  0.00187485657653338  0.00208139666125130
  0.00227879870619846  0.00249826493137323  0.00273974960629222  0.00297466950208139
  0.00318026091950612  0.00349003984682641  0.00387350696673761  0.00442937377900725
  0.00507658241064566  0.00585171180171205  0.00711459245374977  0.00836385494822622
  0.00944301452430435  0.01470440091510077  0.02196801096075137  1.00000000000000000
 -0.00180794069719223  0.01139002563285321  0.02305069583973253  0.03336893049190470
  0.04384658092239314  0.05357336604985422  0.06401039505571135  0.07421552924662096
  0.08494412307532700  0.09639195439099221  0.10873466337045913  0.12082229915769593
  0.13175955182209440  0.14177063543050084  0.15171139841980913  0.16220163427329054
  0.17309308429137796  0.18341997747242575  0.19321600063566718  0.20302641149516729
  0.21312363888609751  0.22265119688715898  0.23201092539104556  0.24140546771073024
  0.25089182597050441  0.26028197745233300  0.27031666976777086  0.28071385373353008
  0.29066054342716768  0.30038937662697579  0.31031257383670952  0.32096812450997347
  0.33192058150207510  0.34303217656932738  0.35408659775604606  0.36468521247057106
  0.37466753017808940  0.38441690810295626  0.39436142308395067  0.40478455120073198
  0.41540314344171847  0.42594282693696428  0.43638865431033275  0.44699188244759186
  0.45804735157812360  0.46919280592069146  0.48000310151603198  0.49037399902254469
  0.50117435780602060  0.51247355851466192  0.52381895596040307  0.53444360129908552
  0.54449905900341078  0.55450532247368378  0.56477245539616427  0.57551221266838315
  0.58613005710111010  0.59668076992196351  0.60694082673009753  0.61730595767138619
  0.62732270189624695  0.63689744395401249  0.64637142979041662  0.65589123654462445
  0.66547271095197291  0.67507547420270242  0.68499619933425726  0.69570656840132195
  0.70692406518562401  0.71805203775944526  0.72918715253390964  0.74039495622224527
  0.75147555106423081  0.76225373017860321  0.77271255131492400  0.78320353146678279
  0.79420595560714868  0.80548591691196025  0.81654333989451910  0.82719483500203461
  0.83780914133635931  0.84817196040732190  0.85795304915787973  0.86762195859695135
  0.87747962633150978  0.88884190222136328  0.90018465802500314  0.91109736065515390
  0.92152848108837671  0.93194238865355128  0.94292661242507558  0.95431743511369349
  0.96634158032361062  0.97773614841023437  0.98889021506824226  1.00000000000000000
 -0.00228008188081575  0.00993243531497915  0.02022535724567098  0.02973858235644163
  0.03970556245192285  0.04955496874494430  0.06022064352917957  0.07081566300994051
  0.08188026536118255  0.09376768419004924  0.10512526898321048  0.11544923055267277
  0.12494784585392188  0.13453417558455488  0.14491377733626598  0.15552040663164080
  0.16599242563096539  0.17643554103997988  0.18684193910689675  0.19722905186295403
  0.20748741406584398  0.21817831092990117  0.22911169143083082  0.24005029093776181
  0.25054415713281464  0.26053087442748013  0.27062263808662318  0.28101874004388150
  0.29140278993610452  0.30115302131605459  0.31053083136589782  0.31994516235659448
  0.32975434361472766  0.34006408901637475  0.35113934601953023  0.36170426050863969
  0.37152641923113844  0.38068910894688668  0.38995502880248206  0.39971482712418566
  0.40997817401665487  0.42031980659463819  0.43072702822424808  0.44153224699864102
  0.45258178908743563  0.46350322911562203  0.47397953600148884  0.48465112416679007
  0.49564911215556601  0.50697399176411984  0.51820793552576483  0.52895889667069940
  0.53963888028258422  0.54959726466994918  0.55958552425598285  0.56944010805318201
  0.58014625576923939  0.59122882113618724  0.60216249990826398  0.61324271355721860
  0.62461568250325272  0.63577823408963241  0.64637569824896535  0.65686602444131992
  0.66800444516483448  0.67999578078073775  0.69159172367815680  0.70223843330435687
  0.71276483307895189  0.72313964904827222  0.73396328606898353  0.74473331246383823
  0.75569957838077628  0.76651230005874393  0.77727892114143082  0.78802415285199645
  0.79924213692841029  0.81084070277585651  0.82392137723417802  0.83664485095816954
  0.84867752409728858  0.85919940046683008  0.86877035475939790  0.87843655774045359
  0.88874044182128131  0.89903695887839952  0.90929920324511992  0.91942307063657913
  0.92982368781756564  0.93971633786683306  0.94922837288997242  0.95853004691167354
  0.96809061920474671  0.97822525027933993  0.98916013983024798  1.00000000000000000
 -0.00298774982608576  0.01186122430412578  0.02350022270108977  0.03481187789552784
  0.04636330084419839  0.05823846611771581  0.07008624240263320  0.08163119094989274
  0.09241910219006952  0.10309989776996224  0.11416249256705951  0.12545851213672379
  0.13539316683582564  0.14495353572189332  0.15537121535347773  0.16608027768500450
  0.17629034840434299  0.18568681949530916  0.19597238543508155  0.20642081021866085
  0.21660224691661464  0.22698898762454164  0.23751014832131645  0.24843040325505425
  0.25865789880813356  0.26877481181696211  0.27904352869641919  0.29013911548373272
  0.30079079538461823  0.31127196023232806  0.32136378138489585  0.33145113712222768
  0.34101677213393217  0.35029856897550044  0.35943170295678295  0.36900263342971884
  0.37912532898045098  0.38924738286243016  0.39954663594481754  0.41022459630270669
  0.42120731186885890  0.43196488602706190  0.44192759623812183  0.45148111688518694
  0.46092310064508946  0.47034004698806503  0.47987590543692715  0.48955575193421219
  0.49992206925281457  0.51070590368551372  0.52163882571259745  0.53187108788899107
  0.54148165981053764  0.55187782593700208  0.56225028781070530  0.57253241476149508
  0.58215809612739677  0.59160160670223094  0.60027569915260026  0.60927185849212262
  0.61859269219611590  0.62946340107483945  0.64105743755698974  0.65241372326248592
  0.66377861898884705  0.67514291075778732  0.68638265446981428  0.69716376501078003
  0.70776396180578982  0.71882996878911276  0.73038751405532487  0.74249371350436300
  0.75458018442815256  0.76661492683346377  0.77804317617229457  0.78854544887733913
  0.79857085750024004  0.80844240350075858  0.81856375565726247  0.82893772887819606
  0.83952808833847192  0.85017682685697205  0.86049479233936177  0.87053450647419506
  0.88035396964478752  0.89008171652574797  0.90000941505451293  0.91037460222409039
  0.92087481301469665  0.93138033759913053  0.94204669287465015  0.95299740062996263
  0.96469052979070835  0.97676347778569050  0.98871138739742348  1.00000000000000000
 -0.00271648384210437  0.01051891914785790  0.02240007200332882  0.03367458392863209
  0.04462267038874855  0.05515535224274755  0.06520325731370723  0.07449690380842265
  0.08442666467980806  0.09442652697429585  0.10525148819556432  0.11568484719374783
  0.12612775242986704  0.13710644385512907  0.14752852152310619  0.15782933993603857
  0.16764498886692250  0.17782913486966312  0.18781115416012328  0.19744937443758515
  0.20705316374784929  0.21744463742618222  0.22864602565521261  0.23952231047842545
  0.25010145989487936  0.26082486231345348  0.27178758033718414  0.28214907678981593
  0.29208952167459162  0.30185550263098349  0.31144778773796339  0.32113720515710259
  0.33126875647642784  0.34178487181870598  0.35196836962247130  0.36168922178145890
  0.37193387435480041  0.38357923755496842  0.39535476491816179  0.40563398830696290
  0.41507003672289872  0.42434032936572175  0.43372048216083647  0.44332415166485378
  0.45347502574603760  0.46447013258481157  0.47575931982834374  0.48685862705947763
  0.49735136617546727  0.50736649428673264  0.51770302481939978  0.52834795218613939
  0.53953191876748730  0.55046808085313803  0.56102771724107658  0.57236552869798818
  0.58434432143433601  0.59677627283479084  0.60828809380786242  0.61947896607943065
  0.63066314116463651  0.64178257520978199  0.65287580997434325  0.66348768559900240
  0.67427246766206195  0.68544120611271009  0.69649821484260011  0.70777309736157190
  0.71819238147343756  0.72959146946737263  0.74136078221467083  0.75249950392222131
  0.76261150980591941  0.77272644233039800  0.78302986021364873  0.79337157645313494
  0.80334236046267016  0.81274911774044312  0.82249105863409222  0.83197931227643396
  0.84247946621990666  0.85307045132822135  0.86329004517596897  0.87349407622995034
  0.88375089417346431  0.89429791742081843  0.90525759404274142  0.91585374392440799
  0.92646179669833217  0.93667577947055081  0.94695214581174947  0.95689036191784149
  0.96795571149964610  0.97858962612618050  0.98962221793905492  1.00000000000000000
 -0.00149638284038312  0.00511129613697302  0.01132052139567715  0.01726653989748624
  0.02350428759296895  0.02994910295383386  0.03657664108295729  0.04349326730098851
  0.05029806970172825  0.05738815609907436  0.06453585030677626  0.07177534331968746
  0.07944951710713950  0.08764885328966046  0.09600056494114435  0.10425014102273256
  0.11308371359302556  0.12219981009938291  0.13161653905021015  0.14108546519363471
  0.15100232106464492  0.16162550501781980  0.17224823102914663  0.18246250023967425
  0.19243285743488073  0.20264537238751631  0.21361854163733593  0.22530338625707416
  0.23754322197839145  0.25022850135929842  0.26337308512750662  0.27640171696983823
  0.28877255229524612  0.30167955046770972  0.31482783099983103  0.32859794266216219
  0.34171285084741793  0.35532545507910990  0.36945440388201256  0.38430171761543452
  0.39894112418348626  0.41346880024102173  0.42759365852219838  0.44095482486007925
  0.45397892619179647  0.46683354033145813  0.48020220038787514  0.49458071987048863
  0.50984846842962639  0.52546971883377191  0.54076020243600043  0.55582492489203950
  0.57094249038469602  0.58564764927911528  0.59865232380109923  0.61106154814745672
  0.62330720970578057  0.63650020290812581  0.65096632873599181  0.66581164073402099
  0.68023635962776641  0.69386905751919137  0.70648852963039299  0.71883767090213213
  0.73084831948204876  0.74290995472589305  0.75512537231763588  0.76727348817714536
  0.77916743553177781  0.79034510650568990  0.80084258875612990  0.81111643265768585
  0.82127431227840608  0.83159176785329803  0.84175450888820913  0.85213198863813955
  0.86288178430987816  0.87348213357575244  0.88379309921727767  0.89356373544864298
  0.90256980572221390  0.91090386577157179  0.91883399956598066  0.92611904471936712
  0.93374559373658839  0.94115776067296852  0.94831114678699835  0.95519630171421666
  0.96194391564715653  0.96832494792275292  0.97427756382167863  0.97989379220681905
  0.98523066806117321  0.99033514125010058  0.99524609879085357  1.00000000000000000
 -0.00232602552965398  0.00967634679552906  0.02017109999327465  0.03025048229498303
  0.04062228624415901  0.05139307985414275  0.06234922076732307  0.07328209548834137
  0.08378228044684330  0.09467996212070745  0.10568566056072501  0.11604487860823806
  0.12605301313788903  0.13578814004639897  0.14626803108047962  0.15720343675749371
  0.16819173363703346  0.17962199062513026  0.19101306312014835  0.20262973277499621
  0.21375863925395505  0.22431970703765822  0.23422003376013184  0.24347091298304607
  0.25325838556911534  0.26394665522725497  0.27521509056572835  0.28591728963494512
  0.29640490263430025  0.30697823450588757  0.31772758546318053  0.32843716328664241
  0.33887010339190038  0.34930955686332926  0.35978493365704250  0.37042582811445107
  0.38126998708887988  0.39233496403215679  0.40311707577383460  0.41353096547912277
  0.42391682071064157  0.43406426346584548  0.44380548686952914  0.45340707887709425
  0.46338923782275715  0.47355364960369378  0.48331250459701969  0.49256981385951676
  0.50179239063965331  0.51114164794335648  0.52057602102342471  0.53046515886338774
  0.54067420778585518  0.55172762485985938  0.56263004143194362  0.57256416711620384
  0.58248872489527548  0.59174431586184262  0.60099272350365562  0.61039125663456961
  0.62062833200267598  0.63144006303541200  0.64235240248557057  0.65309958845448668
  0.66356208829847496  0.67382748787691726  0.68426461432557384  0.69482289745112258
  0.70554288205003746  0.71558560166109764  0.72515300424731444  0.73492979612605291
  0.74534172565148682  0.75621981612506450  0.76714914233493214  0.77835809505663167
  0.78965250371152995  0.80032186318158238  0.81076052539057120  0.82158936711155350
  0.83271599779518524  0.84358771850689462  0.85437321980660785  0.86551624969571062
  0.87708786871395106  0.88870220587838322  0.89989978405822602  0.91107483907268516
  0.92257809442508110  0.93380875971962518  0.94480366344154765  0.95556968673415188
  0.96710795046405984  0.97837267103801651  0.98939942260796765  1.00000000000000000
 -0.00237576903887545  0.00934954801447987  0.02007345701799117  0.03087999910413251
  0.04241746660542069  0.05395705698914813  0.06469140187840573  0.07516304967391405
  0.08561717689543939  0.09617983243039002  0.10647647645585487  0.11667351801252392
  0.12683762598113391  0.13749977111024506  0.14793975664681272  0.15873358374967086
  0.16932871124973678  0.17979449380809351  0.19018329096601119  0.20072951707989567
  0.21168142602144205  0.22255382047715161  0.23376591354222928  0.24549809099338540
  0.25696596048612086  0.26809958537050538  0.27874929177129409  0.28884399609612155
  0.29859227177414960  0.30886633696073745  0.32008765532962635  0.33204014671728482
  0.34331758024152037  0.35418127428509938  0.36361869490090037  0.37320252345040050
  0.38297077367818666  0.39349665485458546  0.40477866883203106  0.41602022091147350
  0.42682638362038106  0.43765657064505042  0.44852119831372739  0.45874190921031238
  0.46882982523875871  0.47872444182297197  0.48867294864505523  0.49783903483837227
  0.50696957936314546  0.51593819092413518  0.52560740305248232  0.53575351458872955
  0.54639669541847302  0.55757905825764265  0.56846737523574431  0.57897768697507657
  0.58918219459129706  0.59949103060106368  0.60999404562835635  0.62065935770097658
  0.63141263893294053  0.64297510039087491  0.65524233628991424  0.66863120472384996
  0.68220635827062959  0.69508975642212589  0.70688348589586825  0.71830985415959570
  0.72957819202882690  0.73996782247253112  0.75055178450531501  0.76069470170507825
  0.77055994286129137  0.77973335611910066  0.78883792077875303  0.79865386487513179
  0.80825917583339735  0.81794521128397157  0.82783776867873415  0.83841758489620055
  0.84930926449222999  0.86009802156310211  0.87034808080189641  0.87981140005619884
  0.88928958884689313  0.89909208000973506  0.90896686853267172  0.91941324419604398
  0.92994622403848137  0.94009786017967356  0.94974129674715224  0.95861768219631105
  0.96828756384791637  0.97856148359141859  0.98894861685968560  1.00000000000000000
  0.00011892752636741  0.00047449743389821  0.00067629411418253  0.00081637979873959
  0.00095703643857187  0.00109573019256576  0.00123418319412930  0.00137420281897222
  0.00151642825722319  0.00165865075040543  0.00179992659323095  0.00193737133217265
  0.00207260030628843  0.00220614259703791  0.00233875085332219  0.00247150002002802
  0.00260529371288969  0.00274361370384475  0.00288870735948094  0.00303904310478943
  0.00319630416526775  0.00335580655816109  0.00352022805589121  0.00369017422977479
  0.00386541280479746  0.00404059403205207  0.00422020774339250  0.00439712145966784
  0.00457105027434025  0.00475049104888122  0.00492844552466356  0.00512139945394350
  0.00532525689212747  0.00553560059478743  0.00575462465270849  0.00594046772619905
  0.00612167492938428  0.00629769188130032  0.00646137321419302  0.00663522032594386
  0.00682373898828751  0.00703926317216058  0.00725127434685752  0.00748765653607333
  0.00773506349941036  0.00798615868904633  0.00825889734721229  0.00850679507937687
  0.00873506536206680  0.00894271489063997  0.00914670729198018  0.00934630827560158
  0.00955528858366626  0.00977280681333775  0.01000669863908943  0.01027685845614351
  0.01061211875191316  0.01096400826185175  0.01126843996302260  0.01146532828204225
  0.01166016939375433  0.01184645564509366  0.01203125404691171  0.01221177296355372
  0.01242986692774200  0.01270031365361405  0.01298008853990531  0.01325757175361474
  0.01360249503153807  0.01390518951413070  0.01419483004984926  0.01448007210850205
  0.01478867227878741  0.01513811954052744  0.01555811535350386  0.01630956740230719
  0.01693426712417136  0.01748700771631279  0.01798855399486278  0.01848401718166631
  0.01920237628051814  0.02065115209899553  0.02147598193600506  0.02225871665642480
  0.02306402360593707  0.02380436341026922  0.02457036225607576  0.02513917958218690
  0.02727824726719961  0.03211599877171450  0.03321404116221870  0.03670339961612568
  0.03922539611482581  0.04133846477526702  0.09514824473378385  1.00000000000000000
 -0.00254696172004175  0.01111905501044312  0.02135764810541774  0.03322424303206732
  0.04440558721511172  0.05674996419010505  0.06828590831147469  0.07883720281746927
  0.08898827753065264  0.09885427311464565  0.10831557141930311  0.11784647733129462
  0.12756169985117910  0.13824684655762026  0.15003587067958066  0.16168148127626161
  0.17289733992295445  0.18409341484173469  0.19459480485634489  0.20464509721330076
  0.21440327529539166  0.22466621783499116  0.23525391671994222  0.24585570726510900
  0.25604357378772163  0.26580734800131645  0.27520454183624482  0.28476198311453960
  0.29500407697740283  0.30551106756028207  0.31595574439007806  0.32619295916857183
  0.33636783134291687  0.34637812538216139  0.35686566296653788  0.36768461374942901
  0.37830566834599411  0.38844065889295426  0.39862129954056580  0.40909059796165698
  0.42002344360127863  0.43107803168824194  0.44142021053388719  0.45121026099727529
  0.46062963459160866  0.47010531374901032  0.47985243055844734  0.49016718632656409
  0.50031597347144485  0.51020545142804774  0.51970579679922246  0.52918625982300360
  0.53925624172575548  0.54889064884406202  0.55930799421054200  0.56885593255986799
  0.57787927739067557  0.58714768480480961  0.59673369379110841  0.60699097697702742
  0.61754707792105967  0.62788726010969298  0.63793494264030826  0.64824078038554556
  0.65880074134424127  0.66936619633267669  0.67993101713630777  0.69083550125933790
  0.70245553290802698  0.71417898255314627  0.72546350060524212  0.73671825600391516
  0.74806799695738502  0.75907805626561820  0.76942138662832404  0.78001288081758291
  0.79083253631032824  0.80188587847474757  0.81269634716942851  0.82347015032708981
  0.83430529739264825  0.84529744409961705  0.85708561490062041  0.86984529477184158
  0.88180585053103921  0.89309389710804044  0.90394265937088902  0.91548215165372315
  0.92624031757629011  0.93665396715201632  0.94668124568308043  0.95711012571980680
  0.96795558779192326  0.97836110511578134  0.98923574246805679  1.00000000000000000
  0.57109069934154455  0.65479861868544431  0.67335388701683119  0.68706785060965703
  0.69878890626737444  0.70802256980043854  0.71550779977229617  0.72268985797745455
  0.73003612431793752  0.73688307866173608  0.74298542429257641  0.74859448236041382
  0.75378159068480088  0.75891640564383289  0.76431318852911856  0.76964908131509857
  0.77478217424919449  0.77936046797389213  0.78387062571721489  0.78804116227435905
  0.79215911962986574  0.79612029378970173  0.80011031437945190  0.80425403437915644
  0.80758925044710683  0.81074737232108951  0.81365979881234951  0.81643656763909667
  0.81953558742627486  0.82260058083392640  0.82581615671142294  0.82878266341309925
  0.83163155874167971  0.83447215558091725  0.83727615326057814  0.84014027804193947
  0.84311136923453178  0.84610592332106260  0.84916109232255399  0.85212328424505779
  0.85489456214602522  0.85757295877466289  0.86039352048743856  0.86339302250883565
  0.86635456048349735  0.86923264776072118  0.87204976355646202  0.87485145031209888
  0.87750848278440707  0.88013813651972628  0.88283688096337398  0.88550516903691301
  0.88817494110233408  0.89074370293516802  0.89333103895450883  0.89590488556771108
  0.89842445441516727  0.90085087024519661  0.90320848437701351  0.90552476241256918
  0.90780463065463179  0.91004605387686155  0.91227130900500075  0.91455864237866258
  0.91695597880616009  0.91934263876308309  0.92162553201503383  0.92385781520875387
  0.92602778340389635  0.92821520064522045  0.93044405783915729  0.93267213436744723
  0.93499734043863481  0.93726036089225373  0.93951515835524457  0.94181215415936714
  0.94418634034323679  0.94667082178053374  0.94909726547636497  0.95145855216525599
  0.95379007233809809  0.95610570318698218  0.95850012113140426  0.96100072663248493
  0.96353507146959061  0.96603629068442798  0.96849418656455466  0.97100685452748958
  0.97360561008915592  0.97632053165999122  0.97916610868158116  0.98219566135412473
  0.98563091918708778  0.98947701573293156  0.99427520934975611  1.00000000000000000
  0.05120227474325368  0.17469541613327536  0.19302550454807546  0.20759815021673789
  0.22048972972033151  0.23280850630755590  0.24493602874641648  0.25490377073724979
  0.26363391985965567  0.27200857369367409  0.28059053894730035  0.28914463390431211
  0.29748958703542527  0.30556388443665922  0.31354708758886607  0.32100322424382055
  0.32804505516985510  0.33488981621603126  0.34163788092429276  0.34794674103120748
  0.35404137735295516  0.35982112738613431  0.36562228194219659  0.37165145158069413
  0.37757608353352740  0.38368921814040985  0.38938097636848068  0.39507167782998853
  0.40054962003844213  0.40588763004813694  0.41126955410832211  0.41666728059856462
  0.42222999753413593  0.42816268320661777  0.43408160268788659  0.43991762450500116
  0.44535797154102880  0.45068898189624951  0.45581375439835747  0.46079801061599940
  0.46581266223107815  0.47094728153447674  0.47630023372909985  0.48188934771793185
  0.48725183362235253  0.49231264745217990  0.49718029692592319  0.50181961949018850
  0.50657883390784797  0.51135940148906855  0.51613036465749829  0.52075348770115848
  0.52532633543735618  0.53011155493929241  0.53522965680009815  0.54058490398961967
  0.54589213415191740  0.55106368886277923  0.55624004684008288  0.56152442683165693
  0.56690869755960005  0.57228536591698698  0.57758476877436959  0.58279043772097683
  0.58808749263189053  0.59349116191116347  0.59904200145046393  0.60469149750751905
  0.61036425546124096  0.61605260474326828  0.62182737463389581  0.62746615537513617
  0.63356252569805793  0.63925561040147516  0.64510290460856190  0.65111318112723504
  0.65729041359176499  0.66380195658831431  0.67086908364895426  0.67824357865881757
  0.68564309725807016  0.69322411591216571  0.70109669496059734  0.70920312113817841
  0.71740698872876496  0.72577924096769886  0.73473360381655217  0.74469580112166400
  0.75551539472596607  0.76621024587888076  0.77662590048167490  0.78697227790963586
  0.79798464420556414  0.81079912013145128  0.82875998357789493  1.00000000000000000
   1.7985603292042785E-008  -1.0000000000000000     
 F F F F F F F F F F F F F F F F F F F F F F F F F F F F F F F F F F F F F F F F F F F F F F F F F F F F F F F F F F F F F F F F F F F F F F F F F F F F F F F F F F F F F F F F F F F F F F F F F F F F F F F F F F F F F F F F F F F F F F F F F F F F F F F F F F F F F F F F F F F F F F F F F F F F F F F F F F F F F F F F F F F F F F F F F F F F F F F F F F F F F F F F F F F F F F F F F F F F F F F F F F F F F F F F F F F F F F F F F F F F F F F F F F F F F F F F F F F F F F F F F F F F F F F F F F F F F F F F F F F F F F F F F F F F F F F F F F F F F F F F F F F F F F F F F F F F F F F F F F F F F F F F F F F F F F F F F F F F F F F F F F F F F F F F F F F F F F F F F F F F F F F F F F F F F F F F F F F F F F F F F F F F F F F F F F F F F F F F F F F F F F F F F F F F F F F F F F F F F F F F F F F F F F F F F F F F F F F F F F F F F F F F F F F F F F F F F F F F F F F F F F F F F F F F F F F F F F F F F F F F F F F F F F F F F F F F F F F F F F F F F F F F F F F F F F F F F F F F F F F F F F F F F F F F F F F F
  <DiscreteSampler_grid>
  grouped_processes
  1 # 1 for a reference and 2 for a running grid.
  10 # Attribute 'min_bin_probing_points' of the grid.
  1 # Attribute 'grid_mode' of the grid. 1=='default',2=='initialization'
  0.0000000000000000 # Attribute 'small_contrib_threshold' of the grid.
  0.5000000000000000 # Attribute 'damping_power' of the grid.
 # binID   n_entries weight   weight_sqr   abs_weight
    13   10   1.821246869280010E-005   6.610833433806925E-010   1.821246869280010E-005
    16   10   1.821246869280010E-005   6.610833433806925E-010   1.821246869280010E-005
    22   10   1.163529550663855E-005   2.812323580771295E-010   1.163529550663855E-005
    25   10   1.163529550663855E-005   2.812323580771295E-010   1.163529550663855E-005
  </DiscreteSampler_grid>
