  0.00475779342670416  0.01590847414228445  0.02852303219073423  0.04058587264760234
  0.05238121449002141  0.06437092382716610  0.07528628464049240  0.08616960758591619
  0.09618801822779344  0.10728970210484655  0.11889589553192803  0.13160428999841312
  0.14392726654403901  0.15443361580254783  0.16454742644342771  0.17452847073984665
  0.18456404037438989  0.19394130322511788  0.20366715066704694  0.21399291011552316
  0.22511071770381164  0.23525301365677240  0.24405671681767682  0.25271490053330548
  0.26167131889296069  0.27138858857647014  0.28017410023176648  0.28911317811970261
  0.29875518006614221  0.30930188261398467  0.32117685489063930  0.33295969953925608
  0.34489945598068644  0.35596918860482457  0.36733627203567670  0.37850859838873951
  0.38935283606946575  0.40060215170824498  0.41148856023133296  0.42312089328127217
  0.43511877929410436  0.44653612187258274  0.45802371522847879  0.46980675626426616
  0.48154010344994502  0.49340006552095739  0.50260829286122766  0.51174913729414861
  0.52103148798735299  0.53055959081502990  0.54217884671036864  0.55345501445807910
  0.56273152395531112  0.57199967070512847  0.58086288994772162  0.59105578791378288
  0.60242030220960197  0.61368456340105715  0.62359066440922339  0.63214776522635430
  0.64105533437701678  0.65133042780567074  0.66243861788209746  0.67410145437356850
  0.68692035118327022  0.69853281588343363  0.70731047780678913  0.71557352518129891
  0.72409027409960869  0.73474483613609709  0.74485843930865447  0.75439206310006734
  0.76504196243961153  0.77585588711824549  0.78763152416774684  0.79979984969186069
  0.81285529441136550  0.82521024546153288  0.83690897140988818  0.84885999431113712
  0.86048691812511113  0.87134481605583847  0.88184874710161243  0.89223017692705864
  0.90259409093988929  0.91227306626374605  0.92105883754932860  0.92953978909528101
  0.93835120561159469  0.94759158329093662  0.95708852607563366  0.96778903608171918
  0.97555240922343878  0.98385464296421288  0.99205722287273235  1.00000000000000000
  0.00004150689498705  0.00006075698669300  0.00006997921493606  0.00007678858671353
  0.00008286155462052  0.00008908308045610  0.00009513086217186  0.00010115036234112
  0.00010690236768216  0.00011258672447176  0.00011837730125515  0.00012426752035553
  0.00013042792166580  0.00013669978358359  0.00014342885318928  0.00015011218473877
  0.00015730940279854  0.00016486357282941  0.00017275898847020  0.00018091789928358
  0.00018865988956776  0.00019605090228046  0.00020359382083745  0.00021113279136470
  0.00021883782660932  0.00022726546796639  0.00023610272982317  0.00024628872442408
  0.00025670179378635  0.00026685809372600  0.00027700409221119  0.00028737443605719
  0.00029901106223828  0.00031115086655834  0.00032286873112028  0.00033584139123707
  0.00034876469689140  0.00036129707881514  0.00037426145086383  0.00038818754767809
  0.00040308565242882  0.00041795856117999  0.00043499327939527  0.00045078279770007
  0.00046760410080588  0.00048443526969192  0.00050097391894375  0.00052003631803174
  0.00053927631875004  0.00056015871903047  0.00058553382232893  0.00061216150140566
  0.00064064853755332  0.00066881389558686  0.00069662533896988  0.00072559569498993
  0.00075773157284715  0.00079164500722930  0.00082619738724970  0.00086076423700901
  0.00089558982367156  0.00093406742614024  0.00097572311330429  0.00102535822665911
  0.00108697930792495  0.00114702707274858  0.00120494577164076  0.00126818237594013
  0.00133840803926729  0.00142745495078138  0.00153639943864183  0.00161389887148387
  0.00168718998652410  0.00175937551385699  0.00183535591346273  0.00191518196248003
  0.00202974681403417  0.00216598649467088  0.00232473181581572  0.00250936076703971
  0.00270903860489756  0.00294882629100533  0.00329157177500657  0.00367386288489315
  0.00410473280731810  0.00451064371675226  0.00485356939943024  0.00524816515230958
  0.00572680916612490  0.00648208333344454  0.00741325010814035  0.00862057983955822
  0.00989837126293345  0.01096491033737420  0.04272935070748148  1.00000000000000000
  0.00289247458931748  0.01472088543941832  0.02791143081131732  0.04000071723592978
  0.05070929285960264  0.05879675038237722  0.06641848187725420  0.07451349467153590
  0.08327212653254185  0.09468195290281536  0.10640996822873684  0.11740789394356252
  0.12869200016109758  0.14026318931724480  0.15155576289563413  0.16237971117388891
  0.17389953383163242  0.18568414242171541  0.19757033247973915  0.20866995882401687
  0.21948474963457612  0.22988007336095642  0.24010564447744404  0.24991195863741070
  0.26012119576221732  0.26983941762178953  0.28018556302412218  0.29068597277903002
  0.30114643363176558  0.31203223062835939  0.32248783281487592  0.33264828138427899
  0.34253483607969043  0.35313192808596455  0.36451832083269514  0.37413736378305523
  0.38291508591891521  0.39122235328586646  0.39919030254311433  0.40794514207995369
  0.41737715669252357  0.42707727649306770  0.43698769037927099  0.44807248216844786
  0.45893342492106831  0.46725601438010367  0.47516862673650617  0.48401801182652060
  0.49347230835671352  0.50317770141591733  0.51261250511961043  0.52274240966507579
  0.53507921819930582  0.54853594808651074  0.56147137912754441  0.57232171874998072
  0.58215031435991205  0.59215726053644824  0.60139609744449907  0.61027495859224579
  0.61927736028576441  0.63019192188904682  0.64317568506765821  0.65517638585783433
  0.66662794916724577  0.67832627629522257  0.69042586003482032  0.70338874954057162
  0.71690641765220087  0.73060402896231058  0.74303819918620029  0.75549843954730289
  0.76825101885547398  0.77960418304105694  0.78992052292941417  0.80123879164117673
  0.81263798903605933  0.82294094719089295  0.83264986264583352  0.84286583704991869
  0.85377302024789070  0.86423955863639546  0.87423483172371197  0.88292452825128387
  0.89181165556342834  0.90069867656381697  0.91021707390187978  0.92028990928255605
  0.93112276776440972  0.94105484379820525  0.95116906388889266  0.96073112450697895
  0.97007127944854588  0.97890327894893470  0.98895729009076117  1.00000000000000000
  0.00023341554792893  0.00025905388241431  0.00029008883536541  0.00031568753761931
  0.00033961663339728  0.00036462937112534  0.00038877560084035  0.00041353980829990
  0.00043798179772704  0.00046440912361939  0.00049111799896161  0.00051850455668194
  0.00054693825892376  0.00057702766617285  0.00060830268496429  0.00064047826824033
  0.00067009146548524  0.00069940553712745  0.00072931758457059  0.00076390109602228
  0.00079991413933718  0.00083642157320117  0.00087522342877519  0.00091674272011211
  0.00096407521108043  0.00101164899597509  0.00106028298014678  0.00110892627095052
  0.00115973813937258  0.00121242243122808  0.00127212835105597  0.00133837269021667
  0.00140043438949880  0.00146202327875230  0.00152589974006846  0.00159623062192224
  0.00166621001505774  0.00173238122889963  0.00179536144517497  0.00185460405565502
  0.00191467552790650  0.00197944293008749  0.00206073577177837  0.00213859042930949
  0.00221421974095831  0.00229485184578313  0.00238586470600474  0.00249867969037246
  0.00261056543511463  0.00271293601578008  0.00280964156789606  0.00290951405449015
  0.00302362446120487  0.00315777333822291  0.00328612675250581  0.00339167332606323
  0.00350085624502827  0.00361263022844284  0.00372164393212765  0.00383257057924647
  0.00395833602099805  0.00410827505087948  0.00427831729604367  0.00447496971484251
  0.00467644157117575  0.00488330193291843  0.00509931255090943  0.00531400575167018
  0.00554222584492549  0.00577938130129918  0.00601473526496830  0.00625829079294152
  0.00653528142883518  0.00679827424983852  0.00700132369357651  0.00722174528797647
  0.00745546880874959  0.00770063661053902  0.00802549513604721  0.00852381271845993
  0.00901587167759010  0.00943375264509222  0.00979468822789216  0.01016354325093533
  0.01055953978460015  0.01108195787490655  0.01168530742276078  0.01238384929361520
  0.01314843708226941  0.01394259733517404  0.01497041013216412  0.01621138909205678
  0.01962642699192849  0.02496672458367981  0.04485898567026510  1.00000000000000000
  0.00000404919292675  0.00000414998958645  0.00000427605654716  0.00000443478428311
  0.00000461225995266  0.00000478695290412  0.00000496369775629  0.00000514284820126
  0.00000533157069862  0.00000551439202746  0.00000569224005547  0.00000589013253970
  0.00000613175345023  0.00000640525106187  0.00000667705918337  0.00000695718722588
  0.00000724945569624  0.00000753865776242  0.00000782927933144  0.00000819372699738
  0.00000860325481965  0.00000905300929688  0.00000960046191768  0.00001019681631674
  0.00001080765786093  0.00001147604466093  0.00001213536785938  0.00001291482747691
  0.00001392052973452  0.00001502813757832  0.00001630271701708  0.00001766992469326
  0.00001906654438734  0.00002065221907014  0.00002245771508710  0.00002440923432173
  0.00002626742197259  0.00002817109312641  0.00003002770585899  0.00003203438843553
  0.00003419221113623  0.00003658661289824  0.00003955832522322  0.00004282564898264
  0.00004666779109249  0.00005074358282987  0.00005517659052746  0.00005982656860315
  0.00006484176725990  0.00007058852866421  0.00007645155315615  0.00008326371125534
  0.00009099663194834  0.00009978682283534  0.00011042743181516  0.00012148919301500
  0.00013182331567933  0.00014377029390412  0.00015835334945821  0.00017586780128427
  0.00019629743361688  0.00021776039429590  0.00024059558481833  0.00026076538173620
  0.00027877985480710  0.00029786879937715  0.00032030316485468  0.00034976229192906
  0.00038420672068950  0.00042271117607001  0.00046909616332042  0.00052012599762716
  0.00057653933390312  0.00064189404231397  0.00071243681377753  0.00078871749731962
  0.00086535046950895  0.00095974419715172  0.00107088059712425  0.00124035106637936
  0.00152481103159029  0.00187717447774562  0.00226335188550678  0.00270365821341535
  0.00317115345983482  0.00364350126164312  0.00436571908654047  0.00550545516221247
  0.00609414117863968  0.00668722114558442  0.00733513523031736  0.00798304931505030
  0.00924255657680876  0.01062979726091744  0.06449932164845719  1.00000000000000000
 -0.00387225264200365  0.01826740203501487  0.03623735281081472  0.05112180733333165
  0.06209396459458321  0.07318496291994298  0.08525218653169560  0.09912485278511415
  0.11150313823538424  0.12382378693835695  0.13664947362144930  0.14903412430750865
  0.16065467338428466  0.17136349444092328  0.18098802477121406  0.18990787365516140
  0.19931462807849476  0.20956206493911972  0.22125015782025770  0.23270455311517246
  0.24354595683733873  0.25385302393453341  0.26385355382009690  0.27429796146712238
  0.28536066567766888  0.29642287935814821  0.30521517855171848  0.31361257366587264
  0.32184778440519751  0.33058656456635166  0.34082380497579601  0.35080945775940847
  0.35923902307898042  0.36845966062706131  0.37696401671141716  0.38632047340378595
  0.39755096685024410  0.40837882521061891  0.41863452295678388  0.42844854218162692
  0.43866932259302516  0.44982912778200801  0.46042111357309884  0.46960231704311095
  0.47790570819671496  0.48590587517655837  0.49396765910005469  0.50267057482672561
  0.51164104853520054  0.52083275449057320  0.53168074935718168  0.54291292140873315
  0.55383893480915780  0.56488046995251862  0.57575564388363443  0.58435417201692852
  0.59221160758883862  0.59972883632489227  0.60792497480909224  0.61712835731076610
  0.62632923998409706  0.63511549762493080  0.64324580093174466  0.65228634408083519
  0.66176748740930402  0.67096489714069141  0.68007790595323581  0.68937447739389901
  0.69959342378795630  0.71110778072756331  0.72091706356260987  0.73113276709751163
  0.74079097430906249  0.75124092803974374  0.76099383328418690  0.77053834737965843
  0.78071002354759234  0.79153819816105131  0.80298599340783960  0.81410990030232577
  0.82522626569261182  0.83634333499613356  0.84712112181258148  0.85808955799417541
  0.86886098944277868  0.87913841083158817  0.88906608829000544  0.89921075856789168
  0.91064530045986880  0.92231958531470626  0.93476791526736913  0.94784163666309063
  0.96077774419914697  0.97347435371623370  0.98675238961815570  1.00000000000000000
 -0.00283730852350775  0.01030780443780291  0.02171350610904740  0.03376500969362978
  0.04531747720674946  0.05660057558045686  0.06784540682694090  0.07959261659676314
  0.09157000422898903  0.10262565805184710  0.11356902659703462  0.12431131761399755
  0.13548061995365235  0.14773468208890386  0.15984955018452529  0.17130877702458097
  0.18348550111295567  0.19492855296242617  0.20740194299249953  0.22042415855706257
  0.23272166423300444  0.24371645523341251  0.25406410356770914  0.26395031644986844
  0.27504693305384315  0.28614554446763507  0.29710207152620605  0.30769839468987004
  0.31823383804930172  0.32926018959110109  0.34161623122533363  0.35403222939395740
  0.36624866287796837  0.37826182115141710  0.38967340850999854  0.39901969416274591
  0.40688285512201672  0.41482948636457584  0.42394585527630796  0.43304016230162495
  0.44246558845545991  0.45268531789252048  0.46451280193996280  0.47693792094766774
  0.48816027143603263  0.49873314479656899  0.50920464662445908  0.51958007818791019
  0.52850424139418806  0.53782494586209906  0.54750024599095748  0.55908555528365300
  0.57024159249601636  0.58145693546190147  0.59262125934408805  0.60425747997378632
  0.61586558289566862  0.62733216574977779  0.63908666199085151  0.65143701642448748
  0.66326744051381270  0.67279778728513040  0.68088184266065432  0.68873271089852595
  0.69666265820857398  0.70708965756525766  0.71747385935441943  0.72775178374899019
  0.73796900834475632  0.74884208674542996  0.75672878178270220  0.76347186726045724
  0.76992898961172906  0.77611005025719249  0.78478747918566583  0.79478208135609985
  0.80537416050838995  0.81683914278561121  0.82922065511624021  0.83903121668981240
  0.84749967883471489  0.85586955676492360  0.86446817697517098  0.87422406281334797
  0.88464003124324753  0.89560014717556857  0.90736735705762983  0.91887291621866152
  0.92973304459728434  0.94025562966118292  0.95047498594576807  0.96063255189922958
  0.97087711858063297  0.98063692992945828  0.99029352597324860  1.00000000000000000
 -0.00111540119192661  0.00346468334478643  0.00760372784116814  0.01151219432423120
  0.01527812317998237  0.01899107848343163  0.02274563356980006  0.02639666764622325
  0.03021874296611219  0.03398570471762407  0.03781985394821846  0.04177469823557865
  0.04583982721952220  0.04998755515648238  0.05363890900758832  0.05783529103598517
  0.06252641718115938  0.06727557864776641  0.07202148878221457  0.07655448552322835
  0.08113821589985726  0.08601574710512247  0.09153229906645220  0.09707681394648984
  0.10259868363197974  0.10816836084671806  0.11362658807226785  0.11898864189608462
  0.12482489731834602  0.13127614520894634  0.13870212583790581  0.14557343168885528
  0.15238130250528498  0.15927968247856619  0.16587555006121124  0.17252422443783133
  0.17893516880396337  0.18518947133776323  0.19174259437626068  0.19913189368040490
  0.20736474212886816  0.21601840402916975  0.22438585463721480  0.23325997778438670
  0.24227721478843917  0.25162383929639404  0.26142642607345407  0.27083491272358762
  0.27990734971898523  0.28894659130394351  0.29812767257142814  0.30716398086689450
  0.31606304699674326  0.32586349762443634  0.33629417157275043  0.34731096396820205
  0.35867130184592094  0.37062383725715442  0.38364820705832348  0.39713727394032688
  0.41229451560909047  0.42698837381946858  0.44144407951957887  0.45548396596727714
  0.46983254988418682  0.48462104270436851  0.49964665552054610  0.51518707511185469
  0.53044108217847330  0.54560371649762174  0.56056521926011227  0.57456133855646663
  0.58707380993362623  0.59958081260865348  0.61285144549477966  0.63278056990310394
  0.65206946893499618  0.67078684243824327  0.69007347455142054  0.71037341719403779
  0.72816113099569513  0.74459206942007383  0.76274724803235794  0.78037200403161489
  0.79666578729311510  0.81308590494691380  0.82995796725734017  0.84853309409481770
  0.86372319908308126  0.87764068085826286  0.89332545765704385  0.91005842093252953
  0.92799489700362603  0.94880732687355229  0.97370813070417750  1.00000000000000000
 -0.00294142224883957  0.01325816940891681  0.02481664290086340  0.03737748739587998
  0.04831882474862142  0.05938829778583700  0.07024170068925292  0.08103990847348040
  0.09113230021819425  0.10063424437122426  0.11005485778420103  0.12008916966205824
  0.13096687424893477  0.14270164660095286  0.15490827557786424  0.16667036040865760
  0.17664287711790652  0.18612890763506079  0.19527436226656664  0.20429773763001105
  0.21364601321567972  0.22420891910570431  0.23512207751113676  0.24693879364395441
  0.25806023873712142  0.27026452896327968  0.27996331545172387  0.28926456274305390
  0.29847247111638908  0.30803578817614591  0.31784278112043546  0.32803042752757433
  0.33859211682456392  0.34934004666361296  0.35811729662043912  0.36590445017918394
  0.37357903618062444  0.38131548279039007  0.38795437624476126  0.39584870790876253
  0.40521734578446350  0.41508622402072043  0.42654353934292671  0.43805225910589474
  0.44984829485849537  0.46207317422652405  0.47268444174104973  0.48339543897111087
  0.49360541554238235  0.50480286056345391  0.51683925671917230  0.52868537939785887
  0.54004399104604683  0.55036927580801476  0.56034161993387477  0.56948739190544828
  0.57935500648446348  0.58946552553187048  0.60031809520012036  0.61099341760349735
  0.62230843201610675  0.63418034290107017  0.64615187605978874  0.65761912234449960
  0.66862934203656799  0.68006980871697531  0.69183235796834663  0.70405115231005644
  0.71590964405792046  0.72704905460879710  0.73760217569575348  0.74823599148494857
  0.75931403825035881  0.77074467222354726  0.78179939452491221  0.79223567533330808
  0.80319590132142182  0.81398975184378375  0.82484770766995208  0.83577304360926175
  0.84583212048160672  0.85519523972057698  0.86427251684571427  0.87344452201843303
  0.88299731442989393  0.89284009207404724  0.90301000602576642  0.91274073540050049
  0.92225985028138269  0.93176138555799570  0.94162315856438339  0.95278522793394083
  0.96422301978353830  0.97625544270827680  0.98785055350663131  1.00000000000000000
 -0.00328354441329727  0.00774313859695449  0.01723296709577559  0.02525651781686245
  0.03351680867934105  0.04441849231673297  0.05592758168145379  0.07073876168400106
  0.08485061411745309  0.09825772710732245  0.11125777553184760  0.12391796929012426
  0.13447139034668662  0.14448039180371700  0.15496745987011620  0.16591546304729385
  0.17635002512083400  0.18697742879753065  0.19914746927396207  0.21296677473232342
  0.22507523290101603  0.23745628163484983  0.24945102790445811  0.26220238371482973
  0.27467697486467452  0.28405983527191292  0.29303873039727268  0.30173616261587477
  0.31146331602046923  0.32181472243563392  0.33137779475411017  0.34113472341471596
  0.35123530709753653  0.36210281108532894  0.37307940984310056  0.38478392597287764
  0.39628467125544953  0.40711403284569492  0.41819397156503052  0.42951261377241551
  0.43976716708297847  0.44870366523126642  0.45708274482601752  0.46511269613051698
  0.47409599039479333  0.48465943425621627  0.49424479072076849  0.50298044540947184
  0.51152446394949047  0.51977722873343668  0.52865031899586412  0.53763740596463983
  0.54719101254335745  0.55813835670308798  0.56892546675192679  0.57939303631144168
  0.58998398859961243  0.60135389434605713  0.61339194956863052  0.62378249595714708
  0.63359146289954049  0.64272614270337092  0.65241467161641331  0.66216184130413325
  0.67298868397362754  0.68469413580372884  0.69560986728860108  0.70573871709867675
  0.71545907289772726  0.72553953437952878  0.73537296404891461  0.74486366801467041
  0.75440854121826950  0.76599435604816224  0.77862486094543149  0.79082087116135191
  0.80271719883996906  0.81461243003759343  0.82700308095662456  0.83894808627179918
  0.85019441332250245  0.86159076074049179  0.87222033102935359  0.88313958991431318
  0.89379943325571232  0.90459564380207902  0.91651523276759128  0.92858659241263597
  0.93858133623415829  0.94719434623204490  0.95519598888547075  0.96394738012004166
  0.97267386428141300  0.98162257071146597  0.99076642598789832  1.00000000000000000
 -0.00296095037375442  0.01248283187223570  0.02436603898443031  0.03647758228695552
  0.04787286988547697  0.05940577335728277  0.07169331343951862  0.08381403719146675
  0.09414720807841906  0.10423411163576596  0.11350844970403343  0.12172320128659968
  0.12955701230630429  0.13731205774259361  0.14725354874422095  0.15947803030740568
  0.17129853799691619  0.18322537527118388  0.19514994137544503  0.20753109504761058
  0.21950591359589977  0.23144849222219363  0.24164812720432891  0.25169575282562634
  0.26112373906072894  0.27223974904267262  0.28232211959777981  0.29232697666507268
  0.30351783294648838  0.31601393740234690  0.32831066203832926  0.34013379497206675
  0.35171734369987312  0.36098906540857967  0.36964409635037626  0.37854392910251339
  0.38823055637740461  0.39851503623030216  0.40809822731352541  0.41770405583964965
  0.42758427489102391  0.43736759828457034  0.44709772754758481  0.45766766927413732
  0.46932700789740428  0.48164893731249631  0.49138677001858511  0.50012922614502675
  0.50864624695242922  0.51668344901248076  0.52664058254546664  0.53684707222146899
  0.54796657412300387  0.55940758164269311  0.57078877638045256  0.58242847914332729
  0.59343255280662677  0.60427712475052553  0.61441970615099195  0.62510259381305688
  0.63508750115823287  0.64533214330625621  0.65517954405290224  0.66528849260423950
  0.67647525271281073  0.68822660439822392  0.70035612791073665  0.71069792885200878
  0.72048154900463524  0.72987015876531958  0.73942446420146302  0.74928868080526423
  0.76020362122221574  0.77216484910784688  0.78465869569490776  0.79703752335083189
  0.80874040999528085  0.81986588345599343  0.83038005650155633  0.83989863894022776
  0.84863705148128787  0.85763509844866215  0.86691714736078229  0.87662233369562914
  0.88619747512259450  0.89593677116416459  0.90652434106280233  0.91764919461097705
  0.92933663537442501  0.94056559034238674  0.95153977618166585  0.96180234701165512
  0.97119875697745239  0.98030946325257318  0.98902265760363450  1.00000000000000000
 -0.00198845597203188  0.00905598975415488  0.01691192083884564  0.02552331398082440
  0.03387631400813445  0.04241676256574643  0.05032535405891982  0.05840480448668816
  0.06700629626328626  0.07652765640072437  0.08596754846642445  0.09559828001601883
  0.10427726232708023  0.11363035223905546  0.12348293747306699  0.13407601727545229
  0.14448351492789274  0.15415651648107651  0.16285738124919424  0.17055504336696126
  0.17841577404760628  0.18693688627087945  0.19910639358330229  0.21159202633803290
  0.22379872929253505  0.23573474803602104  0.24886058477465678  0.26169665515972906
  0.27279357949749766  0.28544767712577779  0.29877050099861280  0.31510810765704012
  0.33114847522503621  0.34696061608955220  0.36182574457917427  0.37560660003432411
  0.38872202655658644  0.40144196097986262  0.41448180253245592  0.42825490963996288
  0.44245597810654608  0.45730425325868140  0.47242756447141598  0.48538573530343182
  0.49672480750170950  0.50838576116295953  0.52092719511985852  0.53420609636795979
  0.54643141385438387  0.55770243493119198  0.57018278031471559  0.58302118693962002
  0.59596796655994222  0.60942947066989384  0.62204237795179151  0.63331808348611507
  0.64342377684997254  0.65362899652591733  0.66485500637857420  0.67698592175348149
  0.69035797985656588  0.70325070272462264  0.71405129865234074  0.72366237415853207
  0.73373717147542017  0.74512079503692363  0.75540708871541695  0.76669235008900127
  0.77976568630919352  0.79330011188458227  0.80523857226533646  0.81595113799458208
  0.82531900231977384  0.83434510512663529  0.84314433571419534  0.85172617328222577
  0.86027308578695749  0.86812850155765520  0.87598787689103752  0.88428886100326021
  0.89305526757373743  0.90235150653547469  0.91198099357987794  0.92103704757156335
  0.92839061559523406  0.93549827376776817  0.94177958625771929  0.94868534562019036
  0.95556717696834381  0.96245960102643102  0.96932350542464873  0.97684604264292763
  0.98280363410177818  0.98881033571867605  0.99470657672206442  1.00000000000000000
 -0.00217215882248543  0.01009548977953499  0.02145949989204771  0.03199791568296520
  0.04266571828336948  0.05333987926843053  0.06500166568523684  0.07665934441059587
  0.08780278117916070  0.09763767608854801  0.10735710537012248  0.11791440302681415
  0.12852800992362029  0.13931887145961003  0.15134679430986908  0.16300689818127176
  0.17399669683788513  0.18466230091192018  0.19615843784433259  0.20764316261019150
  0.21867268952712585  0.22945969295454335  0.24109614105446459  0.25238673030798470
  0.26316830548609088  0.27349701941548804  0.28325844728532945  0.29251183755472393
  0.30163913662259467  0.31222419185947403  0.32369977715962311  0.33468727096968337
  0.34498099484114042  0.35515299762398261  0.36557495673430795  0.37675981817179582
  0.38742890169373717  0.39720747551874730  0.40647180251008203  0.41541867948915340
  0.42486075928005024  0.43412166564706350  0.44224204592715760  0.45111109013827128
  0.46013081146788309  0.47138376457928793  0.48545847507083217  0.49874438196163534
  0.51216715926764445  0.52485954829964432  0.53723720501392813  0.54747815887846363
  0.55757347329510087  0.56752760738978270  0.57910819257215373  0.59198053529011541
  0.60502985262697728  0.61687844790175839  0.62850726242724031  0.64018930950883979
  0.65115518143594775  0.66134563252426160  0.67170452978211437  0.68255741827121885
  0.69277122498495192  0.70080502613019902  0.70875135816121626  0.71725325731003853
  0.72732859100837532  0.73974898962333824  0.75176794652459644  0.76231884851406095
  0.77279124148779943  0.78410086552271885  0.79567415674131026  0.80700851135089580
  0.81808826160845949  0.82893462863918932  0.83922295886304132  0.84874190053641918
  0.85746442992590310  0.86510401648618107  0.87359210389039721  0.88195428199209513
  0.89145559441442190  0.90131378417460073  0.91141703108432126  0.92274520061150422
  0.93298591256985519  0.94264480277941753  0.95220934535526280  0.96043663850001382
  0.97029006829104603  0.98005596360866820  0.98984497809208638  1.00000000000000000
 -0.00127951383782449  0.00911343460050055  0.01834364999827636  0.02786724271127732
  0.03800589295044055  0.04915200551256480  0.06008459475809080  0.07023843642610389
  0.08150240447677776  0.09203760920129006  0.10289087942562727  0.11307646529319663
  0.12348419932010250  0.13473971242788718  0.14634801387933541  0.15932173258182089
  0.17201903720683503  0.18430645926232178  0.19428047449489827  0.20366856381161041
  0.21343065141223364  0.22215282427929567  0.23094324588022827  0.24017611613737819
  0.24995764503177048  0.26166654296531827  0.27207305037223711  0.28158142564760502
  0.28955143416784390  0.29804221440774487  0.30636876950159736  0.31585403916340316
  0.32623426242604536  0.33722023769778892  0.34915931076407625  0.36030214809321087
  0.37004013630171440  0.37866021729577448  0.38688083732810252  0.39536853427134322
  0.40468454153903127  0.41450762996303619  0.42620683632050704  0.43807114626967247
  0.44934188278557663  0.45970670966785027  0.46993802555597503  0.48003361116386434
  0.49111112048457595  0.50208985725862443  0.51428823274773217  0.52535009223732443
  0.53671252894948962  0.54782589344161103  0.55889481929101270  0.56893070858261696
  0.57876326893908514  0.58874611121502574  0.59946257505288869  0.60964389219022186
  0.61947167304846262  0.62954322488637338  0.64059238582386480  0.65234072191568848
  0.66449909843501431  0.67565111760359842  0.68646787704704904  0.69663254000673436
  0.70668833675341047  0.71707557630416718  0.72818949244860798  0.74044411997424475
  0.75436408124686305  0.76835422895548022  0.77926314012490305  0.78892687027597108
  0.79820802011430081  0.80829768795684975  0.81802049017475842  0.82590646263296630
  0.83265893887297060  0.83949783403221068  0.84668846843923862  0.85678496990501252
  0.86758316501131205  0.87843576370161958  0.88946404825125269  0.89985806694107229
  0.91114896395492762  0.92260215970570492  0.93480659608675898  0.94778030990743711
  0.96069451073983303  0.97347033308696285  0.98648360537919388  1.00000000000000000
  0.56985690145310197  0.64928907643807376  0.67080144046738943  0.68624089414043565
  0.69949077905536561  0.71011254144611580  0.72011721053621935  0.73064391121927408
  0.74111101376433419  0.75119978174787427  0.76011364706949192  0.76762596380120751
  0.77445645889128711  0.78143107386544108  0.78811846446220246  0.79437155093963630
  0.80030780891320841  0.80636714361990325  0.81230604859420086  0.81790616589192622
  0.82342599919231796  0.82931942472129894  0.83513462318542075  0.83980905448535126
  0.84383525214518496  0.84766616502163261  0.85177257300682485  0.85580836048923303
  0.85959277637869669  0.86338751177299056  0.86715821690046868  0.87092373736191242
  0.87455365500608084  0.87792222688220278  0.88116969258348321  0.88433989380344924
  0.88730949598702380  0.89050620777814338  0.89385876334602188  0.89691199158865698
  0.89965113975599709  0.90222304373464646  0.90477220208950204  0.90725814373063485
  0.90973900064712399  0.91220364824282429  0.91471554345861417  0.91720360405313339
  0.91958500911054963  0.92185331190461850  0.92403144937337400  0.92608267172901715
  0.92808964000403704  0.93011203842573198  0.93220501835665781  0.93444222496585927
  0.93673086083639323  0.93898081609868933  0.94119939033862710  0.94331669469674806
  0.94530993403491581  0.94724723209035744  0.94909881075648728  0.95090664754342258
  0.95272997204547971  0.95432909651662290  0.95590204807927093  0.95746825464664242
  0.95894187212113424  0.96066134305142714  0.96238815538089084  0.96387854510314463
  0.96537972614174583  0.96683989594765529  0.96830566718284572  0.96984714792048510
  0.97148662327555346  0.97313247287585847  0.97467738460485931  0.97616077529503298
  0.97770379894400927  0.97921417223913387  0.98078331345653702  0.98232389243157325
  0.98382549200196523  0.98533205889421449  0.98684450765562626  0.98838681600633049
  0.98966281659088351  0.99084986597269753  0.99210098611131070  0.99331372017554354
  0.99448620737608173  0.99623825889438689  0.99812367436760474  1.00000000000000000
  0.06206489575814111  0.14587718315643020  0.17352982894518013  0.19543660226397783
  0.21537543028907222  0.23241514090450086  0.24772340886467115  0.26431636380194001
  0.28048338589897409  0.29428115074020778  0.30689200656545212  0.31987281945686014
  0.33201805858133077  0.34252001507862134  0.35192434073783108  0.36132457211204200
  0.37092679539434115  0.37989553975646728  0.38836215517947253  0.39641095449076541
  0.40425974300278755  0.41176901376080755  0.41888222973285216  0.42601003697062101
  0.43327737714989206  0.43953216072219431  0.44522572493462809  0.45079207735156362
  0.45612229653224701  0.46223104236312812  0.46796930887592236  0.47340619228646103
  0.47876943074651490  0.48441933163367706  0.49050480306727784  0.49690878103066422
  0.50305679063979947  0.50814476382901952  0.51303140225369170  0.51746762397953261
  0.52195972141742630  0.52670807453264323  0.53140108110117867  0.53599828462234311
  0.54060092580032670  0.54539038988093080  0.55071112483845452  0.55600370075653927
  0.56138710463950270  0.56679265602357265  0.57210962061511439  0.57757430216478001
  0.58283431702692212  0.58807055425243326  0.59325387392556395  0.59864511717821700
  0.60386602516969790  0.60860204067501622  0.61307626618754996  0.61757381604388517
  0.62237437250999283  0.62734218263226094  0.63208558687331284  0.63620623616490457
  0.64028227365676882  0.64440847945326452  0.64917482622940004  0.65421163036726748
  0.65902863515861398  0.66385996416887860  0.66877224183544248  0.67444298154187399
  0.68001458953223470  0.68507854715507366  0.68992471268596067  0.69421683311679860
  0.69874940918870299  0.70379439024208046  0.70985673059587573  0.71606410341492255
  0.72179422074051114  0.72757645275466476  0.73422217250457067  0.74110689079789549
  0.74819056085369740  0.75604267887697374  0.76590930349223918  0.77612441763434259
  0.78568153888819137  0.79422548683189120  0.80487434977922101  0.81493485880030403
  0.82706852609942527  0.84321923887064121  0.97040646118755858  1.00000000000000000
   6.2885248400666430E-010  -1.0000000000000000     
 F F F F F F F F F F F F F F F F F F F F F F F F F F F F F F F F F F F F F F F F F F F F F F F F F F F F F F F F F F F F F F F F F F F F F F F F F F F F F F F F F F F F F F F F F F F F F F F F F F F F F F F F F F F F F F F F F F F F F F F F F F F F F F F F F F F F F F F F F F F F F F F F F F F F F F F F F F F F F F F F F F F F F F F F F F F F F F F F F F F F F F F F F F F F F F F F F F F F F F F F F F F F F F F F F F F F F F F F F F F F F F F F F F F F F F F F F F F F F F F F F F F F F F F F F F F F F F F F F F F F F F F F F F F F F F F F F F F F F F F F F F F F F F F F F F F F F F F F F F F F F F F F F F F F F F F F F F F F F F F F F F F F F F F F F F F F F F F F F F F F F F F F F F F F F F F F F F F F F F F F F F F F F F F F F F F F F F F F F F F F F F F F F F F F F F F F F F F F F F F F F F F F F F F F F F F F F F F F F F F F F F F F F F F F F F F F F F F F F F F F F F F F F F F F F F F F F F F F F F F F F F F F F F F F F F F F F F F F F F F F F F F F F F F F F F F F F F F F F F F F F F F F F F F F F F F F
  <DiscreteSampler_grid>
  grouped_processes
  1 # 1 for a reference and 2 for a running grid.
  10 # Attribute 'min_bin_probing_points' of the grid.
  1 # Attribute 'grid_mode' of the grid. 1=='default',2=='initialization'
  0.0000000000000000 # Attribute 'small_contrib_threshold' of the grid.
  0.5000000000000000 # Attribute 'damping_power' of the grid.
 # binID   n_entries weight   weight_sqr   abs_weight
    127   10   7.751555434949168E-008   3.848969474901478E-014   7.751555434949168E-008
    130   10   1.550311086989834E-007   1.539587789960591E-013   1.550311086989834E-007
    175   10   1.521309895426990E-007   1.468117940252734E-013   1.521309895426990E-007
    178   10   3.042619790853980E-007   5.872471761010934E-013   3.042619790853980E-007
    217   10   7.578673565916245E-008   3.420691990334927E-014   7.578673565916245E-008
    220   10   1.515734713183249E-007   1.368276796133971E-013   1.515734713183249E-007
    235   10   1.480589429765636E-007   1.291288047350314E-013   1.480589429765636E-007
    238   10   2.961178859531272E-007   5.165152189401256E-013   2.961178859531272E-007
    250   10   7.751555434949166E-008   3.848969474901476E-014   7.751555434949166E-008
    253   10   1.550311086989833E-007   1.539587789960590E-013   1.550311086989833E-007
    298   10   1.521309895426990E-007   1.468117940252734E-013   1.521309895426990E-007
    301   10   3.042619790853980E-007   5.872471761010934E-013   3.042619790853980E-007
    340   10   7.578673565916248E-008   3.420691990334929E-014   7.578673565916248E-008
    343   10   1.515734713183250E-007   1.368276796133972E-013   1.515734713183250E-007
    358   10   1.480589429765636E-007   1.291288047350314E-013   1.480589429765636E-007
    361   10   2.961178859531272E-007   5.165152189401256E-013   2.961178859531272E-007
    373   10   7.751555434949168E-008   3.848969474901478E-014   7.751555434949168E-008
    376   10   1.550311086989834E-007   1.539587789960591E-013   1.550311086989834E-007
    379   10   1.302049847909680E-007   1.041536909720090E-013   1.302049847909680E-007
    380   10   1.302049847909680E-007   1.041536909720090E-013   1.302049847909680E-007
    382   10   2.604099695819360E-007   4.166147638880359E-013   2.604099695819360E-007
    383   10   2.604099695819359E-007   4.166147638880358E-013   2.604099695819359E-007
    385   10   1.543020994296929E-007   8.546308703549046E-014   1.543020994296929E-007
    386   10   1.543020994296930E-007   8.546308703549065E-014   1.543020994296930E-007
    388   10   3.086041988593858E-007   3.418523481419619E-013   3.086041988593858E-007
    389   10   3.086041988593859E-007   3.418523481419626E-013   3.086041988593859E-007
    391   10   2.131607971253342E-007   3.373504705045623E-013   2.131607971253342E-007
    392   10   2.131607971253343E-007   3.373504705045625E-013   2.131607971253343E-007
    394   10   4.263215942506683E-007   1.349401882018249E-012   4.263215942506683E-007
    395   10   4.263215942506685E-007   1.349401882018250E-012   4.263215942506685E-007
    409   10   1.434487421373796E-007   1.152126663766523E-013   1.434487421373796E-007
    410   10   1.434487421373796E-007   1.152126663766524E-013   1.434487421373796E-007
    412   10   2.868974842747591E-007   4.608506655066090E-013   2.868974842747591E-007
    413   10   2.868974842747591E-007   4.608506655066095E-013   2.868974842747591E-007
    415   10   1.265394386918551E-007   7.393595658166559E-014   1.265394386918551E-007
    416   10   1.265394386918550E-007   7.393595658166565E-014   1.265394386918550E-007
    418   10   2.530788773837102E-007   2.957438263266623E-013   2.530788773837102E-007
    419   10   2.530788773837100E-007   2.957438263266626E-013   2.530788773837100E-007
    421   10   1.521309895426989E-007   1.468117940252734E-013   1.521309895426989E-007
    424   10   3.042619790853979E-007   5.872471761010934E-013   3.042619790853979E-007
    427   10   2.594620877816015E-007   4.144660710869935E-013   2.594620877816015E-007
    428   10   2.594620877816011E-007   4.144660710869936E-013   2.594620877816011E-007
    430   10   5.189241755632029E-007   1.657864284347974E-012   5.189241755632029E-007
    431   10   5.189241755632021E-007   1.657864284347975E-012   5.189241755632021E-007
    433   10   2.662274608436995E-007   3.245498718027509E-013   2.662274608436995E-007
    434   10   2.662274608436995E-007   3.245498718027515E-013   2.662274608436995E-007
    436   10   5.324549216873990E-007   1.298199487211004E-012   5.324549216873990E-007
    437   10   5.324549216873990E-007   1.298199487211006E-012   5.324549216873990E-007
    445   10   4.401143360637466E-007   1.412402106756659E-012   4.401143360637466E-007
    446   10   4.401143360637463E-007   1.412402106756660E-012   4.401143360637463E-007
    448   10   8.802286721274932E-007   5.649608427026637E-012   8.802286721274932E-007
    449   10   8.802286721274926E-007   5.649608427026640E-012   8.802286721274926E-007
    457   10   3.075450052225307E-007   4.997583172821380E-013   3.075450052225307E-007
    458   10   3.075450052225305E-007   4.997583172821382E-013   3.075450052225305E-007
    460   10   6.150900104450614E-007   1.999033269128552E-012   6.150900104450614E-007
    461   10   6.150900104450611E-007   1.999033269128553E-012   6.150900104450611E-007
    463   10   7.578673565916248E-008   3.420691990334927E-014   7.578673565916248E-008
    466   10   1.515734713183250E-007   1.368276796133971E-013   1.515734713183250E-007
    469   10   1.302332555019168E-007   9.557906612496669E-014   1.302332555019168E-007
    470   10   1.302332555019169E-007   9.557906612496677E-014   1.302332555019169E-007
    472   10   2.604665110038337E-007   3.823162644998667E-013   2.604665110038337E-007
    473   10   2.604665110038338E-007   3.823162644998671E-013   2.604665110038338E-007
    475   10   1.590396887182903E-007   7.603254479155645E-014   1.590396887182903E-007
    476   10   1.590396887182905E-007   7.603254479155654E-014   1.590396887182905E-007
    478   10   3.180793774365806E-007   3.041301791662258E-013   3.180793774365806E-007
    479   10   3.180793774365809E-007   3.041301791662262E-013   3.180793774365809E-007
    481   10   1.480589429765636E-007   1.291288047350313E-013   1.480589429765636E-007
    484   10   2.961178859531271E-007   5.165152189401253E-013   2.961178859531271E-007
    487   10   2.569716137521933E-007   3.728615870682469E-013   2.569716137521933E-007
    488   10   2.569716137521936E-007   3.728615870682476E-013   2.569716137521936E-007
    490   10   5.139432275043867E-007   1.491446348272988E-012   5.139432275043867E-007
    491   10   5.139432275043871E-007   1.491446348272990E-012   5.139432275043871E-007
    496   10   7.751555434949167E-008   3.848969474901478E-014   7.751555434949167E-008
    499   10   1.550311086989833E-007   1.539587789960591E-013   1.550311086989833E-007
    502   10   1.302049847909680E-007   1.041536909720089E-013   1.302049847909680E-007
    503   10   1.302049847909680E-007   1.041536909720090E-013   1.302049847909680E-007
    505   10   2.604099695819360E-007   4.166147638880357E-013   2.604099695819360E-007
    506   10   2.604099695819360E-007   4.166147638880359E-013   2.604099695819360E-007
    508   10   1.543020994296929E-007   8.546308703549046E-014   1.543020994296929E-007
    509   10   1.543020994296930E-007   8.546308703549069E-014   1.543020994296930E-007
    511   10   3.086041988593859E-007   3.418523481419619E-013   3.086041988593859E-007
    512   10   3.086041988593861E-007   3.418523481419628E-013   3.086041988593861E-007
    514   10   2.131607971253342E-007   3.373504705045623E-013   2.131607971253342E-007
    515   10   2.131607971253342E-007   3.373504705045625E-013   2.131607971253342E-007
    517   10   4.263215942506683E-007   1.349401882018249E-012   4.263215942506683E-007
    518   10   4.263215942506685E-007   1.349401882018250E-012   4.263215942506685E-007
    532   10   1.434487421373796E-007   1.152126663766523E-013   1.434487421373796E-007
    533   10   1.434487421373796E-007   1.152126663766524E-013   1.434487421373796E-007
    535   10   2.868974842747591E-007   4.608506655066090E-013   2.868974842747591E-007
    536   10   2.868974842747591E-007   4.608506655066095E-013   2.868974842747591E-007
    538   10   1.265394386918550E-007   7.393595658166552E-014   1.265394386918550E-007
    539   10   1.265394386918550E-007   7.393595658166565E-014   1.265394386918550E-007
    541   10   2.530788773837101E-007   2.957438263266621E-013   2.530788773837101E-007
    542   10   2.530788773837101E-007   2.957438263266626E-013   2.530788773837101E-007
    544   10   1.521309895426989E-007   1.468117940252734E-013   1.521309895426989E-007
    547   10   3.042619790853979E-007   5.872471761010934E-013   3.042619790853979E-007
    550   10   2.594620877816015E-007   4.144660710869935E-013   2.594620877816015E-007
    551   10   2.594620877816010E-007   4.144660710869935E-013   2.594620877816010E-007
    553   10   5.189241755632029E-007   1.657864284347974E-012   5.189241755632029E-007
    554   10   5.189241755632020E-007   1.657864284347974E-012   5.189241755632020E-007
    556   10   2.662274608436995E-007   3.245498718027509E-013   2.662274608436995E-007
    557   10   2.662274608436995E-007   3.245498718027515E-013   2.662274608436995E-007
    559   10   5.324549216873990E-007   1.298199487211004E-012   5.324549216873990E-007
    560   10   5.324549216873990E-007   1.298199487211006E-012   5.324549216873990E-007
    568   10   4.401143360637467E-007   1.412402106756659E-012   4.401143360637467E-007
    569   10   4.401143360637463E-007   1.412402106756660E-012   4.401143360637463E-007
    571   10   8.802286721274934E-007   5.649608427026637E-012   8.802286721274934E-007
    572   10   8.802286721274925E-007   5.649608427026640E-012   8.802286721274925E-007
    580   10   3.075450052225309E-007   4.997583172821383E-013   3.075450052225309E-007
    581   10   3.075450052225305E-007   4.997583172821382E-013   3.075450052225305E-007
    583   10   6.150900104450617E-007   1.999033269128553E-012   6.150900104450617E-007
    584   10   6.150900104450611E-007   1.999033269128553E-012   6.150900104450611E-007
    586   10   7.578673565916249E-008   3.420691990334932E-014   7.578673565916249E-008
    589   10   1.515734713183250E-007   1.368276796133973E-013   1.515734713183250E-007
    592   10   1.302332555019168E-007   9.557906612496669E-014   1.302332555019168E-007
    593   10   1.302332555019169E-007   9.557906612496677E-014   1.302332555019169E-007
    595   10   2.604665110038336E-007   3.823162644998667E-013   2.604665110038336E-007
    596   10   2.604665110038338E-007   3.823162644998671E-013   2.604665110038338E-007
    598   10   1.590396887182903E-007   7.603254479155644E-014   1.590396887182903E-007
    599   10   1.590396887182905E-007   7.603254479155654E-014   1.590396887182905E-007
    601   10   3.180793774365806E-007   3.041301791662258E-013   3.180793774365806E-007
    602   10   3.180793774365809E-007   3.041301791662262E-013   3.180793774365809E-007
    604   10   1.480589429765636E-007   1.291288047350313E-013   1.480589429765636E-007
    607   10   2.961178859531271E-007   5.165152189401253E-013   2.961178859531271E-007
    610   10   2.569716137521933E-007   3.728615870682470E-013   2.569716137521933E-007
    611   10   2.569716137521936E-007   3.728615870682477E-013   2.569716137521936E-007
    613   10   5.139432275043867E-007   1.491446348272988E-012   5.139432275043867E-007
    614   10   5.139432275043872E-007   1.491446348272991E-012   5.139432275043872E-007
  </DiscreteSampler_grid>
