  0.00290392643329446  0.01357673768446665  0.02485039951112478  0.03530185721884004
  0.04604292592675522  0.05584669318322174  0.06624655273213187  0.07689870889563437
  0.08833158848830884  0.10029842915802523  0.11149108509934010  0.12251768029508490
  0.13399247401190309  0.14523248979536593  0.15588825835898135  0.16632960774913325
  0.17727375313283658  0.18845939724065253  0.19940375618048309  0.21043347091809833
  0.22000838565173475  0.22838910873720630  0.23624242381322993  0.24377098098101402
  0.25205448304683364  0.26104774891950050  0.27100555544075033  0.28417588477851702
  0.29633665556167804  0.30713339942861989  0.31746924324779335  0.32805996621515915
  0.33875365591075091  0.34927737354420346  0.35950815516615436  0.37010693209723389
  0.38081928599262815  0.39120605055879304  0.40180248099681565  0.41259462671854052
  0.42384090396374180  0.43600451661264433  0.44881282145499035  0.46093178673900165
  0.47201415892870591  0.48246221545729806  0.49360800901127044  0.50574657091667674
  0.51850532509940728  0.53105153032343477  0.54327029212240951  0.55538554118754335
  0.56629312490576089  0.57407389280564436  0.58163486181299451  0.58946828556071873
  0.59762898979729351  0.60633532424526526  0.61610313538597317  0.62630105854883833
  0.63742266841468698  0.64801774210591667  0.65875624059128324  0.66965696727592339
  0.68150871185738782  0.69307566818170485  0.70384170119287737  0.71364494960835967
  0.72283595837487480  0.73142948772219041  0.74142026468180211  0.75221611232200469
  0.76288003449918751  0.77404395086753319  0.78476248192975939  0.79559739597030121
  0.80556887025407065  0.81552503838564672  0.82667504238061240  0.83835876513450491
  0.85012164186613870  0.86046876839321451  0.87107105036372701  0.88011461789659196
  0.88942424285385502  0.89808127846365504  0.90754595659944570  0.91750057846170241
  0.92783508162615813  0.93820244691033761  0.94833915515405443  0.95908627720141149
  0.96980930755404959  0.97950711742328778  0.98963000003856494  1.00000000000000000
  0.00322307216910757  0.01280890092323339  0.02436110501724091  0.03597864545706113
  0.04787392093944433  0.05948695059707668  0.07165140449399253  0.08232214193499715
  0.09145485810070866  0.10082443692457131  0.11039675659717606  0.12013540303205134
  0.13112875286811129  0.14215455459192369  0.15302280833836507  0.16490773737562278
  0.17774022894666922  0.19204286342585083  0.20651590572890199  0.22011887182870010
  0.23258215041442465  0.24365002840390818  0.25446667954105018  0.26511750006934293
  0.27608226438391714  0.28780565489167026  0.30030309779827286  0.31365611161220691
  0.32674421001930004  0.33980559288939943  0.35187476086450853  0.36215022525029184
  0.37171901141172647  0.38074626270198170  0.38857510818280522  0.39577351432241892
  0.40328074604948710  0.41111309890921283  0.41993281466528953  0.43080176500776624
  0.44215674810063699  0.45434591454352119  0.46454326705643606  0.47325375605315678
  0.48087870311891184  0.48868545800354718  0.49710087219377552  0.50601960808468027
  0.51697939590542130  0.52886989021287989  0.54058740026006535  0.55170262187391717
  0.56298673148191880  0.57414357377382863  0.58422347973846345  0.59356191298011796
  0.60346141139155529  0.61456958991606614  0.62729287608182671  0.63937072510565762
  0.65002466741326681  0.66008139960265766  0.67004263518662732  0.68063762783302728
  0.69152843029637989  0.70218625630790843  0.71225770410841116  0.72173584019614145
  0.73137708109061328  0.74185139952532964  0.75250432775572451  0.76323241495669936
  0.77382709260570570  0.78470211526285516  0.79541548180732180  0.80538913891518382
  0.81443591796563308  0.82332923357289467  0.83240367418578509  0.84177340195912365
  0.85098590057359347  0.86017078803927949  0.86944488337323900  0.87875386058199778
  0.88807703112189584  0.89744311852345515  0.90694939197476854  0.91668243018173046
  0.92634791770002023  0.93601889319369735  0.94472268829040096  0.95433196188978586
  0.96380085500293311  0.97359674169948052  0.98292848745847727  1.00000000000000000
  0.00000952583825383  0.00000989007840138  0.00001029789173028  0.00001077751152669
  0.00001159514577736  0.00001279397699401  0.00001409688795865  0.00001548300644341
  0.00001707294137761  0.00001841196563977  0.00001965855372825  0.00002073863531038
  0.00002176736582966  0.00002283146773564  0.00002398079443023  0.00002507423915408
  0.00002635140805645  0.00002775003139442  0.00002930892081788  0.00003118447788331
  0.00003355727420942  0.00003594629310558  0.00003874723867849  0.00004161790657338
  0.00004465949271793  0.00004810351003233  0.00005221131301079  0.00005698785283357
  0.00006244984275397  0.00006921778607222  0.00007738239165265  0.00008695570684075
  0.00009809535553879  0.00011158824613400  0.00012742427828302  0.00014588463879452
  0.00016632496512385  0.00019006696158313  0.00021798289555702  0.00024967231400609
  0.00028601622873700  0.00032610916812170  0.00037023760353504  0.00041513876780393
  0.00046163531412341  0.00051163259792800  0.00056509803073588  0.00061824471600681
  0.00067874175992319  0.00073949605271110  0.00080584310401217  0.00087702589720036
  0.00095060125858953  0.00102465060481367  0.00110510783508795  0.00118743960118052
  0.00127409046573774  0.00135548813038962  0.00143756446194174  0.00152587163904056
  0.00162971639266072  0.00173300546139530  0.00183797914445778  0.00193731210834948
  0.00201958280208436  0.00211175391385211  0.00221446101927169  0.00231772036475267
  0.00243896469408805  0.00259786400170564  0.00278080019640611  0.00296403008400472
  0.00315120605700026  0.00336190287939975  0.00360985982658836  0.00389741064224603
  0.00417721064603819  0.00440534029185363  0.00465209842063439  0.00497795260777236
  0.00521817451472953  0.00541769533493753  0.00558926388333922  0.00575899727055902
  0.00586349223113699  0.00599048825835616  0.00613543632896716  0.00630447810144716
  0.00650533637288961  0.00669536231056462  0.00696950286813479  0.00772215794686106
  0.00814653798597547  0.00899332008554827  0.21149173561321899  1.00000000000000000
  0.00000380259658345  0.00000402331191524  0.00000420073222134  0.00000437901325572
  0.00000458165588723  0.00000482224027635  0.00000505109361710  0.00000535246854796
  0.00000568119848422  0.00000603567542668  0.00000647910047518  0.00000692991923191
  0.00000745677586275  0.00000794996589185  0.00000842641897568  0.00000890909113330
  0.00000944467628169  0.00001002988574477  0.00001065557713247  0.00001134283546048
  0.00001208843879226  0.00001279444787969  0.00001340714795572  0.00001398828768073
  0.00001462159431884  0.00001525461840251  0.00001586499174150  0.00001657131353610
  0.00001739972787582  0.00001833137039845  0.00001933433727171  0.00002040194542177
  0.00002150654051574  0.00002264038853893  0.00002390176680057  0.00002534675961821
  0.00002684773994172  0.00002841657184987  0.00002995256701859  0.00003157213167872
  0.00003325095921806  0.00003485393109789  0.00003646724485407  0.00003826489696838
  0.00004023709403133  0.00004254604754332  0.00004514015842331  0.00004777333165030
  0.00005068312510692  0.00005359433671315  0.00005679523308184  0.00006011216247579
  0.00006356810102335  0.00006713705478449  0.00007065864366322  0.00007439795571739
  0.00007876375425119  0.00008379861221668  0.00008936875262856  0.00009516234406313
  0.00010097491777565  0.00010751101060687  0.00011545899177872  0.00012381814955992
  0.00013260171115330  0.00014163494140329  0.00015132032095789  0.00016191724623369
  0.00017349838106049  0.00018652203987580  0.00020189033595896  0.00022078710147620
  0.00024277424077893  0.00026815624996269  0.00029671857075362  0.00033146289135782
  0.00037210032214454  0.00041530818066117  0.00046603145289431  0.00053114590767003
  0.00061435543976740  0.00070151915340489  0.00078065146590594  0.00087377581038811
  0.00099891012802233  0.00116398876894402  0.00139060773113380  0.00173199910333970
  0.00218158547645079  0.00275787603166893  0.00370099788977676  0.00560232471377896
  0.00886610865291023  0.01307793903563636  0.02094393455559854  1.00000000000000000
  0.00000830117430502  0.00000895535095991  0.00001016303932554  0.00001127032137243
  0.00001237027296876  0.00001368969012121  0.00001494378890584  0.00001617188818161
  0.00001739635826865  0.00001861193483005  0.00001981753327542  0.00002105005029695
  0.00002248455838323  0.00002420454399687  0.00002613151715712  0.00002804868555130
  0.00002989955052425  0.00003180548972763  0.00003410210568550  0.00003690339117719
  0.00004040006549517  0.00004455373080821  0.00004911494941332  0.00005417676855013
  0.00005969276488551  0.00006547369214731  0.00007183041041289  0.00007929634602663
  0.00008825762015798  0.00009893158994832  0.00011199216166232  0.00012776063076735
  0.00014562427953510  0.00016431379813847  0.00018361795947675  0.00020440376816580
  0.00022726765353298  0.00025302620897711  0.00028144871182165  0.00031150615223088
  0.00034279666907371  0.00037840755201940  0.00042012597429360  0.00046642849671841
  0.00051542697717215  0.00056728333838183  0.00062625863125801  0.00069272938341162
  0.00076220968057175  0.00082952712141983  0.00089326617380400  0.00095653240636193
  0.00102358314607878  0.00109780275046685  0.00118192470667683  0.00127847515930064
  0.00137983714516473  0.00149042743194089  0.00158977279286843  0.00169991923345702
  0.00182082879469563  0.00195618439350086  0.00209655467117257  0.00222509202749889
  0.00236256037435647  0.00250222974731417  0.00264066751655881  0.00278612185217496
  0.00293123777761881  0.00309450446095001  0.00329310709549888  0.00353454081503850
  0.00377122896685307  0.00394312002564633  0.00406624260283214  0.00419432615314971
  0.00432689227067077  0.00443142035328940  0.00451691870497712  0.00460951006635124
  0.00472076134873959  0.00484585316771339  0.00502128100197808  0.00518788984714823
  0.00533260486481594  0.00551444665343165  0.00589504152820206  0.00677080625013715
  0.00743600295440069  0.00801742070879128  0.00863144891888027  0.00949113099478782
  0.01068180104678415  0.01379923078327824  0.32285884746746502  1.00000000000000000
 -0.00080564265245660  0.01523308350774798  0.02877830441629633  0.04343111101521019
  0.05525699097582277  0.06724668730401939  0.07884912160590096  0.09022831099325537
  0.10107262622831656  0.11208183043890295  0.12352453542048887  0.13646783681846678
  0.15052143936781517  0.16286030652722094  0.17348541710501358  0.18323585750052063
  0.19325130008436114  0.20349454891465366  0.21402159728513345  0.22552419242242966
  0.23841951466496622  0.25199932130563885  0.26435224675567132  0.27523855016447885
  0.28528057305863697  0.29473828748624159  0.30444452252437371  0.31415042069867460
  0.32437736100244252  0.33495226486705387  0.34518126871421290  0.35557020242673587
  0.36688741094511373  0.37802171163985498  0.38873793443146409  0.39892643909792291
  0.40950090250014859  0.42026207642901631  0.43101868564042811  0.44208789530127335
  0.45322511620887618  0.46428821066571807  0.47533783956776354  0.48652781698132391
  0.49780144160009437  0.50790536547818921  0.51724674443074570  0.52658803714568470
  0.53518497045592872  0.54312162131932973  0.55116083485052603  0.55844928253804038
  0.56570851310724579  0.57354712459752000  0.58177862409377057  0.59084995124263540
  0.60068516522136084  0.61091604070371486  0.62146163582341629  0.63187546217834589
  0.64175961735089293  0.65091303422926505  0.65980224432434487  0.66931081600693076
  0.68000326813010292  0.69077572338271320  0.69982144145430980  0.70844705504598560
  0.71674503889526764  0.72666980834558059  0.73687814163657950  0.74671279118961809
  0.75709690059296308  0.76871504468029528  0.78084073301234647  0.79198978634758987
  0.80095939650011450  0.80965840173451864  0.81836429720100878  0.82808884461792254
  0.83901301510074544  0.84964614054568433  0.85928046005912928  0.86861030973682574
  0.87764046113043448  0.88688032391436433  0.89798368359345748  0.91057561653068808
  0.92135714961377357  0.93028656583428737  0.93877712353646736  0.94837928707009111
  0.95904580131824235  0.97274825042945934  0.98628301988399025  1.00000000000000000
 -0.00250756985857777  0.01156374153415092  0.02358607452608672  0.03767657634579681
  0.05026769592282482  0.06286391942098681  0.07521259251981206  0.08820970808412505
  0.10040838763428804  0.11181915130142757  0.12325769507198774  0.13428855896215208
  0.14662659857702964  0.15895450782893697  0.16959053253819026  0.17906251969815729
  0.18814739712265094  0.19818256801683479  0.20924235474367919  0.22035916879343354
  0.23147850576772841  0.24240811212091318  0.25318462397137270  0.26340435003248169
  0.27277263355049897  0.28257178886366391  0.29316714790053999  0.30381023369341054
  0.31396428073066823  0.32355302654362483  0.33385740216972692  0.34371685725248491
  0.35360130636224524  0.36364353805526822  0.37350663816334334  0.38273860798829779
  0.39145437504841513  0.40107515498099550  0.41196333394841839  0.42305433747499527
  0.43313372959625862  0.44285577202246351  0.45263760648064422  0.46286026023604182
  0.47268292865121242  0.48236262715116351  0.49017103533838624  0.49726428012252138
  0.50512141406003830  0.51361163040069080  0.52465776168536138  0.53766819292583068
  0.54999854240472523  0.56106149776369141  0.57105327407427131  0.58090559970821942
  0.59145983443508032  0.60255514252706144  0.61266977435819914  0.62305763660688673
  0.63348328810611387  0.64467422409929331  0.65474256678224652  0.66426672100880191
  0.67267070831113773  0.68030345559115646  0.68842997110823168  0.69727452358178965
  0.70678301874251059  0.71703592369046154  0.72716295498678751  0.73865359413148302
  0.75104051863124888  0.76303221397906107  0.77488368491627313  0.78628053799984698
  0.79765326982992968  0.80831353178559051  0.81769180070364078  0.82684421277129305
  0.83571985402659421  0.84622226347872553  0.85702181335067606  0.86827818193541839
  0.87943112915294808  0.89100787080411692  0.90278032966922284  0.91415688290616870
  0.92533134532429495  0.93575762200463730  0.94583104441046795  0.95607109071180640
  0.96628638934090305  0.97783766201962585  0.98877900155280485  1.00000000000000000
 -0.00218130283781546  0.00735490364702288  0.01599526133536786  0.02475779978811714
  0.03415848906605464  0.04300246135402332  0.05070128854468119  0.05822358924138368
  0.06590852363979730  0.07427427489871895  0.08265921112612883  0.09047560475914751
  0.09801655977668966  0.10584990039966695  0.11460719002994456  0.12544163692281038
  0.13615985443163503  0.14562545727752979  0.15391763020796029  0.16207621947397041
  0.17017662856281082  0.17828789317935170  0.18571672072987133  0.19212532950863329
  0.19811426018413653  0.20427033953037538  0.21102768236113545  0.21808699940957574
  0.22494517532236355  0.23172728373030002  0.23866955075598273  0.24601218681669970
  0.25433720672555571  0.26315579720861926  0.27199144390216390  0.28098798903394612
  0.28975493725102647  0.29836635114226612  0.30711012673807425  0.31677919523915687
  0.32737228183900985  0.33715816216998817  0.34532685204220648  0.35281296980505178
  0.36030583095709551  0.36781735837896995  0.37581779885969802  0.38466892611664327
  0.39284048445638475  0.40198023435819180  0.41228460547698803  0.42295076601880560
  0.43336532415661883  0.44342433723546071  0.45415867229868429  0.46510063466056561
  0.47622979279370986  0.48719817419254391  0.49794626342859949  0.50869877764196736
  0.51964131152151050  0.53047937800859091  0.54127628139172457  0.55164100197428723
  0.56196899357762364  0.57233580845873921  0.58287178684735741  0.59284931318581602
  0.60307535338158069  0.61388710971133753  0.62627603715911184  0.64033446142268047
  0.65466895195745389  0.66804830596033160  0.68148729673973329  0.69449800900720127
  0.70681208089229020  0.71951399415032524  0.73251904721228889  0.74579389977297672
  0.75850429896218463  0.77103568692399949  0.78537036787395420  0.79965049965704382
  0.81407097613105339  0.82957776578958975  0.84663153409188729  0.86540878614999461
  0.88278824322081850  0.89888476354151581  0.91490291867517470  0.92930808631374895
  0.94401653519736450  0.95993609477542718  0.97976593634385367  1.00000000000000000
 -0.00273800257347458  0.01054410669818359  0.02142378988752917  0.03218829817085433
  0.04330663789137045  0.05625291176767839  0.06878968214795705  0.08013527057005307
  0.08965475877891559  0.09926047816315127  0.10845993916328769  0.11900566091606110
  0.12879337947524727  0.13869127291497188  0.14830805595494834  0.15803024795296891
  0.16781362012628551  0.17762095608540798  0.18757723201707732  0.19744586861426425
  0.20560165946600492  0.21358600300364675  0.22131601898246825  0.22788422811424233
  0.23573098536516865  0.24311990006454146  0.25313583530146555  0.26301744962754203
  0.27318052838889023  0.28293038179265462  0.29368634126672771  0.30499683015247431
  0.31609162277987929  0.32665655361204299  0.33674880130713769  0.34686154513472189
  0.35723242536734551  0.36778885943600065  0.37775749696159461  0.38676221837649355
  0.39590717261711195  0.40569606188373553  0.41640323975329335  0.42717200592114352
  0.43800872226613663  0.44939209556723525  0.46038051252585904  0.47074211602785559
  0.48111037185353839  0.49139535906786241  0.50226468490400966  0.51382155988953948
  0.52503615792643510  0.53684191877847598  0.54791469093720102  0.55881926701286755
  0.57068994103182735  0.58277325801742730  0.59441145257741457  0.60578687273714971
  0.61800161803184717  0.63043877047402264  0.64218542201015283  0.65495123936764821
  0.66758350117589926  0.68037691888348806  0.69264865565911338  0.70487143069147973
  0.71578812150670568  0.72612336632000307  0.73690121663361019  0.74961086652483178
  0.76088070370642236  0.77172026625400347  0.78158209311603200  0.79139899438174921
  0.80167987077886260  0.81240557865614116  0.82341527808926307  0.83359151410979859
  0.84338002784355559  0.85347394702909918  0.86431655714485667  0.87656551690665940
  0.88889541543890316  0.90060011155479003  0.91043442359485860  0.92071111288562324
  0.93087594872173729  0.94066308074665672  0.94974046926962008  0.95863865280091054
  0.96825687525934956  0.97858880617082533  0.98908787784502328  1.00000000000000000
 -0.00274491959508368  0.01092434074281393  0.02180357006370433  0.03236291033314866
  0.04259378478176926  0.05204205643679119  0.06114771719692205  0.07018175221635749
  0.07976809173764823  0.08953829959156048  0.09965219175644344  0.11027642077719661
  0.12073610442506108  0.13142383918930153  0.14297401439461302  0.15505739166711677
  0.16764732849821712  0.18006621245406734  0.19237019696023550  0.20385879185612688
  0.21468861305024201  0.22549403346335201  0.23569382904836364  0.24523108393412502
  0.25468957509292051  0.26405811999265227  0.27401040946802824  0.28412900774636418
  0.29609106741009678  0.30810677723130270  0.31989956942396580  0.33085631180087832
  0.34242296279570072  0.35315232720486905  0.36335830256442164  0.37332173451403877
  0.38393242756750656  0.39374023819722520  0.40282755752182747  0.41204414325805561
  0.42199212865974695  0.43369120094084901  0.44472879810204080  0.45456129569840259
  0.46394695131298164  0.47356250939361755  0.48325076259338856  0.49325982789775524
  0.50329112009799559  0.51334043844205401  0.52316920223900920  0.53353128324797128
  0.54454987334505423  0.55708868286750246  0.57011061160051246  0.57951473371265105
  0.58886066166278916  0.59876725441557066  0.60789238626962072  0.61788262778202097
  0.62902293671355425  0.64076908341557415  0.65304792564767056  0.66442944886236088
  0.67513789357840170  0.68525554279752343  0.69495579800715934  0.70509265349224315
  0.71637869628901707  0.72819031344541152  0.74019156038236533  0.75173319031280439
  0.76224642658106012  0.77253686814478384  0.78256835988828211  0.79330022035355430
  0.80435502479312371  0.81504825425705907  0.82481294026992935  0.83443291790747443
  0.84373242703567919  0.85295473395392651  0.86190631140141705  0.86983707041048330
  0.87832289775117800  0.88817064958434933  0.89951266797839513  0.91168110521594470
  0.92302567203796781  0.93350385648711820  0.94380846110404815  0.95409708610117205
  0.96534305704603962  0.97637214403605310  0.98857151470119453  1.00000000000000000
 -0.00009250516937466  0.00043237718322057  0.00082203493262132  0.00111297848685891
  0.00134625530726351  0.00157672319495008  0.00180343145179850  0.00202585653453930
  0.00224083183480955  0.00244084044207712  0.00263233891448839  0.00281643513521152
  0.00300125394418374  0.00318789780139235  0.00336393498499333  0.00353878137098714
  0.00372427693918567  0.00390117324604424  0.00408179608418972  0.00426464066461598
  0.00443973180080583  0.00462469805046616  0.00480849608592784  0.00498739939757490
  0.00517799738564444  0.00535501093576448  0.00553990855437227  0.00573728042680602
  0.00595082584948737  0.00616807637070216  0.00639003707334644  0.00662398646821669
  0.00687842634803144  0.00714400404980288  0.00738738607909120  0.00763865698017316
  0.00788934861288217  0.00810693521806399  0.00834235866761183  0.00859690275169465
  0.00885023822186727  0.00908593354359490  0.00933634410694464  0.00959006998956484
  0.00985169434245383  0.01011776665949235  0.01036510005903640  0.01059035864036542
  0.01082219414433588  0.01105713984275219  0.01129446308770277  0.01155537327469892
  0.01181990460142825  0.01208277941016471  0.01234633745071918  0.01265083114534823
  0.01312404830535575  0.01384464957025782  0.01430373078346288  0.01472499439259265
  0.01514096250616718  0.01554436328761449  0.01583657393898165  0.01612878459034882
  0.01645590786272133  0.01678671997204488  0.01713426546207305  0.01748857770529530
  0.01800728699002780  0.01853627299205423  0.01893310736437728  0.01929828595372552
  0.01964499613127903  0.01993495535193328  0.02024298672827459  0.02103907468720451
  0.02201030882516879  0.02471666259896381  0.02633606710331735  0.02686539763792028
  0.02724054648063781  0.02763199824426594  0.02805626304981435  0.02850694684519047
  0.02930319630336867  0.03026954292509086  0.03418021486806493  0.03781503645555456
  0.03988353014581676  0.05232795013731058  0.05691748156337001  0.05917012448619957
  0.06041036689840722  0.06353927097116778  0.17090397492909326  1.00000000000000000
 -0.00209174073417699  0.00944592788341472  0.01893406344864499  0.02749236548328711
  0.03577121003642558  0.04401708962851549  0.05266431513365851  0.06170762680986297
  0.07009929424971519  0.07803386584462572  0.08607534506172886  0.09464352372335001
  0.10366175216393229  0.11321086166467713  0.12351682555086300  0.13359117948283544
  0.14383561722146629  0.15369882353783337  0.16347813281791981  0.17220412199375285
  0.18100846225171233  0.19002271217511887  0.19885046921399252  0.20763116982468008
  0.21716770698584048  0.22795379502331556  0.24046838397497119  0.25205954456166751
  0.26410710759904293  0.27579676519384266  0.28764166549044112  0.29878453707183822
  0.30874058204988308  0.31860542409875131  0.32911271671997305  0.33964204977660778
  0.35007035722754620  0.35988158917236179  0.36986253746064612  0.37908056688313696
  0.38824702893939911  0.39805596797627518  0.40859847502946606  0.41908938635352827
  0.43139979780385812  0.44374296134515701  0.45654529863367427  0.46958896845309367
  0.48106716635689739  0.49116963192067292  0.50128940604976635  0.51248295495059759
  0.52421700109323111  0.53598112805581344  0.54736189974182670  0.55917007304086741
  0.57102122614587680  0.58328156478263038  0.59623323978913378  0.60886871301922552
  0.61937720714457789  0.63095226561650064  0.64304211762058916  0.65486868860755520
  0.66624182279601107  0.67783442405990302  0.69105223378839375  0.70313165684686196
  0.71555240965508182  0.72836817118157904  0.73966775210134961  0.75108674541209297
  0.76226854293569912  0.77367910493701242  0.78492494233764609  0.79640817056860702
  0.80837942696303688  0.81995688285827528  0.83116299247953118  0.84113451116139393
  0.85041234916948183  0.86008626327422544  0.87019403093828673  0.88051510915823372
  0.89055196070945108  0.89959659788239521  0.90845424959443177  0.91723261034186165
  0.92601411773504394  0.93628781593932053  0.94759720669514891  0.95879142476272416
  0.96966909788411404  0.97993408101766211  0.98986397149639249  1.00000000000000000
 -0.00011365026929770  0.00027418218786854  0.00063388026064443  0.00094067508093827
  0.00113868759260992  0.00134250293078621  0.00153936138692551  0.00172629329152520
  0.00190576698084915  0.00207625785689335  0.00223755494577606  0.00234769686808738
  0.00245963196782097  0.00257371930012310  0.00268825627897083  0.00280417011584950
  0.00292267778305455  0.00304235957823978  0.00316388713631942  0.00328850935426201
  0.00341499056889160  0.00354490157487913  0.00367890345993650  0.00381723670963255
  0.00394503071495945  0.00407174595014030  0.00420022810376389  0.00432056126756215
  0.00445941708198526  0.00462468134234477  0.00476902544521820  0.00491755762646802
  0.00507501861562351  0.00523459530126116  0.00540417139914938  0.00561471688109178
  0.00580700897999020  0.00600253572070673  0.00620108999930890  0.00640422844349541
  0.00660915744115716  0.00679164879420437  0.00694205559070479  0.00708571708558323
  0.00722605208210980  0.00736111801782369  0.00748779049144187  0.00762864767116621
  0.00778213892147287  0.00794667965034739  0.00813320193183373  0.00832472921123138
  0.00851289576981233  0.00870060837926001  0.00890711789218049  0.00917793778648926
  0.00948949234608258  0.00965080089374728  0.00981787685048520  0.00999444122725903
  0.01017026305919338  0.01032656913606675  0.01048287521294011  0.01065443076284180
  0.01084184266771446  0.01101412989558481  0.01117012525727571  0.01132682979983593
  0.01148578824743259  0.01164497677086177  0.01180485213447715  0.01205586557898161
  0.01246268445776617  0.01279104912728729  0.01313906252445262  0.01347187953927150
  0.01402733460620967  0.01424164931228132  0.01432696828032787  0.01441228724837443
  0.01449760621642099  0.01458292518446755  0.01466824415251411  0.01475356312056067
  0.01507865909900383  0.01545442766240327  0.01581385645536265  0.01595818518967614
  0.01610251392398963  0.01623914180891861  0.01636970713886342  0.01650027246880823
  0.01873413733432700  0.03471228721120585  0.14393964248577945  1.00000000000000000
 -0.00129586361806378  0.00389693379329709  0.01021835093202964  0.01565345862565052
  0.02125383795965490  0.02719807207199142  0.03413855699723956  0.04156928487257379
  0.04916637540665060  0.05678665074919885  0.06413878023487196  0.07149775901872277
  0.07791594837659589  0.08435145350590061  0.09064991268685932  0.09728408243212043
  0.10519645401689642  0.11435762700104427  0.12405087405251432  0.13328213265973138
  0.14213355922403592  0.15154747443089242  0.16209551797921473  0.17321070557026308
  0.18480537376765002  0.19649422692574531  0.20840293892827561  0.22020332977079146
  0.23218498870271409  0.24427492589807190  0.25709784778897571  0.26995416607033079
  0.28278478740107854  0.29628885475335165  0.31139774252724617  0.32591848949604035
  0.33990385245050331  0.35343921458069028  0.36592045977276016  0.37810192840591905
  0.39085495838181500  0.40500900072999840  0.41997434064495565  0.43582201025465772
  0.45295981383926037  0.47006357884464378  0.48427819279609108  0.49749885748603506
  0.51015572869153969  0.52382981460157940  0.53879810544175955  0.55342905035959022
  0.56846334308231805  0.58294150246982879  0.59703189026294945  0.61014636943877087
  0.62324050354234328  0.63546063981280831  0.64792415971769945  0.66231536307316929
  0.67514325527994723  0.68716533759089327  0.69925165165301828  0.71163438760968012
  0.72387590627366161  0.73652972357325175  0.75004537782990366  0.76339249497352535
  0.77604729020064078  0.78779063785088921  0.79859442004961068  0.80866572785264634
  0.81744283167370002  0.82661236536556726  0.83535348847655633  0.84457543959575565
  0.85351519359101236  0.86137712413769485  0.86929086635743258  0.87673232370460175
  0.88361421944594742  0.89053885454292026  0.89828859732089050  0.90549444773429733
  0.91231047304422674  0.91910593760628090  0.92751176954589121  0.93594059782760874
  0.94395648815243083  0.95167381858207345  0.95949424731268973  0.96791227378193756
  0.97660623280578884  0.98490755797644669  0.99264649265461602  1.00000000000000000
  0.58760733992690872  0.63490744948959621  0.65428814926244039  0.66944469351013269
  0.68330562066746714  0.69616642395783757  0.70737556780454658  0.71822687062131874
  0.72887289958640733  0.73846734100001143  0.74785460992144248  0.75632294671657352
  0.76390415714158344  0.77122945235379303  0.77789347913863682  0.78398931770981251
  0.78977063084103227  0.79581039743987902  0.80213275706307829  0.80850742996050629
  0.81423741106591951  0.81929843078210163  0.82409124685543866  0.82886801715484670
  0.83373327568314304  0.83862879217393438  0.84333821074059256  0.84753623551058244
  0.85150907519339691  0.85544220377880564  0.85916617710311194  0.86268266914428737
  0.86605141349380343  0.86952500500761742  0.87300440262005374  0.87629066901900399
  0.87940930859291477  0.88245377710549233  0.88558994554155634  0.88882904664051054
  0.89206972909378834  0.89514787160380860  0.89796889548630965  0.90059987663895935
  0.90320570165376146  0.90569928370481656  0.90816631880450627  0.91053774579630387
  0.91290757369424236  0.91517649013925662  0.91754070124986875  0.91965073919293006
  0.92173012611953453  0.92392676729941081  0.92600658989661855  0.92845228212046471
  0.93086800310823281  0.93301115925728118  0.93519962937740730  0.93727440314706145
  0.93931690807632429  0.94139061691928272  0.94349006989714856  0.94557988431739304
  0.94764162877993563  0.94954485502234398  0.95120833381632697  0.95279599374463808
  0.95441361806542435  0.95609475590610193  0.95785529626687693  0.95968153681806623
  0.96152139821629867  0.96329344679006468  0.96496649686559821  0.96662441231114204
  0.96823069120069782  0.96977132479022621  0.97126442759938403  0.97279168559443996
  0.97440738378486136  0.97614086119785626  0.97808091865859870  0.97984147678370070
  0.98147931391316723  0.98302070806872666  0.98455827607296720  0.98610026637031523
  0.98755550837498773  0.98904913918681592  0.99056405311832674  0.99200490914563544
  0.99342180081466025  0.99532411601863857  0.99737733559628161  1.00000000000000000
  0.01060299754357272  0.18280628080672687  0.20941716208353348  0.23209466019492331
  0.25361860077684351  0.27262289023736791  0.28957981213827699  0.30363417289063310
  0.31624650260168635  0.32830445389333868  0.34024262005535316  0.35145980448175623
  0.36173489759219229  0.37082111438784909  0.37978290889401117  0.38854659285549764
  0.39758872578322085  0.40557348715335123  0.41271067010705254  0.41993092821017830
  0.42723255126367393  0.43451849511124330  0.44131079784697613  0.44896148565042782
  0.45622042266794527  0.46331636980610441  0.47085188821014606  0.47845211711745861
  0.48592870353658207  0.49322082723167637  0.50002133773861723  0.50656353800901488
  0.51219997758729496  0.51712395034351577  0.52193648273420978  0.52669242910238157
  0.53275872322229179  0.53913137412495249  0.54583109978296829  0.55216822258175369
  0.55708279071841793  0.56143630137551026  0.56585538424507087  0.57020966894011871
  0.57524819869713928  0.58119569163418761  0.58725418837397958  0.59314002620458495
  0.59894286740497893  0.60457047584395474  0.61003879304798170  0.61553740108029686
  0.62112741610030953  0.62687457641429245  0.63292542783952066  0.63899996833765293
  0.64495118271043594  0.65008440272482571  0.65506249954130169  0.65978176461578342
  0.66419080767857008  0.66870122385033937  0.67386482028392614  0.67909310920428434
  0.68439017734178076  0.68968738296188048  0.69532211542941702  0.70095459297981377
  0.70670546567461690  0.71265419389425666  0.71859201119361626  0.72443732126789762
  0.72995330621892418  0.73573241575653092  0.74160615354710935  0.74774212223571557
  0.75353495960785666  0.75916353566593753  0.76535510892828751  0.77195732372018755
  0.77905778251650915  0.78704794685520341  0.79461723437125764  0.80097550402079332
  0.80688042315190311  0.81348277648950396  0.82102110579442034  0.82980399194188581
  0.83856650564145296  0.84720809847532275  0.85926075569567029  0.87125932849515186
  0.88674976861446198  0.89652704387308102  0.90821068595872467  1.00000000000000000
   9.6534995296699301E-010  -1.0000000000000000     
 F F F F F F F F F F F F F F F F F F F F F F F F F F F F F F F F F F F F F F F F F F F F F F F F F F F F F F F F F F F F F F F F F F F F F F F F F F F F F F F F F F F F F F F F F F F F F F F F F F F F F F F F F F F F F F F F F F F F F F F F F F F F F F F F F F F F F F F F F F F F F F F F F F F F F F F F F F F F F F F F F F F F F F F F F F F F F F F F F F F F F F F F F F F F F F F F F F F F F F F F F F F F F F F F F F F F F F F F F F F F F F F F F F F F F F F F F F F F F F F F F F F F F F F F F F F F F F F F F F F F F F F F F F F F F F F F F F F F F F F F F F F F F F F F F F F F F F F F F F F F F F F F F F F F F F F F F F F F F F F F F F F F F F F F F F F F F F F F F F F F F F F F F F F F F F F F F F F F F F F F F F F F F F F F F F F F F F F F F F F F F F F F F F F F F F F F F F F F F F F F F F F F F F F F F F F F F F F F F F F F F F F F F F F F F F F F F F F F F F F F F F F F F F F F F F F F F F F F F F F F F F F F F F F F F F F F F F F F F F F F F F F F F F F F F F F F F F F F F F F F F F F F F F F F F F F F
  <DiscreteSampler_grid>
  grouped_processes
  1 # 1 for a reference and 2 for a running grid.
  10 # Attribute 'min_bin_probing_points' of the grid.
  1 # Attribute 'grid_mode' of the grid. 1=='default',2=='initialization'
  0.0000000000000000 # Attribute 'small_contrib_threshold' of the grid.
  0.5000000000000000 # Attribute 'damping_power' of the grid.
 # binID   n_entries weight   weight_sqr   abs_weight
    13   10   6.101009290483329E-005   1.319020484071204E-008   6.101009290483329E-005
    14   10   6.101009290483333E-005   1.319020484071206E-008   6.101009290483333E-005
    16   10   6.101009290483329E-005   1.319020484071204E-008   6.101009290483329E-005
    17   10   6.101009290483333E-005   1.319020484071206E-008   6.101009290483333E-005
  </DiscreteSampler_grid>
