  0.00296445812371050  0.01715861223234361  0.03019662355162090  0.04161775437156939
  0.05340489638095920  0.06733210121476825  0.08276632870815810  0.09493302183274892
  0.10583488027618895  0.11603976684139677  0.12661512944260300  0.13851642593832914
  0.14988016756493933  0.16132775441293029  0.17505619530214994  0.18975736580442015
  0.20111187923111637  0.21275466358917228  0.22417880569442813  0.23517540468777556
  0.24607084607597157  0.25768008702776868  0.27086316680695927  0.28407791037220481
  0.29626546420578781  0.30810246447800238  0.32010883868468426  0.33266851105590817
  0.34036277450913338  0.34787954882485345  0.35572153584855248  0.36294263081525219
  0.37357088724250043  0.38468253696504601  0.39474074108054641  0.40331357675805196
  0.41084012435168593  0.41893534059538912  0.42679547672976575  0.43477836334024844
  0.44361818991576574  0.45297361286647692  0.46361235749163393  0.47578727131916171
  0.48820691615709688  0.49988358345610762  0.51012790563634813  0.52057154317300303
  0.52823391578558221  0.53662420842782377  0.54479467771956758  0.55272214038523071
  0.56159952925204204  0.57202102083074635  0.58141310021947290  0.59218122226462788
  0.60329777792926542  0.61407615986485764  0.62616873891138958  0.63841270706466824
  0.65185588673598216  0.66530910375360897  0.67727117089461586  0.68967995996429921
  0.70299883805427210  0.71650219207632415  0.72751620986333487  0.73643360368049327
  0.74537359484510168  0.75358698620424425  0.76135184893746077  0.77031569687059132
  0.77863238525235612  0.78744489879927093  0.79696662165290333  0.80651313234312860
  0.81609504660710486  0.82642682107391641  0.83776347943682927  0.85112695551391759
  0.86262711118648039  0.86964275911773126  0.87597680913848774  0.88207487391801742
  0.88833001525688371  0.89387618303332994  0.90237312796477109  0.91716763799722967
  0.93057486384238675  0.94157497580901695  0.95069191401446929  0.95994113117109015
  0.96902767384566035  0.97850127569256096  0.98952414722480786  1.00000000000000000
  0.00000235421225065  0.00000247765209172  0.00000258609068419  0.00000269671009695
  0.00000280306666615  0.00000290160257010  0.00000299623108975  0.00000308732738537
  0.00000318525191008  0.00000328063227442  0.00000340497188406  0.00000350450192363
  0.00000359715983635  0.00000368932506472  0.00000378617243476  0.00000392200620736
  0.00000408060104208  0.00000426186588672  0.00000442832472417  0.00000460389935078
  0.00000472631199591  0.00000483297599287  0.00000495037828403  0.00000507033246148
  0.00000519789831862  0.00000532839850655  0.00000546907983238  0.00000564383583493
  0.00000585805793212  0.00000609665147053  0.00000634270893948  0.00000656944476998
  0.00000680347946104  0.00000705043492829  0.00000728778605945  0.00000761729697967
  0.00000795784352888  0.00000831203560191  0.00000863341489326  0.00000892872202906
  0.00000922470194039  0.00000954421664864  0.00000986832814611  0.00001021186656628
  0.00001054074301922  0.00001085085365491  0.00001136813485092  0.00001186386349916
  0.00001239323233245  0.00001303854532067  0.00001377089238177  0.00001442588107054
  0.00001513791005013  0.00001589372276202  0.00001661458483762  0.00001746355601497
  0.00001840728474928  0.00001940396525024  0.00002068722103675  0.00002226872637290
  0.00002417115650874  0.00002626799321044  0.00002844589978858  0.00003067160251197
  0.00003311999791269  0.00003584666764872  0.00003886056669963  0.00004237673755395
  0.00004625215802434  0.00005078263669831  0.00005607152347289  0.00006155255113747
  0.00006482890080412  0.00006886250326243  0.00007319922322065  0.00007761925452549
  0.00008305288058716  0.00009311416011666  0.00010587234124509  0.00012071963121985
  0.00013878387661199  0.00016244900416488  0.00019088774552029  0.00022480247817950
  0.00026590494142571  0.00032002763084611  0.00039139399843240  0.00048825594610801
  0.00062497518067187  0.00081397731880729  0.00106489759048634  0.00153602998096788
  0.00265818110978481  0.00696070327890799  0.13759962743138848  1.00000000000000000
  0.00000268529393129  0.00000301507534766  0.00000324738292467  0.00000346174903262
  0.00000367955688515  0.00000389543150415  0.00000410813976942  0.00000432990414394
  0.00000457944070236  0.00000485132328358  0.00000515215973310  0.00000549984906765
  0.00000590585071131  0.00000634341881066  0.00000681753452206  0.00000733412559732
  0.00000787927726176  0.00000851328234112  0.00000918679128621  0.00000998652985996
  0.00001091965271623  0.00001195509875547  0.00001305670304052  0.00001415868191541
  0.00001550824605593  0.00001696658762449  0.00001869536548387  0.00002059477213840
  0.00002260094590555  0.00002459477594681  0.00002660224995876  0.00002873358404524
  0.00003107763252266  0.00003387584126347  0.00003675608526343  0.00003988645873961
  0.00004331557403099  0.00004718116953001  0.00005125802504880  0.00005574782112045
  0.00006058162532393  0.00006545389083989  0.00007033304868410  0.00007537363812389
  0.00008080907235317  0.00008615656622895  0.00009216204340729  0.00009932988870405
  0.00010538191241202  0.00011016932618401  0.00011534774998893  0.00012103936928466
  0.00012612890512715  0.00013502077117692  0.00014415441849839  0.00015289743780631
  0.00016170678469661  0.00017095511330842  0.00018304490679261  0.00019796296577240
  0.00021488638674426  0.00023478221036860  0.00025647718915811  0.00027783058798663
  0.00030199450135589  0.00032240496163073  0.00034054148803288  0.00036172052692597
  0.00038280707809580  0.00040666262438581  0.00044094688963846  0.00048203131080950
  0.00053992596946195  0.00061633231949069  0.00066955646881792  0.00070871799649787
  0.00074710032335622  0.00080396610314198  0.00085921095989443  0.00089370777348521
  0.00091931202467096  0.00094542942012001  0.00097484664172566  0.00100342437308535
  0.00102967630929937  0.00112408677629521  0.00127706871089415  0.00149908664576314
  0.00181947920393504  0.00238155285436356  0.00300641506330490  0.00388464941681388
  0.00541493547179984  0.01256165817293015  0.66873671819944613  1.00000000000000000
  0.00000274284975639  0.00000405847781912  0.00000529183300151  0.00000651775501861
  0.00000768998996602  0.00000875930565988  0.00000981369289528  0.00001102408869318
  0.00001231700287718  0.00001401850064077  0.00001579618812999  0.00001789467879193
  0.00002020046832083  0.00002267827698400  0.00002536005639239  0.00002823854783162
  0.00003125956832561  0.00003455283058872  0.00003809022527604  0.00004200407566454
  0.00004635494532681  0.00005124451413669  0.00005654594857821  0.00006197817173684
  0.00006796580908996  0.00007470129119824  0.00008223565346672  0.00008999807096373
  0.00009788549746293  0.00010606007050162  0.00011516902988852  0.00012440278794061
  0.00013579789088667  0.00014871395811534  0.00016411510308674  0.00017802447138964
  0.00019234759950819  0.00020705477301434  0.00021793913459903  0.00022735261897412
  0.00023679307701655  0.00024718795579617  0.00025764165198320  0.00027220626174441
  0.00029207237906013  0.00031606742300403  0.00034280528539433  0.00037173784569305
  0.00040359211790837  0.00043848345159318  0.00047733992455072  0.00051715234361245
  0.00055344077680444  0.00059241975894487  0.00063805286689392  0.00068304412806468
  0.00072207692931076  0.00075832354236384  0.00079631717469640  0.00084054382953433
  0.00089507417786632  0.00097225810250892  0.00104223163746341  0.00110172660177912
  0.00114697594416876  0.00118037701295953  0.00121419359466353  0.00124881330731363
  0.00128754418811449  0.00133237163355607  0.00140467613825063  0.00149146452788613
  0.00160565466344296  0.00171587991004657  0.00179462274549404  0.00189216177915819
  0.00200142028275513  0.00212501370325806  0.00228228905969728  0.00246906392457332
  0.00282345252552825  0.00324746684552969  0.00369074774319224  0.00427144760898424
  0.00486002231605252  0.00525316440191110  0.00552919841419382  0.00570161228280026
  0.00589524782874694  0.00609827321061506  0.00629890905608962  0.00645150304149170
  0.00658546892545893  0.00672743430146372  0.12970521639664531  1.00000000000000000
 -0.00097497739908109  0.00388656756759318  0.00943647758490601  0.01438684108818379
  0.01936856681367968  0.02565506998533558  0.03351520476646819  0.04130291171473317
  0.04889242909096969  0.05627958254041533  0.06434024547654289  0.07092804674584546
  0.07654650064628590  0.08202768989476480  0.08728417365564303  0.09220435220531420
  0.09987128821407582  0.10773015924857098  0.11386428809804609  0.12010810510350944
  0.12627193158665254  0.13230824894437698  0.13928090114967079  0.14593900685093256
  0.15307774405783001  0.16132481325430995  0.17054358410301024  0.18070758021512501
  0.19087457833864663  0.20034821622953350  0.20941150378051890  0.21904598948973908
  0.22927771997184668  0.24072247924569998  0.25239135703532739  0.26348434751642996
  0.27423208025291773  0.28541519682459016  0.29672516093475121  0.30645376199099705
  0.31536950000222019  0.32451636749573226  0.33411169461402151  0.34518746867887184
  0.35628265138635168  0.36687751710873762  0.37636557299399881  0.38499796622956617
  0.39399833929154815  0.40274911454004308  0.41280293465110934  0.42313545422445370
  0.43275850926172549  0.44375396480382184  0.45489360257889899  0.46691024228779598
  0.48018628496146204  0.49358667610221513  0.50699345779773086  0.52073085104552186
  0.53420440677208691  0.54689345163669800  0.55667620515708061  0.56652493297561179
  0.57678220088307797  0.58877041380640716  0.59931752224085499  0.60995062185352544
  0.62195215472915100  0.63594465794980948  0.65114584000270326  0.66352646347560529
  0.67062942557844241  0.67817260298280346  0.68596583349803097  0.69296637866354882
  0.70144942754109807  0.71516500090108592  0.72608449588952795  0.73800002233014461
  0.74830906132919528  0.76055500750447680  0.77484611568491468  0.79151832575770376
  0.80307687111627535  0.81374014582750565  0.82433491787271584  0.83809879865462722
  0.85474499394140713  0.87204417037024295  0.89350241700914368  0.91775799927280977
  0.94152758757904531  0.96487173841464591  0.98323754514101092  1.00000000000000000
 -0.00241228929528006  0.01176569732593086  0.02248110832703890  0.02930400818655471
  0.03325132239168062  0.03779179251817198  0.04280446519561309  0.04798982629222134
  0.05279023393025133  0.05915176974678829  0.06687670397484725  0.07451992282245375
  0.08218570313913288  0.09135121733834976  0.10207257982114128  0.11213798431167979
  0.12142309595015885  0.13021111372829261  0.13877968513171943  0.14836840411471991
  0.15589725639912702  0.16385121580923470  0.17196109043207419  0.17948797517186441
  0.18898516281736516  0.19854375423276019  0.20740794704397095  0.21668000853179439
  0.22642099787141690  0.23764158787419518  0.25073166253133311  0.26147796992430661
  0.27186588470946021  0.28263043493007034  0.29367518417366995  0.30357732999862863
  0.31375066807157531  0.32640509008629925  0.33984527013722693  0.35270050152858756
  0.36460759242133511  0.37630992222356296  0.38819734853959137  0.39950788200075626
  0.40991574362825872  0.42021896674248799  0.43065988328386046  0.44097149858156209
  0.45157291851306586  0.46301732065606105  0.47559180059455164  0.48791803424980845
  0.50133430023983427  0.51472704434381122  0.52730848798476293  0.54026659871433325
  0.55463977861597935  0.56781234084709420  0.58080627757864223  0.59411006292582158
  0.60764832239228761  0.62043300236981136  0.63116558349065977  0.64067819804635773
  0.65017132136281142  0.65989379883430666  0.67111302195742950  0.68403272987800634
  0.69621934434246291  0.70884660890447859  0.72317318030567102  0.73684243210218581
  0.74957544711930513  0.76149458722930696  0.77371074016143893  0.78598501770267870
  0.80002442269199425  0.81301400450992689  0.82578202602394557  0.83632572422004159
  0.84629996297138932  0.85781578895035504  0.87014817648589904  0.88272157404284657
  0.89478597842258611  0.90592606252761287  0.91479164385070222  0.92229896304059944
  0.92970211772611167  0.93787410461491394  0.94784038450117902  0.95802942651775891
  0.96853783478540345  0.97904944198754174  0.98963884594249663  1.00000000000000000
 -0.00059018354938302  0.00287812975857398  0.00844048529196758  0.01409746833126438
  0.02001094032163013  0.02587121115784193  0.03104304947615008  0.03786727688120009
  0.04913007428182609  0.06078186583232400  0.07156321287003638  0.08150864251476186
  0.09277832978583016  0.10415636717229518  0.11570286231010771  0.12713177449150337
  0.13945334462063080  0.15208200116669465  0.16330609793462372  0.17326486906367167
  0.18301676385548368  0.19295506109936109  0.20334028472974891  0.21623122779329909
  0.23235714820847317  0.24746793868338204  0.26122242193303413  0.27385939152166705
  0.28604769454281698  0.29865020585039637  0.30853611435015210  0.31827731883481930
  0.32815172090612965  0.34055677920166016  0.35488239035163932  0.36793971519903024
  0.37880598724596104  0.38726429637896098  0.39593609233040172  0.40569980150656282
  0.41850585181425132  0.42947833483039183  0.43867705791028605  0.44692012099324341
  0.45503859742017144  0.46369616270834341  0.47324024410931187  0.48401204949933863
  0.49454192694499144  0.50507242811976161  0.51399426887120192  0.52206741323311012
  0.53111097893021098  0.54047445413311868  0.55014013487667612  0.56249953249474338
  0.57480658967116227  0.58752024129271674  0.59983112113997050  0.61013202722182225
  0.61819942359450253  0.62712016222169065  0.63625813713050106  0.64570274213718859
  0.65568449611335133  0.66569271561165844  0.67582092168690722  0.68731903484229551
  0.69883436608700666  0.71066414973967096  0.72301741338616521  0.73480723961935157
  0.74673551668645954  0.75850573682704814  0.77119940837173862  0.78376590716855943
  0.79563464463114353  0.80747524088033729  0.82181130556313997  0.83645875975053108
  0.84785741155561511  0.85909208364602263  0.87004555999994848  0.88033390171882953
  0.89091935205708916  0.90283165390239573  0.91607633806750222  0.92838656489225679
  0.94025370095701744  0.95121306413376494  0.96158323658053058  0.97101186202296097
  0.97745023216942939  0.98487821686584054  0.99251777036505162  1.00000000000000000
 -0.00204150933117317  0.00864917667779778  0.01761368784538775  0.02690928110396839
  0.03675947724888567  0.04737009124701195  0.05775538364913436  0.06854900028957912
  0.07954320345707988  0.09061936840065039  0.10264944347230537  0.11492715309977383
  0.12479457436448671  0.13306055404070241  0.14096195019460525  0.15100348568220395
  0.16386836027230406  0.17578464879739075  0.18840273251622086  0.20128823155207567
  0.21498077528080003  0.22762779001158823  0.23939425285736737  0.25047569813103648
  0.26300267300393942  0.27387201112966542  0.28458986346383663  0.29526834267990448
  0.30493382655253520  0.31342987337733541  0.31922946442015482  0.32483711893378708
  0.33022180294673553  0.33529139360062571  0.34144271476490440  0.35524778415212055
  0.36753747325903718  0.37970614853417206  0.39181758893951790  0.40158295866519494
  0.41112279914729982  0.41985654519101723  0.42985007857638013  0.44314000387175861
  0.45727363033344720  0.47023899245646628  0.48326908164512306  0.49643964906754628
  0.50795163762234763  0.51872435853124577  0.53008025393358260  0.53904689677339968
  0.54676139965548265  0.55391152891445095  0.56113553981663267  0.56926135338385842
  0.57928859307903902  0.58955535481378585  0.59885038878172347  0.60927695360430456
  0.61802711560661427  0.62668079733503690  0.63461717116604832  0.64436716398068317
  0.65384496675811121  0.66459779442952771  0.67632740990541718  0.68719211656244650
  0.69728260785327412  0.70738007683243698  0.71867412259454333  0.73145259426525333
  0.74508834643639721  0.75826117296675177  0.76998296835579338  0.78115039414736576
  0.79167847168732430  0.80245355076210101  0.81516308614028565  0.82739934868003862
  0.84080905094282798  0.85407716624329133  0.86654417296915154  0.87819587568244417
  0.88911634212098767  0.89967710331822892  0.90936740073352385  0.91888084834516692
  0.92861677475671867  0.93889093075413954  0.94776325787159588  0.95557665484414933
  0.96372032503142602  0.97185916038411757  0.98343910185837013  1.00000000000000000
 -0.00054908892876484  0.00227179511328309  0.00694226905909843  0.01180220466479238
  0.01659856124881593  0.02101769421251479  0.02881956743079295  0.03745833639296843
  0.04549455168128695  0.05305967747798353  0.06035310331495551  0.06972845109063507
  0.07998086447794989  0.09047989418266288  0.10029787394269139  0.11114232592294725
  0.12274061402053327  0.13414937997204360  0.14560899996971854  0.15741702524466630
  0.17100334468361023  0.18595254902475777  0.19777130624895678  0.20745519736221452
  0.21558169655434334  0.22233111751075763  0.23232451791413689  0.24165266517360529
  0.25048341346986075  0.26186003592599594  0.27419885900067659  0.28671060099758849
  0.29812571909734148  0.30881760306106082  0.31896005274062544  0.32991356321402349
  0.34196191709344953  0.35499768560506062  0.36708584244557946  0.37795170140598444
  0.38728362649262676  0.39610729245492354  0.40458746425293290  0.41672839665684941
  0.43067221134301076  0.44397811831344414  0.45615485068445649  0.46736833389995242
  0.47879920366706424  0.49138578361198293  0.50445209184974038  0.51767187496848976
  0.53085861083483843  0.54371208569883944  0.55680775313050257  0.57058727327886172
  0.58577970835051407  0.59953704877619918  0.61095590251907650  0.62179045978846070
  0.63231904907648628  0.64356804161016878  0.65351870772932463  0.66354808934223020
  0.67371359595683034  0.68431176536600391  0.69630809456811382  0.70980723524397349
  0.72388549092031818  0.73530506077687263  0.74602603437958848  0.75713961976927313
  0.76956285996165286  0.77825274692400292  0.78554093500286837  0.79245440630406550
  0.80036102351007743  0.81141410805301184  0.82354527605647743  0.83291303259818394
  0.84078176043724662  0.84820082739892888  0.85627834922658375  0.86539850280990704
  0.87407940136424200  0.88330126257859820  0.89236713081562380  0.90227174073036509
  0.91374179601456962  0.92660426381199168  0.94001725226482558  0.95302883726532095
  0.96576822922171401  0.97827278490979930  0.98949541614978231  1.00000000000000000
 -0.00004655798773532  0.00007954099254241  0.00020563997282014  0.00036375556549749
  0.00053785840364922  0.00068387313471894  0.00077057084448177  0.00085726855424460
  0.00094329429787494  0.00102917047514447  0.00111986037787892  0.00122230246066184
  0.00132474454344476  0.00144763945229183  0.00157284808896706  0.00171840867581476
  0.00186240440471522  0.00199178172078837  0.00212580205263797  0.00227298576553020
  0.00242836764833566  0.00259573684991085  0.00279854025883629  0.00302533097407138
  0.00323852126107520  0.00344795825723842  0.00365834398810043  0.00387558464873118
  0.00415136569984819  0.00444244134228722  0.00477213629397985  0.00507312480409329
  0.00522259888379285  0.00537353273801696  0.00552871989343975  0.00560212174568384
  0.00565347773790748  0.00569198056813528  0.00573039275249816  0.00578773597304454
  0.00583574968888090  0.00587860261568517  0.00591896299602296  0.00595363805742537
  0.00599339986510178  0.00603433876649394  0.00607396561244073  0.00613064422001234
  0.00618851769396407  0.00625088682875340  0.00630549728815007  0.00635930624161962
  0.00641536752123307  0.00647879393501404  0.00654708389936200  0.00660795069434212
  0.00665521211636792  0.00669973700978118  0.00674821187046355  0.00680386596248829
  0.00685652155264322  0.00691059023701690  0.00696107761685170  0.00702134367996579
  0.00708857650245415  0.00716700780128184  0.00724191908867077  0.00735452011596561
  0.00768593328097871  0.00785114006391958  0.00801631192724123  0.00817990106303880
  0.00834349019883636  0.00853052208080265  0.00871869046044382  0.00935347098773438
  0.01004729779244951  0.01074340212434231  0.01124900947943464  0.01172079118157295
  0.01236942601238649  0.01378517534439374  0.01475311062407103  0.01521750272524101
  0.01570391153359264  0.01639808875067524  0.01725936037506811  0.01830838486527212
  0.01967523330080315  0.02108927805928186  0.02226874859644059  0.02411490276174046
  0.02969767669335480  0.03376113981083763  0.19019022246080097  1.00000000000000000
 -0.00092444803986238  0.00372185680528545  0.01005380797982383  0.01563315579526472
  0.02060415739681155  0.02571127735276831  0.03181513434136456  0.04199030329974451
  0.05477444650346083  0.06767303862083128  0.08065828900553108  0.09272679829427195
  0.10510047956448325  0.11754101040484138  0.13038207893524173  0.14332475137216324
  0.15645810239052543  0.16871600403901224  0.18086688215523081  0.19287037552446940
  0.20550175592149356  0.21847337718139498  0.23039068605406082  0.24108776829530315
  0.25084189772469168  0.26172524381228446  0.27403622072295042  0.28635688805219889
  0.29760650918110670  0.30749971016035144  0.31673578969138910  0.32632985612015059
  0.33564244380487518  0.34742925180758438  0.35893240275999061  0.37009705924954772
  0.38059172485937037  0.39084652770951478  0.40136608642192911  0.41293799440173196
  0.42497566607168352  0.43752238594361015  0.44996540115046418  0.46187608589307255
  0.47223785160261866  0.48163170799444593  0.48974182793922638  0.49662228639006761
  0.50413633452501849  0.51171921868865766  0.52051627130036604  0.53174201307694346
  0.54368053259274396  0.55721966553980340  0.56947908658288193  0.58132584901208406
  0.59325291504900868  0.60392654087081188  0.61365524941844807  0.62303056155576719
  0.63297023432640920  0.64576026330272718  0.65581884155096104  0.66493089685369877
  0.67337967755969064  0.68205566090162073  0.69076523607396989  0.69869601283762961
  0.70747351835933436  0.71767376288091689  0.72826233410224972  0.73960177549180528
  0.75187803661540309  0.76315595067689956  0.77272549915003308  0.78061861887990003
  0.78868166732431599  0.79707773941254378  0.80530037783645514  0.81381560340980097
  0.82040151516643556  0.82689881491327555  0.83418206927822913  0.84236488183670988
  0.85628935487620439  0.87305186364153142  0.88735938346655263  0.90098993522095239
  0.91395111358233772  0.92680839887716049  0.93883588085598435  0.95018836215822100
  0.96129882414721457  0.97345860210295376  0.98652513223934235  1.00000000000000000
  0.44058181890080789  0.53690244931456332  0.56211868162298317  0.57627199483706315
  0.58657686074011772  0.59520980869123508  0.60253089237596102  0.60926255077294422
  0.61625929447180661  0.62353058397182592  0.63053994265885471  0.63673774517581994
  0.64303409839647296  0.64877478893213558  0.65441500692595311  0.65996404770739936
  0.66615168858568974  0.67145933136515534  0.67674957566955696  0.68145255224469226
  0.68603927188517733  0.69011377663732498  0.69427790937764422  0.69982684435690334
  0.70720961423850093  0.71266348380013533  0.71641249705669929  0.71956297108192113
  0.72269898792284215  0.72586042645175008  0.72925892570150974  0.73313347638117354
  0.73718578463469719  0.74139074451704823  0.74629689599235138  0.75173734113957635
  0.75683088112512076  0.76127215929269776  0.76594957538509501  0.77057726576102137
  0.77512792470984515  0.78021323520009589  0.78543567397316549  0.79075799843032601
  0.79625363548542905  0.80177012498586231  0.80717698225314127  0.81237041759719464
  0.81682300153595955  0.82091723241874182  0.82510564495076044  0.82941678142067687
  0.83382024715314351  0.83817733675940154  0.84228425223303605  0.84610368453370421
  0.84970780156440373  0.85312877364011697  0.85694644603129577  0.86072133161128062
  0.86463993441652587  0.86871030139538630  0.87268188325628737  0.87708016264855937
  0.88147756335645189  0.88601569597700502  0.89061715007208575  0.89514895194708344
  0.89943290210021254  0.90352415650922280  0.90743380448174860  0.91116135141594046
  0.91469445679916372  0.91807213053691061  0.92138549501054268  0.92482537303472334
  0.92849889174499134  0.93178995243585849  0.93530261873581122  0.93870314339734973
  0.94209031835771706  0.94588623484851175  0.94973765947502353  0.95355179971881832
  0.95725212990489683  0.96086178870506422  0.96453020338187556  0.96869930429086448
  0.97312151186859297  0.97638158650890716  0.97924146619757890  0.98241922936999682
  0.98575988693680738  0.98915471579660363  0.99422294248371312  1.00000000000000000
  0.03416592624894378  0.08295485324578827  0.11429801630074876  0.12875115911764684
  0.13631311623543305  0.14153203026059369  0.14579203206581240  0.15393367588263041
  0.16035662916935903  0.16590037561097443  0.17165263493269778  0.17712104634611284
  0.18331993525074000  0.18851242075877844  0.19217817874571558  0.19616497543703115
  0.20037660475098545  0.20451035774154860  0.20860140085808798  0.21427321168773633
  0.21998916204539956  0.22447267856003333  0.22819926645395938  0.23138095787268378
  0.23393145259693249  0.23717415424908864  0.24050420841902312  0.24400291216990172
  0.24814126256500099  0.25299855773237673  0.25817657292316870  0.26327177807290314
  0.26815717913242909  0.27335907762399952  0.27841046414419973  0.28377221814170944
  0.28892843805304530  0.29344743279662511  0.29830510473790073  0.30324276720669108
  0.30881254640393607  0.31569011152124415  0.32216403359564316  0.32797709454261015
  0.33351472687454031  0.33903936064167078  0.34512434986443652  0.35085850475450342
  0.35665527942606107  0.36278839329503976  0.36924177673446851  0.37605095890411172
  0.38278910484554507  0.38988564354705146  0.39711610832386873  0.40419729725620168
  0.41107957504381532  0.41799516260666936  0.42535118447077253  0.43220980229435096
  0.43917744692710148  0.44673920701321468  0.45485708425233345  0.46440241171270913
  0.47176615060046623  0.47811082434855617  0.48412545261589746  0.48858325501715694
  0.49300787746258107  0.49761033870724292  0.50224143327388959  0.50655249226568544
  0.51183841209960834  0.51940481446019460  0.52750548036509870  0.53675890704862139
  0.54477760244652851  0.55160451244896136  0.55816844073793870  0.56543390797368687
  0.57357532328222149  0.58219866295262557  0.59095977174437664  0.60028239893865065
  0.61053301692708817  0.62127184118736423  0.63440125918895096  0.64900889023649944
  0.66386466862971272  0.67944578570176795  0.69766727134691520  0.71765201613692620
  0.73926457068981588  0.76572977323558267  0.79756235485331473  1.00000000000000000
   1.5897854573411876E-005  -1.0000000000000000     
 F F F F F F F F F F F F F F F F F F F F F F F F F F F F F F F F F F F F F F F F F F F F F F F F F F F F F F F F F F F F F F F F F F F F F F F F F F F F F F F F F F F F F F F F F F F F F F F F F F F F F F F F F F F F F F F F F F F F F F F F F F F F F F F F F F F F F F F F F F F F F F F F F F F F F F F F F F F F F F F F F F F F F F F F F F F F F F F F F F F F F F F F F F F F F F F F F F F F F F F F F F F F F F F F F F F F F F F F F F F F F F F F F F F F F F F F F F F F F F F F F F F F F F F F F F F F F F F F
  <DiscreteSampler_grid>
  grouped_processes
  1 # 1 for a reference and 2 for a running grid.
  10 # Attribute 'min_bin_probing_points' of the grid.
  1 # Attribute 'grid_mode' of the grid. 1=='default',2=='initialization'
  0.0000000000000000 # Attribute 'small_contrib_threshold' of the grid.
  0.5000000000000000 # Attribute 'damping_power' of the grid.
 # binID   n_entries weight   weight_sqr   abs_weight
    37   10   4.124164691397874E+000   1.594350197086129E+002   4.124164691397874E+000
    38   10   4.124164691397907E+000   1.594350197086157E+002   4.124164691397907E+000
    43   10   1.826441045383011E+000   2.909429468996479E+001   1.826441045383011E+000
    44   10   1.826441045383018E+000   2.909429468996508E+001   1.826441045383018E+000
    46   10   8.798705659308380E-001   6.938744254665527E+000   8.798705659308380E-001
    47   10   8.798705659308416E-001   6.938744254665595E+000   8.798705659308416E-001
    58   10   1.961574488222448E-001   2.115270520828530E-001   1.961574488222448E-001
    59   10   1.961574488222440E-001   2.115270520828523E-001   1.961574488222440E-001
    61   10   3.811292372207782E-001   7.979657199515127E-001   3.811292372207782E-001
    62   10   3.811292372207766E-001   7.979657199515093E-001   3.811292372207766E-001
    64   10   5.499783282567459E-001   2.190188778377588E+000   5.499783282567459E-001
    65   10   5.499783282567442E-001   2.190188778377587E+000   5.499783282567442E-001
    79   10   8.798705659308386E-001   6.938744254665535E+000   8.798705659308386E-001
    80   10   8.798705659308418E-001   6.938744254665598E+000   8.798705659308418E-001
    124   10   1.961574488222448E-001   2.115270520828530E-001   1.961574488222448E-001
    125   10   1.961574488222440E-001   2.115270520828522E-001   1.961574488222440E-001
  </DiscreteSampler_grid>
