  0.00285773891752523  0.01320661350856660  0.02479090992283151  0.03641303000249129
  0.04833976769720703  0.06010405545545837  0.07219351176298991  0.08476879682407419
  0.09753825680366271  0.10985417556235612  0.12095332544147031  0.13133961563292645
  0.14163498561776258  0.15257230592673132  0.16409575959599068  0.17593213040903322
  0.18815949704608342  0.20129764480620047  0.21264131177512774  0.22400913587544805
  0.23604177051767858  0.24843476568484857  0.26075278101380911  0.27030674905875113
  0.28010169569116611  0.29068725141021851  0.30052423650220567  0.31004635620669596
  0.31995251464348629  0.33057322654163102  0.33990669686674974  0.34882666931950457
  0.35731316137821895  0.36606952267638387  0.37568403126652994  0.38584200735483126
  0.39662069882787393  0.40858228165016641  0.42081545516495833  0.43376709717229972
  0.44727093872636015  0.46026448233265277  0.46981791844031895  0.47846309454523100
  0.48728757316269700  0.49648547367311396  0.50633496714067627  0.51550729779156179
  0.52435786430068498  0.53289546170796931  0.54174475786373644  0.55039178673041522
  0.55941390668087698  0.56888129909299978  0.57937365852160316  0.59176462184255052
  0.60406121550598824  0.61449281454949778  0.62429260157179578  0.63516850084946341
  0.64745008138747329  0.65776313647839968  0.66722949143005938  0.67624547167794369
  0.68594886560459212  0.69678097308597020  0.70949205080645150  0.72274196613209529
  0.73432509040875216  0.74487845214672743  0.75424254613535502  0.76198741176388496
  0.77351544501296610  0.78582190670455221  0.79790350890553496  0.80949763440215006
  0.81954143783749545  0.82900854844454108  0.83904622410347707  0.84947478956541944
  0.85914975540527216  0.86813561384917681  0.87844447276156234  0.89041083935671816
  0.89973911711180199  0.90851231422553691  0.91614581445694121  0.92267166641734288
  0.93213628494247636  0.94192871489008911  0.95099148163399483  0.95974828349240260
  0.96796295104302077  0.97589933414726548  0.98586268197884985  1.00000000000000000
  0.00003573081822648  0.00004207379818743  0.00004603592441675  0.00004939310870972
  0.00005213091571762  0.00005471830626041  0.00005721562735757  0.00005940325984150
  0.00006146227081452  0.00006345473365436  0.00006544151571739  0.00006766088658058
  0.00007026938467905  0.00007275935594423  0.00007493822702043  0.00007703172140550
  0.00007925704418128  0.00008182228426714  0.00008487198578808  0.00008798668391701
  0.00009134516069849  0.00009510529100007  0.00009905203177148  0.00010301764995465
  0.00010709717798254  0.00011133374162462  0.00011572624003070  0.00012048369775706
  0.00012490234476576  0.00012928381965874  0.00013354818584249  0.00013740161691136
  0.00014098127041581  0.00014462847744570  0.00014789744674505  0.00015144974225640
  0.00015607498110352  0.00016044980786848  0.00016515189759136  0.00017015194414612
  0.00017561756071831  0.00018200038288314  0.00018914934433512  0.00019727875334371
  0.00020675798870920  0.00021680902912375  0.00022697208913729  0.00023768807269296
  0.00024938004113777  0.00026225094151435  0.00027621465642577  0.00028856119448907
  0.00030333632920601  0.00032043621593931  0.00033999371712763  0.00036130565546110
  0.00038248454179236  0.00040292642813581  0.00042027973786327  0.00043762969681582
  0.00045675677910465  0.00047878499844413  0.00050281513676239  0.00052678562423818
  0.00055208377932832  0.00058207918376214  0.00061829487077560  0.00065505739635282
  0.00069045487666953  0.00072700018414466  0.00076923474001459  0.00081546528517553
  0.00086428869173073  0.00091793965739019  0.00099161150463100  0.00108438500450622
  0.00116980088959612  0.00125827449283765  0.00134909722567967  0.00145441962094586
  0.00155677398496033  0.00166320441493995  0.00178522518875364  0.00193678113648672
  0.00217586787511539  0.00243557037117996  0.00275025351701613  0.00313314111189389
  0.00357416046805005  0.00417778810006855  0.00529570537349540  0.00654648578909490
  0.00824417091362316  0.01117164413662021  0.31059514550734918  1.00000000000000000
  0.00000324373855647  0.00000330790470659  0.00000337531609711  0.00000344517254346
  0.00000351410459614  0.00000357168756444  0.00000363387396083  0.00000370081809201
  0.00000379148809018  0.00000390085557651  0.00000408146051682  0.00000424653430334
  0.00000438605917292  0.00000450276080615  0.00000460863738172  0.00000471257049239
  0.00000481342535616  0.00000493037177873  0.00000506288184366  0.00000521966053498
  0.00000540837917580  0.00000558895337058  0.00000574297518575  0.00000587192045618
  0.00000601148925556  0.00000616076693612  0.00000634289333281  0.00000655348013858
  0.00000680734515332  0.00000707204142990  0.00000734355626126  0.00000763931615930
  0.00000797283646178  0.00000835903124920  0.00000878975206005  0.00000927602176681
  0.00000981840250920  0.00001039293757420  0.00001101448499611  0.00001173055333561
  0.00001243414287652  0.00001308569571375  0.00001371325553733  0.00001435739040686
  0.00001506819188511  0.00001587236154987  0.00001672476207505  0.00001756997355928
  0.00001842467143659  0.00001931290882356  0.00002025310030020  0.00002148816303035
  0.00002272991100590  0.00002404245822190  0.00002551828220704  0.00002703739867154
  0.00002907151527515  0.00003163525158064  0.00003476977746482  0.00003820435087138
  0.00004175074400304  0.00004550328196980  0.00004936276698375  0.00005355910310885
  0.00005789739824310  0.00006283977542804  0.00006858895027742  0.00007598322240114
  0.00008282042072941  0.00008908498719377  0.00009548243029453  0.00010239685410463
  0.00011075851613536  0.00012080876419268  0.00013450312786060  0.00015227292559969
  0.00017248711064868  0.00019703918467687  0.00022419921741319  0.00025384029804660
  0.00028979932912572  0.00033647341346715  0.00038696631811241  0.00044740183813278
  0.00052702922400739  0.00062883492988475  0.00076236983140832  0.00094519916755790
  0.00122805456523909  0.00160722841331681  0.00198083820319347  0.00267968704712754
  0.00455018135393374  0.00843739167537062  0.08508791349057218  1.00000000000000000
  0.00000392778749807  0.00000454127796009  0.00000536004431605  0.00000578238335136
  0.00000608336278481  0.00000631410538316  0.00000653155707644  0.00000678553196665
  0.00000705712700592  0.00000743500338735  0.00000779127084331  0.00000817230672790
  0.00000854598671702  0.00000890604926706  0.00000917893021166  0.00000945548823678
  0.00000974244109585  0.00001007016244617  0.00001041132777522  0.00001072519145867
  0.00001106590856427  0.00001143575834316  0.00001182690434425  0.00001223535642146
  0.00001262805297565  0.00001305353941781  0.00001353038828249  0.00001400220423675
  0.00001449674078514  0.00001505007055216  0.00001581940889291  0.00001659564315018
  0.00001744391747864  0.00001838089867349  0.00001939647930915  0.00002051772305799
  0.00002170422522206  0.00002285551535310  0.00002403355188262  0.00002516925032928
  0.00002634541820436  0.00002762041159191  0.00002884597841655  0.00002993209608920
  0.00003095192608962  0.00003211010349306  0.00003375459700051  0.00003578482432631
  0.00003800687098693  0.00004030533320297  0.00004276815121057  0.00004549957388792
  0.00004854443379978  0.00005213019608358  0.00005545121566833  0.00005889100793391
  0.00006258454719185  0.00006705356922265  0.00007295360552335  0.00007981797105627
  0.00008712486061766  0.00009521709436440  0.00010419186845134  0.00011396096836048
  0.00012320677518377  0.00013240309841935  0.00014205145215769  0.00015416566275057
  0.00017092580660379  0.00019538433049105  0.00022245477766978  0.00024889260411759
  0.00027405733634236  0.00030050071566434  0.00032649712240216  0.00035655050597791
  0.00039014712308569  0.00043577122655633  0.00049934462152011  0.00057865755488764
  0.00066131373278925  0.00076516836812782  0.00086954519173195  0.00099119012300466
  0.00112783604845027  0.00128693016663079  0.00147516139309830  0.00170193894763340
  0.00207446542062862  0.00286321218940079  0.00381623347530962  0.00485013886995219
  0.00617648946523642  0.00903670209399511  0.12521944124849277  1.00000000000000000
 -0.00420519041159021  0.01965810967897690  0.03861658980905331  0.05571294863397147
  0.07081633007605707  0.08464125539247064  0.09781742086943451  0.11045155980938140
  0.12232516449451583  0.13421858776892423  0.14607394467189819  0.15643964094163323
  0.16618009062230057  0.17511744414304956  0.18504053243792368  0.19548402600903064
  0.20681023041245569  0.21802887542306529  0.22872635020990673  0.23815664993766383
  0.24818355049516716  0.25831980322858727  0.26897275549445293  0.28000943448393462
  0.29184554462730172  0.30538836364094651  0.31960311587046430  0.33236764858650913
  0.34309971806543932  0.35334888388139585  0.36315077754121555  0.37369148514942074
  0.38380465273961972  0.39450900647762027  0.40506703763652357  0.41581667815157042
  0.42623644114205311  0.43565895399498888  0.44496922380732429  0.45333252791461032
  0.46298798568806893  0.47339343435323905  0.48449621938763771  0.49583864036640213
  0.50702443158752375  0.51796308503347932  0.52838433503174831  0.53768016602747226
  0.54771970088315824  0.55778196761484222  0.56730939351210896  0.57560095027332758
  0.58282755644919126  0.59072592693712522  0.59927131961263203  0.60924550634914931
  0.62112439210170634  0.63205532238077300  0.64036965094702658  0.64861477568377157
  0.65672890576584508  0.66604988565625844  0.67755816967438598  0.68933463359101244
  0.70024015943619167  0.70881762076854682  0.71655085276794284  0.72408533296750743
  0.73153313655953156  0.74120184781231746  0.75134979980326078  0.76049435762250694
  0.76806673327499220  0.77536732196885538  0.78286414501220225  0.79224112659897783
  0.80172731131420116  0.81206426616112848  0.82431251943185213  0.83447572386289859
  0.84297196382596218  0.85226560888325631  0.86105286678041559  0.86949454468956977
  0.87887655636082396  0.88851660317750336  0.89716897658343930  0.90579879278652020
  0.91421140808950641  0.92839779395514022  0.94140937296889460  0.95323010272576281
  0.96469647832571392  0.97662842136519246  0.98834393684329291  1.00000000000000000
 -0.00293343102441605  0.00927094086374729  0.01872180856586330  0.02792459780605172
  0.03851425612094653  0.04982555520494177  0.06005888178934184  0.06988737365737452
  0.07876884646044581  0.08911171463484568  0.09903952694890551  0.10999822545396215
  0.12258044144788610  0.13414326801848261  0.14570361850152833  0.15728157730155773
  0.16844392545372500  0.17771290558221289  0.18635363624215379  0.19531724218569407
  0.20496848334392043  0.21629897926305447  0.22774036529217248  0.24026516141003551
  0.25299878907163487  0.26461276414567103  0.27531323873611990  0.28558145333924323
  0.29622425361326138  0.30600512499519950  0.31716599656315936  0.32874087645708561
  0.34077440239400603  0.35251526733003830  0.36306482758997805  0.37393557276970762
  0.38579331804922273  0.39879773687209080  0.40872540460552076  0.41743083340947962
  0.42638155967989494  0.43577125298398089  0.45065090329992696  0.46522685610315229
  0.47902421872693585  0.49069472259802344  0.50245921197318744  0.51415270509533839
  0.52682875575020294  0.53817199251079184  0.54729765097675387  0.55594895320417548
  0.56627258762504962  0.57620032721690506  0.58507545192048283  0.59316777377978014
  0.60180100181026175  0.61386594207706990  0.62678068126955289  0.63925350078435939
  0.65121681976105317  0.66183087745081026  0.67149247531007017  0.68129695040920868
  0.69120051990372222  0.69995197970797318  0.70846987563984642  0.71753115015791413
  0.72588590527476382  0.73303277130739997  0.74005215797078772  0.74800967994756895
  0.75917266521013649  0.77121573149777545  0.78365086993021582  0.79640307335089056
  0.81047510778760978  0.82095954823211870  0.83098374572448630  0.83983766923328462
  0.84819173587998065  0.85665895888961141  0.86764678434219955  0.87923779497940968
  0.89117226978374864  0.89909401085709628  0.90676582725671873  0.91464817145182442
  0.92317659059697210  0.93325341659313643  0.94391425912112148  0.95530678356116294
  0.96753401370570635  0.97922526096886209  0.98957736582224975  1.00000000000000000
 -0.00231901245042370  0.01112298998527540  0.02441146310761158  0.03774734093921815
  0.05236383259117731  0.06987997463515816  0.08896402215402052  0.10677706751730291
  0.12116988679582710  0.13458502023468505  0.14719980582219294  0.16297521829058009
  0.17802213463171052  0.19255199365105627  0.20505196228704084  0.21753373000938175
  0.23084824915351476  0.24590694053371637  0.26255098493622964  0.27877764781304887
  0.29303556905221417  0.30733668440752249  0.32288608452960638  0.33951449878885426
  0.35451930833171713  0.36443741311503741  0.37356042595599309  0.38306773823207291
  0.39222705279232833  0.40115434036241127  0.40859901906945439  0.41633777998052218
  0.42783492075050578  0.44083637391634706  0.45263449877200290  0.46466396718557285
  0.47703882088345934  0.48965315364529699  0.50175640992006110  0.51358696294846651
  0.52511481766331713  0.53581268198152776  0.54642959289068938  0.55738198175581066
  0.56757688035682186  0.57831134699995845  0.58857036766574411  0.59782169845735700
  0.60715547999796837  0.61663348467150969  0.62768315157807542  0.63911031372108595
  0.65141544068588608  0.66438118673749935  0.67549233857300928  0.68559499405713742
  0.69562507316727695  0.70570862107836241  0.71601352578800281  0.72542041525208267
  0.73361929581612040  0.74133534266762291  0.74910780903689567  0.75791346943377491
  0.76621224917056219  0.77496001732323261  0.78382213745590845  0.79276911386541538
  0.80196043483940282  0.81184315718937206  0.82160861108862049  0.82833920601792466
  0.83463062867945204  0.84058479820436338  0.84707699696103633  0.85420538832817094
  0.86138719110577666  0.86876504892098305  0.87618884308569156  0.88487186833583398
  0.89263262729907100  0.89924436728193013  0.90552557866964245  0.91232129028857956
  0.91827045905814986  0.92484930450124681  0.93169201814362035  0.93817894509742172
  0.94545663079706543  0.95283139683426743  0.96015742581645558  0.96813398992784605
  0.97671858379785992  0.98427090487026525  0.99208171776317544  1.00000000000000000
 -0.00272684982552759  0.00878952784388792  0.01922160733483138  0.02864137181134967
  0.03826823129563581  0.04885289722444151  0.05903136606688692  0.07049828663434804
  0.08236737746454273  0.09533269175663148  0.10856503886584574  0.12306329965280909
  0.13518586860318493  0.14607503013420037  0.15498451731066695  0.16299186158334741
  0.17159716948860002  0.18225872697986562  0.19519241636449450  0.20743134931187968
  0.21806366706195579  0.22871957283954006  0.23981270408758715  0.24946043275686985
  0.25875975900477671  0.26876487847330832  0.28085103550425128  0.29243164415653394
  0.30220951185217393  0.31185867359271635  0.32042968959017992  0.32590868641423976
  0.33203246500704431  0.33691057742060959  0.34354131659413240  0.35101351737483921
  0.35932207104836572  0.36783462333272116  0.37674944304243591  0.38602093402207366
  0.39508611147071154  0.40462217845547849  0.41482297940569196  0.42701103518576455
  0.44001128627359415  0.45165799920878652  0.46339538603002717  0.47519000650889043
  0.48388210478884697  0.49307239763584576  0.50203245154627307  0.51197851799155791
  0.52413826617692150  0.53573730997023439  0.54683243889613364  0.55839250070143409
  0.56937039527516176  0.58119895167863778  0.59346964023179838  0.60657393389444902
  0.61910045112187906  0.63037126118273834  0.64020863754375767  0.65015787889301657
  0.66062803261633574  0.67166979947983685  0.68314072999803566  0.69613007210390476
  0.71044359073324659  0.72289690354970981  0.73534121692470178  0.74686172324906508
  0.75757099920994120  0.76813962024503257  0.77914322149371651  0.79064760894848873
  0.80193332680956220  0.81199971230689527  0.81994050337602520  0.82847342989237283
  0.83828978208626281  0.84821767852574292  0.85653234269680656  0.86422265187063230
  0.87192676379032474  0.88391584010236179  0.89830327541981136  0.91271107806682839
  0.92587355714639241  0.93737740812975323  0.94915214977946705  0.95983629762777489
  0.97120961600739220  0.98131248969923857  0.99052725857225676  1.00000000000000000
 -0.00210871721408312  0.00995554788799227  0.02011919192126054  0.03028738131670351
  0.03968735573893345  0.04828103356442608  0.05675419600795399  0.06402493314565236
  0.07286834909023679  0.08348944575588481  0.09626948559129790  0.10776985501871345
  0.11837278088806208  0.12838887723720119  0.13823524236114662  0.14743018780476175
  0.15629842938767588  0.16605584840027388  0.17775821467510128  0.19205277612547539
  0.20346233867060876  0.21384548078614449  0.22369875302337852  0.23323622570200286
  0.24292291792941537  0.25381917042161117  0.26472154098557438  0.27609932557776867
  0.28838907746998310  0.30284673869453277  0.31705405778362528  0.33021286989830179
  0.34295164407011386  0.35581241159862537  0.36930740127659772  0.37915227264790780
  0.38649976366129762  0.39364348258755621  0.40142245927197118  0.40921744309690816
  0.41742307671243045  0.42562881025985982  0.43357612004238527  0.44163214654551203
  0.45041248463164180  0.45968188422182410  0.47029540596887476  0.48061026189403672
  0.49158527314439376  0.50270099955932901  0.51440717386630197  0.52620822287400681
  0.53757290644709799  0.54987178395804071  0.56221724383472260  0.57389295380421124
  0.58563512946495755  0.59582557618694276  0.60618803095142026  0.61614407085702938
  0.62685010063068569  0.63734653476759739  0.64863306842706780  0.65976595797226323
  0.67008282365544247  0.67806740932736054  0.68803489339014623  0.69816603353331630
  0.70878998878970245  0.71900580588367102  0.72770095825345693  0.73666341208792829
  0.74699637199033198  0.75596585137011674  0.76675645759631406  0.77951800988218278
  0.79550917241539720  0.81091371015746250  0.82453398161257874  0.83617125917070578
  0.84358332760837751  0.85097275497567215  0.85875162193987709  0.86705543072307556
  0.87690830969104860  0.88658803458834090  0.89558845228201878  0.90522965415645018
  0.91618831312061189  0.92872698027206868  0.94160191977064311  0.95342629441752380
  0.96509358478749030  0.97630048888706389  0.98808012795982458  1.00000000000000000
 -0.00006207687018184  0.00024640391797482  0.00058939882036513  0.00091886336102745
  0.00112471002099272  0.00133132705691252  0.00153457996226918  0.00173179643573179
  0.00192521033034285  0.00212138982849249  0.00232219568430418  0.00252739955065028
  0.00274386140870407  0.00296778268262794  0.00319126527874733  0.00340655538827358
  0.00363063914936221  0.00385654666026479  0.00407843537533763  0.00428745506819966
  0.00450029209595809  0.00471962021602128  0.00495093451704387  0.00522100690143398
  0.00546269521441325  0.00569606810900652  0.00593562212047104  0.00614644643243728
  0.00638814234827044  0.00663129242617684  0.00692256084125119  0.00722886943714953
  0.00743509228340887  0.00762182535968006  0.00785000223292900  0.00806940011410262
  0.00828109745891604  0.00854434807647447  0.00881404080353545  0.00905778109698210
  0.00930192426560819  0.00954638098829348  0.00983116754546091  0.01016956633444995
  0.01059344340069819  0.01104161163765728  0.01135793481798287  0.01155938069974121
  0.01171218376177662  0.01186366118870723  0.01201299596139980  0.01216888063398056
  0.01234020890412170  0.01255829996821449  0.01283121731371965  0.01312957817903358
  0.01343298497463897  0.01376745950281442  0.01412786337024820  0.01436305213921368
  0.01459601335423437  0.01482668051991042  0.01504456148776348  0.01531579329906144
  0.01565543752305651  0.01605655552155815  0.01657540611199885  0.01746187436217859
  0.01824738436858740  0.01862414159226723  0.01900184918491926  0.01938148165206281
  0.02030488828263552  0.02083547776773279  0.02135708346017636  0.02190484735952378
  0.02250060226721491  0.02395442031947039  0.02477748100298227  0.02538746626764659
  0.02598622541522701  0.02655953690296821  0.02743463412340476  0.03002729404222258
  0.03198765193812047  0.03296836994978205  0.03873078460244959  0.03913123982136465
  0.03972949030104642  0.04293225688783509  0.04613502347462377  0.04791171722477355
  0.04938592497609507  0.05467727818816252  0.31524270879894983  1.00000000000000000
 -0.00166350670376933  0.00785393869625857  0.01770403501513812  0.02987240642666716
  0.04637671188313319  0.06621999041373879  0.08263268923392525  0.09544196678579794
  0.10696744659058753  0.11892940642910643  0.13307169426149640  0.14859419435837565
  0.16396586537196708  0.17841473527564600  0.19163870432595687  0.20387874194895267
  0.21603282499396612  0.22784489559147694  0.23886829177314764  0.24985283344223513
  0.26126977691798409  0.27396242048406838  0.28646281177258132  0.29798898522456579
  0.30861478197287284  0.31798938868694859  0.32644146614940051  0.33408302389939526
  0.34153083129069867  0.34931429816881665  0.35846056058498510  0.36832930266449321
  0.37770733039082577  0.38612715303817602  0.39402945732302225  0.40176349940002443
  0.40953900915138125  0.41763959537704093  0.42593446279514191  0.43315718983210999
  0.43938369281981127  0.44577273348671348  0.45237689811869886  0.45965129041649311
  0.46755042911057826  0.47732415535154593  0.48717954853908418  0.49724308508192189
  0.50836444398869429  0.52046012769520678  0.53354407041816321  0.54747727973565830
  0.56017821960749559  0.57098240958720570  0.58088255690463386  0.59020178092608599
  0.59896435350891852  0.60666208127199928  0.61405664988810837  0.62173128265878175
  0.62904201605814292  0.63524666444075495  0.64076724252676620  0.64609729349750578
  0.65243907934648593  0.66053475333759804  0.66750011047641833  0.67354903932989107
  0.67968561453496290  0.68616052773550662  0.69376382404937331  0.70207500570710801
  0.71075175251096179  0.72008355965737636  0.73035193571512869  0.74203444799238372
  0.75270032302850898  0.76224523707452518  0.77176454699524633  0.78236270360937954
  0.79347126111982424  0.80350216513646611  0.81297416908521303  0.82280173933404988
  0.83360019256313100  0.84390482246241272  0.85489152410269609  0.86675595577204523
  0.88030882312128922  0.89576623422838852  0.91180519421270623  0.92827944081855185
  0.94584422591508488  0.96425393536222781  0.98229939098552466  1.00000000000000000
  0.46241367984628939  0.58758677700516171  0.62017491430758021  0.62878674578087634
  0.63746252013736904  0.64885163519045364  0.66366955553132834  0.67638510813710895
  0.68618768851069600  0.69294938231287306  0.69990800372869588  0.70854033467143207
  0.71864299209320393  0.72795598719766952  0.73765478247284932  0.74695419280793618
  0.75512783803031180  0.76309352987497014  0.77083439406239773  0.77828504597908355
  0.78557466739284787  0.79281991071370450  0.79988293874757488  0.80700511031135147
  0.81381341096729298  0.82058493055163517  0.82654140659625719  0.83174994430206062
  0.83648200200217004  0.84134810854401687  0.84604843096950766  0.85065509937774919
  0.85540724236274979  0.85991699120473453  0.86396796408703425  0.86800599440134008
  0.87210329135303122  0.87640271809626369  0.88105615848294994  0.88516178685193492
  0.88874923730006949  0.89198692770388999  0.89533881510926161  0.89886110118003959
  0.90278413659638845  0.90637853963302173  0.90931953621735451  0.91216240057980180
  0.91490353528597590  0.91762715368325931  0.92036346233859723  0.92369360596011130
  0.92682120283556446  0.92959024662906042  0.93223442365916187  0.93463681941134313
  0.93674423014764163  0.93865645294997535  0.94057372583158405  0.94242825935243113
  0.94412742878368583  0.94581710663244423  0.94762204664929728  0.94953530707437162
  0.95146177561201395  0.95342976685406966  0.95553433393310350  0.95762194565180958
  0.95941445392072144  0.96118528513111590  0.96296877286998739  0.96467125748141613
  0.96644184755973583  0.96821336105543276  0.97002155576068327  0.97186841815655312
  0.97363615389151847  0.97526198722122137  0.97667097379212275  0.97804580431299770
  0.97940191191644255  0.98069537411692775  0.98219550765118213  0.98373147032325348
  0.98518811335853607  0.98654187689208017  0.98785848280844779  0.98920847727682182
  0.99053951170332177  0.99183669936298324  0.99310399347512135  0.99434029002019542
  0.99565080106966797  0.99705303987657268  0.99854016070107665  1.00000000000000000
 -0.02067932524453957  0.14255556874067793  0.17449754530672232  0.19061684998724704
  0.20502956491230281  0.21812710078937317  0.23270956465121342  0.24544795458545532
  0.25840104527099877  0.27046061482556916  0.27924825745782234  0.28739695913707330
  0.29472016983468091  0.30270601372340522  0.31019908394524898  0.31648700969099292
  0.32263581940305402  0.32870877926391556  0.33479093389787473  0.34197540020594480
  0.35006966636894976  0.35763697770644726  0.36530709383811139  0.37241428892893713
  0.37905554130509395  0.38554422867819321  0.39207583180056171  0.39785286320555979
  0.40365035973156932  0.40959425655046583  0.41589189177248015  0.42244882473974343
  0.42852790404557384  0.43387271067810235  0.43930607535037192  0.44487763842928768
  0.45082940633538737  0.45743144801607177  0.46454610802613838  0.47099387875782789
  0.47619127469878192  0.48089235490574128  0.48518165951239561  0.48951762571242180
  0.49411865514090053  0.49871068448229744  0.50365742104181410  0.50803494524824089
  0.51320249701676335  0.51835997834807157  0.52311001741783925  0.52799250442783918
  0.53261011886693188  0.53727836902817872  0.54122127868267911  0.54496638485205706
  0.54889339850395646  0.55268651983853812  0.55671875964781081  0.56096664425689768
  0.56531454136158310  0.57008628759443358  0.57538592011332068  0.58142540887884364
  0.58792209101709880  0.59463362906499651  0.60101470971841220  0.60767319498228112
  0.61512610024950476  0.62296323796661957  0.62954721824693094  0.63466017340926373
  0.63968032698066613  0.64482447584719504  0.64995325450929942  0.65490405227022708
  0.66004621513599049  0.66585935913519978  0.67197743054568537  0.67834637184452551
  0.68468772523799193  0.69229036046302084  0.70082672814844049  0.70892943254647867
  0.71760581661565992  0.72608168201806111  0.73415723171245983  0.74253099039213522
  0.75165787766788228  0.76209739427799250  0.77497637092762572  0.78967710749179487
  0.80713127645716665  0.84346691439744648  0.87581737988405950  1.00000000000000000
   1.2426743832894619E-005  -1.0000000000000000     
 F F F F F F F F F F F F F F F F F F F F F F F F F F F F F F F F F F F F F F F F F F F F F F F F F F F F F F F F F F F F F F F F F F F F F F F F F F F F F F F F F F F F F F F F F F F F F F F F F F F F F F F F F F F F F F F F F F F F F F F F F F F F F F F F F F F F F F F F F F F F F F F F F F F F F F F F F F F F F F F F F F F F F F F F F F F F F F F F F F F F F F F F F F F F F F F F F F F F F F F F F F F F F F F F F F F F F F F F F F F F F F F F F F F F F F F F F F F F F F F F F F F F F F F F F F F F F F F F
  <DiscreteSampler_grid>
  grouped_processes
  1 # 1 for a reference and 2 for a running grid.
  10 # Attribute 'min_bin_probing_points' of the grid.
  1 # Attribute 'grid_mode' of the grid. 1=='default',2=='initialization'
  0.0000000000000000 # Attribute 'small_contrib_threshold' of the grid.
  0.5000000000000000 # Attribute 'damping_power' of the grid.
 # binID   n_entries weight   weight_sqr   abs_weight
    55   10   4.140994021787957E-001   1.268743253317445E+000   4.140994021787957E-001
    56   10   4.140994021787967E-001   1.268743253317453E+000   4.140994021787967E-001
    58   10   8.529324309671775E-001   4.706416475484025E+000   8.529324309671775E-001
    59   10   8.529324309671787E-001   4.706416475484043E+000   8.529324309671787E-001
    61   10   2.050471128532282E-001   2.691121326505613E-001   2.050471128532282E-001
    62   10   2.050471128532280E-001   2.691121326505609E-001   2.050471128532280E-001
    67   10   2.009465312025676E-001   2.631601188778694E-001   2.009465312025676E-001
    68   10   2.009465312025670E-001   2.631601188778673E-001   2.009465312025670E-001
    82   10   2.082279720721638E-001   2.485610952008092E-001   2.082279720721638E-001
    83   10   2.082279720721632E-001   2.485610952008073E-001   2.082279720721632E-001
    91   10   2.076383929581607E-001   2.485580222333375E-001   2.076383929581607E-001
    94   10   1.902387042905173E-001   2.494404791300972E-001   1.902387042905173E-001
    95   10   1.902387042905167E-001   2.494404791300954E-001   1.902387042905167E-001
    106   10   4.140994021787957E-001   1.268743253317446E+000   4.140994021787957E-001
    107   10   4.140994021787966E-001   1.268743253317452E+000   4.140994021787966E-001
    121   10   8.726385852343560E-001   4.567510293514752E+000   8.726385852343560E-001
  </DiscreteSampler_grid>
