  0.00320170262344877  0.01217352058624213  0.02220510038340434  0.03217522098024443
  0.04214028881637105  0.05135222109860109  0.06096748404238200  0.07069032253582959
  0.08060539182151386  0.09042057419553708  0.10002189888369646  0.11026717167385237
  0.12112419551030608  0.13170160936557967  0.14143048720257748  0.15158033121209885
  0.16247149948644102  0.17316249818500282  0.18434780505192985  0.19487621359714122
  0.20552514139791256  0.21592921180865640  0.22570986109868357  0.23561526703543439
  0.24530813885658817  0.25528294073719521  0.26488615812308325  0.27554161517687004
  0.28700634190561830  0.29964229330623460  0.31213183012516793  0.32411757209045883
  0.33561459246466518  0.34678172695726034  0.35755667842163624  0.36674669695203688
  0.37814485576457346  0.39107203109583227  0.40312221277287741  0.41302405731636049
  0.42171436819516916  0.42907715991343531  0.43708419137955101  0.44604186446738397
  0.45665440997702916  0.46766932107519799  0.47773503342791662  0.48858810186509966
  0.49978611418525387  0.51138999903443794  0.52411007915484398  0.53697791305407772
  0.54839353067787489  0.55820397966029023  0.56779298064169759  0.57740805128305095
  0.58715356458866108  0.59577032741759339  0.60407864199259553  0.61243042993529218
  0.62234191529352478  0.63348442366028979  0.64359103843763044  0.65288724897860351
  0.66196053514362352  0.67363519597441568  0.68733798434883808  0.70050615151106232
  0.71212181236898764  0.72237840465158532  0.73162691273097302  0.74083252442817549
  0.75037689438226673  0.75880830145724221  0.76702085770741213  0.77468042506846968
  0.78298499003118005  0.79156579748359501  0.80029440376413874  0.80943668986750206
  0.81858666883787079  0.82853399573042164  0.83893754942047460  0.85163524831664772
  0.86410653546429617  0.87737106129205056  0.88866962888149337  0.90154200704640597
  0.91329979722849730  0.92473787353446224  0.93639938701645498  0.94819970405892129
  0.96033142239968516  0.97362462973015007  0.98750374861688361  1.00000000000000000
  0.00303510474499180  0.01393730921766975  0.02418667793052319  0.03410393429762809
  0.04301842864959982  0.05289137609889409  0.06311403987415601  0.07368500920782632
  0.08341827295853840  0.09239866123879824  0.10111780740823995  0.11064176772938354
  0.12146580698331939  0.13103643903945225  0.13989751107339501  0.14849774560079490
  0.15666032907624655  0.16465830526399347  0.17278680028255275  0.18140157210335836
  0.19064755546399412  0.20202246120272210  0.21362465030105091  0.22527803452042569
  0.23628039737637155  0.24747403349934080  0.25790252474767300  0.26791526960155843
  0.27876752619632073  0.29071650926993675  0.30218977286463361  0.31332991339176702
  0.32504961503699570  0.33678157677794290  0.34928768960430129  0.36217461286247532
  0.37604892308555987  0.38802117933672015  0.39782296478673795  0.40615357798800522
  0.41505145652597214  0.42553734424459033  0.43648522783341975  0.44604322643435540
  0.45527862520534346  0.46532125369046062  0.47626953288992058  0.48735110625607864
  0.49942075734889158  0.51424150844294214  0.52723438517681176  0.53735382970436885
  0.54793035261755429  0.56006412797118466  0.57138751696172807  0.58106246352174151
  0.59197278785906460  0.60399371567826265  0.61610733461856437  0.62839024111920838
  0.64100907133497353  0.65317368927725594  0.66406698641726125  0.67437445970970589
  0.68278683422423048  0.68973351644558711  0.69587606928512180  0.70297662645099224
  0.71329116406279469  0.72304245549116808  0.73139825224309185  0.73906017278196179
  0.74781555722495030  0.75563076670991280  0.76459295280113093  0.77363765212821445
  0.78350650205760486  0.79407252808433526  0.80394609798552252  0.81369147355029137
  0.82271304021476077  0.83345063946693343  0.84553310078983468  0.85866347228547357
  0.87135575344555327  0.88383237611702747  0.89640244045373074  0.90908513082370446
  0.92190617821357945  0.93363506936032681  0.94445296159675507  0.95431280345843983
  0.96379711981995619  0.97458518797238602  0.98613513770949324  1.00000000000000000
  0.00003344061971528  0.00004493216541856  0.00005532220694300  0.00006164047136668
  0.00006724481088388  0.00007259289185586  0.00007768465760595  0.00008304303031767
  0.00008852467053015  0.00009381991816738  0.00009935602735465  0.00010529847288813
  0.00011153236027177  0.00011783361933038  0.00012397990969653  0.00012997389818652
  0.00013622356122268  0.00014250332460901  0.00014989191466203  0.00015737476881369
  0.00016491837277488  0.00017267211739455  0.00018039419478667  0.00018864303135866
  0.00019783196380488  0.00020798998996473  0.00021835642412575  0.00022902950449231
  0.00023993049229869  0.00025090653868789  0.00026318137510769  0.00027528422005590
  0.00028699330683488  0.00029879059432511  0.00031091003524500  0.00032297671385080
  0.00033728045393615  0.00035219044621095  0.00036791012426904  0.00038310108584145
  0.00039822338280569  0.00041493144059344  0.00043380495429882  0.00045481612936109
  0.00047691940813151  0.00049910006340853  0.00052064657787105  0.00054346877532956
  0.00057101988522149  0.00060231309062939  0.00063558261423620  0.00066936438371961
  0.00070492273889873  0.00074549627621190  0.00079179590097422  0.00084467038804915
  0.00090217234988585  0.00096659806101688  0.00103350839546327  0.00110389193495916
  0.00118248656348761  0.00127609932310714  0.00137259381519340  0.00145389566385738
  0.00152377681780284  0.00161322840767882  0.00170570658523380  0.00182400039551583
  0.00195460755345687  0.00208715459652012  0.00220817300858172  0.00233755355979272
  0.00248898498814480  0.00268587310955827  0.00293497766994243  0.00324827553193515
  0.00350360265432392  0.00368921000025291  0.00383849341968295  0.00398848442155253
  0.00416656323222621  0.00441618270998802  0.00488340355407974  0.00541438524381806
  0.00584730326231647  0.00632733409600984  0.00711799073872785  0.00832964900886621
  0.00988623596335425  0.01227655717957642  0.01467735112218229  0.01698080318127516
  0.01962787887436269  0.02548585703449560  0.29620395804477395  1.00000000000000000
  0.00001311461765830  0.00001349465266245  0.00001381073450176  0.00001406853334718
  0.00001443693729146  0.00001501950514234  0.00001611245369953  0.00001747806687411
  0.00001850029719338  0.00001965863488410  0.00002149378148504  0.00002325990213729
  0.00002491602050415  0.00002677925498488  0.00002871521149550  0.00003070094264922
  0.00003271575522002  0.00003490691636137  0.00003737032270587  0.00004014604054127
  0.00004320158705683  0.00004671528587697  0.00005080269869294  0.00005500743158926
  0.00005913191346087  0.00006373516324544  0.00006913427175708  0.00007593530454139
  0.00008422121107439  0.00009381568785535  0.00010475861502752  0.00011725410465165
  0.00013099940236224  0.00014724089379609  0.00016668864863724  0.00018695394869395
  0.00020842022524451  0.00022854919267322  0.00025011593272497  0.00027285852805833
  0.00029940847379510  0.00032700064128064  0.00036009236901068  0.00039553226849874
  0.00043539102592320  0.00047839844747475  0.00052658508139512  0.00057884511818213
  0.00063857854665631  0.00070431167803457  0.00076987404550932  0.00083682772325048
  0.00090472752964312  0.00096777289304520  0.00102843060524549  0.00109072550833798
  0.00115758767803917  0.00122950825014026  0.00130219525537081  0.00138568023735099
  0.00147597319618408  0.00157647942820744  0.00168389428048986  0.00178785690907313
  0.00189977709916631  0.00203911520358242  0.00218411129081204  0.00230594851650457
  0.00242400558375055  0.00255203333904821  0.00268145245939021  0.00281893194602492
  0.00298925177844301  0.00314526512106124  0.00327889607518481  0.00341419366548290
  0.00356584775550873  0.00374152082747986  0.00391117121607873  0.00410621164520622
  0.00431157010734363  0.00460966290824280  0.00487372324805785  0.00513730360970215
  0.00542527669693820  0.00582332136374891  0.00623211122712396  0.00660411644738843
  0.00680755382853427  0.00695584380696158  0.00712591287343723  0.00730631294502447
  0.00752923949538117  0.00778749334681933  0.04162728718485652  1.00000000000000000
  0.00001210722234331  0.00001391285490170  0.00001551046214354  0.00001696060386064
  0.00001844755693834  0.00001977592702134  0.00002101266938304  0.00002227015408658
  0.00002342271036535  0.00002450676623894  0.00002566637410152  0.00002688300128023
  0.00002826812950084  0.00002995628752183  0.00003197204844409  0.00003449962062071
  0.00003745174260885  0.00004080731228661  0.00004435870424432  0.00004818094429008
  0.00005253334186962  0.00005712025346199  0.00006188430548705  0.00006676039808096
  0.00007228478109417  0.00007815855562613  0.00008433053755003  0.00009114704721623
  0.00009854487746448  0.00010647867909932  0.00011481961256114  0.00012335585500684
  0.00013243796283635  0.00014240829135600  0.00015432765399124  0.00016907900131254
  0.00018389951804206  0.00019945601826118  0.00021527039327976  0.00023224529942943
  0.00025170421080992  0.00027626691270565  0.00030423151971954  0.00032979476689373
  0.00035802254101750  0.00038735701537698  0.00041946496124764  0.00045527902243483
  0.00049089850892401  0.00052930721854894  0.00057145967181859  0.00062139533424877
  0.00067004221972493  0.00071882678004806  0.00076990468264201  0.00082103825153105
  0.00087526182523900  0.00093104959107686  0.00100643349107114  0.00107942622179321
  0.00115694003307025  0.00124165684593196  0.00132956011898819  0.00141573558420993
  0.00150719650159592  0.00161855519925311  0.00173374218832082  0.00183207836301667
  0.00193697926498912  0.00205359130165790  0.00217945022327427  0.00232039377150402
  0.00248992394013247  0.00271739225456864  0.00299583220537788  0.00335291382590220
  0.00380977671670156  0.00408789655952015  0.00435648686909594  0.00464658100357502
  0.00501700789252095  0.00554188894241143  0.00618801862592016  0.00677253984243194
  0.00743549006212890  0.00811056600836934  0.00882217936995504  0.00975960744085835
  0.01087397203433004  0.01181443375933492  0.01527728896115320  0.02301602401735918
  0.02979139942136235  0.03507810395904700  0.04253731219704892  1.00000000000000000
 -0.00340485473068543  0.01438714976083189  0.02530932956413783  0.03410538553697488
  0.04335792504910917  0.05377917708147018  0.06382717854465755  0.07218651732791809
  0.07997645617434952  0.08910595540695805  0.10164090723437162  0.11522507236104254
  0.12837134429369956  0.13986059426685618  0.15297974037968093  0.16676362391180583
  0.17986867591182398  0.19275149465061395  0.20515176620810391  0.21676088982380368
  0.22823386961556713  0.24077242653000649  0.25358242904324646  0.26453055640401224
  0.27423104537544413  0.28323363842455229  0.29231883501668299  0.30210827618074648
  0.31313580574642075  0.32532707937471111  0.33879956944740625  0.35242121406065607
  0.36575743988048681  0.37896983279545882  0.39120654718090281  0.40170854113368815
  0.41131748638507520  0.42172082178192771  0.43166920020067401  0.44098615836239835
  0.44970222376841423  0.45941279948501068  0.47030656386641806  0.48201645102294527
  0.49401563154414524  0.50611523697093319  0.51828394352170237  0.53033755173383623
  0.54157781976427477  0.55202322298331985  0.56401198507611128  0.57766967158304272
  0.58735903802260259  0.59661753490203273  0.60634423585770958  0.61913938283041503
  0.63273132454602354  0.64538884719204159  0.65752324634349013  0.66948586443771385
  0.68134706192716465  0.69419213483666453  0.70888267477144717  0.72284678213207298
  0.73564806052509568  0.74719392742269275  0.75778230278948433  0.76713077347915981
  0.77491746662043381  0.78165801684625880  0.78940149042075491  0.79744744092981779
  0.80570355997530874  0.81300863423783465  0.82016427770396472  0.82764281906310866
  0.83536781350209954  0.84322178539183390  0.85068392069123488  0.85825782553308694
  0.86688732371089261  0.87712637997196741  0.88857887569628347  0.89956641694073003
  0.91070795334848542  0.92079893146779612  0.93035595222368594  0.93871585387408296
  0.94639240280793879  0.95434097045567567  0.96217786114491133  0.97055237712372855
  0.97870246796381744  0.98634737431437480  0.99344691935320462  1.00000000000000000
 -0.00288817512917995  0.00979630633961818  0.02046134631968650  0.03018499543379294
  0.04005023739734889  0.05064883423136793  0.06126290335709089  0.07177588842207938
  0.08203412699145547  0.09169818421080128  0.10098674355513967  0.11050202467889736
  0.11955335587672990  0.12931784159172011  0.13829733379055181  0.14731309385934557
  0.15713221607192901  0.16796130620388286  0.17871137853737074  0.18938251419543631
  0.20029385155592599  0.21113942952617135  0.22278196356716168  0.23626021966964972
  0.25014730346509667  0.26299471559024085  0.27666235958153135  0.29124986776630718
  0.30611280481426589  0.31975882417508067  0.33044164992337011  0.33954827519296032
  0.34804597137116022  0.35847516151178904  0.37176167822539702  0.38618890118828991
  0.39976606499020084  0.41203707137388107  0.42154237550273699  0.43008466194215156
  0.43971293126290917  0.44953732363025689  0.45889861940757515  0.46861838528047378
  0.47968704960908920  0.49492022263302082  0.50726717787039111  0.51721873430583387
  0.52660594057205112  0.53579945014561625  0.54654904902346069  0.55619391289053743
  0.56666285541568973  0.57703081718582838  0.58892094662330652  0.60249778631596040
  0.61546584081333799  0.62776066726474722  0.63880789859779918  0.64974650570771575
  0.66017430928846244  0.66977225846418253  0.67880881544529048  0.68824614562710995
  0.69944366901226496  0.71087703990894713  0.72078861603508049  0.72937621098934813
  0.73703937388204943  0.74511948149883700  0.75382347857953280  0.76366676092841634
  0.77286818876975594  0.78292203120515180  0.79200407784102522  0.79965712381621878
  0.80657281292206329  0.81380000370063421  0.82198874476505690  0.82995321327737004
  0.83763280609750634  0.84587236351894135  0.85632904926264042  0.86989492240434085
  0.88242913862009742  0.89361354400112214  0.90440380501774864  0.91421179129373331
  0.92308169307322607  0.93093501594529460  0.93862100462585318  0.94824447464552453
  0.95910265381008297  0.97221248264361460  0.98566511361884290  1.00000000000000000
 -0.00304278957487984  0.01616870079960903  0.03097377963270700  0.04618633997784350
  0.06128055443751037  0.07474017181219333  0.08737872829758998  0.10045736061054902
  0.11329122728659159  0.12554368378448968  0.13751092643839816  0.14937262574719681
  0.16139305067769641  0.17321873072418259  0.18462201421534061  0.19620198796158941
  0.20764797879350241  0.21792531982562985  0.22856196470049028  0.23980039693632135
  0.25044443748505424  0.25883054039918291  0.26586625638185146  0.27330106715834762
  0.28158818642646510  0.29340567794614170  0.30510783870738395  0.31742680765486087
  0.32898023630023510  0.34012351301855470  0.35031315384528822  0.35951597808240465
  0.36886292326025966  0.37759248139219559  0.38718996698828639  0.39699241693560600
  0.40587339080250368  0.41456089218880865  0.42383631522847171  0.43379443380917782
  0.44463743198450556  0.45551674007108145  0.46566011667661594  0.47557398044838112
  0.48465561136452112  0.49294459698940057  0.50098962324818619  0.50974519364290327
  0.51850957615166682  0.52691222778820523  0.53499748219987564  0.54290170452358433
  0.55149941845491490  0.56300681200938640  0.57561349540784623  0.58500761473249752
  0.59452684087875030  0.60353409293666771  0.61266025318997053  0.62206564192985458
  0.63260771588191500  0.64491458214093844  0.65713024459557090  0.66740390954497519
  0.67615539228936195  0.68492877024960197  0.69534696124281326  0.70636471789851452
  0.71821201054875294  0.73000058712434657  0.74114295859870205  0.75160681107091776
  0.75944734880614662  0.76709852976939119  0.77473505555364330  0.78259345194918739
  0.79045816173339734  0.79826479930567973  0.80596358752877806  0.81455159927949328
  0.82510104834557263  0.83733175335687804  0.85076983355171798  0.86312004131433984
  0.87555772789008135  0.88654129663453329  0.89566337863089107  0.90616174930311499
  0.91601609429635400  0.92599620630698798  0.93721266714066787  0.94900994323464272
  0.96185963193061474  0.97454201921520955  0.98714684412668763  1.00000000000000000
 -0.00254438211020878  0.01209257679647645  0.02417038423989567  0.03577038729116739
  0.04850355661303557  0.06149219793062192  0.07357398847136845  0.08611961594437276
  0.09907454530758011  0.11261479877126673  0.12579503252858326  0.13796497393875720
  0.14939885460859212  0.16054229039279252  0.17210909748571529  0.18373243366232989
  0.19437238932312920  0.20393346507309873  0.21386424536410362  0.22241169276131170
  0.23038044871463398  0.23722111901773657  0.24441660307220042  0.25291215225996605
  0.26144482658329343  0.27127136091164356  0.28175587459138679  0.29307915318882138
  0.30574963082230538  0.31796655571785304  0.32798043740222488  0.33693989582252659
  0.34586859295401717  0.35491924107972683  0.36402373962538415  0.37315184611077612
  0.38222939209408230  0.39338487091723828  0.40324780206293415  0.41298714414048920
  0.42324376998482000  0.43322121223877141  0.44235257128134281  0.45107014586513439
  0.46072738814655423  0.47190590428123108  0.48284768677158152  0.49352700754683143
  0.50464322749550050  0.51587655788601938  0.52729636296903282  0.53829594630272304
  0.54901056537142767  0.56130287072683382  0.57255421161512787  0.58285925737596433
  0.59298185603793296  0.60380476623948975  0.61403037365865698  0.62369598308499330
  0.63362986717003700  0.64507375589810545  0.65691037359292381  0.66794449416013590
  0.67721870905629122  0.68535476248193794  0.69319372978174576  0.70174790244033070
  0.71183896032187433  0.72359925762438271  0.73511688099767758  0.74552159305732890
  0.75496957187093983  0.76417966017133121  0.77348860106616246  0.78275703898124172
  0.79263798347139469  0.80325682821564037  0.81319793247183991  0.82307098928944789
  0.83321985381219066  0.84604389493849697  0.85732145897750234  0.86759881587486698
  0.87791170882179448  0.88934571598000700  0.90016208965146971  0.90983416205083556
  0.91944722344094776  0.92902400830661591  0.93904147849687813  0.94998323163278875
  0.96187468178072766  0.97572984003280216  0.98778148810663580  1.00000000000000000
 -0.00179252087457909  0.00546461327702150  0.01255173021824148  0.01966155429715157
  0.02797480315950712  0.03751930977458159  0.04747451949529882  0.05687341751790340
  0.06506918011021004  0.07330257679159068  0.08153535026861632  0.09084172761125349
  0.10047321493666969  0.10963636293891037  0.11810952291256682  0.12661796310114959
  0.13669932474211663  0.14687918488456761  0.15965014874418246  0.17313788127356472
  0.18554811169594621  0.19723205090451784  0.20921371164516966  0.22289447507095772
  0.23606517702973018  0.24721542730818136  0.25693537096482083  0.26645995180656590
  0.27666265998740064  0.28674386804050206  0.29659814236533799  0.30895467603363547
  0.32057991812443437  0.33237796925293828  0.34420786946752713  0.35650915872355587
  0.36939134310045785  0.38154296974874774  0.39433652131439939  0.40801086861899383
  0.42183027768027381  0.43490932406137017  0.44721576179373829  0.45904768598788381
  0.47071878612737150  0.48296829546664133  0.49583619794530082  0.50759590776373453
  0.51875858101633898  0.53102967605494411  0.54493370165001453  0.55791826776118647
  0.57019355417103768  0.58184607843471980  0.59259330923204301  0.60082165962656342
  0.60880884340058683  0.61691471462016134  0.62625681807531353  0.63640106991974832
  0.64658167827089741  0.65773585841982485  0.66747965785211827  0.67717516895276719
  0.68777340105617268  0.69856920251158794  0.70917292246665631  0.71908524046039890
  0.72882789582014851  0.73995889876252108  0.75173963512728781  0.76241502343543477
  0.77258811239456349  0.78160248410264022  0.79092397635558909  0.80057128829189184
  0.81045986403376369  0.82000468084370548  0.82938172866140580  0.83857100565058307
  0.84690428582576394  0.85442259600516834  0.86210349280720466  0.87041725871388487
  0.88047046150683039  0.89271212401422040  0.90479375951734720  0.91700750386567065
  0.92854549072037440  0.93771398453779509  0.94660443645861114  0.95546035446754995
  0.96475024601881609  0.97674510546985893  0.98910673668911353  1.00000000000000000
 -0.00254988838582507  0.01072252405599651  0.02037513071273957  0.03066090587171520
  0.04046241631312512  0.05158625447594738  0.06335813998572522  0.07696799188402624
  0.09052773551007673  0.10334389545072521  0.11649273664506997  0.13020014972632998
  0.14385817073259693  0.15766347298046876  0.17047112646565360  0.18164520448956797
  0.19255077993709932  0.20419677371607517  0.21540716209228364  0.22547840100602998
  0.23616121363483483  0.24667655727356533  0.25728742073939348  0.26835821332236254
  0.27875026134112380  0.28966242564716926  0.30208284927334639  0.31464379926425595
  0.32456688338489253  0.33347041432638841  0.34286711261278480  0.35410756468202415
  0.36719898416853136  0.37967371748908230  0.39129962157779319  0.40254401385008542
  0.41391064866299127  0.42593640810736244  0.43862753894109080  0.45090171557817388
  0.46100840364540185  0.46918714308616427  0.47639477542917763  0.48333248116533012
  0.49023472699914405  0.49796431733144403  0.50670216786047229  0.51539934182534541
  0.52443583892981183  0.53722227166512715  0.54844222029248113  0.55931668169906257
  0.56778805317668901  0.57625838616657288  0.58592606633156163  0.59664682500984922
  0.60617807564091652  0.61537085683284343  0.62469342527596827  0.63440045970746373
  0.64375330321145097  0.65273260815599388  0.66227703985840070  0.67032979565564499
  0.67799695787135184  0.68546933517978959  0.69470760328070269  0.70475319034261652
  0.71590494033778240  0.72801232455420561  0.74016922079820369  0.75254690698855742
  0.76373664681750852  0.77634894436194923  0.79013724486656300  0.80341110871044130
  0.81495262249882117  0.82551828448873021  0.83619708656306502  0.84735402000489202
  0.85857580537523226  0.86901924289480315  0.87913957143923249  0.88890643255674695
  0.89807052292234435  0.90735749175143399  0.91705207914912723  0.92727208377942194
  0.93738827413280990  0.94680565396516803  0.95609615006439597  0.96406403878184155
  0.97179485028423207  0.98000407530398681  0.98842567225790501  1.00000000000000000
 -0.00191799099314433  0.00690954869809181  0.01467385802791006  0.02176461084263124
  0.02812881704726311  0.03550589281953793  0.04427355160744027  0.05319848186438624
  0.06234701797010264  0.07172116435062789  0.08135745472811529  0.09121117116336233
  0.10023491797923895  0.11050639002525295  0.12342572879416860  0.13614172145759984
  0.14911802834849874  0.16191444693218388  0.17388491736960671  0.18486839977238101
  0.19503485422671982  0.20505485301948140  0.21533607934145685  0.22521954916168035
  0.23461019806963185  0.24366194629917043  0.25318088572232467  0.26436476780182805
  0.27583274938424274  0.28754533890529688  0.30179848681732419  0.31790817118058878
  0.33133376242525603  0.34244830726521824  0.35269074782812926  0.36203317030857790
  0.37083156412997942  0.37922459111408602  0.38766621241765070  0.39590542158898717
  0.40415201730909850  0.41314027445795803  0.42347627946838129  0.43522129488847106
  0.44699343037518746  0.45670589679888435  0.46557462464376426  0.47400267051294021
  0.48291020883203817  0.49194657083599347  0.50193183770782523  0.51396812851254847
  0.52719438836999410  0.54190702779914723  0.55734379787516108  0.57343046214621274
  0.58859631350363584  0.60092229271828967  0.61279938825343871  0.62306061958406367
  0.63194931285477907  0.63912808132606880  0.64653061749525742  0.65476586721131158
  0.66450539859152702  0.67582771809213404  0.68733874547500584  0.69887804416715760
  0.71054529351023843  0.72078893708474490  0.73011189878021798  0.73852502763092709
  0.74752747984442869  0.75702180066151437  0.76773416152768181  0.77762293248447156
  0.78796564275299630  0.79744418725762301  0.80623506133697920  0.81470127316972907
  0.82519053689813193  0.83677852187447976  0.84801880975659394  0.85868625950673072
  0.86941074748412794  0.88200742919432773  0.89542944932681678  0.90964286851416420
  0.92272859499141047  0.93338570419640610  0.94340331704637692  0.95380685713963276
  0.96488071956384736  0.97684536763132057  0.98861624811176363  1.00000000000000000
 -0.00023425917948946  0.00048504105986440  0.00145178589135107  0.00214472009494955
  0.00278578465247478  0.00337063058942032  0.00391635695071523  0.00443745778803615
  0.00489619351791494  0.00536001066466644  0.00581072845690348  0.00624896756878022
  0.00668819013039146  0.00713038037169457  0.00757482510576899  0.00805918861543190
  0.00856422907702106  0.00904847103146740  0.00953010207327571  0.01000778131259175
  0.01052074016291469  0.01102568555906868  0.01151220759221349  0.01200607081668680
  0.01254320905186167  0.01300268428804198  0.01344089666446375  0.01389945656263394
  0.01435106704286635  0.01490575659962644  0.01547524781557112  0.01601597867344598
  0.01651053207243489  0.01695070982040132  0.01735036929589118  0.01774201457729515
  0.01814952270474302  0.01859816099643479  0.01912928171095972  0.01972527073667420
  0.02019626513703141  0.02056243669253636  0.02091758537989131  0.02129486783464370
  0.02171614886889481  0.02221766200473635  0.02251957836522404  0.02283262063213885
  0.02320763068382832  0.02358264073551779  0.02400649378966052  0.02443672182785896
  0.02486073233702782  0.02527719175791324  0.02573098080352606  0.02620812785491212
  0.02657947970907115  0.02695362385769135  0.02736521185273895  0.02775067881797106
  0.02806402216796270  0.02882193226583685  0.02967898859441752  0.03026491832910152
  0.03077635828974696  0.03143753999755317  0.03239723860170499  0.03315331915364588
  0.03356034126699862  0.03394979000651615  0.03430638982821101  0.03466708113169542
  0.03505749581725380  0.03544791050281217  0.03644544557521610  0.03782633271798241
  0.03917608519712867  0.04071489182195105  0.04199469621664862  0.04296478418781102
  0.04391896454998021  0.04515304502672398  0.04686315355717631  0.04799185880626173
  0.04920863078770585  0.05100722141349124  0.05265363094040007  0.05483654541620223
  0.06416273467014116  0.06640102325993429  0.06786774821208535  0.06959000522363759
  0.10344023866507517  0.11599266032209017  0.36767485781787190  1.00000000000000000
 -0.00168560679367117  0.00702830330422574  0.01524074954853005  0.02249866524677339
  0.02998113033696451  0.03713635032367292  0.04504571126735446  0.05419747267343939
  0.06373120637705533  0.07333401422295595  0.08300366942002640  0.09274231436542342
  0.10445921397107089  0.11535010235157951  0.12573265160635275  0.13588423816647627
  0.14705959659447373  0.15826109843029632  0.16982159316897852  0.18192263884156532
  0.19415361550698343  0.20658608374165435  0.21964433241867942  0.23297617958263098
  0.24496685001766669  0.25535160189643863  0.26571794406892002  0.27557916084125877
  0.28561613464242885  0.29733034355634830  0.30837170047208368  0.32119951513407430
  0.33450984901911174  0.34725565901530192  0.35838655015270160  0.36956677924831671
  0.38075538775378770  0.38980252154281259  0.39824723204658741  0.40659610924788431
  0.41789848819011577  0.43074486846696325  0.44231317726658254  0.45443359843158287
  0.46495787581319309  0.47624175255645151  0.48888266212665127  0.50208772859304951
  0.51399686865105243  0.52584247733775780  0.53800911430524567  0.55105716993225695
  0.56359802356898470  0.57418701409533490  0.58657669745969565  0.59879873058005362
  0.61104554359621144  0.62341922215024503  0.63753578644017062  0.65111997334706651
  0.66316110160738928  0.67495618386641865  0.68528847495297962  0.69747420228644230
  0.70937109447679014  0.72078854263091829  0.73162288661037767  0.74207676975329950
  0.75253979186350917  0.76247165900873082  0.77117426220878005  0.77968670639419080
  0.78884857022715238  0.80050160551947014  0.81332951178059176  0.82440820140197779
  0.83323411570415884  0.84141591725637999  0.84884501286470382  0.85641322775751072
  0.86399216890991937  0.87197039382809449  0.87960355981642369  0.88652754197931338
  0.89362737736132924  0.90138270161984790  0.91024034526354658  0.91922562850658307
  0.92792135250854002  0.93787686621946531  0.95095587171325724  0.96359258898727118
  0.97403538146250546  0.98313216356537603  0.99185057264337118  1.00000000000000000
  0.59440447325056578  0.64795797750717443  0.69481089006353691  0.73185108091326878
  0.75808910282138986  0.77588858432887930  0.79146809439110399  0.80723662130655871
  0.82055106918993381  0.83060945703989675  0.83859126142610774  0.84644033581633671
  0.85394376693735219  0.86020622499921895  0.86625389689930543  0.87242834660044299
  0.87741722330765015  0.88147735898426760  0.88555917245987337  0.88941924951552387
  0.89344602235567061  0.89751478966567833  0.90143458120664122  0.90508637847656614
  0.90841045265046105  0.91137791547035107  0.91418782268841892  0.91687598372650214
  0.91963339445107217  0.92249003350128100  0.92508082016588089  0.92715950626508470
  0.92902435192265787  0.93086476196714740  0.93259078308220289  0.93442684083070326
  0.93645152062148906  0.93842327125650404  0.94026816574518879  0.94187421099191027
  0.94341660919157855  0.94493773646456924  0.94643794317140040  0.94798615663082308
  0.94957443807756170  0.95130143674614154  0.95300967309133233  0.95462793726768913
  0.95621047614885823  0.95774305923204051  0.95901175965453644  0.96027565083847821
  0.96154011264325867  0.96286909762673767  0.96407782276838416  0.96528278792555289
  0.96651807064360507  0.96779634854573804  0.96916035544850510  0.97052322540670299
  0.97186028039017980  0.97317435338669189  0.97426789488420373  0.97519080800429891
  0.97608576708531924  0.97683990140117627  0.97761561510954464  0.97839465358069921
  0.97915879143091367  0.97987753976705205  0.98060287666367874  0.98133750171422351
  0.98209309766028241  0.98288002553270792  0.98370419364686645  0.98460870395968914
  0.98549214538765428  0.98629554458955382  0.98697599806274805  0.98761161093117211
  0.98822939452139624  0.98890019802500029  0.98963847178892117  0.99039770544988970
  0.99113171865219107  0.99185590185171846  0.99255352288969856  0.99322425476581511
  0.99393990813326538  0.99469972550630437  0.99543011583470931  0.99613713300981599
  0.99683916058120048  0.99759350057425833  0.99859276157291765  1.00000000000000000
 -0.00436939983367571  0.14656247764824398  0.17430603757982110  0.19506465448650365
  0.21242389327641964  0.22726284945481565  0.23959718867509130  0.25283362968282347
  0.26391212941705194  0.27439857733182027  0.28433206433521896  0.29437862121377234
  0.30462290119502822  0.31625091383582243  0.32795829709984320  0.33912842320787379
  0.34988126642247636  0.35894859043703281  0.36634673645056470  0.37369139799601764
  0.38095196899976957  0.38884360951118285  0.39638146167534333  0.40274165450539584
  0.40814078315601454  0.41352045388625835  0.41929419287364672  0.42561328547324179
  0.43297822585919543  0.44106860200384096  0.44923822887640835  0.45659660696117232
  0.46322045084483010  0.46952938957047580  0.47545715713631831  0.48128983870729763
  0.48728978552669944  0.49317531002386683  0.49918353382606762  0.50536049121837734
  0.51219280478645401  0.51912807012073758  0.52470442884434565  0.53070344686587290
  0.53656401854779689  0.54187998162758177  0.54731968931462949  0.55310564020183217
  0.55891494848257950  0.56474288975300646  0.57069616047021932  0.57678887811991075
  0.58301971419830800  0.58900617819223966  0.59500486741885905  0.60097256575558078
  0.60686981034779741  0.61305666294851935  0.61856900678040994  0.62433113103696114
  0.63033632039061083  0.63640821888917321  0.64303284263283289  0.64949553190022735
  0.65596961136810628  0.66236588270995556  0.66877563898437009  0.67531526685613763
  0.68196328241571147  0.68918360386227318  0.69722839360283340  0.70584558150648646
  0.71256853009421728  0.71768920854384988  0.72237078043699821  0.72755358834051731
  0.73360544954071949  0.73950439377146826  0.74465860475439405  0.74988651084758151
  0.75534018373523792  0.76079295414412240  0.76620582291405015  0.77306839311336240
  0.78180924868129853  0.78874422478627815  0.79688172340185293  0.80564414277958929
  0.81575725024602552  0.82779445810484942  0.83986126972754138  0.85112711512394645
  0.86527717688870531  0.88766111019735650  0.92034982023224088  1.00000000000000000
   1.4779369636270131E-009  -1.0000000000000000     
 F F F F F F F F F F F F F F F F F F F F F F F F F F F F F F F F F F F F F F F F F F F F F F F F F F F F F F F F F F F F F F F F F F F F F F F F F F F F F F F F F F F F F F F F F F F F F F F F F F F F F F F F F F F F F F F F F F F F F F F F F F F F F F F F F F F F F F F F F F F F F F F F F F F F F F F F F F F F F F F F F F F F F F F F F F F F F F F F F F F F F F F F F F F F F F F F F F F F F F F F F F F F F F F F F F F F F F F F F F F F F F F F F F F F F F F F F F F F F F F F F F F F F F F F F F F F F F F F F F F F F F F F F F F F F F F F F F F F F F F F F F F F F F F F F F F F F F F F F F F F F F F F F F F F F F F F F F F F F F F F F F F F F F F F F F F F F F F F F F F F F F F F F F F F F F F F F F F F F F F F F F F F F F F F F F F F F F F F F F F F F F F F F F F F F F F F F F F F F F F F F F F F F F F F F F F F F F F F F F F F F F F F F F F F F F F F F F F F F F F F F F F F F F F F F F F F F F F F F F F F F F F F F F F F F F F F F F F F F F F F F F F F F F F F F F F F F F F F F F F F F F F F F F F F F F F F
  <DiscreteSampler_grid>
  grouped_processes
  1 # 1 for a reference and 2 for a running grid.
  10 # Attribute 'min_bin_probing_points' of the grid.
  1 # Attribute 'grid_mode' of the grid. 1=='default',2=='initialization'
  0.0000000000000000 # Attribute 'small_contrib_threshold' of the grid.
  0.5000000000000000 # Attribute 'damping_power' of the grid.
 # binID   n_entries weight   weight_sqr   abs_weight
    139   10   5.577553337298281E-007   9.262870104091289E-013   5.577553337298281E-007
    140   10   5.577553337298277E-007   9.262870104091261E-013   5.577553337298277E-007
    142   10   5.577553337298281E-007   9.262870104091289E-013   5.577553337298281E-007
    143   10   5.577553337298277E-007   9.262870104091261E-013   5.577553337298277E-007
    169   10   1.785260470547178E-006   1.232573947822943E-011   1.785260470547178E-006
    172   10   1.785260470547178E-006   1.232573947822943E-011   1.785260470547178E-006
    181   10   1.714535699079034E-006   1.129063968978924E-011   1.714535699079034E-006
    182   10   1.714535699079031E-006   1.129063968978919E-011   1.714535699079031E-006
    184   10   1.714535699079034E-006   1.129063968978924E-011   1.714535699079034E-006
    185   10   1.714535699079031E-006   1.129063968978919E-011   1.714535699079031E-006
    274   10   5.577553337298281E-007   9.262870104091289E-013   5.577553337298281E-007
    275   10   5.577553337298279E-007   9.262870104091271E-013   5.577553337298279E-007
    277   10   5.577553337298281E-007   9.262870104091289E-013   5.577553337298281E-007
    278   10   5.577553337298279E-007   9.262870104091271E-013   5.577553337298279E-007
    280   10   1.176771996858377E-006   3.669589361994062E-012   1.176771996858377E-006
    281   10   1.176771996858376E-006   3.669589361994055E-012   1.176771996858376E-006
    283   10   1.176771996858377E-006   3.669589361994062E-012   1.176771996858377E-006
    284   10   1.176771996858376E-006   3.669589361994055E-012   1.176771996858376E-006
    286   10   1.092517119931033E-006   4.483628402924328E-012   1.092517119931033E-006
    287   10   1.092517119931034E-006   4.483628402924332E-012   1.092517119931034E-006
    289   10   1.092517119931033E-006   4.483628402924328E-012   1.092517119931033E-006
    290   10   1.092517119931034E-006   4.483628402924332E-012   1.092517119931034E-006
    298   10   1.065714815190527E-006   4.526976697780205E-012   1.065714815190527E-006
    299   10   1.065714815190528E-006   4.526976697780211E-012   1.065714815190528E-006
    301   10   1.065714815190527E-006   4.526976697780205E-012   1.065714815190527E-006
    302   10   1.065714815190528E-006   4.526976697780211E-012   1.065714815190528E-006
    334   10   9.337922648851735E-007   2.703251826949507E-012   9.337922648851735E-007
    335   10   9.337922648851735E-007   2.703251826949503E-012   9.337922648851735E-007
    337   10   9.337922648851735E-007   2.703251826949507E-012   9.337922648851735E-007
    338   10   9.337922648851735E-007   2.703251826949503E-012   9.337922648851735E-007
    352   10   1.323284706926574E-006   7.382366479371129E-012   1.323284706926574E-006
    353   10   1.323284706926574E-006   7.382366479371129E-012   1.323284706926574E-006
    355   10   1.323284706926574E-006   7.382366479371129E-012   1.323284706926574E-006
    356   10   1.323284706926574E-006   7.382366479371129E-012   1.323284706926574E-006
    376   10   1.325733797833074E-006   7.607772279708643E-012   1.325733797833074E-006
    379   10   1.325733797833074E-006   7.607772279708643E-012   1.325733797833074E-006
    382   10   1.283429727806186E-006   7.207907582681614E-012   1.283429727806186E-006
    383   10   1.283429727806186E-006   7.207907582681609E-012   1.283429727806186E-006
    385   10   1.283429727806186E-006   7.207907582681614E-012   1.283429727806186E-006
    386   10   1.283429727806186E-006   7.207907582681609E-012   1.283429727806186E-006
  </DiscreteSampler_grid>
