  0.00000242968874552  0.00000272110137165  0.00000300018424714  0.00000323493594304
  0.00000343506625966  0.00000363161417313  0.00000381767480859  0.00000399414318127
  0.00000417274583823  0.00000440698916643  0.00000464967263432  0.00000491712929462
  0.00000518826107688  0.00000543678674850  0.00000567840536967  0.00000592642448821
  0.00000616708692223  0.00000645958211849  0.00000672434048844  0.00000703086718645
  0.00000735916473155  0.00000768825602917  0.00000811241039182  0.00000856457217743
  0.00000900266390137  0.00000944847771794  0.00000990424401142  0.00001036779921850
  0.00001086120311596  0.00001134919574834  0.00001188946146975  0.00001244780020801
  0.00001299908228679  0.00001361216726429  0.00001428762361736  0.00001499877048337
  0.00001585318548267  0.00001667334685716  0.00001752322594288  0.00001866179502088
  0.00001982436383626  0.00002092061117772  0.00002207395505156  0.00002329756823105
  0.00002471516277800  0.00002635733455741  0.00002816290244840  0.00002969642725086
  0.00003129305381683  0.00003292155273427  0.00003467703111939  0.00003684576385038
  0.00003907052139913  0.00004142412069782  0.00004390400630403  0.00004649310561492
  0.00004946672161727  0.00005255230556730  0.00005579797941609  0.00005904153295636
  0.00006239516742030  0.00006660841376778  0.00007193636767538  0.00007816603034164
  0.00008506597641756  0.00009233595979933  0.00010010034356633  0.00010735935880364
  0.00011492075596572  0.00012322651310677  0.00013127376443711  0.00013919441487169
  0.00014885757604104  0.00016093993031637  0.00017426290628379  0.00018937677044059
  0.00021155708447570  0.00023880913613752  0.00026847073135224  0.00029742751498063
  0.00032673514583923  0.00036277868188907  0.00041004124899138  0.00048265611063119
  0.00056044710184981  0.00064474217600510  0.00074255447165313  0.00086207626882398
  0.00101255761169876  0.00118427836969505  0.00148638780075484  0.00226127683610872
  0.00321242355550941  0.00519518030056835  0.08916532097458661  1.00000000000000000
  0.00254566765722576  0.01882780070149218  0.03274326218945649  0.04387362509050698
  0.05211621292933505  0.06082529785941850  0.07004894015644246  0.08150887967495396
  0.09389541713608476  0.10416791776331485  0.11455192902082792  0.12690091792702887
  0.14124545736661895  0.15318232873354060  0.16376124289189350  0.17187950237788038
  0.18079516563290721  0.18990138114525654  0.19896853792053892  0.20826272689414727
  0.21804397302635653  0.22875094690542924  0.24003381250043787  0.25203211286309457
  0.26411064797616224  0.27552761918496388  0.28598139214180351  0.29671066659347584
  0.30841512547229899  0.31960269777547828  0.32950659803846183  0.33874966739084861
  0.34812440159996982  0.35727587262223781  0.36666985721144701  0.37637733129333245
  0.38501644525232831  0.39261159570229842  0.40080982086316463  0.40939509022885168
  0.41882040094329043  0.42988808117371929  0.43883047606260234  0.44781390181612818
  0.45610769944891466  0.46407227020130482  0.47216566023337186  0.48093585037228220
  0.48997235719196219  0.50027721679651382  0.50994590067389234  0.51954022181172910
  0.52982864756775516  0.54030225140297672  0.55103583040881099  0.56289552497498996
  0.57659787975177046  0.58980605515865658  0.60123526965197138  0.61138120261699358
  0.62213464099800342  0.63384455766417480  0.64576274757754037  0.65677567486718680
  0.66742929935924844  0.67769946844988227  0.68779772866741140  0.69676656373920365
  0.70635515844022145  0.71874444812608351  0.73358387170404171  0.74753085430171107
  0.76073991543650044  0.77436295894203699  0.78879627670945818  0.80237675720208046
  0.81447140223519610  0.82556434103344534  0.83702072392106264  0.84781485008092661
  0.85872124490744095  0.86886565085370382  0.87863597254630843  0.88846900361000547
  0.89860995971460045  0.90853713985844009  0.91808747675088120  0.92792076802884682
  0.93742963839701843  0.94716370627103086  0.95645972136752722  0.96684804418232351
  0.97658273428627973  0.98513421932448264  0.99244224193773167  1.00000000000000000
  0.00007588343204466  0.00009317320055216  0.00011046478242148  0.00012668965225348
  0.00014291103731985  0.00015966720262469  0.00017777543372757  0.00019507202928046
  0.00021164521436485  0.00022847166969529  0.00024538091543799  0.00026224159676866
  0.00027709092701238  0.00029352239402736  0.00031165649902532  0.00033324007188614
  0.00035661760313127  0.00037980133854012  0.00040409203175591  0.00043013226161955
  0.00045812240450444  0.00048670032319775  0.00051551617256319  0.00054600416292323
  0.00058054423254464  0.00061847943805739  0.00065997081887261  0.00070324258867670
  0.00075231675455256  0.00080267471657634  0.00085283984586564  0.00090681386040904
  0.00095684427354032  0.00100571587815579  0.00105026239564826  0.00109697611234851
  0.00114857142903591  0.00120472137811233  0.00125240145006968  0.00129797610422236
  0.00134348085438936  0.00139035469199609  0.00145119967848446  0.00151772917808892
  0.00158495044089329  0.00164351885843524  0.00169555823462387  0.00174467298780888
  0.00179116219898693  0.00185638394427947  0.00192527681645151  0.00200065012373791
  0.00208703176977179  0.00217768541172266  0.00226367049114061  0.00236441978548019
  0.00249599604246802  0.00262819831869655  0.00276720350217983  0.00290133512614746
  0.00302308049813452  0.00315560813830664  0.00326893895550249  0.00338653071940356
  0.00351002069693267  0.00365300902130432  0.00382821906309617  0.00401371536790788
  0.00424456822034076  0.00452457048931991  0.00481625629860783  0.00510989274098159
  0.00533461273038982  0.00553228709502089  0.00572039790441507  0.00592625025688316
  0.00615283546462732  0.00641333569996504  0.00696819985216062  0.00762398129509227
  0.00849438941591036  0.00925966924142060  0.00993563404992259  0.01068275012290861
  0.01117791412931624  0.01170971277735843  0.01257419018620382  0.01347419783740663
  0.01448358810717027  0.01566449562802297  0.01734910326485518  0.01975006646855476
  0.02581146310008026  0.04174191983677705  0.15368959432824753  1.00000000000000000
  0.00031050954996938  0.03191159138688698  0.05559224370332892  0.07216728196503669
  0.08422755961922800  0.09480156904066842  0.10554701864553399  0.11716959541844639
  0.12884111141445462  0.14108904000922176  0.15102899816926510  0.15969957550997896
  0.16784131570709321  0.17622916509741185  0.18497516779226236  0.19378442867949952
  0.20254456889744921  0.21361617082030360  0.22684809055222324  0.23905673209672962
  0.24946212780413357  0.25863953521181465  0.26742392671839244  0.27566539430660808
  0.28346170999896858  0.29115527525961138  0.30036574751399187  0.31107114964859345
  0.32228971104962778  0.33317704099282908  0.34373999329531346  0.35263228326378060
  0.36098227978468789  0.36909021970258965  0.37741694811731846  0.38618758371098455
  0.39568563733438855  0.40673798258420546  0.41726482213366867  0.42742159334694468
  0.43708838684728490  0.44690457914459863  0.45645964079374673  0.46785183017304399
  0.48160557781064783  0.49381188185828245  0.50549325168115611  0.51653858804538244
  0.52583057259780319  0.53329368982496361  0.54022436663273188  0.54690542520083840
  0.55435207137095366  0.56195431963807785  0.56901884041807071  0.57656406687453665
  0.58589436683371776  0.59735320023053873  0.60928406293898252  0.61997242599936397
  0.63193722605432356  0.64217227317683900  0.65028589745920695  0.65881994985282388
  0.66778173020837428  0.67878402366141566  0.69091921346289631  0.70223293807196585
  0.71232826843100328  0.72045385822882457  0.72791977650382955  0.73566932547891573
  0.74495668382141511  0.75757461588042507  0.77029115087653754  0.78089086358031068
  0.79039287858474605  0.79991779098093818  0.81017493742715219  0.82161984800737076
  0.83452429343627443  0.84737986405614207  0.85915073210594095  0.87016929230911655
  0.88086436111866540  0.89154899979790903  0.90272742198769296  0.91520352921494919
  0.92825564654090065  0.93980980780059908  0.94879231235789008  0.95779210064607934
  0.96567244287137721  0.97507417948223440  0.98657102222882209  1.00000000000000000
  0.00000151151830385  0.00001365762736557  0.00001607426714509  0.00001828993229587
  0.00002030593330536  0.00002253592359915  0.00002538825278386  0.00002831461710386
  0.00003116348084613  0.00003469306759208  0.00003882104596653  0.00004329958760672
  0.00004716118378741  0.00005127743540532  0.00005546831898348  0.00006058174887202
  0.00006744042031441  0.00007576674583154  0.00008613558554651  0.00009815943217785
  0.00011209245468749  0.00012649645179131  0.00014204424865208  0.00015719888172893
  0.00017263163445629  0.00018921828805489  0.00020686045476386  0.00022439921723516
  0.00024022437220785  0.00025546524730176  0.00027213300517167  0.00029110080088688
  0.00031330985178560  0.00033487969251612  0.00035574007859578  0.00037762858064345
  0.00040157021044556  0.00042399770507298  0.00044746713325475  0.00047052342531770
  0.00049405432876975  0.00051812091764972  0.00054438270474401  0.00057548815187714
  0.00061223969076237  0.00065185585547795  0.00069322817921439  0.00073776855472719
  0.00078610408916459  0.00083906115449939  0.00088942086939827  0.00093334819303285
  0.00097652158580398  0.00102030883056941  0.00106073750072847  0.00109917878789797
  0.00114090347574808  0.00119112663024570  0.00124555227997110  0.00129991937976537
  0.00135105944251755  0.00139929744752296  0.00144513627701552  0.00149189180577992
  0.00154169022602151  0.00159424024117793  0.00164474025077042  0.00169686766229950
  0.00175878643254257  0.00182524753667776  0.00194374194608124  0.00207101082872502
  0.00221087463535146  0.00235962459225245  0.00252638470404351  0.00271657205222610
  0.00288274018878270  0.00300509726032552  0.00310251970727108  0.00317714465926720
  0.00324666441066487  0.00331249256596909  0.00343080533407478  0.00358069682480777
  0.00372696533185876  0.00388415550292504  0.00408868846913403  0.00438238242808287
  0.00477413031709406  0.00522125032041585  0.00568199838450414  0.00616396431112129
  0.00681532079509558  0.00775203703983168  0.01987124654958612  1.00000000000000000
 -0.00125057327031242  0.00745005068773941  0.01562188122267695  0.02378566489161717
  0.03158425491570683  0.04032249708941128  0.04822250336400902  0.05571252779904920
  0.06412694135166182  0.07295412279391932  0.08131752906452382  0.08947873349214494
  0.09713043842387292  0.10465966800708608  0.11072109667390000  0.11783552898593630
  0.12498089013225371  0.13267264580451130  0.14140466931168613  0.15064570870261582
  0.16055698652778511  0.16962181117462954  0.17711314620016361  0.18448024430999851
  0.19281169634922060  0.20242122630030462  0.21336925953340405  0.22441143040960351
  0.23500309511762074  0.24503831672314033  0.25581827102473104  0.26799043004862017
  0.27936574702415373  0.28973670763725212  0.29919323976667689  0.30910126258187992
  0.32012357531584440  0.33229333082712725  0.34490973436652200  0.35709782712195243
  0.36863490916864544  0.37813066835428311  0.38781974547546005  0.39720470379197576
  0.40568666219025507  0.41685717722174997  0.42741657777758318  0.43709072762795842
  0.44504337494150448  0.45281217170551213  0.46149765879395205  0.47106689964321724
  0.48462534252187700  0.49636993803711443  0.50799587677341340  0.51888656399355670
  0.52984120480265195  0.54033396493876951  0.55011608085143515  0.55991239543627014
  0.57101120716537090  0.58219044270172582  0.59370503957936638  0.60586970883392732
  0.61671974449885825  0.62615221323399928  0.63469746696020723  0.64313881266208761
  0.65136890076965781  0.66038577611249849  0.67230648629454559  0.68701455816349011
  0.70039205937645133  0.71378179721768009  0.72629652246513876  0.74000439633890425
  0.75215896517052239  0.76405342248150210  0.77660809851754209  0.79002810286170000
  0.80402165732664332  0.81818791170275484  0.83207300445247634  0.84589908328281727
  0.86008938615358543  0.87491837547252538  0.89139511466600119  0.90737876441233989
  0.92191806055076431  0.93444335794793754  0.94588066187056186  0.95592959506985220
  0.96626268884162492  0.97680636301365209  0.98821715303372304  1.00000000000000000
 -0.00203948357585880  0.01241598055372278  0.02292644699217530  0.03417646818376080
  0.04581730425948649  0.05677604784070276  0.06648715692694274  0.07510959050396257
  0.08493902092126837  0.09399424856421786  0.10455467038754461  0.11444495996832395
  0.12341855160841766  0.13218814917045749  0.14052098768309923  0.14950120296548192
  0.15881133318167678  0.16847661317578741  0.17918704926144277  0.19065253391253623
  0.20169023018873714  0.21276946300673261  0.22522005687089067  0.23793568801552487
  0.25124131470595767  0.26446292493494400  0.27801663084501199  0.29228279176510163
  0.30418338687120217  0.31370334019841351  0.32138034499128959  0.32926486722995885
  0.33784694318071345  0.34776293853053547  0.35832573373911980  0.36959637807569423
  0.38159660649078297  0.39505124127152907  0.40883777026919327  0.42040240304898330
  0.42920306132192027  0.43751225085397882  0.44597113899588942  0.45558040668843008
  0.46653646558046674  0.47657438984631667  0.48647397864000996  0.49742741889558634
  0.50866950112441500  0.51782409372515259  0.52555203275663143  0.53318669317177303
  0.54203091404372450  0.55289920825548777  0.56238657681172588  0.57039392488480556
  0.57738481052765067  0.58459961959464468  0.59268818748415297  0.60146823937280591
  0.61197678726828020  0.62269716478882375  0.63604350719069080  0.64976283212863573
  0.65889800631441153  0.66686479585944503  0.67548030832241035  0.68498950093117905
  0.69363606652016430  0.70146944562702840  0.70958812240223479  0.72189818055966026
  0.73467208898728364  0.74766498309135387  0.75837551221279065  0.76732310112524238
  0.77555086391949413  0.78424315619958729  0.79352498485879175  0.80274377186192625
  0.81246820152536492  0.82312065301565207  0.83422387206523396  0.84453835469520566
  0.85500853135454213  0.86614675502642435  0.87817813077028528  0.89149919328046512
  0.90568905763847762  0.91919984923671172  0.93157763258538828  0.94359818428514053
  0.95665147650972815  0.97059180673745804  0.98498915230536732  1.00000000000000000
 -0.00183187968683601  0.01052630005325265  0.02249182110568194  0.03478492348104591
  0.04721410227497034  0.05944478058713733  0.07194346475775991  0.08395082131719515
  0.09547183057825000  0.10627127630643043  0.11659005835985001  0.12790255886429125
  0.13962819705438037  0.15010594728638635  0.16019096885918196  0.17019974303358984
  0.18012352021093431  0.18982668381603807  0.20072161592615595  0.21147174189191956
  0.22137448125897310  0.23032606194893276  0.23925512344793914  0.24850021245829659
  0.25773691885057820  0.26701059989393666  0.27621178117349993  0.28687299301410657
  0.29923283268419665  0.31078599019323749  0.32111022598357236  0.33182006131048830
  0.34370573676901695  0.35610329762984461  0.36775908256978534  0.37824160134214890
  0.38808302173037412  0.39839577136160487  0.40941695005999496  0.42015211270914044
  0.43006283442277471  0.43941094391959012  0.44933549691558811  0.46078687349188080
  0.47409051216251830  0.48846015470492909  0.50447896912887547  0.51936327210461930
  0.53348338022682329  0.54524071853306511  0.55558433861903977  0.56546904846281421
  0.57522759890404507  0.58694313637226525  0.60000306941438819  0.60983061159741758
  0.61891575552159162  0.62729961634177256  0.63540747656609953  0.64360555346972725
  0.65217911901568404  0.66142587267032638  0.67187703237897467  0.68298827623114866
  0.69302502499998631  0.70218452710460355  0.71143390684259755  0.72208963905941270
  0.73479450155255743  0.74790359302813547  0.76070151423737542  0.77262094797955017
  0.78427735362231232  0.79604050217923727  0.80818335086087989  0.82002078100010156
  0.83352393906995059  0.84732742137649186  0.85900264256181702  0.86968817237675333
  0.88046772822477282  0.89258606129394324  0.90602090779431310  0.91809353738294397
  0.92713236489384065  0.93589329866744186  0.94347982655798224  0.95035201455089369
  0.95689829427337814  0.96396684953776091  0.96925939985402809  0.97443715172009948
  0.97981316396517371  0.98586811039417643  0.99301152288920858  1.00000000000000000
 -0.00241469121387512  0.00930045821065157  0.01953427626601915  0.03091516995217272
  0.04389269755974123  0.05754281685994941  0.06767543036987586  0.07591392545226941
  0.08328887137453059  0.09053088463389206  0.09918321495274705  0.10888047169033591
  0.11823257140618375  0.12852647513039955  0.14003083654390641  0.14893095084935276
  0.15630346495876035  0.16489340579125586  0.17448177513477772  0.18320551542605232
  0.19115872547068083  0.19866541914021052  0.20641785917318056  0.21602925452281030
  0.22580995650164068  0.23524969337399659  0.24449064649597918  0.25333060989906664
  0.26152685185836094  0.27006108394662481  0.27941586662533235  0.28907259958114029
  0.29977312012384943  0.30988515680214074  0.32101701356011642  0.33211644454907024
  0.34339991209318715  0.35444716610393501  0.36542142489415991  0.37700920578580632
  0.38978460456956554  0.40094095609198560  0.40975830230329108  0.41829051676839185
  0.42707353236897277  0.43753516969899875  0.44826148421627265  0.45890493815758249
  0.47182676619782632  0.48669677949884627  0.49807019816709247  0.50718625596537037
  0.51591365951048840  0.52447329236893669  0.53517649592039096  0.54571662333495208
  0.55568518729335870  0.56592536058873388  0.57731172709918277  0.58925538254099541
  0.60097034420117856  0.61239431674322109  0.62368034028864927  0.63485532337824158
  0.64552341076342945  0.65579504385914189  0.66597522907467810  0.67555630106990594
  0.68522901936763336  0.69553735807116401  0.70631184475771847  0.71678456662080403
  0.72730664443155679  0.73878499477731019  0.75110105279406925  0.76330474848573215
  0.77653296412550121  0.78998000760577269  0.80170869582629078  0.81282351016655896
  0.82498543765362686  0.83895479024733677  0.85179968970268327  0.86269464815855179
  0.87270772783699968  0.88244157754872565  0.89287184388674867  0.90494899561570330
  0.91706965597213441  0.92860803707345230  0.93963066373943527  0.95146539486783555
  0.96346483276550610  0.97458073799707423  0.98728856071109905  1.00000000000000000
 -0.00227931018263625  0.01218780515444361  0.02523051688313607  0.03739306407266285
  0.04973166731132083  0.05933487961790144  0.06970401504487980  0.08021784548202915
  0.09294955210125196  0.10734151891856060  0.12051719231550564  0.13214902872826212
  0.14241588796655530  0.15224544289086028  0.16194332938933187  0.17280729558418678
  0.18105541321809668  0.18995179945829871  0.19905621213209493  0.20949439847088910
  0.22035868582699680  0.23098104477744888  0.24142467753887770  0.25265916762392476
  0.26147568229123697  0.27003610177712928  0.27884138319582435  0.28749247089415664
  0.29685501737576053  0.30744558229006730  0.31991639627203389  0.33140916764265116
  0.34296569329760346  0.35381145495121707  0.36390308220651763  0.37383428175028899
  0.38425452975100505  0.39582930457567328  0.40778910610897379  0.41897746640884209
  0.42939160204464077  0.43896541890968532  0.44864744514717025  0.45858489243495143
  0.46946072922087934  0.48124462180021216  0.49219838901134427  0.50143963490268906
  0.51004630468325662  0.51944985616816231  0.52957153215677510  0.53972196723379340
  0.55074361132995087  0.56224131644612863  0.57847234270173986  0.58868321909936905
  0.59698110008405603  0.60481421422313475  0.61276274218890969  0.62086234636270254
  0.62896996379729353  0.63661769305369720  0.64489086998507228  0.65641367007969886
  0.66853371693746477  0.67827570988750707  0.68683994117713043  0.69540770201382529
  0.70491542036335852  0.71625874759645580  0.72780521940936971  0.73910390812354787
  0.75140897823361896  0.76499793114676484  0.77692971324749627  0.78880317664410549
  0.80236481596471254  0.81478381345976025  0.82572539535172673  0.83743127441729470
  0.84777121690782842  0.85718650235276861  0.86594800419781903  0.87473531686844930
  0.88616561788337056  0.89766097615884188  0.90777205680700701  0.91825791699586590
  0.92673928095054026  0.93446131609724448  0.94177166309049209  0.94969725495572077
  0.96012429175075986  0.97327256656203176  0.98654727177699697  1.00000000000000000
 -0.00216205191866575  0.00865262279692821  0.01990732471558713  0.02995966892853891
  0.04026012878076630  0.05035193279743102  0.06123395919478838  0.07289394355970122
  0.08502278176771676  0.09624496375514030  0.10746748387143150  0.11742853140635287
  0.12674032966789300  0.13587790621845630  0.14616248585348848  0.15701449157011177
  0.16671156981546734  0.17610882696708002  0.18586022658588158  0.19585970731079622
  0.20781673997155919  0.21947304989884353  0.23759498340468493  0.25279048932673942
  0.26441023730808866  0.27342116695540136  0.28248366125674340  0.29197094086345293
  0.30417029811297458  0.31971757204483936  0.33376534487890763  0.34621931698680958
  0.35720168711600686  0.36752905267338176  0.37827565666399010  0.38816897674276379
  0.39790181803476155  0.40700496182687329  0.41753820841706202  0.42819496760603298
  0.43803124262676479  0.44703595010246555  0.45688176982522793  0.46871048639915891
  0.48143913200153460  0.49095826674528498  0.50083550727136850  0.51062003731861538
  0.51910684348540015  0.52593635838452724  0.53286929241189296  0.54080155165880761
  0.54947405768481083  0.56034564722155789  0.57327907072549222  0.58730914194364914
  0.59876616300708474  0.60866712126517775  0.61775861284696265  0.62785555222143818
  0.63838860821647025  0.64910680077688088  0.66042930982503056  0.67054361693589026
  0.68010896853211888  0.68962617473073307  0.69895988844366808  0.70851701603981188
  0.71752123993502470  0.72798368988750495  0.73893266487606990  0.75055654773501690
  0.76189050367857059  0.77118402363584193  0.77959757388114226  0.78774368712501486
  0.79680835099169112  0.80665066138690877  0.81820856349104498  0.82879654346094533
  0.83930393622949417  0.84935374103971617  0.85946015633164174  0.87153206701790109
  0.88310813780161956  0.89430523739427648  0.90400644676159236  0.91324416835500299
  0.92239317188430392  0.93235279474493837  0.94351720606822820  0.95567922767348601
  0.96620686416760182  0.97617136420973127  0.98691843535047774  1.00000000000000000
 -0.00102968743346674  0.01022005752645742  0.02117250115458256  0.03323391181791462
  0.04605553045227653  0.06034435012936924  0.07265316929658300  0.08118363936851665
  0.09002694733624372  0.09928060489547931  0.11044207251036078  0.12415456955516754
  0.13685077190656106  0.14919076162119727  0.16204156870761777  0.17369321747869643
  0.18570578633163334  0.19729273002309300  0.20938828276529070  0.22097953666098641
  0.23297236670548221  0.24525213425069156  0.25698393739440045  0.26849410575071009
  0.27842867801445281  0.28903905983140543  0.29848765070947614  0.30705971682295680
  0.31682254500634521  0.32698629186137557  0.33502031559689888  0.34254430129068991
  0.34972071367215507  0.35626733324704357  0.36596925959926746  0.37662642001906443
  0.38652480698692071  0.39727235391242782  0.40796715630089775  0.42025265985541099
  0.43261120020034277  0.44435867629327086  0.45671440718900358  0.46784108774243893
  0.47980810041619765  0.49148901532144124  0.50726491094982495  0.52345626155337366
  0.53863280236939337  0.55124523020741933  0.56338190835927637  0.57464801685095657
  0.58656466682435193  0.59858193539961690  0.61037387102021123  0.62188858972498240
  0.63346306716267409  0.64504892763114940  0.65683943868126116  0.66838365162811131
  0.67915168266738790  0.68961107548927680  0.69977758875992813  0.70957984041297351
  0.71943847216994172  0.72923739505176222  0.73937732558361136  0.74821478047177614
  0.75569010927532199  0.76278647574544334  0.77052468110391958  0.77929400478704258
  0.78743101245382097  0.79591443437680043  0.80561104488845625  0.81666675787307830
  0.82835035357903386  0.84011470654283249  0.85097171787523629  0.86132991214550025
  0.87185189008505426  0.88341019570051693  0.89635017627997682  0.90914220080238806
  0.92118285907733577  0.93227910366722488  0.94100076896474805  0.94786730809212705
  0.95651804508629656  0.96358157075119599  0.96968553588819417  0.97599268930686145
  0.98232850669357741  0.98835412295204217  0.99416108602699826  1.00000000000000000
 -0.00184607814532384  0.00693544817830265  0.01588002332768631  0.02595473955656738
  0.03690615240117937  0.04621439366897396  0.05497339756093311  0.06321932320744141
  0.07122388276695649  0.07924499463007152  0.08725056336087915  0.09641048431162390
  0.10524031899241303  0.11486289646092621  0.12520339585624971  0.13539859411106278
  0.14581468437363354  0.15566009845696843  0.16670995319865839  0.17622641750644005
  0.18595104353989292  0.19372368816310540  0.20250028721939470  0.21163055967500324
  0.22090105316475256  0.23088113633760868  0.24130632581812372  0.25194051776268223
  0.26379815494122938  0.27631221983644805  0.28892754770969781  0.30093344262431199
  0.31182356864060556  0.32341629579080805  0.33478529961032183  0.34644986036139591
  0.35885336480516694  0.37056817727194724  0.38330761781176770  0.39519456385670365
  0.40583834130178720  0.41714470825241118  0.43000957400527234  0.44497956199722660
  0.45936915905248643  0.47355021465681763  0.48608051040846617  0.49768679695277535
  0.50856787713184504  0.51985629465688676  0.52998169939238327  0.53875047624054273
  0.54908948061271357  0.55980977290786704  0.56902379592261476  0.57702061270688887
  0.58494578735889524  0.59340018207078904  0.60259384874896071  0.61122976798486872
  0.61842292711147917  0.62600264706439079  0.63580885499317186  0.64793245374848374
  0.65963860810132957  0.67061656537942149  0.68139870463376362  0.69243705933825561
  0.70483522116224828  0.71991059570519067  0.73371123019311213  0.74536136348930004
  0.75589420923475448  0.76679454045861051  0.78006531419575798  0.79582881828062657
  0.81172790347566492  0.82705074220337682  0.83857153405051388  0.84694225257814082
  0.85476633507466915  0.86259556008808080  0.87108413832810860  0.88001789329208291
  0.88949508100589025  0.89865179948570972  0.90804756390389452  0.91859845597528766
  0.92786439910211949  0.93686668538652651  0.94681023599238345  0.95671797087435428
  0.96762678711560357  0.97848864068254993  0.98889767513599813  1.00000000000000000
 -0.00265931311921847  0.00935630759042696  0.02132867891081059  0.03345751731488933
  0.04651822163529939  0.05726946673055532  0.06785430185687291  0.07905007278376922
  0.09101012083782727  0.10166635618460840  0.11113136516999898  0.12033641007545287
  0.12985884641386150  0.14165287507634322  0.15343394653785353  0.16516599598127965
  0.17777089149363026  0.19069967913259409  0.20313306596120803  0.21441287090100256
  0.22522290860680186  0.23568698969578258  0.24552729441920534  0.25599299107592960
  0.26700255257376299  0.27779348543340365  0.28888049231107504  0.30097569228592136
  0.31125377310611313  0.32060718568712454  0.32999053679984275  0.34175464942716705
  0.35393276970320448  0.36625588073795773  0.38031854391440223  0.39310902308720874
  0.40479044727571134  0.41731800027332366  0.42875901292112401  0.44029609728575880
  0.45295104737118025  0.46412790179902685  0.47430192647376990  0.48405761946860265
  0.49216453875615407  0.49888407681399000  0.50621452402757361  0.51414993515766216
  0.52310537192777584  0.53311926983915514  0.54331398697050570  0.55263535292994992
  0.56107200761111820  0.57026584534945668  0.58054449696432242  0.59167417164978853
  0.60271451832059220  0.61248018848089025  0.62226090723096017  0.63131444547507121
  0.64018577268187293  0.64996357864146326  0.66029420937178518  0.67020192841808657
  0.68079931465247245  0.69239951932486388  0.70518029568781215  0.71806513655390036
  0.73046396247467116  0.74119488135144451  0.75124354763547196  0.76086936488516332
  0.77054739695721097  0.78038277357341124  0.79015730453736233  0.79910215813181107
  0.80767487001600480  0.81637560295399636  0.82599611269916196  0.83481602069849126
  0.84285908177072855  0.85063364991553281  0.86062242880292594  0.87157962837476521
  0.88296385430762658  0.89272264818895974  0.90393713379528873  0.91579381592672482
  0.92782431315213276  0.94012076976714287  0.95172211887042168  0.96241905664254346
  0.97179396356492476  0.98115354919101183  0.99076443331827524  1.00000000000000000
  0.46052532956438841  0.63536972652133228  0.66963228128030905  0.68300012370096064
  0.69003609145677913  0.69676029636876569  0.70580353103001914  0.71638105261889984
  0.72669067424247247  0.73682449594598010  0.74563823048033651  0.75301740819247920
  0.75827005328998309  0.76356997256125803  0.76964105452168452  0.77686745986813199
  0.78398324326090629  0.78955149122533219  0.79484892371074622  0.80068998480305753
  0.80627085886689309  0.81170405563311765  0.81590912580515995  0.81952441868287784
  0.82287250790510524  0.82608225397794988  0.82919600932254833  0.83230020788440207
  0.83608382049296071  0.83982042237302323  0.84335063425293388  0.84673910250641526
  0.84999275714177935  0.85326534824154532  0.85675388690045817  0.86001303452559630
  0.86325558316712392  0.86642776654272036  0.86956206087729382  0.87264064892520232
  0.87564809206531369  0.87874255515800126  0.88207327128113922  0.88525110803837515
  0.88803167292282903  0.89050885768426591  0.89313491275302836  0.89596295203840370
  0.89930422745768623  0.90185758983201492  0.90420140438858598  0.90643439217794797
  0.90864694705568394  0.91085295062614979  0.91310739343946934  0.91538231354427646
  0.91780107332654526  0.92014736244314954  0.92238802079698268  0.92459601438301808
  0.92676243133457037  0.92895011051575249  0.93123074977752307  0.93354377765095164
  0.93576699833658994  0.93776861191807515  0.93975629217270873  0.94166083547182566
  0.94365511025439619  0.94577256966257162  0.94791769142302762  0.95010602754406626
  0.95224468463905498  0.95423258583592241  0.95611439400236187  0.95787118701370222
  0.95966107055494532  0.96125723964641163  0.96289018727811149  0.96459565071401132
  0.96625180456940485  0.96821464364200294  0.97010393731182343  0.97199445645336124
  0.97379988187004773  0.97554287226756220  0.97724802415436296  0.97901985924539325
  0.98094936500347663  0.98297217099632983  0.98513797621009402  0.98727731532447027
  0.98962322702644345  0.99226845930279994  0.99543505707096003  1.00000000000000000
  0.07307290947019979  0.10468469542125150  0.11721145631029044  0.12362547266935603
  0.12972761511835901  0.13739764495116738  0.14560849668749443  0.15115769502682450
  0.15926673394780808  0.16699474783016810  0.17413586481003027  0.18116604367639078
  0.18813961965702972  0.19439009441156355  0.20176829443867511  0.20947547380549883
  0.21591190792939635  0.22144685857264160  0.22693954724082779  0.23126972952142799
  0.23510569956283714  0.23879332106672263  0.24218271791156706  0.24620346111015193
  0.25067491739742115  0.25669523483632534  0.26212292073139548  0.26674985744538360
  0.27107684258885439  0.27519780165050506  0.27931329082726181  0.28351943937682261
  0.28791072257826850  0.29258594010466143  0.29722905975063413  0.30149972374353762
  0.30645733704904005  0.31099726828458368  0.31611818590958640  0.32163768135861709
  0.32772619585617641  0.33244893045454416  0.33586857512140023  0.33903002240832691
  0.34217562026773707  0.34568353057429324  0.35008084554300251  0.35441599342944741
  0.35901145120932676  0.36445020546328838  0.37033736248196697  0.37631375709821213
  0.38231323077110230  0.38829668339103823  0.39450260067720039  0.40170882264487118
  0.40913087464696524  0.41628141583624506  0.42275515377746697  0.42960842723072129
  0.43685545687243932  0.44459941089110905  0.45290338254269724  0.46038842165388011
  0.46730412256732823  0.47356573995269835  0.48011314224057156  0.48770180585335043
  0.49607946631107330  0.50440836293881308  0.51230767882322237  0.51986124982671378
  0.52706485864954022  0.53478437824464808  0.54303236049860337  0.55196668503739421
  0.56118215862066612  0.57159657769151040  0.58286648221387161  0.59441186087016984
  0.60600423942715964  0.61775783606976642  0.62861251873206425  0.63919385673782170
  0.65075508609325006  0.66378728804686948  0.67680538314382577  0.68983573074548565
  0.70463402382482732  0.72208215279286392  0.74206126899960823  0.76170621396947547
  0.77999291110930702  0.80748338454440682  0.84808478551024702  1.00000000000000000
   2.0895612604460541E-008  -1.0000000000000000     
 F F F F F F F F F F F F F F F F F F F F F F F F F F F F F F F F F F F F F F F F F F F F F F F F F F F F F F F F F F F F F F F F F F F F F F F F F F F F F F F F F F F F F F F F F F F F F F F F F F F F F F F F F F F F F F F F F F F F F F F F F F F F F F F F F F F F F F F F F F F F F F F F F F F F F F F F F F F F F F F F F F F F F F F F F F F F F F F F F F F F F F F F F F F F F F F F F F F F F F F F F F F F F F F F F F F F F F F F F F F F F F F F F F F F F F F F F F F F F F F F F F F F F F F F F F F F F F F F F F F F F F F F F F F F F F F F F F F F F F F F F F F F F F F F F F F F F F F F F F F F F F F F F F F F F F F F F F F F F F F F F F F F F F F F F F F F F F F F F F F F F F F F F F F F F F F F F F F F F F F F F F F F F F F F F F F F F F F F F F F F F F F F F F F F F F F F F F F F F F F F F F F F F F F F F F F F F F F F F F F F F F F F F F F F F F F F F F F F F F F F F F F F F F F F F F F F F F F F F F F F F F F F F F F F F F F F F F F F F F F F F F F F F F F F F F F F F F F F F F F F F F F F F F F F F F F F
  <DiscreteSampler_grid>
  grouped_processes
  1 # 1 for a reference and 2 for a running grid.
  10 # Attribute 'min_bin_probing_points' of the grid.
  1 # Attribute 'grid_mode' of the grid. 1=='default',2=='initialization'
  0.0000000000000000 # Attribute 'small_contrib_threshold' of the grid.
  0.5000000000000000 # Attribute 'damping_power' of the grid.
 # binID   n_entries weight   weight_sqr   abs_weight
    19   10   2.042737510839543E-004   4.150241837712866E-007   2.042737510839543E-004
    20   10   2.042737510839536E-004   4.150241837712836E-007   2.042737510839536E-004
    22   10   2.042737510839543E-004   4.150241837712866E-007   2.042737510839543E-004
    23   10   2.042737510839536E-004   4.150241837712836E-007   2.042737510839536E-004
    25   10   1.465781499924874E-003   2.144835229874649E-005   1.465781499924874E-003
    26   10   1.465781499924872E-003   2.144835229874643E-005   1.465781499924872E-003
    28   10   1.465781499924874E-003   2.144835229874649E-005   1.465781499924874E-003
    29   10   1.465781499924872E-003   2.144835229874643E-005   1.465781499924872E-003
  </DiscreteSampler_grid>
