  0.00000284473943992  0.00000295138723760  0.00000302503011448  0.00000307314594550
  0.00000313197001011  0.00000318647541036  0.00000323043689444  0.00000328021961494
  0.00000333071581405  0.00000338483163097  0.00000346702895474  0.00000356993153840
  0.00000369708278352  0.00000381964958255  0.00000394422770833  0.00000406235642562
  0.00000418398451057  0.00000431041781534  0.00000445221724895  0.00000463577722583
  0.00000479454153005  0.00000497282795017  0.00000514656997117  0.00000530483976667
  0.00000546771069610  0.00000563383125872  0.00000580346642440  0.00000605343128255
  0.00000632524473490  0.00000662455617850  0.00000695226323516  0.00000728502790672
  0.00000761039746644  0.00000797294842472  0.00000835013343826  0.00000871676532987
  0.00000907112839188  0.00000945391125041  0.00000985860101507  0.00001028772240853
  0.00001078330246084  0.00001132702666043  0.00001187226988169  0.00001243905582728
  0.00001306500696650  0.00001374792086206  0.00001447718811975  0.00001531711742334
  0.00001622755780871  0.00001719559978734  0.00001820869202136  0.00001926229368506
  0.00002039337284954  0.00002156841894561  0.00002283129219084  0.00002426067887383
  0.00002598262818347  0.00002818892792569  0.00003080721673872  0.00003372136823681
  0.00003698581139832  0.00004073336879289  0.00004488859435208  0.00004980255266088
  0.00005519516564337  0.00006156044278239  0.00006929897108226  0.00007831432857609
  0.00008914863911546  0.00010221884876081  0.00011822135440874  0.00013756563219185
  0.00015968752672623  0.00018846227275640  0.00022391236931736  0.00026606102436204
  0.00031507837201894  0.00036881241905434  0.00043411871143502  0.00052149768031934
  0.00063025557807829  0.00077084296284614  0.00093116266552618  0.00113330663229880
  0.00137908735229609  0.00168467479836279  0.00208135330784316  0.00262591796711237
  0.00335772081231695  0.00432187064338734  0.00556832415089282  0.00721373417745561
  0.00956995601614674  0.01600057065890485  0.03901862499440469  1.00000000000000000
  0.00280061755907934  0.01559958147849511  0.02900247919424388  0.04033512829858978
  0.05156609654167010  0.06286217791429347  0.07413601503854317  0.08599113455617204
  0.09855457372525676  0.11055803951017815  0.12205551411055221  0.13178489438389102
  0.14106471539997267  0.14986423345794503  0.15958537822666372  0.16961285389051933
  0.17960387181457166  0.18950820153722669  0.19958725424755727  0.21057623537163869
  0.22233720708234428  0.23460877668022195  0.24557527525865208  0.25625767089883189
  0.26752392265394254  0.27886092993605405  0.29073696943666533  0.30166583079629211
  0.31311979119153471  0.32421749717216564  0.33533787571184476  0.34614193422084011
  0.35673881466145990  0.36698289920274152  0.37737861150454832  0.38773563012831225
  0.39742947348772417  0.40669077595788777  0.41586226152729405  0.42472781930872539
  0.43495901857718872  0.44536023252567297  0.45549530823980255  0.46557568200542077
  0.47594827905962012  0.48724169681043622  0.49873764715580160  0.50992066477829801
  0.52087697507212272  0.53244016945132477  0.54424656412494032  0.55601107778623804
  0.56723198779349360  0.57825737539406419  0.58916629968310175  0.60038863606530868
  0.61146065982110964  0.62172485464238314  0.63054221101809727  0.63850588914190143
  0.64663892202587125  0.65454819072709247  0.66388892674180222  0.67445646253969771
  0.68578875276810747  0.69717038479530835  0.70815468121350944  0.71877750786689931
  0.72900366963811092  0.73931917214372123  0.75022946518993427  0.76202543029362235
  0.77402431935292237  0.78578028191182203  0.79725340371710962  0.80759244028623567
  0.81683127762298913  0.82530903799637378  0.83425837990438056  0.84330869681727749
  0.85212136081546486  0.86107054567392849  0.87003346367949097  0.87924421247381834
  0.88801109628966179  0.89714291445759009  0.90683798980369523  0.91727821594563141
  0.92805443404583721  0.93819210345777215  0.94792700458243662  0.95738124430135951
  0.96697005414383685  0.97599112711691660  0.98444122591780470  1.00000000000000000
  0.00026171333560197  0.02708081288995750  0.04630062873034639  0.06156537732124892
  0.07439605971209103  0.08681104343880418  0.09847973957671347  0.10889519909186804
  0.11915971195360983  0.12993058235352925  0.14083641528071597  0.15144300585077761
  0.16166431663201727  0.17205049002411663  0.18316692195387746  0.19399509588128974
  0.20480796289380718  0.21576682502843528  0.22647031448122576  0.23627799225155649
  0.24584821335514059  0.25607683818866489  0.26681935543716456  0.27810469749061117
  0.28859960250976396  0.29910311075352153  0.31032416581024719  0.32206154329228764
  0.33375217196638823  0.34477412173696553  0.35593948954420745  0.36720377515078778
  0.37751423940840695  0.38756373792214727  0.39789628460858789  0.40880561892634992
  0.41972459314066418  0.43075866225512427  0.44167194562162537  0.45207880116879195
  0.46237361649316450  0.47334896293234896  0.48459636383535187  0.49610349739010134
  0.50760013600267728  0.51870194223460919  0.52954674217380338  0.54085170841903674
  0.55138683991775650  0.56104794738987440  0.56997357661924197  0.57715244527600129
  0.58409584816213000  0.59140793309210915  0.59960334273906279  0.60984893719915323
  0.62106270193606450  0.63220204492881205  0.64384584040706683  0.65525782599843474
  0.66639561205164666  0.67691699820099038  0.68735626900051550  0.69736443755996513
  0.70808700675164482  0.71849013583737498  0.72823493565737785  0.73750650254748562
  0.74670369963932359  0.75601387435278777  0.76609803159576229  0.77575563013350091
  0.78584791716217561  0.79591846822661183  0.80611981157046775  0.81570908772306383
  0.82476404188815033  0.83334125931701131  0.84188844228791615  0.85081655890868058
  0.86087522271396288  0.87183450211715974  0.88193287862205627  0.89191696921303787
  0.90216809615698168  0.91385023522756614  0.92530864580632932  0.93557046646977071
  0.94422438971812972  0.95208188690245377  0.96020120189378244  0.96865086304428916
  0.97687667422272539  0.98487422760318355  0.99224930960596458  1.00000000000000000
  0.00000942217859485  0.00001010508194411  0.00001093274775323  0.00001157799339296
  0.00001227954476909  0.00001295087545933  0.00001365104133252  0.00001437360180349
  0.00001499923422421  0.00001590195540257  0.00001701651668965  0.00001798777763405
  0.00001892977858299  0.00001996521088390  0.00002070237761734  0.00002140067618230
  0.00002214409865174  0.00002287727588783  0.00002360394723276  0.00002467173572702
  0.00002597574220039  0.00002723137089506  0.00002858001821963  0.00003008111475367
  0.00003165606741249  0.00003359277794147  0.00003586188739559  0.00003834127820604
  0.00004094505455366  0.00004384500016449  0.00004731953238984  0.00005163583027206
  0.00005613578050295  0.00006139122478325  0.00006693015800853  0.00007329974343892
  0.00008032152981131  0.00008818401257980  0.00009650834705478  0.00010550193687745
  0.00011550955918983  0.00012677623454398  0.00013940763760692  0.00015328760039660
  0.00016807089989387  0.00018383999833683  0.00020138731543796  0.00022135328419564
  0.00024433651123350  0.00026978700870575  0.00029714432378236  0.00032554156238151
  0.00035425210037761  0.00038280517373318  0.00041382350200351  0.00044578512862888
  0.00047914575423027  0.00051608407858124  0.00055602852156910  0.00060253316048996
  0.00064791804486261  0.00069846115358967  0.00075294990415269  0.00080764570273467
  0.00086530707547652  0.00092590216858334  0.00098854105821383  0.00105648471283166
  0.00113667474085190  0.00122605897230682  0.00130642779652891  0.00137475420110695
  0.00143345158596136  0.00149282238338835  0.00155370752726311  0.00161879723007887
  0.00173528191340259  0.00188948961495490  0.00205652543381168  0.00222628655088926
  0.00242274333289613  0.00269620270473800  0.00308709061871067  0.00351973750219027
  0.00393292790260217  0.00433791481720738  0.00481870802504157  0.00500865071967434
  0.00519859341430711  0.00541210683671572  0.00564137416235222  0.00589056898646448
  0.00624129963147872  0.00659203027649296  0.03012254793288842  1.00000000000000000
  0.00000740859476428  0.00000784684052163  0.00000869571680937  0.00000960939864519
  0.00001067649307719  0.00001186747067639  0.00001359016647908  0.00001531635140173
  0.00001681833535071  0.00001813435145839  0.00001922433557585  0.00002047091005271
  0.00002204774873728  0.00002390338794509  0.00002580383454617  0.00002804671321842
  0.00003071393240505  0.00003393581587769  0.00003773302161619  0.00004203156835509
  0.00004640240013074  0.00005119451772031  0.00005701695041482  0.00006440005692835
  0.00007298661316164  0.00008317586252661  0.00009442899876232  0.00010731248387887
  0.00012121001080896  0.00013632988958972  0.00015226287088225  0.00016934742786937
  0.00018574881971617  0.00020317589157472  0.00022127889477408  0.00024027917963513
  0.00025974324593139  0.00028233138168428  0.00030391093611100  0.00032633767786870
  0.00034877673280564  0.00037204618124706  0.00039828261926617  0.00042679029446346
  0.00046092921499189  0.00049514556688266  0.00053011146839796  0.00056540639695330
  0.00060272047637919  0.00064391718528386  0.00068336751833992  0.00072454973272641
  0.00076726291862283  0.00081848893135743  0.00087516800070716  0.00093218928611979
  0.00099304604104272  0.00105465908202396  0.00112501510543773  0.00120102462610921
  0.00128766356120596  0.00138809933118895  0.00150155836529857  0.00162612301166832
  0.00176726327875273  0.00191223925818868  0.00203026963930462  0.00218559158696179
  0.00232807853610747  0.00248871856820222  0.00269120900023026  0.00286603596989423
  0.00306573828273199  0.00327740248434633  0.00340804780185043  0.00353964692689336
  0.00367286141053641  0.00380541203134175  0.00393765493053662  0.00425377456836666
  0.00478795266290308  0.00509616631448948  0.00528287279206271  0.00554318640138486
  0.00577425727879259  0.00597489319566104  0.00628390276938029  0.00669004877571488
  0.00715159125018777  0.00765783879562090  0.00840782638290692  0.00915781397019294
  0.01066940056353414  0.01234919869921667  0.01485861048503067  1.00000000000000000
 -0.00215302066410103  0.00848609924550256  0.01884056524975013  0.02919295037981291
  0.04108859860604544  0.05146640699299495  0.06217135947390903  0.07299929390094845
  0.08335201403163979  0.09341445740562911  0.10329764807957194  0.11375181863258771
  0.12521414902561243  0.13683713099922834  0.14837919373171934  0.15987698718205620
  0.17151636233565365  0.18305513942305812  0.19496413209760963  0.20681925279277499
  0.21813873235617159  0.22815948648882944  0.23601358993378632  0.24353956055573647
  0.25129967272008696  0.25992103672088801  0.27151091316311843  0.28352438565332472
  0.29553503980093909  0.30765141503254029  0.31917274587761163  0.33020561865304776
  0.34073840147476042  0.35211546137750166  0.36306529738077276  0.37407260945757992
  0.38366036775544171  0.39398899278520921  0.40472050666392317  0.41505922908508619
  0.42508495610963037  0.43502368830010596  0.44518319816288987  0.45567675202347124
  0.46572402990390538  0.47479514212175938  0.48340840609398950  0.49215336338178123
  0.50102990024083516  0.50945539810000540  0.51748733645231371  0.52471262314881650
  0.53273720299955629  0.54152415815966548  0.55217165266587331  0.56323257645532010
  0.57340061467132430  0.58346011548124999  0.59402154012082531  0.60493884942589615
  0.61573384031094791  0.62639302969851052  0.63725196129388528  0.64830708380181756
  0.65911958214530364  0.66952353893625238  0.67939337125235655  0.68923492137612286
  0.69913641443113861  0.70895179238153672  0.71876778346485881  0.72852274829963692
  0.73864004861368593  0.74929373888163742  0.76015843110917647  0.77148604790447772
  0.78300061115993558  0.79401308400270898  0.80487220682193206  0.81564100298320819
  0.82635163811014656  0.83699965888794214  0.84817274346285609  0.86002155125923607
  0.87193227134901874  0.88334313028707123  0.89497571816837795  0.90595456540738284
  0.91697347772582471  0.92921950115713092  0.94163315843538875  0.95413623972845829
  0.96653172410665533  0.97844725040879832  0.98902436816374950  1.00000000000000000
 -0.00325669411634940  0.01194117356270712  0.02375787514088945  0.03369175448533124
  0.04350976928013552  0.05385123528890400  0.06413039524466869  0.07470298674028771
  0.08476393075582606  0.09554436091760508  0.10721434141381148  0.11841591587072221
  0.12988041698878114  0.14131500778040132  0.15204434562907665  0.16189098371663893
  0.17172840461755737  0.18251009397675258  0.19151255914684343  0.20010114534618176
  0.20839313211454552  0.21719945757390346  0.22752269024321456  0.23723837557310332
  0.24688624657745037  0.25606910212411627  0.26581849773067295  0.27640078201226359
  0.28775061347161773  0.29931873673752613  0.30960463368949015  0.31903373550981723
  0.32880464534596054  0.33932009303507971  0.35105914643435060  0.36125786211336430
  0.37042599008007948  0.37936742259968104  0.38750627099941554  0.39601949444257928
  0.40542611925165817  0.41597958614950942  0.42700687295797612  0.43779720598156868
  0.44745463276078051  0.45669223621417687  0.46638127272690844  0.47694657636853782
  0.48797183489382728  0.49872702869718100  0.51002312799681260  0.52203651919032312
  0.53421710049955518  0.54648337722442830  0.55877906699592872  0.57106562221016466
  0.58252568838165397  0.59322910470819967  0.60381192714087506  0.61501907471196415
  0.62608668180298022  0.63612809316775065  0.64490081046716330  0.65365304928892221
  0.66295758458771414  0.67394036270655577  0.68616241645323528  0.69711390447842425
  0.70663452156491546  0.71541132158704335  0.72474847478357063  0.73530816988013425
  0.74608655664687051  0.75731536170373148  0.76906279533858901  0.78026022980475285
  0.79021882235052288  0.79967039174293919  0.80912982586708782  0.81926632047911863
  0.82982334842085703  0.84105409860410862  0.85272432215117899  0.86485325966667337
  0.87683608454310746  0.88827158267500939  0.89896903175782994  0.90911081870191923
  0.91890880243512252  0.92896445549018047  0.93946486626946957  0.95108199358783763
  0.96387711370379148  0.97696924983948852  0.98875546296704764  1.00000000000000000
 -0.00301471090815806  0.00680386800737109  0.01601734532236970  0.02487868895774812
  0.03555131270826235  0.04690615151690409  0.05779187786762063  0.06942694633748112
  0.08130613027629718  0.09340606341119734  0.10381146320933564  0.11436344877225514
  0.12498620230462076  0.13574564112563753  0.14648168970359432  0.15731906495560752
  0.16873294096982083  0.18103366324845199  0.19330435875632798  0.20496529863590796
  0.21623232788046567  0.22660930221602987  0.23691780777206531  0.24736709439209292
  0.25831516581119673  0.27035315897104151  0.28191001330860360  0.29348351967099240
  0.30180411481727920  0.31033632727847466  0.31931734897524361  0.32918627198804246
  0.33921157949471170  0.34943200889370046  0.36065754851491727  0.37214485009218229
  0.38314181284428883  0.39360142658997155  0.40370072305882465  0.41407722891855608
  0.42508151627953300  0.43633385760539739  0.44718750630198145  0.45739108498756476
  0.46725452029588421  0.47719208162185750  0.48755870652208394  0.49876370826402594
  0.51047999678446421  0.52203064559517887  0.53286240850415501  0.54319017675158487
  0.55373331065948728  0.56480305833391231  0.57546781303402950  0.58598240143968905
  0.59602641594428007  0.60826089730587518  0.62015130342240798  0.63216710935061105
  0.64405412786534277  0.65597451165482201  0.66763555522679607  0.67787835211373737
  0.68872552281523614  0.69891754428888986  0.70877861064591796  0.71810123104011014
  0.72784733814937641  0.73884273073399420  0.74990245941862166  0.76112558064085256
  0.77208014058790608  0.78415799125251184  0.79706188525078248  0.81016776027338777
  0.82179793853702232  0.83342490092567911  0.84473816376940591  0.85543529996792034
  0.86533419689245994  0.87446859995933046  0.88460717162586822  0.89397452349653039
  0.90117254556447868  0.90827833418065040  0.91453822737877466  0.92171995720180555
  0.93067228342465813  0.94088293205978013  0.95087877029518730  0.96058161200259873
  0.96930506318982335  0.97907713091805504  0.98934491069279717  1.00000000000000000
 -0.00217601046346896  0.00745493291937090  0.01654057272984015  0.02551484674422452
  0.03520667349680092  0.04575740975324447  0.05622946419292078  0.06726247355586039
  0.07914599962130067  0.09076727169573995  0.10095423033901660  0.11062115207195827
  0.12013223933623608  0.12989465787328708  0.14099242070544918  0.15310710250403242
  0.16637442865542387  0.17767024388263025  0.18800152484144519  0.19764893346336049
  0.20804654855981350  0.21767532901804670  0.22631069151952113  0.23460836107163080
  0.24238508840472944  0.24997338513356110  0.25797315193609116  0.26766815388888515
  0.27858347566891445  0.29042861216021981  0.30046416008729526  0.31106945701916228
  0.32071487638919627  0.33047317154889622  0.33949533435472534  0.34890998324134492
  0.35961202798403585  0.37057752191650917  0.38149249108762345  0.39212437521565596
  0.40277288668941497  0.41400443352831789  0.42527867981357964  0.43686660391780585
  0.44746295359528532  0.45834083087100663  0.46946561681347082  0.48177123041862902
  0.49529542185842884  0.50660132772625222  0.51789245878991319  0.52876295769582271
  0.53998232196383955  0.55186343707232033  0.56411514498836668  0.57676312969767995
  0.58883788286820760  0.59972594882123564  0.61047925928868230  0.62171204932869784
  0.63328910657677639  0.64470452703138226  0.65459899616806483  0.66473555196476608
  0.67456429356951997  0.68484807023753080  0.69555091713555928  0.70655777839524858
  0.71724096153609396  0.72775357054917722  0.73858160123510030  0.74913546644525775
  0.75976206044526440  0.77011921504104974  0.78023331377452709  0.79075924462483427
  0.80257086834714475  0.81561585802418102  0.82849182074298078  0.84054931908144137
  0.85219069382272394  0.86295285959359680  0.87276494766346335  0.88302411475220854
  0.89338443803065726  0.90414792007058919  0.91499105227250666  0.92601880670127268
  0.93655882496446619  0.94661207800352398  0.95622664263851842  0.96516574132868771
  0.97392974313614322  0.98165986995058951  0.99077719655589103  1.00000000000000000
 -0.00226299477655274  0.01164295230439012  0.02391349374242810  0.03599013062915859
  0.04818106145697793  0.06164736762403699  0.07556615902625316  0.08846393462174930
  0.10180619990380381  0.11413050296527763  0.12782698803680909  0.13962937870249850
  0.15139261666701767  0.16272187407156211  0.17497706797591461  0.18829701644230018
  0.20119900895233808  0.21392274064629405  0.22611103554298717  0.23773662461714803
  0.24920707342919979  0.26113134516960973  0.27271123564798239  0.28315434108933113
  0.29325477425109292  0.30435195425274303  0.31404727556289569  0.32244037245683205
  0.33019957287536000  0.33861398225988748  0.34830538664348110  0.35820219103673390
  0.36718948111739280  0.37579621500629040  0.38478961926390987  0.39432348657551902
  0.40457363458229084  0.41540741971276640  0.42607115395249018  0.43653055211309683
  0.44604046791315838  0.45548905624977848  0.46475639924957157  0.47359354166146495
  0.48255710220370956  0.49084318168426511  0.49965776029518899  0.50894653752306673
  0.51871651139689690  0.52891141267008890  0.53918936851994981  0.54918931839874940
  0.55860557342169392  0.56701924704321349  0.57541290353191410  0.58412187774979640
  0.59357436870070757  0.60271736314503088  0.61207035831098588  0.62174742991192389
  0.63294129164843094  0.64388266249644610  0.65466569579419576  0.66521829863806448
  0.67504428307490749  0.68455639554084802  0.69411584603287591  0.70350959313918326
  0.71241472729062338  0.72157560827240186  0.73140081057649220  0.74179431174325516
  0.75198832444959074  0.76148801787734988  0.77112321000502881  0.78059949200249079
  0.79000410729260195  0.80043869143386492  0.81101129021522744  0.82326019816623297
  0.83600847578759496  0.84815287455112864  0.86043985384677413  0.87253470968811486
  0.88429299882468071  0.89515519461349091  0.90470739696036251  0.91364145988754386
  0.92224561263779359  0.93247680207804373  0.94228199522262013  0.95267148858555262
  0.96393809729085789  0.97709138251829253  0.98914910286757918  1.00000000000000000
 -0.00207719232892439  0.00961281779853356  0.01932144334380157  0.02914830562139995
  0.03845889191656203  0.04857793453283202  0.05917905639720138  0.07095715558363815
  0.08216124272228953  0.09283659169014083  0.10278165418714313  0.11255458500785176
  0.12203458882580237  0.13147607441779668  0.14096767792551412  0.15108846802015807
  0.16164452595616977  0.17222194013757125  0.18324519656293078  0.19340162132139274
  0.20299105068586701  0.21257908436300846  0.22306630050001547  0.23455506072553672
  0.24532072257277132  0.25545016150004962  0.26401617860908760  0.27322143072975869
  0.28238286976387172  0.29184520226619204  0.30006126055924270  0.30855128573087659
  0.31706530822483686  0.32666878117080111  0.33774657552914461  0.34826783101896680
  0.35868043306777397  0.36829180886726454  0.37878866981910747  0.38873919822799641
  0.39937191474963646  0.41064022510516701  0.42188201471905135  0.43270075458975499
  0.44328866955181928  0.45416223552721430  0.46568583191151747  0.47720985702117286
  0.48937181222498122  0.50283616608586557  0.51556096369378202  0.52848539772684910
  0.54044664123553832  0.55156921351585353  0.56284672753268161  0.57333850679218190
  0.58378604078226959  0.59326301003371074  0.60242358622273884  0.61197577045016305
  0.62248647945173208  0.63404385932052043  0.64484224522481504  0.65442039366288363
  0.66323853573787372  0.67132498430337195  0.68093813406575410  0.69149653150592261
  0.70213170169737726  0.71189033313239958  0.72088495343489811  0.73030399306090410
  0.74138204055200219  0.75407610816381565  0.76720220600538991  0.77957027909183696
  0.79139492501773612  0.80304731129566365  0.81437866713158324  0.82512593491964981
  0.83577856993187993  0.84694303911487800  0.85858139834207015  0.87050483717397475
  0.88227301455909479  0.89333494306115635  0.90286321006285775  0.91234479069012964
  0.92185879288570260  0.93211876513613634  0.94322035983671926  0.95429654530730068
  0.96591882079999181  0.97687510112798526  0.98836505075639802  1.00000000000000000
 -0.00130566484717931  0.00803541317790759  0.01707451318937040  0.02673946771869221
  0.03708595257697492  0.04750074915299504  0.05792909301838289  0.06815702365032190
  0.07851063339884364  0.08973576484923169  0.10185510318921207  0.11268740778176917
  0.12218478713646881  0.13134437067484536  0.14093847732996298  0.14997028702703954
  0.15852028618257583  0.16834636340118286  0.17969278085550466  0.19036721428352149
  0.20101295852824308  0.21213924026162712  0.22407951019505440  0.23557068531098738
  0.24576764796479775  0.25621480461689689  0.26673407885625589  0.27896832778826935
  0.29098221455635864  0.30174236915721514  0.31211582441348978  0.32226563918973261
  0.33411341792530869  0.34523388249680853  0.35683616328459644  0.36918711951650424
  0.38063928584953016  0.39011259381689467  0.39917764610000606  0.40846649979826255
  0.41840432928005500  0.42807346765743670  0.43699691060609047  0.44611234200044203
  0.45598050681247415  0.46579493122130783  0.47590282628706376  0.48597152256707976
  0.49639562724928837  0.50572145990739836  0.51435924158105650  0.52319674109163405
  0.53296955539428448  0.54343613065568719  0.55367160770182278  0.56445303290397597
  0.57586334178623022  0.58744837802486960  0.59871377924652414  0.60980269796708397
  0.62118296378127891  0.63297794105261740  0.64483665339537388  0.65645222543434545
  0.66802645742172162  0.67916155985561877  0.68958445002635682  0.69924312333699778
  0.70856512032665608  0.71809790769062909  0.72792756439615813  0.73847811718180445
  0.74905808425653342  0.75962355983279306  0.76990192710559424  0.77989420843224411
  0.79053078585152237  0.80237618063706750  0.81423510899079032  0.82556709062518385
  0.83733687673041379  0.84831022894696118  0.85857201373147818  0.86872406692440818
  0.87921759186057113  0.89112024239478471  0.90334474161543032  0.91611803970226957
  0.92896671276863207  0.94084404955208290  0.95110875426332064  0.96111690165158525
  0.97121666148783414  0.98108278092798717  0.99066654156790501  1.00000000000000000
  0.00000608482478598  0.00025260150801527  0.00047468066629846  0.00064438036479868
  0.00075013936901856  0.00085855236530153  0.00096491901444103  0.00107066226244178
  0.00117784581232809  0.00127925937507311  0.00138173748709779  0.00148584218605297
  0.00158553921624401  0.00168994982167473  0.00179650607565709  0.00190107072404896
  0.00200441820195268  0.00210425957487533  0.00219982131350095  0.00229164920909929
  0.00238637647782518  0.00248587509187098  0.00255121210094494  0.00261609466785817
  0.00268092899035268  0.00274575283152319  0.00281072082654560  0.00287577857689721
  0.00295543186137343  0.00305678139188439  0.00317070533233491  0.00326908190744741
  0.00336465078632205  0.00346505353498944  0.00356771485588467  0.00367066214701713
  0.00377852143194200  0.00389323745255139  0.00401210956921777  0.00412293834306033
  0.00423829895922954  0.00434346317617228  0.00444830730263103  0.00455048503561836
  0.00465199422664327  0.00476002223404510  0.00483131089027696  0.00490422652956903
  0.00498461778236281  0.00506410026411210  0.00514143586751244  0.00523410491808485
  0.00535959868768021  0.00551438492598811  0.00569242564972896  0.00586026633629821
  0.00607002170411027  0.00630620372283540  0.00656277126216434  0.00676806010352869
  0.00686399274353586  0.00695992538354302  0.00705466232851398  0.00714937427481720
  0.00724048564771439  0.00733134814170054  0.00744676796748236  0.00756737568601579
  0.00768469143803919  0.00780582714407586  0.00793105864001836  0.00809987572004902
  0.00828280827999910  0.00848106291029124  0.00870966070371152  0.00903435817573049
  0.00951069479447403  0.00974101590875441  0.00986263673264744  0.00998425755654047
  0.01010142196291575  0.01021819329010194  0.01033392118523399  0.01044551255874419
  0.01055710393225439  0.01082214616216374  0.01124224042305577  0.01150243146643885
  0.01168494111652795  0.01187486051406640  0.01206646224358871  0.01225962798099561
  0.01926906682120829  0.02100686224409111  0.02713686635355382  1.00000000000000000
 -0.00185276586861672  0.00635326697690579  0.01470852189496642  0.02299634777275235
  0.03184036090388642  0.04132027672547262  0.05064672245875212  0.06003750923031484
  0.06954028525939462  0.07873167777712474  0.08747323275710350  0.09642483359737353
  0.10627348197734843  0.11726342546687249  0.12914614220975154  0.14097951890387658
  0.15268482046652354  0.16367221024701700  0.17404221533319120  0.18365019875192970
  0.19236417149251975  0.20145690893334772  0.21132373251764261  0.22306644679264509
  0.23521583375312491  0.24712633276508356  0.25959459049724193  0.27317199245338142
  0.28668949059156806  0.30039239759633962  0.31340437063975929  0.32645475355806647
  0.33919059180274547  0.35170741065515376  0.36311105041108133  0.37471496232991092
  0.38680055724483842  0.39917464686689258  0.41174199664640582  0.42396137404375867
  0.43576857621910137  0.44713934491328178  0.45920947661457312  0.47199740022477765
  0.48518878071040261  0.49758947814532917  0.50972547784480038  0.52108872924123251
  0.53197889259958409  0.54306598212806556  0.55639826582878804  0.56907448517823178
  0.58058336005966482  0.59211997660026028  0.60449246087430186  0.61834721921155378
  0.63260900646473728  0.64524598726594851  0.65617793762123067  0.66635356168957993
  0.67650737946548800  0.68720162587488864  0.69800517746224655  0.70864240536036249
  0.71965751765006813  0.73159804163056885  0.74435119897061797  0.75749935142216918
  0.76988616336190707  0.78105077644552867  0.79075191333392736  0.79876781419582832
  0.80686265494556786  0.81497265172352851  0.82416436099935930  0.83427480930388731
  0.84503640618251008  0.85577496284248999  0.86721357775244690  0.87643117863875186
  0.88520915060485283  0.89322220937429087  0.90136292903994131  0.91019448208162346
  0.91906172981955947  0.92815310026160125  0.93693964283981046  0.94535181820754377
  0.95291129545507569  0.95987433802353372  0.96627066197944800  0.97217469728940076
  0.97826273528659347  0.98517489035872574  0.99254638436549825  1.00000000000000000
  0.41485703037679972  0.58849704758760646  0.61745990189567179  0.63319390765273342
  0.64695643187650653  0.66095683270849781  0.67192755528794257  0.68196595372463209
  0.69149471950685870  0.69966876203559125  0.70724631468627375  0.71404879279260247
  0.72087087116976167  0.72726796465172627  0.73332013208594848  0.73912897742647932
  0.74527537265455013  0.75095802685280499  0.75619215008956264  0.76132319728722264
  0.76683173311078656  0.77256492909957686  0.77818318864691105  0.78341564193888824
  0.78819368061300332  0.79253362990608456  0.79639270829278852  0.80009604074593610
  0.80381216672092515  0.80729707666298878  0.81063836538681244  0.81378894906790433
  0.81691824636668986  0.82032614372871993  0.82401028375326613  0.82777846929580023
  0.83158445319760932  0.83501020542215132  0.83818786785775312  0.84122101250301862
  0.84433257709279286  0.84759393271601891  0.85070357502214433  0.85354476579589633
  0.85616974503610010  0.85875976408262800  0.86149811845721591  0.86435405522245590
  0.86724349846097271  0.87017040483665042  0.87319929000490848  0.87622979870656015
  0.87909902887912972  0.88178299537008165  0.88425772439032768  0.88662046042977094
  0.88898088455423474  0.89149390975730092  0.89416642188545681  0.89685931412779163
  0.89938854073588037  0.90197343620773951  0.90471278362122154  0.90762759602876886
  0.91049025014904517  0.91329064245388991  0.91601268663261093  0.91874805236273116
  0.92158645024904362  0.92403220426358712  0.92658848650377090  0.92908611609607594
  0.93154179825057415  0.93412165321479923  0.93686186053027010  0.93966980245748111
  0.94244495201064704  0.94515688866719672  0.94785060600965454  0.95064771942642767
  0.95348784844106094  0.95627251943816116  0.95918716115724312  0.96222833148563369
  0.96517965663430738  0.96799818385999747  0.97073798691268853  0.97350654390492375
  0.97651956585958510  0.97925687659206972  0.98184859189737494  0.98449140100081090
  0.98739048547470198  0.99108495449147083  0.99522458478818243  1.00000000000000000
  0.05959149984167748  0.17189503680967000  0.20211052502686974  0.23007616527673269
  0.24955356489907649  0.26683345688140642  0.28244198319428560  0.29650567957309482
  0.30839374857387419  0.31909797591365940  0.32932856721185189  0.33988706468562163
  0.34981070958628036  0.35898642776388473  0.36687729837026239  0.37498059828589830
  0.38267400813426877  0.39070584780708539  0.39858215243495648  0.40693835322459154
  0.41571734778168246  0.42386013918295790  0.43083294624533114  0.43743069670215989
  0.44396578354153537  0.45111077953094242  0.45821620034643989  0.46463288912571277
  0.47100974474652579  0.47756662963460239  0.48483909091453636  0.49224404622183709
  0.49969079862919158  0.50669821507294599  0.51395068151117862  0.52013815189914436
  0.52566573484034085  0.53056880789747707  0.53585072005056467  0.54141518744099759
  0.54736709954334140  0.55335147709671550  0.55868555627254157  0.56321668499232691
  0.56796068848582071  0.57279677424237285  0.57784411771043376  0.58336019356564273
  0.58874415052661566  0.59370636224207674  0.59901375464824291  0.60436083158336540
  0.61002831658543499  0.61597277359906377  0.62176510802323315  0.62714567824844136
  0.63217865253860239  0.63728705745793179  0.64272347481770076  0.64787201548455864
  0.65279313395192962  0.65761585518579169  0.66236504427531828  0.66717350495262417
  0.67192080160226708  0.67668557051753575  0.68150670834423721  0.68663535748628313
  0.69214933870396111  0.69744740733006927  0.70252667425404836  0.70766866812551565
  0.71340809406659589  0.71964443079266760  0.72598674200861557  0.73177540451494727
  0.73708405175230807  0.74224503909630701  0.74744082491100527  0.75282739167941592
  0.75853040861721943  0.76457808834553542  0.77093667536571397  0.77697179393670024
  0.78319063661442090  0.79015290142508299  0.79866601324395303  0.80647378822185878
  0.81401144422628580  0.82250910452494153  0.83161605151772022  0.84341133729358142
  0.85456150312120671  0.86896069073910898  0.88282262717962579  1.00000000000000000
   5.8946567278292662E-010  -1.0000000000000000     
 F F F F F F F F F F F F F F F F F F F F F F F F F F F F F F F F F F F F F F F F F F F F F F F F F F F F F F F F F F F F F F F F F F F F F F F F F F F F F F F F F F F F F F F F F F F F F F F F F F F F F F F F F F F F F F F F F F F F F F F F F F F F F F F F F F F F F F F F F F F F F F F F F F F F F F F F F F F F F F F F F F F F F F F F F F F F F F F F F F F F F F F F F F F F F F F F F F F F F F F F F F F F F F F F F F F F F F F F F F F F F F F F F F F F F F F F F F F F F F F F F F F F F F F F F F F F F F F F F F F F F F F F F F F F F F F F F F F F F F F F F F F F F F F F F F F F F F F F F F F F F F F F F F F F F F F F F F F F F F F F F F F F F F F F F F F F F F F F F F F F F F F F F F F F F F F F F F F F F F F F F F F F F F F F F F F F F F F F F F F F F F F F F F F F F F F F F F F F F F F F F F F F F F F F F F F F F F F F F F F F F F F F F F F F F F F F F F F F F F F F F F F F F F F F F F F F F F F F F F F F F F F F F F F F F F F F F F F F F F F F F F F F F F F F F F F F F F F F F F F F F F F F F F F F F F F F
  <DiscreteSampler_grid>
  grouped_processes
  1 # 1 for a reference and 2 for a running grid.
  10 # Attribute 'min_bin_probing_points' of the grid.
  1 # Attribute 'grid_mode' of the grid. 1=='default',2=='initialization'
  0.0000000000000000 # Attribute 'small_contrib_threshold' of the grid.
  0.5000000000000000 # Attribute 'damping_power' of the grid.
 # binID   n_entries weight   weight_sqr   abs_weight
    145   10   1.912882617290786E-006   1.723459815202986E-011   1.912882617290786E-006
    146   10   1.912882617290788E-006   1.723459815202987E-011   1.912882617290788E-006
    148   10   3.825765234581573E-006   6.893839260811944E-011   3.825765234581573E-006
    149   10   3.825765234581575E-006   6.893839260811947E-011   3.825765234581575E-006
    151   10   2.015538835422042E-006   1.719533563851116E-011   2.015538835422042E-006
    152   10   2.015538835422042E-006   1.719533563851115E-011   2.015538835422042E-006
    154   10   4.031077670844084E-006   6.878134255404462E-011   4.031077670844084E-006
    155   10   4.031077670844084E-006   6.878134255404459E-011   4.031077670844084E-006
    157   10   2.024928879361864E-006   1.589612798588608E-011   2.024928879361864E-006
    158   10   2.024928879361865E-006   1.589612798588607E-011   2.024928879361865E-006
    160   10   4.049857758723729E-006   6.358451194354432E-011   4.049857758723729E-006
    161   10   4.049857758723730E-006   6.358451194354429E-011   4.049857758723730E-006
    193   10   4.257738536713273E-006   7.361456572049705E-011   4.257738536713273E-006
    194   10   4.257738536713275E-006   7.361456572049705E-011   4.257738536713275E-006
    196   10   8.515477073426546E-006   2.944582628819882E-010   8.515477073426546E-006
    197   10   8.515477073426549E-006   2.944582628819882E-010   8.515477073426549E-006
    199   10   4.346643241858799E-006   9.294079953143296E-011   4.346643241858799E-006
    200   10   4.346643241858799E-006   9.294079953143296E-011   4.346643241858799E-006
    202   10   8.693286483717597E-006   3.717631981257318E-010   8.693286483717597E-006
    203   10   8.693286483717597E-006   3.717631981257318E-010   8.693286483717597E-006
    205   10   4.373321552073799E-006   8.538579778489594E-011   4.373321552073799E-006
    206   10   4.373321552073798E-006   8.538579778489586E-011   4.373321552073798E-006
    208   10   8.746643104147598E-006   3.415431911395838E-010   8.746643104147598E-006
    209   10   8.746643104147596E-006   3.415431911395834E-010   8.746643104147596E-006
    268   10   1.912882617290786E-006   1.723459815202985E-011   1.912882617290786E-006
    269   10   1.912882617290787E-006   1.723459815202985E-011   1.912882617290787E-006
    271   10   3.825765234581573E-006   6.893839260811940E-011   3.825765234581573E-006
    272   10   3.825765234581573E-006   6.893839260811942E-011   3.825765234581573E-006
    274   10   2.015538835422042E-006   1.719533563851115E-011   2.015538835422042E-006
    275   10   2.015538835422041E-006   1.719533563851115E-011   2.015538835422041E-006
    277   10   4.031077670844084E-006   6.878134255404459E-011   4.031077670844084E-006
    278   10   4.031077670844083E-006   6.878134255404459E-011   4.031077670844083E-006
    280   10   2.024928879361864E-006   1.589612798588607E-011   2.024928879361864E-006
    281   10   2.024928879361865E-006   1.589612798588607E-011   2.024928879361865E-006
    283   10   4.049857758723729E-006   6.358451194354429E-011   4.049857758723729E-006
    284   10   4.049857758723730E-006   6.358451194354429E-011   4.049857758723730E-006
    316   10   4.257738536713275E-006   7.361456572049707E-011   4.257738536713275E-006
    317   10   4.257738536713274E-006   7.361456572049702E-011   4.257738536713274E-006
    319   10   8.515477073426549E-006   2.944582628819883E-010   8.515477073426549E-006
    320   10   8.515477073426547E-006   2.944582628819881E-010   8.515477073426547E-006
    322   10   4.346643241858796E-006   9.294079953143289E-011   4.346643241858796E-006
    323   10   4.346643241858798E-006   9.294079953143289E-011   4.346643241858798E-006
    325   10   8.693286483717592E-006   3.717631981257316E-010   8.693286483717592E-006
    326   10   8.693286483717596E-006   3.717631981257316E-010   8.693286483717596E-006
    328   10   4.373321552073798E-006   8.538579778489591E-011   4.373321552073798E-006
    329   10   4.373321552073798E-006   8.538579778489586E-011   4.373321552073798E-006
    331   10   8.746643104147596E-006   3.415431911395837E-010   8.746643104147596E-006
    332   10   8.746643104147596E-006   3.415431911395834E-010   8.746643104147596E-006
  </DiscreteSampler_grid>
