  0.00000205969330878  0.00000218280132159  0.00000229621227648  0.00000238374082093
  0.00000246841256672  0.00000256777106234  0.00000267264086872  0.00000277588311285
  0.00000288432071448  0.00000299458166108  0.00000310409039320  0.00000322293714746
  0.00000335576247457  0.00000349598199727  0.00000364041585499  0.00000379073271478
  0.00000394373291545  0.00000409883717323  0.00000425207088534  0.00000442292543155
  0.00000461849698659  0.00000482892479416  0.00000503119713071  0.00000524693425518
  0.00000545983977797  0.00000568176217530  0.00000591484670470  0.00000616034011596
  0.00000641894640833  0.00000669098504108  0.00000697971555107  0.00000731527677121
  0.00000763365354076  0.00000793998329360  0.00000824332359393  0.00000855837255111
  0.00000887438825421  0.00000921362357922  0.00000958969599772  0.00001000735848146
  0.00001045198018252  0.00001091085623362  0.00001143323690463  0.00001196227625882
  0.00001249582912999  0.00001303332684826  0.00001364898837038  0.00001428688541426
  0.00001496767901469  0.00001575119452631  0.00001663820286820  0.00001762190826074
  0.00001873423271009  0.00001997693459667  0.00002126460400459  0.00002258240543659
  0.00002399850325591  0.00002542941706355  0.00002694915129857  0.00002861233552899
  0.00003054878101386  0.00003286956425132  0.00003539449769636  0.00003805952264153
  0.00004092398194679  0.00004400156627794  0.00004738794944967  0.00005112587499741
  0.00005530370768652  0.00006002468075310  0.00006533785046642  0.00007131359662996
  0.00007817541674696  0.00008599041428060  0.00009449364211403  0.00010336404225085
  0.00011452488380127  0.00012761633432738  0.00014218293984990  0.00016027069559363
  0.00018132035023795  0.00020752831790569  0.00024376421283397  0.00028779167699125
  0.00033725130399122  0.00039637146925787  0.00046568781164640  0.00055932624404902
  0.00070667298012402  0.00092495776208543  0.00115886173832663  0.00153514192625679
  0.00227959861248817  0.00418042637178944  0.02769139497372889  1.00000000000000000
  0.00330457840245713  0.01396250854697178  0.02588279999401969  0.03826187132083846
  0.04961657146615309  0.06064387998626925  0.07127554157487673  0.08226376916843081
  0.09316942378383838  0.10336687823181367  0.11381483783717353  0.12401519497531485
  0.13403927212716696  0.14366153525893866  0.15267119373571605  0.16132797297091106
  0.16994162392973372  0.17894299797520288  0.18843766470844578  0.19839456367067407
  0.20847699714351337  0.21999722486223786  0.23200440664638083  0.24420782350942780
  0.25595212123909544  0.26754163043959422  0.27903939400333078  0.29070201804341000
  0.30287247501319231  0.31416562888999938  0.32443845403856003  0.33434256581763955
  0.34412413300562883  0.35460921922793809  0.36511441740145079  0.37555393514671276
  0.38635159145707648  0.39665444228801927  0.40710496046491668  0.41721287600752238
  0.42775211948434999  0.43871145938661266  0.44966361026860013  0.46111687108043503
  0.47169067301805406  0.48190851681309493  0.49154325287878586  0.50163309371178322
  0.51182185413520032  0.52240054535994207  0.53254100539497318  0.54295413587001307
  0.55307833448595223  0.56320956265063926  0.57290110360226509  0.58236748467142940
  0.59216896350712844  0.60222226884296426  0.61284202735711524  0.62352409911501228
  0.63408135222009376  0.64460079660884217  0.65498750081261037  0.66555364506696379
  0.67652668766848967  0.68797108404318896  0.69922556830303040  0.71039312547859479
  0.72118153426878273  0.73119222940647832  0.74022604766621636  0.74840870840677676
  0.75727266220741962  0.76670926110455162  0.77768651928803234  0.78904180640240329
  0.79982763511617916  0.81096435959105695  0.82260111704173522  0.83399693615371673
  0.84432376216918570  0.85414710542014516  0.86409326309694190  0.87481166476274796
  0.88591831670791577  0.89765341225410844  0.90877434842976434  0.92045200727344512
  0.93169038713025609  0.94281257285688680  0.95323280349688344  0.96275189467629252
  0.97144933096342723  0.97969848305946028  0.98944414960529503  1.00000000000000000
  0.00006521370876886  0.00007164889499482  0.00007967018820988  0.00008845105782219
  0.00009693983343395  0.00010377646888686  0.00011043866022137  0.00011732670137556
  0.00012437658034691  0.00013146777938849  0.00013915310447525  0.00014804528040919
  0.00015772641491310  0.00016772701194076  0.00017798191471812  0.00018834428351592
  0.00019846512381453  0.00020860382183078  0.00021898598903013  0.00022989330221751
  0.00024143107896794  0.00025286353894149  0.00026426030311071  0.00027606878762209
  0.00028858468725518  0.00030181369303163  0.00031542907795069  0.00032939243246167
  0.00034460907917418  0.00036063493189724  0.00037725220910002  0.00039569278587696
  0.00041464316996011  0.00043581471774503  0.00045805725521402  0.00048143942404494
  0.00050613169421586  0.00053282955140708  0.00056096704239995  0.00058985103491822
  0.00061965046381504  0.00065166803244954  0.00068707920845222  0.00072516876593588
  0.00076266431543877  0.00079785136952671  0.00083298357772221  0.00087111037714985
  0.00091575689312823  0.00096693403663868  0.00101821974895283  0.00107175208574513
  0.00112815585217358  0.00119452755591221  0.00126897758226759  0.00134868569522946
  0.00143499819799415  0.00152479765093020  0.00161950898607252  0.00171740848833987
  0.00181355890404906  0.00190535256841699  0.00199642160903655  0.00209652346140990
  0.00223499184717191  0.00238615061514147  0.00256194266059051  0.00274440163888881
  0.00292656767260398  0.00311599191096826  0.00336480163420473  0.00363466182622504
  0.00389402789353152  0.00422714521267607  0.00457236218056020  0.00479824548284165
  0.00501682200323178  0.00522693042342627  0.00539205418282150  0.00563145696712953
  0.00600896139892393  0.00660864620799756  0.00708201002790763  0.00786069066970222
  0.00875524360856095  0.00967278978003876  0.01020122652910391  0.01064899280699430
  0.01114917353419686  0.01166813773864648  0.01277026530339074  0.01564109089885382
  0.01993891104149689  0.02931168980595637  0.08836718181863516  1.00000000000000000
  0.00000287541348932  0.00000307198032818  0.00000320880045801  0.00000332578119868
  0.00000345495890446  0.00000358557412640  0.00000372348632276  0.00000386723723100
  0.00000400544221229  0.00000414876604532  0.00000429400700023  0.00000444380154563
  0.00000460345874182  0.00000476927404877  0.00000491940638015  0.00000508470634514
  0.00000527809329254  0.00000549865057505  0.00000572953691104  0.00000596402103220
  0.00000622362586203  0.00000648608937435  0.00000675103278822  0.00000704152578511
  0.00000737009784154  0.00000772359893450  0.00000807990132141  0.00000845987416540
  0.00000885830396443  0.00000927576213381  0.00000975231403328  0.00001027459422568
  0.00001078195560266  0.00001137872157571  0.00001199238412265  0.00001263681344803
  0.00001328220333462  0.00001395017976771  0.00001468025948054  0.00001547757827575
  0.00001633988301789  0.00001724998387100  0.00001818620840739  0.00001914172422984
  0.00002011941374966  0.00002118460445128  0.00002233017512383  0.00002359249730936
  0.00002493944672817  0.00002622390655006  0.00002753037498716  0.00002894242659035
  0.00003048022797058  0.00003217295277396  0.00003414976110797  0.00003624111212614
  0.00003874514659293  0.00004179954764732  0.00004506452688637  0.00004867200572787
  0.00005252493259199  0.00005660976037994  0.00006150185808052  0.00006693241003789
  0.00007281503859493  0.00007902305349265  0.00008525769122519  0.00009220254879529
  0.00010035373976476  0.00010963706457224  0.00011952492845236  0.00013158412851503
  0.00014639720792688  0.00016224868572090  0.00018006536437444  0.00019998323484902
  0.00022188147090682  0.00024725373637175  0.00028069825495322  0.00032337179528409
  0.00036584938747477  0.00040650280067288  0.00045443674715807  0.00051005280241855
  0.00058695632371242  0.00069249555785074  0.00081973862261618  0.00098626261591067
  0.00117963801101974  0.00146197040908795  0.00187825981441029  0.00263634370339247
  0.00433688478654050  0.00754941956159616  0.08572729229227000  1.00000000000000000
 -0.00099251996493882  0.00478803075340124  0.01033143011419096  0.01565192732830114
  0.02098252433459477  0.02638299271718113  0.03211377530381404  0.03821685302081081
  0.04441247194474402  0.05088296081203657  0.05732647359166566  0.06411760115722512
  0.07177032882783181  0.07944551469673473  0.08695637475671271  0.09450019713516687
  0.10215051145787213  0.11049975860708955  0.11898690866989438  0.12690111523964248
  0.13458223975264813  0.14204232556777707  0.15008730045275476  0.15832173731692326
  0.16657009221546543  0.17472188923969340  0.18289510904396458  0.19143616292920565
  0.19972211881608964  0.20884864639310455  0.21814472932093940  0.22894713706705880
  0.24026372064328769  0.25091525263414316  0.26161100541679855  0.27232158492401853
  0.28249201483305819  0.29213264839689368  0.30141164972270723  0.31092003662660417
  0.32085388100464568  0.33052054180406309  0.33981215547266297  0.34911542575906074
  0.35855118814606773  0.36828605506673961  0.37854985603179497  0.38892506101759527
  0.39925751680373023  0.40987855430488151  0.42065815601220230  0.43199839102716414
  0.44350725898638482  0.45549867947091932  0.46708451769637194  0.47758130208347721
  0.48729364970878641  0.49708140175792309  0.50752678908836624  0.51852807439658599
  0.52922392704138677  0.53983139549341397  0.55008255847118648  0.56047336694456451
  0.57224934277798012  0.58568575678406931  0.59984345413051976  0.61474030558361992
  0.62951871562214856  0.64360262858276207  0.65746698762028688  0.67162447128241176
  0.68590621342777025  0.70041885796057002  0.71478380271061837  0.72804876175416944
  0.74071202761079191  0.75356569921091521  0.76640339326495122  0.77840042337272619
  0.79016690849591664  0.80319464137516061  0.81745778413100412  0.83169051927029625
  0.84784336307834074  0.86327222414934246  0.87734123806422382  0.88923790845132011
  0.90096113472356321  0.91218355316117017  0.92480976074951515  0.93817391477666567
  0.95282172186341241  0.96897853918793320  0.98504275058465007  1.00000000000000000
 -0.00315927596402886  0.00884154723106163  0.02004775599931176  0.03136055290160996
  0.04244885947616930  0.05200029177938006  0.06172457549136483  0.07122909954953728
  0.08037720450679535  0.08950477379040250  0.09910242782931841  0.10973530614958972
  0.12076149371541947  0.13179833420570253  0.14292722431021235  0.15359882493193233
  0.16428018280605153  0.17505118470729114  0.18616196091767873  0.19718065680296379
  0.20811446951212928  0.21902553035125413  0.22959018702767675  0.23972533260937101
  0.25003696034169243  0.26031010807687543  0.27040827123290234  0.28053785942029441
  0.29103644035927134  0.30230162657432713  0.31373636957953599  0.32471037926311908
  0.33547008760496411  0.34710810241573031  0.35973700448285084  0.37236867278080527
  0.38386446394610285  0.39533630023295896  0.40717272217409550  0.41889684787578091
  0.42929957350915299  0.43888749488468509  0.44865552725695562  0.45883199799606178
  0.46956521095531073  0.48055596252948446  0.49108755491975714  0.50117907146245411
  0.51122602670185990  0.52128173145681889  0.53106441831431361  0.54075501647927149
  0.55042344658099673  0.56080088679568696  0.57125546232112667  0.58113339674489861
  0.59051288449335704  0.59945943439805927  0.60999205067386530  0.62152699073631379
  0.63278323026765115  0.64393836483219669  0.65431261249380546  0.66350635064639807
  0.67203077130412581  0.68056781375974884  0.69025234647387912  0.70128707500043841
  0.71221399878492864  0.72173072313286712  0.73135729801791172  0.74091696648418204
  0.75155845857825421  0.76095630123707825  0.76971859056522307  0.77868857025411509
  0.78791627954837118  0.79730121615721861  0.80661235098475537  0.81785032432379057
  0.82992038439651494  0.84141834431941387  0.85246026981160716  0.86401774934497255
  0.87571128499155748  0.88667181926056704  0.89779421834745465  0.91123914681756302
  0.92405735950298118  0.93529129217957829  0.94541297092387100  0.95596958419122624
  0.96695054808754488  0.97882383983941557  0.98909407712529718  1.00000000000000000
 -0.00189779075159059  0.01084490571254650  0.02284324710915997  0.03502569736807664
  0.04689963275787300  0.05809117068172465  0.06917832592979384  0.08026842647205154
  0.09164278470211638  0.10236556706558919  0.11279408587018641  0.12334945102416454
  0.13426158457137644  0.14576962720225967  0.15767148414558299  0.16919338568937434
  0.18055793966747130  0.19260050535000561  0.20523289960546112  0.21763550505517804
  0.23005032042332266  0.24275837790305366  0.25531546231187763  0.26694791213649854
  0.27727818820504496  0.28714762778119379  0.29650081344562990  0.30592654699168731
  0.31568384123175175  0.32542178587702081  0.33504654737939393  0.34438730495049125
  0.35375880303801449  0.36328631084056379  0.37293630166299069  0.38314706781725089
  0.39443297788720927  0.40619789589811384  0.41781481731408276  0.42968475273476026
  0.44195967941265968  0.45380578696832652  0.46453360648631009  0.47430258389763186
  0.48372198442059122  0.49258440719716168  0.50127939110480924  0.51057153521054088
  0.52104015921281788  0.53362738370372020  0.54596501543247900  0.55752674829224147
  0.56896575904559321  0.57955118497318558  0.58932415182512266  0.59889229799565091
  0.60909072847510815  0.62063903187783498  0.63169563164271203  0.64305208703579664
  0.65320160106047342  0.66356209365374741  0.67446430648252298  0.68475571116205047
  0.69438597276664382  0.70392232021388579  0.71407220810525318  0.72506198157678681
  0.73492182442253950  0.74380374018232609  0.75299414670857723  0.76253520640785255
  0.77233517690818654  0.78181302613009984  0.79077127241926126  0.80042563283288304
  0.81090896311872174  0.82131988421184410  0.83118211989009938  0.84006524017836093
  0.84945770001774445  0.85869347745548574  0.86879845376470377  0.87968288793652993
  0.89105606342122612  0.90248702574837347  0.91375299633733953  0.92392252104315742
  0.93373697007727041  0.94369229455616721  0.95327632804952422  0.96238867321866950
  0.97125251595102069  0.98018496955672241  0.99042778314000901  1.00000000000000000
 -0.00262696288277711  0.00955339412934616  0.01946167263436078  0.02957345991828253
  0.03983403131746963  0.04990584462737666  0.05971104820544920  0.06931023502080710
  0.07927773226741242  0.08940935883796851  0.09939264719425679  0.10912226033123856
  0.11875343297459476  0.12921971237827015  0.14049352311858082  0.15171909986336360
  0.16320482753397911  0.17508964382695885  0.18746875675565183  0.19975931133976116
  0.21167257257193262  0.22312193378303172  0.23382533468745351  0.24393426465403592
  0.25397614742541613  0.26390550761681031  0.27355360903144510  0.28365381345544793
  0.29507097884994599  0.30817523519422452  0.32199011331761246  0.33437931519253777
  0.34674702082007691  0.35917951280496457  0.37147658606658651  0.38388633159610835
  0.39523438834037444  0.40508039031256193  0.41483506590097508  0.42386948385827428
  0.43302419128312958  0.44250935195259733  0.45251446411136437  0.46291821677908873
  0.47281346065872026  0.48223416568421396  0.49220321768890463  0.50215755412732543
  0.51230356362727314  0.52216394110144138  0.53154331072743044  0.54079397613814439
  0.55006698456623992  0.55909863456887821  0.56860791312102266  0.57865008625178516
  0.58959140001943389  0.60155580990785185  0.61253583430681469  0.62235717935857959
  0.63156202384020366  0.64073237520007220  0.65009085955606039  0.66003925977249989
  0.67036786399778103  0.68123336254616762  0.69177918412464723  0.70235934681703593
  0.71304531495052781  0.72375053941551404  0.73531253744282066  0.74713391512952343
  0.75839623228529940  0.76903560475608612  0.77724924513663474  0.78574094141248485
  0.79458584639561070  0.80401955836876293  0.81322008651650157  0.82210864483388024
  0.83101372888625902  0.84032803466145223  0.85085783330111442  0.86230253854327810
  0.87361496489120261  0.88491732933248468  0.89655135624465232  0.90839002588940110
  0.91972404162499966  0.92990822831672693  0.94022293951795921  0.95136365394254852
  0.96329758757064865  0.97605183017640440  0.98844642258867121  1.00000000000000000
 -0.00305765578143722  0.01611304691778455  0.02976390058972542  0.04315794554663391
  0.05492415833261169  0.06635013658245630  0.07713494921635063  0.08831819895725528
  0.09937567688342751  0.11053849160172205  0.12176186913938634  0.13243958503369374
  0.14327337259529038  0.15406968611840977  0.16576088646651718  0.17749030910367905
  0.19001330053957616  0.20298783726520470  0.21562721411606309  0.22757649075470832
  0.23959985403966377  0.25169598999875276  0.26308171692148108  0.27390560025133115
  0.28482812368476057  0.29656424455240837  0.30825716446983231  0.32048712935502449
  0.33194432418805753  0.34274334556636110  0.35382732706771025  0.36510474693105605
  0.37641866543351554  0.38698511675638747  0.39757541639704097  0.40909161840273661
  0.42082490508804837  0.43282826113312051  0.44453448500722831  0.45623188532218450
  0.46686750547935651  0.47745639354055963  0.48805046023389115  0.49892824231746274
  0.50992827493292658  0.52059559022568347  0.53141000316379627  0.54267415627456861
  0.55499442404557797  0.56721645040252711  0.57813283070671306  0.58859812181717341
  0.59868875146551148  0.60897392793388083  0.61930027786375696  0.62995469331251663
  0.64062562263911282  0.65109026538815828  0.66147566478821851  0.67132212089273524
  0.68101506600087425  0.69123189208458757  0.70214462037723191  0.71243172176111991
  0.72189676554928417  0.73094783624035642  0.74000723918602085  0.74872479393143909
  0.75731155519403681  0.76568895968029915  0.77465570044291088  0.78404193167507730
  0.79368883508596189  0.80377228989840288  0.81434167041987005  0.82543893019535874
  0.83588617174609181  0.84551971422531258  0.85448892506593999  0.86240337495018127
  0.87083570662788812  0.87877251807248513  0.88658263121636194  0.89424399592501891
  0.90231199384207217  0.91075393626860379  0.92018145835782150  0.93033705410998169
  0.93991440267599369  0.94851086426598463  0.95689447713903331  0.96567000154514171
  0.97415464738119251  0.98371119879745084  0.99152923667351067  1.00000000000000000
 -0.00266514061406760  0.01059012978277984  0.02097098009706413  0.03206836471217422
  0.04288700188116173  0.05408508265590126  0.06572982144637970  0.07644663372923621
  0.08674345713864889  0.09570534653638502  0.10471414417399365  0.11414855075172498
  0.12404085426976563  0.13395770403515950  0.14377774060408027  0.15399341117040430
  0.16422637063436302  0.17405196325291677  0.18362146333834398  0.19323635074058806
  0.20282828624443261  0.21218050378091413  0.22146266596332173  0.23096057273061182
  0.24076978081713035  0.25158011105865202  0.26358895541637301  0.27555310326629878
  0.28613258141397474  0.29658165355625821  0.30784472617212794  0.31861288753816364
  0.32916669702851614  0.33956055973178417  0.35074557073191920  0.36225541296708663
  0.37318144117613811  0.38249590206782930  0.39164696291105194  0.40106552719820737
  0.41149179809306846  0.42329885663315758  0.43522260420021330  0.44614388968933494
  0.45650873507385775  0.46599623867188439  0.47551293531215144  0.48509376707609153
  0.49439098724132474  0.50390702981762747  0.51377630520108220  0.52356181211879094
  0.53494363229154074  0.54640454919900283  0.55860979630338692  0.57055276773335584
  0.58310124534495356  0.59311350658398343  0.60336167480771186  0.61328001176836300
  0.62367459680762893  0.63410535512748079  0.64381194763896765  0.65402057790426860
  0.66488566324353782  0.67624116694775771  0.68751276149477947  0.69800179201316204
  0.70814010405618444  0.71903043164297442  0.73111416257066952  0.74225451329986425
  0.75295103820190135  0.76210742306202472  0.77156889598616996  0.78148391226724223
  0.79259744853752179  0.80487500224773212  0.81617957317937795  0.82595822076785530
  0.83534936835913487  0.84470660229468686  0.85432842171503709  0.86397655993715516
  0.87376911627862586  0.88435860638000252  0.89582353893312372  0.90744972860776130
  0.91967757456572108  0.93124172874241973  0.94190406892142298  0.95329893984565450
  0.96440198739238470  0.97688199473378001  0.98833122420301500  1.00000000000000000
 -0.00257014804373411  0.01061938498757940  0.02181774600903347  0.03164418865215691
  0.04245488815245917  0.05347949560547762  0.06481666365154473  0.07534192583699306
  0.08656122016848111  0.09819236151562999  0.11042305090834099  0.12302347666114283
  0.13508290171645299  0.14634547448590599  0.15689268410831644  0.16738892503278505
  0.17807535233262176  0.18874469529617624  0.19948943319728701  0.21010300629265249
  0.22108313172965574  0.23122384179228747  0.24025727975502797  0.24918784123422769
  0.25815216403004249  0.26752533289020686  0.27719216030942795  0.28736712674602516
  0.29862243618911055  0.31008516027677541  0.32097990888019168  0.33235584113481137
  0.34348462958973192  0.35407578124679351  0.36379956531884372  0.37328020882140905
  0.38286033367534672  0.39278186225197920  0.40422796884886614  0.41532252334363079
  0.42558795103893776  0.43528396737923436  0.44534664718481165  0.45613116763783867
  0.46678183788907929  0.47698449346374144  0.48699103886494016  0.49689026875994874
  0.50702103108667618  0.51660898028608304  0.52560920529980359  0.53434419993450788
  0.54429815698318262  0.55569680786120124  0.56769504836253948  0.57946395919871119
  0.59064470357183507  0.60123301331616263  0.61158272663210522  0.62158124868590858
  0.63122585981744816  0.64129698647621980  0.65234197877559841  0.66412741638183759
  0.67514016120218978  0.68472483001985085  0.69414164296604142  0.70332516517271648
  0.71300683261930808  0.72283671084423240  0.73335516110378074  0.74468136651161021
  0.75585462695038930  0.76670288724559443  0.77728346604704046  0.78749495041102258
  0.79722521466835106  0.80697965544973782  0.81691744306743885  0.82703581775547519
  0.83730776171953269  0.84710411688225240  0.85866567015557360  0.86991370384792333
  0.88161778818179748  0.89334743476773382  0.90581040853099659  0.91776710505814940
  0.92883817098102262  0.93948674954513300  0.95027547945225144  0.96163683483762596
  0.97075507401167271  0.98029120431900341  0.98936958551309828  1.00000000000000000
  0.44793195990307544  0.52272496215213715  0.56573576225176969  0.57267695367602156
  0.58308381627197159  0.59277744074560235  0.60073844189184844  0.60961201065696258
  0.61933784152661875  0.62993146798621835  0.64155447921608666  0.65232052709599231
  0.66115181701282377  0.66945578531199801  0.67737771282452308  0.68511395450712842
  0.69295016541628285  0.70042945607269147  0.70733358088084575  0.71427102695379263
  0.72122230905937934  0.72805505146971550  0.73461845690635552  0.74111428403032942
  0.74763801149999642  0.75365342801347845  0.75949455924637854  0.76523715699306505
  0.77081229114740202  0.77601027180287252  0.78099398672945008  0.78607161191126129
  0.79107348074404094  0.79582331413877894  0.80040988845233008  0.80510628792201822
  0.80992926789424702  0.81452996881464279  0.81876321202099445  0.82294224447680897
  0.82696764256820265  0.83118680859290173  0.83508389734484501  0.83906893339034128
  0.84312011978422063  0.84728007244067405  0.85119390818091711  0.85499843313128210
  0.85894592560575100  0.86292199612414744  0.86672060839138065  0.87030312187624770
  0.87382521234651811  0.87738091415761454  0.88079239662482056  0.88408837875851176
  0.88731296484996236  0.89059902813864211  0.89370205908991640  0.89666078006810146
  0.89960348080956132  0.90258471439609333  0.90567956490308910  0.90893711768557861
  0.91237350583759091  0.91585270537931740  0.91906765191050510  0.92207608963603194
  0.92500005338861468  0.92789354683630565  0.93078021640578856  0.93355410223160740
  0.93626129813455827  0.93883938647345289  0.94139552302379759  0.94396077871972406
  0.94663931147201263  0.94940246853969013  0.95215742447623863  0.95489179366938715
  0.95762504436828322  0.96036274595828452  0.96312589405931959  0.96579251724484783
  0.96840658316224348  0.97105521157614128  0.97360107777002247  0.97615589231544342
  0.97870157038421368  0.98134794581167506  0.98421233752621540  0.98710470061788846
  0.98991826096946711  0.99291026175110042  0.99612737625917469  1.00000000000000000
 -0.00279185087742153  0.10464978819029776  0.12821843013895881  0.14466766356597957
  0.15651828078445629  0.16592206374733401  0.17515723704553890  0.18469824530870721
  0.19375759823004216  0.20244308084609741  0.21027977553165869  0.21772413801583415
  0.22468711780239076  0.23201954644371497  0.23895482708469878  0.24532438502498263
  0.25143480287908426  0.25726488259186342  0.26317238102056090  0.26924292117729681
  0.27526052273264007  0.28101521554125897  0.28646592162163181  0.29162142859526063
  0.29651009486770996  0.30134962728903897  0.30608740881836977  0.31119960947422798
  0.31590913768597856  0.32057138089189102  0.32516786728111163  0.32979459536027311
  0.33441986813920377  0.33888139017822960  0.34326489084212414  0.34775781701775205
  0.35232205324473020  0.35688054084774579  0.36135805851739611  0.36568785355177058
  0.37007989646857847  0.37449964506653977  0.37902757370818013  0.38322759347459601
  0.38747374361370390  0.39154833989651083  0.39594857655314375  0.40042771343795441
  0.40474619392358913  0.40929706113649084  0.41400351075688391  0.41885244705890379
  0.42357671646177464  0.42809607745095851  0.43243002282496584  0.43714869074022722
  0.44232007056392125  0.44774838581400817  0.45345747948910764  0.45921249023163058
  0.46480355576858812  0.47010507663204010  0.47521605537895689  0.48037828323852139
  0.48555884258622206  0.49091271821596755  0.49646119129427246  0.50248262847092218
  0.50886586234290743  0.51554519058263981  0.52230894042609299  0.52934409532302706
  0.53616790485904797  0.54314522744737082  0.55056458653877161  0.55826678918503703
  0.56582483273286577  0.57329233899883358  0.58067715233864348  0.58880313265134898
  0.59770656055905946  0.60740337638289610  0.61636093957233173  0.62515471832652736
  0.63411302377347867  0.64451696797237723  0.65625820115954048  0.66869897525473665
  0.68208899411269841  0.69659811636651003  0.71288380779725014  0.73168874089484937
  0.75233221524979954  0.77223305126673403  0.79580852316726991  1.00000000000000000
   2.4773942179660092E-004  -1.0000000000000000     
 F F F F F F F F F F F F F F F F F F F F F F F F F F F F F F F F F F F F F F F F F F F F F F F F F F F F F F F F F F F F F F F F F F F F F F F F F F F F F F F F F F F F F F F F F F F F F F F F F F F F F F F F F F F F F F F F F F F F F F F F F F F F F F F F F F F F F F F F F F F F F F F F F F F F F F F F F F F F F F F F F F F F F F F F F F F F F F F F F F F F F F F F F F F F F F F F F F F F F F F F F F F F F F F F F F F F F F F F F F F F F F F F F F F F F F F F F F F F F F F F F F F F F F F F F F F F F F F F
  <DiscreteSampler_grid>
  grouped_processes
  1 # 1 for a reference and 2 for a running grid.
  10 # Attribute 'min_bin_probing_points' of the grid.
  1 # Attribute 'grid_mode' of the grid. 1=='default',2=='initialization'
  0.0000000000000000 # Attribute 'small_contrib_threshold' of the grid.
  0.5000000000000000 # Attribute 'damping_power' of the grid.
 # binID   n_entries weight   weight_sqr   abs_weight
    13   10   1.564958404768819E+000   9.555444473355070E+000   1.564958404768819E+000
    14   10   1.564958404768817E+000   9.555444473355028E+000   1.564958404768817E+000
    16   10   1.174991655316966E+000   4.854943244213787E+000   1.174991655316966E+000
    17   10   1.174991655316965E+000   4.854943244213770E+000   1.174991655316965E+000
    22   10   1.564958404768819E+000   9.555444473355074E+000   1.564958404768819E+000
    23   10   1.564958404768816E+000   9.555444473355021E+000   1.564958404768816E+000
    25   10   1.174991655316967E+000   4.854943244213788E+000   1.174991655316967E+000
    26   10   1.174991655316965E+000   4.854943244213771E+000   1.174991655316965E+000
  </DiscreteSampler_grid>
