  0.00000253607130110  0.00000284056493247  0.00000296069515426  0.00000308498617892
  0.00000321114095790  0.00000338119830760  0.00000357070591937  0.00000375648521903
  0.00000393415721991  0.00000410576115363  0.00000427893940609  0.00000447434595233
  0.00000473070600104  0.00000491063519481  0.00000506400440064  0.00000524687839338
  0.00000542534280265  0.00000563424516658  0.00000590101333962  0.00000621601752691
  0.00000650171299378  0.00000678997903253  0.00000710877602299  0.00000750910670340
  0.00000796434139731  0.00000842969621328  0.00000888480624423  0.00000932895141969
  0.00000973549958052  0.00001014191877082  0.00001055049056758  0.00001097687601279
  0.00001148658311122  0.00001205058537245  0.00001265212559584  0.00001335665175053
  0.00001402121657178  0.00001464497617740  0.00001525552704544  0.00001588570241589
  0.00001657586683126  0.00001749852191508  0.00001851473978367  0.00001969254900482
  0.00002108684751578  0.00002264448682650  0.00002419830457390  0.00002580932280194
  0.00002754459783038  0.00002952258322898  0.00003182000913691  0.00003432946645897
  0.00003710527411932  0.00004035170638373  0.00004419094768966  0.00004839443916010
  0.00005315281123197  0.00005824804835851  0.00006386198506722  0.00007011890282298
  0.00007710572009354  0.00008443208609498  0.00009176222383402  0.00010076268686609
  0.00011064027107946  0.00012227773220568  0.00013619552217456  0.00015189106415879
  0.00017093775965345  0.00019407622099271  0.00021892809578292  0.00024859377748037
  0.00028325232355931  0.00032654509093198  0.00037009866809429  0.00041663314288577
  0.00046683651742519  0.00052246913354899  0.00059790116590604  0.00069411316096282
  0.00080542239951771  0.00093337708650556  0.00109603258965749  0.00127827685170515
  0.00153093713033590  0.00188340845056255  0.00226737785083631  0.00267193815290778
  0.00314611400071649  0.00375606601705776  0.00465250765270472  0.00593921823212933
  0.00782481988182862  0.01149585705078027  0.14029146635943460  1.00000000000000000
  0.00303325797971037  0.01394102379924137  0.02789657161449053  0.04180610939898183
  0.05392065316557793  0.06555517385052118  0.07672773890601685  0.08707151053110118
  0.09666272239242335  0.10695182363365022  0.11801479543017829  0.13074960295778434
  0.14334300088296090  0.15319057871740280  0.16248629520306779  0.17217029761728603
  0.18187221933071893  0.19507062794299748  0.20694130395433985  0.21899720455522273
  0.23024410596209904  0.24344644013982361  0.25604520924267482  0.26771149086959511
  0.27823358086231265  0.28855552860583272  0.29904443135319853  0.30982547292377244
  0.32163149040717476  0.33332608555752008  0.34416474685326692  0.35510438884112322
  0.36676597654593751  0.37867056769472751  0.39062935219155087  0.40295869151333441
  0.41509713710389545  0.42593058445655640  0.43638955131611329  0.44713843254632407
  0.45862995263961126  0.46965351266519850  0.48078491327923362  0.49220013235314319
  0.50301000400624418  0.51340205938038552  0.52401138239211598  0.53458414697757251
  0.54635713722641932  0.55806769742513551  0.56738310733124209  0.57521089025304017
  0.58267088714070581  0.59099833337303520  0.60117846681865750  0.60946318869985638
  0.61644543477019798  0.62305879322033242  0.63050000293085195  0.63948142898750915
  0.65135151857596529  0.66208800045254146  0.67357429573654026  0.68586813880869180
  0.69762092951573651  0.70844740852329413  0.71926848973652846  0.73055450540794242
  0.74101649508178680  0.75047399016546834  0.75915835378826457  0.76740160956880588
  0.77595065149979070  0.78499900929907485  0.79510116604358627  0.80514176475355859
  0.81481709701313065  0.82447506319074282  0.83449148127169859  0.84425447495800898
  0.85286994265464078  0.86103865309423988  0.86992341316405764  0.88083475760740337
  0.89368193968308818  0.90515279931173742  0.91550371575428702  0.92634754539645914
  0.93767628925871682  0.94886148855538333  0.95988974217925327  0.96970126394232625
  0.97917035394533214  0.98596130636887280  0.99292463778429352  1.00000000000000000
  0.00138182781601842  0.02409490982084400  0.04228298985644081  0.05632939797310473
  0.06898951987557715  0.08113866834983997  0.09371517403249216  0.10704797387847037
  0.12119992194972913  0.13403564180524793  0.14481006052314999  0.15469344556184625
  0.16462398586154370  0.17451541812520463  0.18414326910085360  0.19311050357510864
  0.20128398637670100  0.20992056360967118  0.21941174914425060  0.23073306604048266
  0.24282593132125588  0.25456831079975467  0.26652344946675299  0.27875565432439592
  0.29200747432080082  0.30402312954321642  0.31583616501343587  0.32589388138017023
  0.33536012208268395  0.34487520869330557  0.35396776390965501  0.36360729498476696
  0.37378750352188639  0.38516280130908892  0.39553523241685762  0.40617824511588047
  0.41832609890383304  0.43304895079311123  0.44710232426383473  0.45926797532196889
  0.46913690318260293  0.47738633035117584  0.48569204961475360  0.49368871097265576
  0.50291110514031456  0.51486016765900888  0.52788617731262244  0.53897218513615763
  0.54939938111556241  0.55928260798971063  0.56951904311792401  0.58108969931807630
  0.59275330447068286  0.60445920433470290  0.61521754092519632  0.62518188210961945
  0.63381881652560579  0.64311266392481747  0.65274913221033870  0.66090788985968563
  0.66860939179244605  0.67604645006313335  0.68476426259606682  0.69553759307611773
  0.70639404963204977  0.71567872922475362  0.72415196302052121  0.73277207429937397
  0.74302943727927651  0.75383480982815354  0.76413673991345332  0.77427084099485299
  0.78350375715691556  0.79251050934307277  0.80143611345906796  0.81060154496691861
  0.82135448791329324  0.83252647844614336  0.84312638208235835  0.85356466582093538
  0.86396001750411844  0.87423755384121382  0.88412187186752889  0.89365202080715223
  0.90312890467982510  0.91288185527404919  0.92321320212083968  0.93381270383827031
  0.94409611389879233  0.95267729123768641  0.96061134542373716  0.96826642361470694
  0.97765471618547006  0.98597477679885592  0.99247790967427607  1.00000000000000000
  0.00000718553044660  0.00001378157701367  0.00001480382956405  0.00001616261608220
  0.00001743615046921  0.00001808014221483  0.00001852263330826  0.00001899490824362
  0.00001946656361302  0.00002007286103200  0.00002059366830715  0.00002112846350759
  0.00002164435775150  0.00002236021031785  0.00002393947956005  0.00002564392411253
  0.00002750874488591  0.00002952241197096  0.00003217786474161  0.00003433701840938
  0.00003645942578379  0.00003874775126889  0.00004118127582211  0.00004380612557031
  0.00004724220396241  0.00005130393972114  0.00005578424452823  0.00006108868627326
  0.00006762313491253  0.00007498885841758  0.00008294677734002  0.00009218870416623
  0.00010386074829097  0.00011810809190632  0.00013440023702727  0.00015104257041231
  0.00016915703739997  0.00018782016533593  0.00020823762202521  0.00022849941217884
  0.00024988915771277  0.00027088661070868  0.00029410183690968  0.00031577377947176
  0.00033823131977660  0.00036224333684948  0.00039112497151129  0.00042106472249255
  0.00044945435113680  0.00047709819258214  0.00050672589229076  0.00054130023460105
  0.00058512194616096  0.00063169718237408  0.00068113603638651  0.00073018792809584
  0.00077720299953208  0.00082897788635702  0.00088390538832223  0.00094675315803236
  0.00102574354124974  0.00111116044448532  0.00119232026055011  0.00127369704283515
  0.00136210098380274  0.00145610820332240  0.00155581174844607  0.00166708896494977
  0.00177143771496530  0.00188428477707130  0.00199056214823664  0.00212153923696335
  0.00226621220464068  0.00243088145053299  0.00263955268583050  0.00290956708262928
  0.00322706761248471  0.00343862940558385  0.00364017192951068  0.00383222405184116
  0.00397203443833204  0.00410581343941870  0.00425089456706539  0.00440239166387341
  0.00454696562311025  0.00468860731725191  0.00501915641254522  0.00535715341034766
  0.00585113430426211  0.00655315159078168  0.00746584401839497  0.00853079061794383
  0.01143433698224769  0.01699070714437010  0.38691675532884617  1.00000000000000000
  0.00001074138200821  0.00001141201675934  0.00001223966223758  0.00001305102369812
  0.00001382840301905  0.00001457092811097  0.00001534198739251  0.00001620208396725
  0.00001705772674083  0.00001800942160765  0.00001912704126451  0.00002033458137647
  0.00002167165882891  0.00002319437565001  0.00002466492575077  0.00002631029792888
  0.00002811040288282  0.00002972705101004  0.00003176246654509  0.00003426923794854
  0.00003715054854254  0.00004040401493403  0.00004416845426017  0.00004880271533111
  0.00005454588978618  0.00006140202447985  0.00006950571070806  0.00007897855012472
  0.00008989765646420  0.00010168568846147  0.00011481971559479  0.00012940779261607
  0.00014370517774098  0.00015773138839411  0.00017207303785867  0.00018910067589122
  0.00020861817729359  0.00022812032338421  0.00024634556064917  0.00026386109967180
  0.00028340907846098  0.00030549815889493  0.00032667967447742  0.00034739047978999
  0.00036842980353824  0.00039325454984727  0.00041753577663284  0.00044024068606585
  0.00046279101776617  0.00048679194612023  0.00051399046679369  0.00054204604671364
  0.00056913386000938  0.00059611583513193  0.00062205649558767  0.00065583148240241
  0.00068898864003891  0.00072930919834104  0.00076630448741284  0.00080606929380855
  0.00083937308448000  0.00087466743808972  0.00091279247938683  0.00095440632099721
  0.00100150522116948  0.00104823713508359  0.00109916235945657  0.00115324263092727
  0.00121386034060963  0.00128639193447834  0.00137901241737926  0.00145980930111388
  0.00154585115328140  0.00166320642328425  0.00176658388814462  0.00187511113797881
  0.00199953451845671  0.00211774069394624  0.00220202669538349  0.00228061791825665
  0.00235428312047972  0.00242728092159926  0.00249948381086449  0.00258483394332994
  0.00268433053010025  0.00286646247736551  0.00314319704137626  0.00348836336770607
  0.00382539929528870  0.00417265964042003  0.00451662816709308  0.00478549206595400
  0.00510018362410319  0.00547820098826535  0.01204163296205626  1.00000000000000000
 -0.00249240163146423  0.00837869764548953  0.01728790804890286  0.02702371797694341
  0.03624771238405484  0.04497247276288019  0.05403654302625938  0.06316705091793139
  0.07441242690174803  0.08802614476898361  0.10190900150496086  0.11452146378590750
  0.12580048942596830  0.13556995017580747  0.14456416662777755  0.15508766436582702
  0.16540587757094591  0.17500030366255537  0.18443476897798389  0.19523794090262628
  0.20745158019300972  0.22094691320032075  0.23566382768484379  0.25053873167752555
  0.26498640617724140  0.27712957172707536  0.28817201943162352  0.29779463082104018
  0.30784078528439274  0.31642881580031962  0.32497438997369910  0.33385084748814187
  0.34307797684699753  0.35384996496275684  0.36371831796108045  0.37401328338264439
  0.38403741014649379  0.39518196105594139  0.40655580302178129  0.41749864022192618
  0.42800532791837487  0.43803257470468598  0.44787718718224268  0.45794014563347923
  0.46716903138703009  0.47557750037108881  0.48459504426450417  0.49455373864512064
  0.50643379645951125  0.51880791764308642  0.53065196255041813  0.54118493021212777
  0.55138829003716161  0.56108608851486008  0.57166499664254677  0.58239455873407919
  0.59314418016271608  0.60364569240181787  0.61454329117598661  0.62526167568383517
  0.63576062673465372  0.64556716704431549  0.65544432856220969  0.66599145602656518
  0.67623849202252329  0.68500999180089728  0.69294910224339268  0.70126749331725280
  0.71066521135125194  0.72141510078184701  0.73303657680529732  0.74577824810879700
  0.75943141131871050  0.77282037109998192  0.78517850303246095  0.79561973126084617
  0.80580191967554671  0.81667162547670014  0.82876711100258615  0.84193517745190727
  0.85599927653983832  0.87170409274475213  0.88497489993223311  0.89598986633667266
  0.90634708563513378  0.91614866473846068  0.92541831063176960  0.93477281273361623
  0.94529035339605960  0.95612971424648963  0.96483778789899721  0.97182518712156263
  0.97872602720873025  0.98591777331119013  0.99295706238862314  1.00000000000000000
 -0.00086129104160568  0.00590487613706846  0.01202789098245889  0.01729033580355725
  0.02370362693264695  0.03122302898362684  0.03981335893554457  0.04956197323560917
  0.05787457545458968  0.06580638479984868  0.07472385264951097  0.08500419832713445
  0.09727851741636995  0.10952607205908163  0.12132555749519941  0.13232238575259206
  0.14250777019222710  0.15083253338795644  0.15767754284467650  0.16506391164959625
  0.17306689253386831  0.18245357170782853  0.19397165258722293  0.20579111274692855
  0.21581464858823574  0.22516571397424032  0.23362866831078058  0.24248238072984732
  0.25270636630296561  0.26579654631846511  0.27876292156446081  0.29112760553439820
  0.30373132528572033  0.31753216222768582  0.33295368037666162  0.34451620087101237
  0.35555061434861035  0.36587351326830830  0.37605432134237876  0.38718601945029335
  0.39868258182055361  0.41090198468590527  0.42301995064097775  0.43486036023931307
  0.44742283285706885  0.46019408391884153  0.47217100643660115  0.48348119931481409
  0.49428563534756897  0.50385493003494641  0.51284867848816740  0.52254638284241128
  0.53359355468079805  0.54569316713448823  0.55806322802820019  0.57157886179091477
  0.58411470542810850  0.59343754732363474  0.60159631170843497  0.60929629475163216
  0.61842865897861199  0.62803137721522861  0.63681885460743359  0.64599237441806756
  0.65605571146027142  0.66657527919523962  0.67618911643254620  0.68643872250596105
  0.69701300263257271  0.70740696951341342  0.71720380675535167  0.72703032039597870
  0.73766977859632621  0.74980151954646679  0.76185810172711188  0.77398099048471936
  0.78564017865359459  0.79715463079712257  0.80789124777045507  0.81767583969058710
  0.82845296655797207  0.84022364601773258  0.85074725244088079  0.86120204199219341
  0.87191345512746055  0.88366439740806657  0.89699596768699341  0.91001945658010985
  0.92179830110319660  0.93304032448955798  0.94382405380434997  0.95407989474189092
  0.96384730977210997  0.97421031465973440  0.98581128272776808  1.00000000000000000
 -0.00085083670848713  0.00276854862961059  0.00742998078495483  0.01247552421213081
  0.01926742315028034  0.02753365274111229  0.03585391735994213  0.04388986294951046
  0.05179930174807040  0.05992249130210010  0.06802456953374016  0.07673546875355609
  0.08524830508092007  0.09320203708850441  0.10069990631199424  0.10772966365544263
  0.11416849568844428  0.12058553562748305  0.12752389118008986  0.13497980649784352
  0.14283305740322022  0.15185385239339866  0.15928496077086077  0.16601219202638245
  0.17322837099427266  0.18141549442183122  0.19079732317971482  0.20176501917942855
  0.21244316411223152  0.22179744817868779  0.22924198275929916  0.23723884527131431
  0.24439661038561084  0.25090613136898532  0.25765383041354312  0.26470252176240816
  0.27292640064276147  0.28214665827082208  0.29010724643204217  0.29783136890801792
  0.30603526551318061  0.31637392952024990  0.32762938222899973  0.33796331922172634
  0.34745613458018137  0.35709335785537955  0.36714190786782297  0.37687208787398524
  0.38612104177222045  0.39576123201747504  0.40563864418088513  0.41567411526318682
  0.42568467934205717  0.43465943555656672  0.44386621306688695  0.45397026480985542
  0.46168605451688216  0.47034019241090264  0.47978413096385797  0.48935799039001981
  0.49785904433514716  0.50648570504263091  0.51571923249035267  0.52903179134253542
  0.54404743104027553  0.55939176833506299  0.57300310268829335  0.58456098988891880
  0.59478094353476618  0.60436165013320564  0.61535807352290284  0.62612730609603262
  0.63730962681536907  0.64819384533468172  0.65914141528535886  0.66958350021225377
  0.67905480487346304  0.69041569024655403  0.70429495474013337  0.71905229418364458
  0.73363820596950624  0.74828893134481445  0.76454537669097500  0.78070086596027266
  0.79598696193373342  0.81088469360330839  0.82644293042657946  0.84042020169779930
  0.85317799902452607  0.86689302734456231  0.88440248560785251  0.90671864051253348
  0.92967551557312511  0.95308215495239579  0.97664581449637078  1.00000000000000000
 -0.00089275847732162  0.01278775616634968  0.02304261087569007  0.03444041838826643
  0.04487733913036956  0.05499081621679233  0.06477758335691541  0.07474135065896968
  0.08554621359339068  0.09655363370577032  0.10827065832277152  0.12006685407227613
  0.13066342431037375  0.14055215852297578  0.15078347524267238  0.16133519252026707
  0.17250620221772817  0.18349094468107086  0.19341419329654636  0.20219976139594384
  0.21007123863619837  0.21718463724115628  0.22455784130489964  0.23354152770067133
  0.24386334929498088  0.25447646888717690  0.26395308197673084  0.27196313365770397
  0.27932954392774501  0.28675323549300391  0.29455275608511039  0.30579456814294537
  0.31811052702129416  0.33060117926315474  0.34343581729419953  0.35600548168001522
  0.36760420857363496  0.37907434907493498  0.39132080227642124  0.40369276310127622
  0.41369528302047182  0.42206276478533450  0.43068685038167676  0.43998520184362150
  0.44918928897253069  0.45773525771942547  0.46572230905248069  0.47430632747587809
  0.48439304648299658  0.49465693028038216  0.50489609698885329  0.51444887332698674
  0.52386488755343841  0.53361894279219824  0.54408760365978481  0.55633994598036884
  0.57087415089503590  0.58606804238875954  0.60173567875057887  0.61707016596885089
  0.63132379066207500  0.64335500994000527  0.65364381566305851  0.66317956826938318
  0.67286542442583697  0.68366930246038682  0.69569281114363235  0.70784849515549675
  0.72062155550630147  0.73173544341577279  0.74147883833434824  0.75124535494971179
  0.76191033247715445  0.77540632207720461  0.78833200666067826  0.79943292017773415
  0.80948042859067015  0.81839337549897617  0.82626568549800672  0.83414426455568458
  0.84238414635252568  0.85222244778311540  0.86456758597162275  0.87837624459855745
  0.89141969698310075  0.90292262380365518  0.91312955266883433  0.92403552735212557
  0.93227771512768076  0.94063114905827461  0.94892745573100368  0.95797462568471048
  0.96863030110859460  0.97938890034277337  0.98969400360754511  1.00000000000000000
 -0.00143854316300723  0.00842601761081241  0.01834029708684630  0.02961122632910905
  0.04018465300753304  0.05090264440772965  0.06222422946792019  0.07403425644947612
  0.08586328776873832  0.09676209014549216  0.10650589967499188  0.11633145890390320
  0.12729214778761136  0.14098293398956380  0.15612545260885891  0.17061422585589950
  0.18364689116695684  0.19548122078369629  0.20548755891680640  0.21464245359362877
  0.22386518092177132  0.23425331446788028  0.24591184882679759  0.25793787497544773
  0.26917910885585283  0.27940083024355028  0.28831908224750735  0.29853054898842279
  0.31000881700250510  0.32177228563215943  0.33171235504382868  0.34162563137027557
  0.35197302612703052  0.36305892137820323  0.37482786762815673  0.38636987523325456
  0.39740143095315783  0.40825570801815103  0.41918357654493771  0.43212030309461430
  0.44487115774399633  0.45735481444422132  0.46944099549433371  0.48141786392055846
  0.49267012639244467  0.50414712764568181  0.51641146795269000  0.52917440751341083
  0.53931024479136469  0.54796362879514304  0.55648377272690663  0.56648801113535252
  0.57685941403327634  0.58793773209347810  0.59856147804017390  0.60857642408154999
  0.61824081213746063  0.62736084238769763  0.63689593233818476  0.64689907691249227
  0.65834480044783006  0.67045641201288897  0.68169786961673884  0.69270855312580615
  0.70292065591393493  0.71420594832770612  0.72326470304447821  0.73350961011267535
  0.74326016311690346  0.75435157983460399  0.76651182317532407  0.77918443888561917
  0.79065455940927143  0.80050213890737809  0.80921243006302335  0.81760151096731681
  0.82592749370857843  0.83467824350855235  0.84464738203830958  0.85476260234500956
  0.86513226382532049  0.87490430813042830  0.88429221240230960  0.89432226985863128
  0.90415372579309883  0.91258259211126880  0.92020097439357396  0.92805110982854377
  0.93751074711676419  0.94765795719940360  0.95764106369342150  0.96716371972229309
  0.97555638903758590  0.98342220790546642  0.99174607093110612  1.00000000000000000
 -0.00240853895228042  0.01092865332603155  0.02252666758752150  0.03511241037600699
  0.04872682229085151  0.06205888149280859  0.07528669268534867  0.08670767717479612
  0.09788906663086266  0.10819420814798339  0.11937504881066784  0.13079379761085203
  0.14134788294710648  0.15140568254991282  0.16163747005906662  0.17193037935555108
  0.18211696920101403  0.19192285438375095  0.20158730595600094  0.21081893929541876
  0.22155249779222216  0.23368871167287852  0.24804018385482693  0.26126399419160062
  0.27361247637193298  0.28151952749047116  0.28969570058515870  0.29826817462178534
  0.30810285476178034  0.31878683590196011  0.32889781057444617  0.34108112328092155
  0.35411012275592058  0.36795518766907626  0.37883915062334184  0.38907688113661010
  0.39837248428619604  0.40866383279134616  0.41869373083804706  0.42787207289637397
  0.43665416251704442  0.44643047265378771  0.45722408518472690  0.46750744476246170
  0.47731210084022357  0.48688521158942843  0.49811789110001098  0.50994113822560472
  0.52141182753712934  0.53242315086604330  0.54402175306062328  0.55437999608041355
  0.56203192748262643  0.56841880824343605  0.57446478996850814  0.58073322254648607
  0.58945487286265641  0.59794918262154162  0.60626535389859570  0.61465660671568800
  0.62296980401044333  0.63092583893628096  0.64060090890507226  0.65126774810471044
  0.66356751225356725  0.67669236667466515  0.68915493144079532  0.70101045356327896
  0.71202410058229726  0.72267692970470032  0.73264664436217442  0.74237985146477559
  0.75204966798699813  0.76170350611812299  0.77157495655608832  0.78186265119025911
  0.79346307863307897  0.80599058632732612  0.81853302801710592  0.83171708699092994
  0.84546191900909284  0.85939330428607053  0.87258732189035426  0.88303024274919484
  0.89195965081321782  0.90087183872947274  0.91102554005899650  0.92053723521224518
  0.92918986289784211  0.93729580290900449  0.94399931777821322  0.95188654490243751
  0.95990680142020235  0.97121019598265623  0.98551244001652216  1.00000000000000000
 -0.00272217565216054  0.00672073078683288  0.01591470437972720  0.02506208897053557
  0.03475916092181443  0.04486342664243437  0.05491174434901173  0.06498092058909305
  0.07652206608127042  0.08915991299486992  0.10150908334840948  0.11342044019075601
  0.12510850595714920  0.13439425086470960  0.14366821889934134  0.15196863247213316
  0.16168610476097886  0.17224836963166126  0.18339049244446282  0.19421511791218360
  0.20598936152630071  0.21691030725420016  0.22604570496139653  0.23461895341884514
  0.24395056576392662  0.25457561834746945  0.26490500264769268  0.27486496398959981
  0.28545181930776070  0.29501590622554397  0.30427478121021617  0.31336130514744581
  0.32262940043934352  0.33401101772208308  0.34760682285253575  0.36238460857707483
  0.37489606505228446  0.38658650398170963  0.39768968255714160  0.41066090888823958
  0.42186218283679727  0.43125597816896966  0.43967859561600131  0.44763657410237845
  0.45516337429692200  0.46415585004698007  0.47409292252679802  0.48506599753145996
  0.49859671174636816  0.51036609694383062  0.52095862379734204  0.53088456045635235
  0.54077137370641259  0.55102649575186657  0.56259440423451790  0.57342598366041719
  0.58514598154088004  0.59594963648014498  0.60704526288986060  0.61847014154194635
  0.63054911364722122  0.64222662520480023  0.65348690073295024  0.66518775930761487
  0.67753159961740039  0.69077992867310223  0.70474501897845909  0.71907541565898236
  0.73306819937561207  0.74613633481684805  0.75867437376114499  0.77032474775618776
  0.77920885826281372  0.78647296360897889  0.79406146824857093  0.80293262703440071
  0.81433098691819039  0.82519426424950137  0.83532705761102410  0.84547935624584791
  0.85536965099308859  0.86538152178830285  0.87571014148287452  0.88378614465963568
  0.89219407090596492  0.90028232634209615  0.90828593484560105  0.91648300388520332
  0.92536825417083213  0.93386224344737401  0.94470698594667080  0.95754177690334441
  0.96842978021793469  0.97836548900028497  0.98833395553518644  1.00000000000000000
 -0.00002275882405667  0.00017287121659381  0.00032463088800162  0.00043658066791447
  0.00051926560397534  0.00059927260983861  0.00067573370285356  0.00074825765184292
  0.00081892830043357  0.00088407794194710  0.00094774900470304  0.00100805622806517
  0.00106751133156329  0.00112634784321174  0.00118933739405245  0.00125303324857638
  0.00131654904987100  0.00138213489542866  0.00144933558110658  0.00151793215346660
  0.00158646869074171  0.00165479948202503  0.00172426009890217  0.00179432225393292
  0.00186446650503623  0.00193722897197299  0.00202172698562026  0.00210734571227360
  0.00219384715874432  0.00228380349850599  0.00237868942411641  0.00247953188129259
  0.00258134488281748  0.00269295947625086  0.00280841766400878  0.00292217644127194
  0.00303217633152319  0.00313843365731629  0.00324365279211932  0.00334776999766507
  0.00346323328871808  0.00358669117444135  0.00372304543905974  0.00389371570059931
  0.00404732682868959  0.00419234123994025  0.00433556875249475  0.00448616675146492
  0.00465815512340217  0.00483718415707867  0.00500075444420306  0.00515302141060679
  0.00529596374209564  0.00543550042400914  0.00558063228316351  0.00570815558544002
  0.00583868880558836  0.00597575822360698  0.00612537647027131  0.00632334850249024
  0.00657629936245107  0.00681733346199932  0.00701529873996279  0.00720015980808664
  0.00738864401853587  0.00751811204957201  0.00763897681327877  0.00775606028168717
  0.00787663823531408  0.00806692309914200  0.00825753316876082  0.00843176246111605
  0.00861195478689575  0.00881262847669107  0.00897801468605210  0.00916982061154563
  0.00936696776287668  0.00968171662756597  0.01017932113776875  0.01101068444763824
  0.01133179574139929  0.01155851157868557  0.01174524129483938  0.01196174843328476
  0.01217563432030129  0.01291561396462025  0.01350494095900671  0.01388984933323402
  0.01419574830130459  0.01469167225599710  0.01950469515015978  0.02035423812999658
  0.02272238548272816  0.03364855674772035  0.03489137564733732  1.00000000000000000
 -0.00229792289003314  0.00989481783027161  0.01874763326027108  0.02574586543609991
  0.03211115537758465  0.03842647451647020  0.04624696653948429  0.05467491337534884
  0.06398461158064150  0.07494171056989753  0.08778140030127755  0.10064968832907382
  0.11247209613429571  0.12112608534560686  0.12906774169149338  0.13722580890275496
  0.14602997987967126  0.15589929374664346  0.16670931898585881  0.17920402810089639
  0.19279260009792931  0.20403327937317514  0.21465488651804118  0.22543488605762152
  0.23681402003715604  0.24879406361616252  0.25942718134547976  0.26954898831522933
  0.27882549223975206  0.28927442809504755  0.29942322421142031  0.30990290912207480
  0.32059099672309849  0.33290361424706394  0.34499863330563452  0.35725422695493175
  0.37005150834225148  0.38359540208864162  0.39580079282778985  0.40637634578006115
  0.41516534229416974  0.42356210486289303  0.43296202303924369  0.44220063822786293
  0.45316474341022095  0.46374922725008955  0.47386827010543547  0.48402486157178143
  0.49411582264067505  0.50544684515716398  0.51822227580487024  0.53133726367807554
  0.54390018723774447  0.55498742624683961  0.56586922020621810  0.57549665721316445
  0.58541620414342721  0.59580937786644317  0.60747456900806251  0.62094293074199969
  0.63433605719889752  0.64693878821177242  0.65911188829531964  0.67126457467402634
  0.68314301149846324  0.69472515323480588  0.70591171502889394  0.71789901738333117
  0.72943133926511583  0.74104507808069575  0.75263700105469755  0.76342397781339955
  0.77481626441486673  0.78652605719115998  0.79830149781526893  0.81073470960341709
  0.82329655952019209  0.83647389874427014  0.84967458567971965  0.86186939263766760
  0.87358826062090889  0.88406145336293818  0.89248388129695200  0.90031312609550451
  0.90788860412395378  0.91532926016151794  0.92443597590755866  0.93282384607980295
  0.94068632314859701  0.94802139842586997  0.95551644122864898  0.96434063227935196
  0.97377098494552217  0.98269996032418139  0.99151578069458690  1.00000000000000000
  0.32748692730997125  0.60794205915551913  0.64401338222336180  0.66648238586674802
  0.68259379360784123  0.69723860391805659  0.71216336147635806  0.72350564669995787
  0.73216423169973588  0.74060058032464959  0.74750613387397213  0.75245467935562427
  0.75707692724510456  0.76195624909832782  0.76760824252074034  0.77358012009525412
  0.77896695643225233  0.78457335602058553  0.79103507734879552  0.79713654892252483
  0.80174897063976858  0.80584428695812449  0.80947753157686742  0.81297056222600272
  0.81697138775454603  0.82058404051707934  0.82404770905519564  0.82747340018819793
  0.83116595753429512  0.83495111543912381  0.83878464262163743  0.84269690204316627
  0.84628729900501531  0.84975128175474868  0.85311163830170922  0.85629033067823024
  0.85948774046247611  0.86240253781039955  0.86525649501248969  0.86799902366168902
  0.87084691375417644  0.87393639671733636  0.87670457850832273  0.87904909785641583
  0.88145105341023167  0.88387516870989258  0.88688433049949622  0.88948724083440145
  0.89228773892479796  0.89456622206493008  0.89712409669124848  0.89944314388541058
  0.90161626668644923  0.90378510815500490  0.90594432263031599  0.90815745120766578
  0.91023643108730634  0.91214044492142632  0.91394598497511159  0.91580895590193256
  0.91809917699230414  0.92068338201309363  0.92305421628428341  0.92533432135584592
  0.92763894956867310  0.93005822887658463  0.93251641721493417  0.93479194457809256
  0.93699221394015586  0.93925521868700734  0.94166752041942103  0.94413568416069915
  0.94661673708900607  0.94914908790021280  0.95170088865153024  0.95404802848077130
  0.95570999059227679  0.95733103411858678  0.95907096032387074  0.96092691677767472
  0.96282660649894858  0.96491763755102622  0.96735567142723677  0.96991837187501140
  0.97242384287583250  0.97490921217641946  0.97705483287003414  0.97897057932321818
  0.98075190070728269  0.98244535981984782  0.98426066826228087  0.98616754414845942
  0.98831442537027880  0.99105814247442847  0.99491130422230334  1.00000000000000000
  0.00020192547624932  0.16256681128458680  0.19274142676381145  0.21269816143110151
  0.23123528895980427  0.25519320482089991  0.27695698036417099  0.29470884272465137
  0.30772078854555429  0.31812877851971627  0.32732297270299765  0.33705415967662838
  0.34781520469416305  0.35853473615263382  0.36847725786591434  0.37761273197928358
  0.38589882962779737  0.39470046171872986  0.40166115497462684  0.40867169274413540
  0.41603688638431174  0.42372280857479938  0.43187416892630670  0.43948679688221631
  0.44709903875860513  0.45512796208136891  0.46171614511904235  0.46704951349470947
  0.47186924892605209  0.47658841900826115  0.48121167677293708  0.48590047794465185
  0.49067126207294148  0.49531209429989448  0.50042453429267553  0.50554170265712339
  0.51111130859764686  0.51622435474457407  0.52117019123574748  0.52590817616352281
  0.53100033656118317  0.53641858454241997  0.54201123059184120  0.54771027411427942
  0.55329669816220095  0.55894622669001670  0.56423601572121962  0.56895572806348527
  0.57340449918639724  0.57817691935282745  0.58289299464470867  0.58754248850510749
  0.59195784212391400  0.59587662879660275  0.59963620208410928  0.60341206883602949
  0.60749677345932940  0.61182011124316227  0.61625263655673357  0.62092913531397032
  0.62589231658904609  0.63103227434539744  0.63657480930615995  0.64266780050933270
  0.64901548461490788  0.65510748664480201  0.66082516359029275  0.66659963654012955
  0.67227276083004450  0.67819072569672156  0.68394683186754690  0.68926745738034378
  0.69426672592589933  0.69911929788490845  0.70387764088651594  0.70896475213934895
  0.71435220958006007  0.72015937007415798  0.72603550503543346  0.73227898393086643
  0.73917215953513171  0.74589163650034584  0.75257347873970371  0.75947841139449057
  0.76677476455380988  0.77423290798600064  0.78163163873292896  0.78826280745152788
  0.79485407962491728  0.80176784782913868  0.81017938258775968  0.82047358492942113
  0.83243705761474007  0.85099862524951198  0.88743844308591469  1.00000000000000000
   4.7477445994340226E-010  -1.0000000000000000     
 F F F F F F F F F F F F F F F F F F F F F F F F F F F F F F F F F F F F F F F F F F F F F F F F F F F F F F F F F F F F F F F F F F F F F F F F F F F F F F F F F F F F F F F F F F F F F F F F F F F F F F F F F F F F F F F F F F F F F F F F F F F F F F F F F F F F F F F F F F F F F F F F F F F F F F F F F F F F F F F F F F F F F F F F F F F F F F F F F F F F F F F F F F F F F F F F F F F F F F F F F F F F F F F F F F F F F F F F F F F F F F F F F F F F F F F F F F F F F F F F F F F F F F F F F F F F F F F F F F F F F F F F F F F F F F F F F F F F F F F F F F F F F F F F F F F F F F F F F F F F F F F F F F F F F F F F F F F F F F F F F F F F F F F F F F F F F F F F F F F F F F F F F F F F F F F F F F F F F F F F F F F F F F F F F F F F F F F F F F F F F F F F F F F F F F F F F F F F F F F F F F F F F F F F F F F F F F F F F F F F F F F F F F F F F F F F F F F F F F F F F F F F F F F F F F F F F F F F F F F F F F F F F F F F F F F F F F F F F F F F F F F F F F F F F F F F F F F F F F F F F F F F F F F F F F F F
  <DiscreteSampler_grid>
  grouped_processes
  1 # 1 for a reference and 2 for a running grid.
  10 # Attribute 'min_bin_probing_points' of the grid.
  1 # Attribute 'grid_mode' of the grid. 1=='default',2=='initialization'
  0.0000000000000000 # Attribute 'small_contrib_threshold' of the grid.
  0.5000000000000000 # Attribute 'damping_power' of the grid.
 # binID   n_entries weight   weight_sqr   abs_weight
    187   10   4.251115756758810E-005   6.011613007139270E-009   4.251115756758810E-005
    188   10   4.251115756758810E-005   6.011613007139274E-009   4.251115756758810E-005
    190   10   4.251115756758810E-005   6.011613007139270E-009   4.251115756758810E-005
    191   10   4.251115756758810E-005   6.011613007139274E-009   4.251115756758810E-005
    193   10   3.939589100768834E-005   5.213768585305465E-009   3.939589100768834E-005
    194   10   3.939589100768832E-005   5.213768585305465E-009   3.939589100768832E-005
    196   10   3.939589100768834E-005   5.213768585305465E-009   3.939589100768834E-005
    197   10   3.939589100768832E-005   5.213768585305465E-009   3.939589100768832E-005
    199   10   5.353425972724343E-005   9.321540592279655E-009   5.353425972724343E-005
    200   10   5.353425972724341E-005   9.321540592279645E-009   5.353425972724341E-005
    202   10   5.353425972724343E-005   9.321540592279655E-009   5.353425972724343E-005
    203   10   5.353425972724341E-005   9.321540592279645E-009   5.353425972724341E-005
    205   10   4.452209699408204E-005   6.408971649303138E-009   4.452209699408204E-005
    206   10   4.452209699408199E-005   6.408971649303128E-009   4.452209699408199E-005
    208   10   4.452209699408204E-005   6.408971649303138E-009   4.452209699408204E-005
    209   10   4.452209699408199E-005   6.408971649303128E-009   4.452209699408199E-005
  </DiscreteSampler_grid>
