  0.00224196835486499  0.01817957696195851  0.03376033302488759  0.04727731852618768
  0.05904518693807605  0.06986888437075028  0.08028560730315568  0.09145053679308075
  0.10239280901286106  0.11471633358305031  0.12645680638222845  0.13853924188641709
  0.14937879928373871  0.15964685517759211  0.16932003720918862  0.17994054506552282
  0.19062399729059942  0.20045890483589310  0.20989119754008018  0.21991187633134668
  0.23150535101788750  0.24448754494985941  0.25810313054774664  0.27147518485914179
  0.28246370424847173  0.29306817498118748  0.30316432658667425  0.31324408897820388
  0.32367178444622907  0.33406494602781417  0.34418310721286988  0.35427641717657982
  0.36347397982733531  0.37311134869122864  0.38297572268194413  0.39294563574339714
  0.40450661186805359  0.41538104583087793  0.42552544203169884  0.43486243948617115
  0.44403188671182203  0.45304688849982638  0.46185571398492581  0.47041743805820863
  0.47943719455949479  0.48962011270252404  0.50099254970661522  0.51268455155578063
  0.52343193688052858  0.53356755933327615  0.54349108407262403  0.55339161106148083
  0.56325144428512608  0.57263202104312017  0.58205479547920003  0.59055056431920772
  0.59891360692850260  0.60737834921024836  0.61820184765338704  0.62901923800477988
  0.63990223907848742  0.65078242680259446  0.66128854558556283  0.67165069776792119
  0.68189552227946948  0.69381880701197607  0.70710810955695313  0.72070314601928565
  0.73424540761866097  0.74712467718699882  0.75899084024494556  0.77000140169401143
  0.78062715133435101  0.79132088469273787  0.80156394717344781  0.81149230058682731
  0.82093541728863351  0.83097684930583560  0.84087837069629168  0.85100277930618917
  0.86158996585034253  0.87155935656519168  0.88115741110864232  0.89042974330322022
  0.90000918759039994  0.90990265496856593  0.92049620344811067  0.93056276859880760
  0.94008495941865444  0.94872944927574243  0.95730278668458335  0.96622621107640927
  0.97515138598297990  0.98387716486061438  0.99244433422277212  1.00000000000000000
  0.00002729431004463  0.00004292096942776  0.00004985546843323  0.00005499832755027
  0.00005923244271825  0.00006341108836179  0.00006779488962018  0.00007276687822690
  0.00007775482472103  0.00008271838850362  0.00008783720442061  0.00009286774752466
  0.00009811593586366  0.00010351659974862  0.00010911640738546  0.00011503086712940
  0.00012123578704299  0.00012751079569763  0.00013371101306347  0.00013981175374604
  0.00014602316568834  0.00015260260124535  0.00015970440729906  0.00016713381507802
  0.00017497029488657  0.00018286399217854  0.00019066164190695  0.00019854436635469
  0.00020638861311035  0.00021407795976419  0.00022226601482236  0.00023128078200861
  0.00024128662364261  0.00025153484054515  0.00026212168445380  0.00027264968256102
  0.00028298646470780  0.00029368882268699  0.00030523051411827  0.00031786662302698
  0.00033190793900974  0.00034745179154019  0.00036451684196682  0.00038321967798323
  0.00040335330322842  0.00042397085836697  0.00044465309367357  0.00046515498543365
  0.00048802808313775  0.00051102291545786  0.00053448683401634  0.00055836346755810
  0.00058203120311444  0.00060693033924403  0.00063031450413859  0.00065374454785079
  0.00067637927030056  0.00069698547461304  0.00072129197685583  0.00074924690628075
  0.00078117618506338  0.00081644507209297  0.00085623150091357  0.00089941584947449
  0.00093239947011842  0.00096734746063189  0.00100353780000974  0.00104944953427378
  0.00110726002294366  0.00117229920758396  0.00123591205339006  0.00130484215346498
  0.00138009158041645  0.00145697731192400  0.00153988296097156  0.00163030543659525
  0.00171609498908946  0.00179992332922518  0.00189993057182209  0.00200883866588192
  0.00217119678601656  0.00235504867280738  0.00254180734779625  0.00276173842426790
  0.00295337527564777  0.00307400769230030  0.00320526502627505  0.00335798672184759
  0.00358920919066911  0.00385166911489740  0.00422618709011315  0.00515617941829020
  0.00640702103333120  0.00760861985552138  0.13978459162928195  1.00000000000000000
  0.00000300242518939  0.00000368330677996  0.00000391935150770  0.00000410460992379
  0.00000429997546354  0.00000455498219962  0.00000486518555442  0.00000521621557712
  0.00000556983473137  0.00000591079599657  0.00000627112763443  0.00000666253585429
  0.00000706967756894  0.00000753133431575  0.00000800463634124  0.00000851997046790
  0.00000917080994750  0.00000993538169385  0.00001073625640740  0.00001155415250568
  0.00001235744539495  0.00001317094039323  0.00001402540430028  0.00001490596723554
  0.00001579847345037  0.00001669592498549  0.00001769000676105  0.00001879129733604
  0.00001987206988622  0.00002091170982791  0.00002200793723610  0.00002315845174186
  0.00002468503530913  0.00002620075144659  0.00002769261989551  0.00002915464792311
  0.00003061200206507  0.00003224714537736  0.00003402657291521  0.00003601305337221
  0.00003823528963221  0.00004058699787100  0.00004302349600724  0.00004555141753274
  0.00004814414664999  0.00005101410501681  0.00005433256972199  0.00005797548043996
  0.00006198121359004  0.00006631342968613  0.00007083433047953  0.00007562908142491
  0.00008061092221287  0.00008547575416466  0.00009102852672527  0.00009715232706060
  0.00010457221570237  0.00011268239422762  0.00012188053075315  0.00013169869588388
  0.00014255933983821  0.00015468336352580  0.00016792249210531  0.00018102379383922
  0.00019487937297028  0.00020900205300188  0.00022344385490751  0.00023841875063912
  0.00025424036755278  0.00027047556818187  0.00029100189994290  0.00031387645759748
  0.00034053787229342  0.00036502991753483  0.00039068045640942  0.00042064805744425
  0.00046263683678769  0.00051209208394643  0.00056578651959876  0.00062403701185606
  0.00067939120084721  0.00075652530507040  0.00083395048008946  0.00091948085234744
  0.00101170082533350  0.00109918994473236  0.00123396116938544  0.00139394778192223
  0.00157965140478794  0.00189506524771882  0.00217453349866806  0.00254961540827134
  0.00352082263442555  0.00506134777695197  0.08206559041831253  1.00000000000000000
  0.00000278322773474  0.00000285419694191  0.00000293319271162  0.00000302018844480
  0.00000311610440573  0.00000322244222181  0.00000333885508955  0.00000345851438526
  0.00000355431417701  0.00000365168866486  0.00000375147390619  0.00000385953532290
  0.00000397974168478  0.00000410426602788  0.00000423595215791  0.00000437948945688
  0.00000453563012389  0.00000470564212594  0.00000486764722965  0.00000504141511954
  0.00000524926110852  0.00000548489613942  0.00000573629355613  0.00000601956825927
  0.00000634958165430  0.00000667160350616  0.00000697114736025  0.00000727185895110
  0.00000758128394099  0.00000789638598320  0.00000829536701772  0.00000870646004012
  0.00000914675229352  0.00000962520980122  0.00001013383542538  0.00001066419309486
  0.00001127929215217  0.00001191486157531  0.00001251833113711  0.00001311269905314
  0.00001371455903039  0.00001435756702482  0.00001508463105318  0.00001587191095084
  0.00001665263379110  0.00001748276961820  0.00001845756286668  0.00001956564500514
  0.00002081654420606  0.00002211083738470  0.00002347276130557  0.00002499276609526
  0.00002655604541585  0.00002827673206519  0.00003029265056479  0.00003245333824493
  0.00003470264341692  0.00003702767917789  0.00003950790433056  0.00004213180441326
  0.00004495834140868  0.00004805971905616  0.00005160430787892  0.00005564552578684
  0.00006024654393900  0.00006526997946826  0.00007089635974034  0.00007744885332782
  0.00008470345174432  0.00009318128416132  0.00010305799196450  0.00011472582895699
  0.00012718048466570  0.00014034131682509  0.00015433493376707  0.00016975848479859
  0.00018814472706514  0.00020886190928754  0.00023392726012342  0.00026704401730917
  0.00030989237174079  0.00035463569226003  0.00039659584697877  0.00044273967487304
  0.00050084865826587  0.00057356235349781  0.00066460478936691  0.00079618466835326
  0.00096395058595044  0.00116521698855214  0.00139659838581013  0.00176886358750759
  0.00269390931821661  0.00434487964520529  0.02084847951684779  1.00000000000000000
 -0.00287944809711373  0.01114147168896670  0.02334752919206432  0.03661848515978519
  0.05017903270266248  0.06283680847373260  0.07468428765404633  0.08540120832454824
  0.09556288759976354  0.10564759721951011  0.11631990599294406  0.12711915201807020
  0.13794848017432795  0.14890208146451231  0.15953918356698116  0.17010984374014917
  0.18021406963047407  0.19110310731006663  0.20239595575150127  0.21355105480500333
  0.22465962344403187  0.23511910980110071  0.24616661723646333  0.25654134387433558
  0.26613594356727843  0.27470374692619076  0.28242063800634759  0.29024612389608212
  0.29879386895810894  0.30699034518906121  0.31569644099964833  0.32386582681991388
  0.33172204076122397  0.33921509352982709  0.34735205750632786  0.35607608495275245
  0.36712801256066602  0.37778246759884143  0.38861101475184257  0.39938284259547940
  0.40922997629916730  0.41873447058368773  0.42833136451643017  0.43835503632668976
  0.44982990478237411  0.46220554496148070  0.47430432414705825  0.48635847505483115
  0.49767484557800618  0.50819480001158379  0.51817926109709611  0.52849914525271058
  0.53942168722879336  0.55005398341137868  0.55997595666913402  0.56963036423677449
  0.57985695998734488  0.59108322248441247  0.60246125546244333  0.61296366169423067
  0.62352443386291689  0.63503033214393723  0.64747200594566079  0.65823572857738466
  0.66832901249665866  0.67814840047909264  0.68812575809548837  0.69746806090184765
  0.70674663409494665  0.71685508012877464  0.72910632039514234  0.74170812502238126
  0.75462970603529211  0.76644894911465378  0.77841051087457414  0.78853311545093030
  0.79804477655429562  0.80731710016295033  0.81611643525072131  0.82450043042998811
  0.83314239586363448  0.84180132006638375  0.84958911780725621  0.85676927235490485
  0.86393216889315327  0.87172279506057981  0.88103432512696200  0.89109699824979616
  0.90173079857485960  0.91384096564096917  0.92797850812204330  0.94235284321115709
  0.95566593860757487  0.96988342287512541  0.98501265319677256  1.00000000000000000
 -0.00312938045402508  0.01262633814396385  0.02520402156717773  0.03617135395547763
  0.04598846934346203  0.05541736140720977  0.06576151343888649  0.07699500943953035
  0.08807464819399244  0.09872635337877100  0.10989993997737768  0.12212966563496738
  0.13465586881354014  0.14620568613041299  0.15635011828826631  0.16616537581897556
  0.17674583965074475  0.18834760719262011  0.20035347492472616  0.21240998436083849
  0.22483895644885954  0.23704042536904929  0.24728443130556110  0.25703730736549885
  0.26704117545124084  0.27861416552532092  0.29034833082933692  0.30040389609148899
  0.30924781680943259  0.31782545381127247  0.32678297078600760  0.33708648900417459
  0.34821504907431000  0.35988773402608876  0.37165517776292339  0.38435148946100495
  0.39574662900581564  0.40792803619220663  0.42032459352520529  0.43437254019520505
  0.44672842264166929  0.45804906781308247  0.46858847170343726  0.47894368774286472
  0.48889164773962102  0.49915935415152746  0.50926917995132071  0.51941746781921561
  0.53035660006168117  0.53996332940404468  0.54907459581575813  0.55832699873430292
  0.56834583195620070  0.57869750685039811  0.58837182433025093  0.59791418181244949
  0.60748528450487882  0.61960370361981354  0.63031672959319918  0.64182214034337126
  0.65262192058006285  0.66436606506710516  0.67461415350337395  0.68485013462372879
  0.69487673472871114  0.70601142427729713  0.71742481639686373  0.72870270738562914
  0.73865407331239974  0.74814125347685267  0.75744323056189111  0.76612634943207336
  0.77457361509311240  0.78288077357458818  0.79153915027221411  0.80068868074377209
  0.81036747893876315  0.81900098547557731  0.82762931261826445  0.83573878743901531
  0.84495982339745712  0.85572045564636900  0.86716715346062967  0.87835244225035281
  0.88958126637069479  0.90049958565790789  0.91050427166496517  0.92029185280173731
  0.93028750615281819  0.94033619317782047  0.95017498658765542  0.95976965090354593
  0.96982294599954244  0.98024588154217940  0.99036464683424508  1.00000000000000000
 -0.00264200644724839  0.01482728684432307  0.02809981666499568  0.04093514499058243
  0.05326806144507350  0.06599760350593356  0.07853822671744658  0.09098931458121731
  0.10247885366491162  0.11317124063523414  0.12401586097969272  0.13541167882236740
  0.14823259740618158  0.16157805608163900  0.17402526315329805  0.18497144517136885
  0.19568319477679250  0.20691161742850533  0.21990214297216193  0.23357242116339680
  0.24655910839386999  0.25922394582945962  0.27117090786704434  0.28251058144148250
  0.29382466384167621  0.30602705434127764  0.31754458145314324  0.32886661442044052
  0.33932640547193194  0.35058438148356047  0.36141396384227620  0.37231523166499719
  0.38348252066567878  0.39541226013762665  0.40804466851797411  0.41974218995506479
  0.43129677712705672  0.44227049977327998  0.45347788905288705  0.46453049455291179
  0.47633963958396958  0.48797874082388709  0.49939291195349933  0.51074124151465317
  0.52212394964534858  0.53223897979481172  0.54166495570115447  0.55221602477604614
  0.56305043790925946  0.57400196316675778  0.58429815621362291  0.59573165414025209
  0.60817712541472246  0.62113916690381299  0.63351697810945384  0.64577361617665130
  0.65769974342098692  0.66911706447183394  0.68003799351990946  0.69007735149188221
  0.69998569963573953  0.70974329700333005  0.71867218808397471  0.72712974000316077
  0.73525105925795720  0.74406497761469992  0.75342704973372110  0.76359032189645959
  0.77297981411333683  0.78151281405760997  0.78941516919482835  0.79749527550840749
  0.80603040058085096  0.81489566142019021  0.82378430114508494  0.83270141269528586
  0.84210710056084770  0.85155359408182707  0.86162236865040831  0.87200062395455347
  0.88120246995043428  0.88976518694355056  0.89776634339680539  0.90503727125555433
  0.91205754503262260  0.91916914693805318  0.92653618159181872  0.93430112770186324
  0.94287387452927873  0.95153754694762893  0.95945966305568575  0.96723678477349939
  0.97499756370602142  0.98309843219212423  0.99180388345562498  1.00000000000000000
 -0.00218395452577647  0.01059488002952712  0.02162643108758845  0.03154982958745892
  0.04144733301809762  0.05117260377929804  0.06035520241586395  0.06940660682184586
  0.07870496591438481  0.08895550872667840  0.09978796405881442  0.11090312334850014
  0.12282155854190023  0.13366201260324490  0.14432841367780458  0.15644148345241263
  0.16962404899745012  0.18160073454624354  0.19394789298829390  0.20595663823452254
  0.21754423433764070  0.22775477477833267  0.23671057502959350  0.24553173209619589
  0.25465158235192059  0.26330171511299999  0.27223411673715608  0.28123068712625948
  0.28954255032674686  0.29897192752699009  0.30833480599552143  0.31814537641756124
  0.32811668470064143  0.33865571906336289  0.35077612060236524  0.36334359201355582
  0.37473278748733174  0.38416857121924608  0.39374898208486725  0.40410788260864239
  0.41388539214935066  0.42341822698641268  0.43348641573674290  0.44582869379898765
  0.45807352883555008  0.46825225873601600  0.47766099766800996  0.48710810162528656
  0.49644915236605569  0.50555693208358188  0.51471214487308814  0.52439864291288962
  0.53477318550526076  0.54486899558452861  0.55545403027196094  0.56735213303704157
  0.58032269554355287  0.59238238950496314  0.60369947386652201  0.61468160658497040
  0.62395433226913255  0.63350350792790089  0.64290643357405119  0.65494912126053895
  0.66703950129742151  0.67884243097971697  0.68988727254906301  0.70056754151790146
  0.71073231093884282  0.72094468685343094  0.73157510167354567  0.74210700051627720
  0.75259162982934269  0.76321731197287845  0.77333389037913358  0.78298279324359599
  0.79259907554024733  0.80335163381706209  0.81514533917917043  0.82759371563042272
  0.83995822013489130  0.85280059022940979  0.86611395038509220  0.87884101793750491
  0.89044915819424175  0.90160730531582745  0.91303183958213807  0.92474374535284654
  0.93649168365350555  0.94724502241759079  0.95771743072974280  0.96766493477215199
  0.97664321475279792  0.98444841379459935  0.99194876805528864  1.00000000000000000
 -0.00265544236815698  0.00966446817001614  0.02031606208607870  0.03083498969495078
  0.04134253233707658  0.05144083688295865  0.06025861585893220  0.06925305917985601
  0.07823002726119381  0.08769682089926513  0.09744594184714114  0.10699821308297240
  0.11662395356389749  0.12616016097033150  0.13617382974477338  0.14648381501118535
  0.15677998311850572  0.16600119233217328  0.17623550079977898  0.18671682611950752
  0.19750249617204460  0.20849660907218490  0.21985698032745135  0.23159362267866393
  0.24259039020737613  0.25287860460217193  0.26326746809306567  0.27453177068974116
  0.28712577446877463  0.29975511344404776  0.31172930627525658  0.32238425611131427
  0.33384719268665441  0.34582043792292272  0.35767066541756792  0.36999319231780431
  0.38241254575620592  0.39479080238075315  0.40701588241363512  0.41901127495232210
  0.43054864568854928  0.44145188659509355  0.45225491882488311  0.46261735265423742
  0.47286889189583231  0.48289010951875200  0.49216287530098562  0.50153790177778301
  0.51116459573575601  0.52212683273038563  0.53444311918707499  0.54783969413732692
  0.56016333881573876  0.57036494210112809  0.58014129009485660  0.59037411030490816
  0.60211534793245314  0.61356086128476794  0.62404524109422543  0.63493234026086687
  0.64617709435817383  0.65808903853237954  0.66923512586234013  0.67993868653344702
  0.68994286520572279  0.70015899848670105  0.71039177369983109  0.71982514511335227
  0.72904524020152883  0.73776583683336505  0.74653718815194936  0.75516494943688872
  0.76485427601464429  0.77535125524727799  0.78626889021149504  0.79621285817375109
  0.80572657861820640  0.81576403466442260  0.82593252162947628  0.83609788636435622
  0.84638536352772031  0.85687670083644951  0.86824509930202665  0.87798554898886150
  0.88725891459999828  0.89729421796544273  0.90765613455939809  0.91734671874129259
  0.92650184742111319  0.93625631184799407  0.94738164805910852  0.95821459430350719
  0.96794147212777182  0.97793931598983064  0.98844526572339331  1.00000000000000000
 -0.00004865047684168  0.00029088502238708  0.00061508161859454  0.00084364523320799
  0.00103011851174369  0.00120999179140165  0.00138156652524457  0.00154335212182421
  0.00170715405888283  0.00187053801813743  0.00203380544491547  0.00220558900112905
  0.00235955071899885  0.00251232103065838  0.00266586124281140  0.00281782069564891
  0.00295673316957453  0.00309262550203239  0.00323144941838067  0.00337850349320220
  0.00353491252486324  0.00367091097942334  0.00379644705707267  0.00391688353884474
  0.00403668119993874  0.00417153966258788  0.00431430969926875  0.00445587920197608
  0.00459402298777298  0.00474443926783635  0.00488336198875007  0.00501637600193452
  0.00514001959562118  0.00527163864297553  0.00541260576820824  0.00556434323873676
  0.00574099887553524  0.00599428211934235  0.00627280203472872  0.00650816353530546
  0.00669478508666935  0.00685875058444294  0.00700215058321338  0.00713434239993367
  0.00726206775208282  0.00740250813674460  0.00754697207596821  0.00769788232610958
  0.00789192678134966  0.00813351307113056  0.00848752022868289  0.00894542632567781
  0.00936000157093606  0.00974396139567354  0.01011971569363873  0.01085196147129811
  0.01165228364404547  0.01189348715228678  0.01207730246204090  0.01229609189469645
  0.01254363970579645  0.01273203153198615  0.01298195071790925  0.01312647230283520
  0.01320176809222269  0.01327353285297577  0.01334766750706167  0.01342173782445778
  0.01348458649577061  0.01354743516708344  0.01362786646773939  0.01372578362946411
  0.01406369582646209  0.01448034203256748  0.01507291760077848  0.01533709713248944
  0.01560127666420040  0.01586545619591136  0.01692649713438243  0.01742016727503419
  0.01797112480607325  0.01841352479221832  0.01879007282142333  0.01915134422868112
  0.01950894710945171  0.01984926432128924  0.02018547212832121  0.02159943837091622
  0.02581364145273401  0.02726138517122148  0.02765816841340074  0.02806321386287221
  0.02847991930779605  0.02889662475271989  0.15979545774825249  1.00000000000000000
 -0.00220165370536446  0.01000791952642869  0.02031463186942572  0.02969610709542577
  0.03958355448840600  0.04853876074126243  0.05749046897624377  0.06693636118556018
  0.07685814993131271  0.08703874510512426  0.09718209652902082  0.10814018090207753
  0.12047181486794391  0.13286013226824761  0.14455117782923263  0.15613660238358384
  0.16769953976540020  0.17905820516548823  0.19061920195357865  0.20231953528171565
  0.21309589377631730  0.22307167216846599  0.23265654437983671  0.24216419111959658
  0.25125615708423910  0.25992874209034011  0.26858192920995677  0.27799351505302733
  0.28748551646172588  0.29734103407028101  0.30771099344808017  0.31844465796251198
  0.32858276026257782  0.33746877806756703  0.34632739541230584  0.35540989260207195
  0.36465221620314453  0.37388556484007823  0.38279777869248388  0.39179096732420826
  0.40157409828691498  0.41204189011889031  0.42284662050635369  0.43291091748202476
  0.44322277275108274  0.45348204362068939  0.46261913027893370  0.47096406229995419
  0.47888988396177518  0.48638372704109917  0.49387834468453007  0.50093132184674916
  0.50842938614154443  0.51591217365948605  0.52460431455139067  0.53260255740018581
  0.54104048815444594  0.54922767988942467  0.55859254492838528  0.56842398172270425
  0.57877706578949684  0.58914169306989683  0.59999928112897216  0.61080812462552436
  0.62190469144229465  0.63353264068187620  0.64500660890575745  0.65633391282235631
  0.66752833092866848  0.67846569331558892  0.68902321409337530  0.69851089860591220
  0.70921598773694439  0.72005002890287040  0.73102224872998534  0.74195382272279398
  0.75366923935534291  0.76687290409523423  0.77908988023510040  0.79075986645991880
  0.80206934858262868  0.81287652862700310  0.82493916641104925  0.83825172302473383
  0.85180718602036087  0.86516582227544570  0.87754923617806946  0.88992291774791377
  0.90269441816534424  0.91560304239109391  0.92992358526144536  0.94389371282542400
  0.95931011645495046  0.97295454494237954  0.98702917848834559  1.00000000000000000
  0.52948634928962413  0.56480162675451628  0.58299940986201326  0.60061714887680007
  0.61801936594614437  0.63263901571284364  0.64405370158006114  0.65245695858809982
  0.66054837617711404  0.66703682755038751  0.67196316279651358  0.67634896852880366
  0.68047636657802357  0.68526129832141258  0.69143053491300899  0.69918106392460944
  0.70775661297209969  0.71588045901034758  0.72292118985244003  0.72947279360050898
  0.73535253458365291  0.74066542223586040  0.74557207147299021  0.75018303185761015
  0.75507120693251151  0.75989104701949484  0.76490196499590313  0.77003196898714776
  0.77513693306467257  0.78020177267731072  0.78541177671201468  0.79054931974204024
  0.79527625255796230  0.79976763803539652  0.80398833288538563  0.80840267622877049
  0.81275353598195332  0.81704243819772970  0.82111173668535520  0.82511507209493806
  0.82912039305995788  0.83307142198876150  0.83674835352151600  0.84067239705793995
  0.84470525907682104  0.84868036434574723  0.85227266895552145  0.85562674737287525
  0.85945588418103547  0.86336971079103098  0.86751107344386125  0.87147542115035459
  0.87522854012497453  0.87878230785386702  0.88231843683288569  0.88598400891316431
  0.88982700265636583  0.89361161829173297  0.89695782155686721  0.89995653603503600
  0.90295793503913890  0.90596484891538986  0.90904662592868435  0.91205309269546153
  0.91504037203877708  0.91790694047529708  0.92073749119715931  0.92350654632264761
  0.92628076577091445  0.92907837244956049  0.93185156571854655  0.93450960524187920
  0.93717014748331828  0.93975506484694549  0.94251971559096803  0.94532992647150305
  0.94826338535962407  0.95123551410857932  0.95424012965077276  0.95697703005701240
  0.95965429124361712  0.96230230163759167  0.96492797792913654  0.96760052771434357
  0.97028098341759628  0.97284658769266952  0.97546333969453203  0.97792405942962424
  0.98032656178681443  0.98274701379612905  0.98528365076098701  0.98790053103497932
  0.99060838651504390  0.99350939410409955  0.99665534294602098  1.00000000000000000
  0.01983582518901912  0.14520324834859649  0.16190608063978285  0.17518165315415143
  0.18665402221776070  0.19613357492421554  0.20515331748490262  0.21291494562025298
  0.21947188124302894  0.22518196484790282  0.23058799205415562  0.23586587168287668
  0.24101102463402779  0.24783511159378549  0.25427536922214145  0.26073578666908714
  0.26694048596957182  0.27234147709571299  0.27733687907699800  0.28229670770830456
  0.28732528298682897  0.29254384788419052  0.29754524704748941  0.30288160007062814
  0.30845431277334234  0.31436958615798449  0.32031544455779432  0.32593461635524723
  0.33114014751214549  0.33594631572976175  0.34087476034330505  0.34594698918853839
  0.35150446588406953  0.35683303949872491  0.36161677128082659  0.36625775987811637
  0.37117347099818143  0.37621160611690863  0.38060476345441385  0.38471022463103122
  0.38873909298107706  0.39304089967033179  0.39793158847400972  0.40276201037627674
  0.40748705937807195  0.41220456863209848  0.41680550941021988  0.42140150935367421
  0.42606568321869398  0.43053161014345931  0.43509142846386750  0.43979026514903446
  0.44464299620378217  0.44929955918455006  0.45397498482585269  0.45859407318573153
  0.46338795583511477  0.46838985639236458  0.47304617335676913  0.47787166576510665
  0.48266408101606423  0.48793024121698136  0.49331155311562008  0.49863118106541088
  0.50462213456999416  0.51087658494566424  0.51738739559257396  0.52425314571553683
  0.53173431564605311  0.54002658454824148  0.54774495112485999  0.55482865568440809
  0.56136415033617126  0.56818449430278317  0.57473077665123562  0.58129090910458159
  0.58826295310119014  0.59589514189204629  0.60394049913783487  0.61200308140615267
  0.62059054823947390  0.62990487190816613  0.63991383809764246  0.64959470080577164
  0.65986646897445167  0.67052264708202058  0.68182312951605872  0.69383691156766336
  0.70764931307507828  0.72367077391498791  0.74303991183305496  0.76808908704997347
  0.79821393182910860  0.83780678822053556  0.93977479098520089  1.00000000000000000
   2.4006022024580803E-004  -1.0000000000000000     
 F F F F F F F F F F F F F F F F F F F F F F F F F F F F F F F F F F F F F F F F F F F F F F F F F F F F F F F F F F F F F F F F F F F F F F F F F F F F F F F F F F F F F F F F F F F F F F F F F F F F F F F F F F F F F F F F F F F F F F F F F F F F F F F F F F F F F F F F F F F F F F F F F F F F F F F F F F F F F F F F F F F F F F F F F F F F F F F F F F F F F F F F F F F F F F F F F F F F F F F F F F F F F F F F F F F F F F F F F F F F F F F F F F F F F F F F F F F F F F F F F F F F F F F F F F F F F F F F
  <DiscreteSampler_grid>
  grouped_processes
  1 # 1 for a reference and 2 for a running grid.
  10 # Attribute 'min_bin_probing_points' of the grid.
  1 # Attribute 'grid_mode' of the grid. 1=='default',2=='initialization'
  0.0000000000000000 # Attribute 'small_contrib_threshold' of the grid.
  0.5000000000000000 # Attribute 'damping_power' of the grid.
 # binID   n_entries weight   weight_sqr   abs_weight
    13   10   1.513261794856880E+001   7.335491645693977E+002   1.513261794856880E+001
    14   10   1.513261794856881E+001   7.335491645693985E+002   1.513261794856881E+001
    16   10   7.529048848789854E+001   4.625550599310530E+004   7.529048848789854E+001
    17   10   7.529048848789837E+001   4.625550599310506E+004   7.529048848789837E+001
    22   10   1.513261794856880E+001   7.335491645693974E+002   1.513261794856880E+001
    23   10   1.513261794856882E+001   7.335491645693994E+002   1.513261794856882E+001
    25   10   7.529048848789851E+001   4.625550599310525E+004   7.529048848789851E+001
    26   10   7.529048848789837E+001   4.625550599310506E+004   7.529048848789837E+001
  </DiscreteSampler_grid>
