  0.00298891548630248  0.01434705803452066  0.02708128964116133  0.03881259979803452
  0.04992316356438128  0.06080624927174523  0.07208671379226649  0.08414472417650704
  0.09633821676421113  0.10789516897392631  0.11882734323488481  0.12954706668352553
  0.14017658228034183  0.15102002946933518  0.16162417783785221  0.17172687800666250
  0.18196449773307244  0.19264331191135239  0.20424342917811333  0.21555237870720936
  0.22672661452615120  0.23785799918767689  0.24862798460086782  0.25883303940306424
  0.26913805077374625  0.27966031893916249  0.29029803931484927  0.30122993751636112
  0.31233309304678492  0.32407905369933632  0.33542274165238722  0.34634986348467023
  0.35747480680113258  0.36804325221218842  0.37828103521877332  0.38820992055051562
  0.39825902920046080  0.40850381926245743  0.41887306971352167  0.42937689754965552
  0.44011358329401151  0.45062279819117501  0.46139147468800240  0.47283887616282505
  0.48412818915437522  0.49475192430807108  0.50530470601498212  0.51577727579553234
  0.52611583291671271  0.53649756009761340  0.54679599315982219  0.55751121655712299
  0.56803978969381586  0.57869731878712294  0.58926991653847793  0.59977505190968239
  0.61028511911575389  0.62105203447713575  0.63189402323088872  0.64271183636937701
  0.65295020018291616  0.66277957768843010  0.67239543965462278  0.68213510466890204
  0.69242629264295519  0.70261452733478880  0.71261235836913439  0.72228568234288770
  0.73231174245643738  0.74264816219363805  0.75315274591356884  0.76386918888577893
  0.77475504322983491  0.78513200050827225  0.79514351912782910  0.80513898857613209
  0.81559977934532057  0.82626294716701187  0.83690118931786961  0.84743114014552179
  0.85759826339542278  0.86780659878537425  0.87839591123430472  0.88887836745278226
  0.89874322868093381  0.90792489342501892  0.91725131863004894  0.92710799880121142
  0.93711086479918326  0.94663999456989834  0.95593926124111139  0.96507745556390645
  0.97412795391753459  0.98301699741558468  0.99143277118781681  1.00000000000000000
  0.00256830114917691  0.01396107366236855  0.02664225760511536  0.03874011155239709
  0.05073715172291712  0.06256790899668270  0.07429914616440243  0.08554643533922950
  0.09639161825803366  0.10703475542246389  0.11772750329177167  0.12855242988724677
  0.13937910200850970  0.15003505815018459  0.16089867168413488  0.17194635162640914
  0.18275850913097011  0.19303468456519629  0.20276419735778764  0.21248270240712536
  0.22253819770937974  0.23305816334302257  0.24340049582202233  0.25351206857849096
  0.26354401784787129  0.27356532081890039  0.28354565492904565  0.29347249370869150
  0.30343738659294212  0.31405976149795428  0.32491934961119190  0.33585267685268544
  0.34659161531823313  0.35727886118746671  0.36803393183475847  0.37865848291129345
  0.38893128044204872  0.39911030707884371  0.40959188131995866  0.42058187999128011
  0.43169912723137283  0.44251196197688841  0.45295692275443422  0.46337977859084900
  0.47405697853717621  0.48492286802373996  0.49560069202001278  0.50609752622531845
  0.51659263908968700  0.52696205343069402  0.53712799772278430  0.54712382478772303
  0.55712060778376948  0.56716299029248252  0.57724832523743508  0.58746812161804296
  0.59777984268837203  0.60820366821610716  0.61866135755657459  0.62946777218431049
  0.64044016594600695  0.65129076455966717  0.66199119174847676  0.67245304976095555
  0.68282185385796035  0.69328802415914914  0.70385417603196920  0.71475935021015691
  0.72601450675293522  0.73732359399836922  0.74839615069878485  0.75903076963650695
  0.76950371093105074  0.77991001638338076  0.78989784638132454  0.79961918856864478
  0.80926101151283847  0.81905478887944261  0.82889728292632836  0.83861805119000965
  0.84865329269125067  0.85877531377603011  0.86921412065557935  0.87933920633475304
  0.88960986743127135  0.89988236017907619  0.91039236390908296  0.92065398200782678
  0.93109207461788246  0.94146422330997248  0.95141836147544867  0.96143138961585450
  0.97100137646428408  0.98082420313516561  0.99026689706804094  1.00000000000000000
  0.00000283479117209  0.00000319426193469  0.00000342211586741  0.00000363419856028
  0.00000385548482899  0.00000407791601842  0.00000433535292097  0.00000468898242853
  0.00000513756956313  0.00000566776643620  0.00000629135574257  0.00000704359114252
  0.00000793483391685  0.00000899829959938  0.00001031395884127  0.00001194889501489
  0.00001386376385626  0.00001604996506277  0.00001850368633861  0.00002131650484174
  0.00002455833462553  0.00002835504532372  0.00003285899313160  0.00003809114591843
  0.00004403612085290  0.00005036638571164  0.00005722052240017  0.00006488525893404
  0.00007346756660669  0.00008272591568881  0.00009276498804461  0.00010378694360265
  0.00011554649162127  0.00012800663525384  0.00014166131655924  0.00015643159040500
  0.00017227134612033  0.00018905512743757  0.00020651243586767  0.00022488769809750
  0.00024439627904591  0.00026516262114284  0.00028721568075535  0.00031140597867157
  0.00033578651041118  0.00036078536134368  0.00038744280094873  0.00041665955059942
  0.00044739809256003  0.00048051103542777  0.00051440220129135  0.00055106074221597
  0.00059018637838444  0.00063054506676785  0.00067068430039791  0.00071168077886711
  0.00075496271393111  0.00080018806156900  0.00084805155311713  0.00089803717796221
  0.00095038279789437  0.00100938843498184  0.00107256258941706  0.00114641044132851
  0.00122492395901880  0.00131237845574059  0.00139758013446121  0.00148344303847290
  0.00157806947083333  0.00167606598684314  0.00178218071577967  0.00190638622997569
  0.00204347082151754  0.00219061542359780  0.00234338182048168  0.00250070969922904
  0.00266744302522030  0.00285251258085523  0.00308530850977194  0.00334236090415625
  0.00360177826509553  0.00386508203892641  0.00415121010933269  0.00448771975868455
  0.00490572193009519  0.00537295865095971  0.00584024827488542  0.00637457820941511
  0.00694463968229244  0.00754870293247998  0.00822697273533847  0.00914944729355657
  0.01031392997382198  0.01262788993929099  0.52928288808182133  1.00000000000000000
  0.00000305298041820  0.00000371227424339  0.00000449151961559  0.00000543866456214
  0.00000644154936313  0.00000756833434606  0.00000878365948791  0.00001011653602570
  0.00001160740999291  0.00001319646804493  0.00001482258861546  0.00001661643978289
  0.00001860609939516  0.00002085462547232  0.00002342171238257  0.00002634655521686
  0.00002971432594804  0.00003360197879172  0.00003811863802431  0.00004358058367191
  0.00005041369588434  0.00005854122281688  0.00006750839247310  0.00007747567298797
  0.00008800725255470  0.00009896774928672  0.00011035856805274  0.00012198072015114
  0.00013381810575806  0.00014598910986408  0.00015836812906616  0.00017104031758630
  0.00018434842801113  0.00019826000163312  0.00021291028382245  0.00022816386843295
  0.00024428337267779  0.00026133909417274  0.00027862133280711  0.00029719835440953
  0.00031620886310922  0.00033733943491326  0.00035995794028939  0.00038436536103338
  0.00041142106458084  0.00044045108701699  0.00047127545389684  0.00050357551064464
  0.00053612333224088  0.00057030569611222  0.00060646090183569  0.00064518871509223
  0.00068618538252907  0.00072750875437008  0.00077027011590329  0.00081515761803227
  0.00086362250188453  0.00091694073836750  0.00097254260745300  0.00103120665241504
  0.00109092251242081  0.00115698192283234  0.00122635675570788  0.00129837272262130
  0.00138059706282733  0.00146998227091106  0.00156108183331102  0.00164997988353946
  0.00174206087977643  0.00184528282594828  0.00195518690940477  0.00207203681327736
  0.00218851298308247  0.00232875371225128  0.00249198007598301  0.00265797549116988
  0.00281985953237160  0.00299917489916324  0.00320283011878982  0.00340748752455539
  0.00361445353067703  0.00379725096702020  0.00395819268376579  0.00415072768872412
  0.00435529460121082  0.00456390610787998  0.00477879497790846  0.00507138722543164
  0.00538746687465258  0.00583256909958472  0.00642097080665932  0.00720896698862146
  0.00803142200977581  0.00905100142681796  0.02281105691089996  1.00000000000000000
 -0.00202734038019860  0.00781952476798661  0.01692465464877907  0.02682053750786779
  0.03721050969532484  0.04728611146231665  0.05667727090679169  0.06548590962440698
  0.07396202715847201  0.08248620621390730  0.09102246686994699  0.09982875234388837
  0.10869390690089073  0.11794420069104353  0.12666681741119559  0.13560469681337112
  0.14437662653027983  0.15343653895237330  0.16268162165528852  0.17178443193725962
  0.18076990220654385  0.18967804261112264  0.19864687798957920  0.20776269416930573
  0.21701384554379510  0.22634761559714545  0.23557493103739413  0.24466656648494550
  0.25389889694170803  0.26351377951316657  0.27341413180177188  0.28322409511092955
  0.29287025439749725  0.30245495248657928  0.31217067623215250  0.32205593572524521
  0.33200255822781033  0.34183447634774683  0.35144221556468419  0.36098687891503828
  0.37049035738095804  0.38019406508007725  0.39015612241191183  0.40026204673540022
  0.41030903277788922  0.42035581047810799  0.43052650729997644  0.44090027685959787
  0.45141497890891652  0.46176117716951581  0.47200648311606841  0.48219611288535236
  0.49268993971749997  0.50320684864143661  0.51391798129128152  0.52492371960747219
  0.53620217236714229  0.54754991073083525  0.55886257494077163  0.57029761496525355
  0.58171217862676106  0.59308737551990964  0.60459473880788672  0.61627321600509744
  0.62797657630281756  0.63967261045478097  0.65142798183214301  0.66318342239458961
  0.67484250277724556  0.68658951076277097  0.69808468601973217  0.70930288929858787
  0.72071457977837239  0.73257250941211804  0.74441508143668655  0.75590541287541468
  0.76751525204611837  0.77943543016609029  0.79135892151831444  0.80327086294480654
  0.81573827605742133  0.82819810031490904  0.84044022373609606  0.85242457961109863
  0.86416684376397568  0.87592550506231404  0.88793888757894823  0.90065307652728366
  0.91375440239656658  0.92726900836599124  0.94081176168116531  0.95361106533841866
  0.96526731708407831  0.97699215682373464  0.98868732919269586  1.00000000000000000
 -0.00275591960499721  0.01039471530743800  0.02151848725004068  0.03234955873769827
  0.04302798178072235  0.05330108187761940  0.06416395591421543  0.07474028382519092
  0.08502109034111417  0.09517897518038697  0.10545807556322194  0.11656671192476468
  0.12779993454637825  0.13797581593495800  0.14803386260772247  0.15788060848398561
  0.16870418605604179  0.17884556401703511  0.18887230302742897  0.19897703171273717
  0.20971630584692622  0.22061890042004872  0.23167725182078786  0.24268120226673306
  0.25361637743507831  0.26458012122530100  0.27522282785586794  0.28565110682287687
  0.29585204683673122  0.30612840680069564  0.31648573833127713  0.32708838876321122
  0.33762067553601921  0.34838204828963876  0.35895893990940125  0.36990596069496146
  0.38052604599104611  0.39092696702281210  0.40122518666245161  0.41161386068166267
  0.42218316865471411  0.43294872888372610  0.44404721329896918  0.45477544380187368
  0.46470353016746696  0.47454099846802822  0.48459991750646497  0.49535253817084468
  0.50634505932528728  0.51716490296447215  0.52787337254298505  0.53829362019128912
  0.54855059483627744  0.55902066690129826  0.56921550959689204  0.57922841130842484
  0.58923735791528065  0.59958462972237980  0.61013236154749173  0.62056554887142656
  0.63130948324890046  0.64208697549671301  0.65297297018352540  0.66378529225001448
  0.67444899664389579  0.68495708713431558  0.69508011099883138  0.70597181498449113
  0.71690031244894892  0.72799092189723835  0.73885568909728427  0.74995862865728291
  0.76062932885270462  0.77095589110475660  0.78119324986277561  0.79174541025469958
  0.80249605796480727  0.81338707921277720  0.82429834829912840  0.83477564546586547
  0.84475440602280105  0.85464764928055315  0.86483676087558092  0.87585892538573495
  0.88634877839992099  0.89697762792326297  0.90725137115501076  0.91753014059132598
  0.92771211055183611  0.93815609356681307  0.94894068543804888  0.95978417079166467
  0.96989404465366291  0.97987874713293799  0.98986367689356725  1.00000000000000000
 -0.00250634179755238  0.01073294031734630  0.02194812600201347  0.03461976863357354
  0.04689780262739485  0.05874833055945099  0.07012932012968223  0.08132234130423943
  0.09249449218988398  0.10325576292707941  0.11402119675509657  0.12433850085907297
  0.13459176911026194  0.14479458858607810  0.15522605573055404  0.16564836733041843
  0.17597987582360378  0.18625170878554634  0.19656684392978513  0.20673890067674394
  0.21686222515065970  0.22705791015156715  0.23748370899708368  0.24815054710178572
  0.25856104117588319  0.26861079209265137  0.27813034834311351  0.28761168349244959
  0.29710102474681654  0.30673019940704571  0.31632442570804709  0.32586543153082881
  0.33562782378995798  0.34569305607262990  0.35603934606628845  0.36660321212841246
  0.37692512571330483  0.38687222943799499  0.39668695869195530  0.40657278438139927
  0.41682658447537724  0.42730769300643984  0.43777483031826292  0.44795770456027134
  0.45807907926997271  0.46795153912348891  0.47836471901008915  0.48846182964758733
  0.49872971309522268  0.50897850823121626  0.51928599301195033  0.52955724116113234
  0.53962682214453228  0.54995285831164187  0.56044336720421783  0.57098324165562331
  0.58096621412750882  0.59058059322416279  0.60013648089625427  0.61016703126884619
  0.62103122976658998  0.63149837539108544  0.64177881112428026  0.65182601778541904
  0.66173177857926946  0.67180073095998682  0.68175964912781351  0.69207595458483506
  0.70289466841850679  0.71358946404361900  0.72424005248547674  0.73477684299335777
  0.74514266700099574  0.75541306220471371  0.76558194673392721  0.77608237074776310
  0.78667926643870767  0.79719613302109837  0.80767109043598040  0.81838495142363299
  0.82948073279550671  0.84063353876178970  0.85144206284216795  0.86184120861870150
  0.87240726504661259  0.88376408138104956  0.89583717465190527  0.90845315075326238
  0.92064450793260066  0.93218739182303800  0.94315076264586262  0.95388838471279402
  0.96454277223538887  0.97592315654197237  0.98805732348291564  1.00000000000000000
 -0.00230066495022025  0.00898280355689495  0.01909229870310753  0.03005427079676708
  0.04146361961896737  0.05183479513997712  0.06227333981338736  0.07261754857860805
  0.08349445506632522  0.09411765060424386  0.10461911737405943  0.11496357101349193
  0.12554192439459436  0.13606124171190309  0.14643754131559417  0.15680590018463489
  0.16676449647912317  0.17721127211954849  0.18750961247003717  0.19827738218494734
  0.20835154303733647  0.21867810358068546  0.22938973490381456  0.24065218363906182
  0.25191060492001993  0.26307279867154010  0.27439894058904640  0.28589743825644570
  0.29696302621177406  0.30759501414888979  0.31756769378327776  0.32783456770142105
  0.33788425544723621  0.34835527756564622  0.35849343818856505  0.36887209665638976
  0.37966967103861637  0.38983925169052530  0.39987682921647327  0.40979689437439332
  0.42038916261298087  0.43123089427852335  0.44187804351158455  0.45272801412078029
  0.46393409022678844  0.47519119979179131  0.48593563112194493  0.49624785424493828
  0.50677826297915063  0.51766744915769469  0.52856262126391940  0.53918248864209961
  0.54975005253542575  0.56070359514600610  0.57203470013724078  0.58331974074262649
  0.59375324688241282  0.60360748492134209  0.61349416848987925  0.62385575370839619
  0.63441215417578922  0.64466719551008489  0.65488631753088677  0.66537288550066287
  0.67601234027977042  0.68640766663861019  0.69664378704826402  0.70662136737044590
  0.71684495543017590  0.72732676312890798  0.73828687591462971  0.74897875640417677
  0.75911124582191036  0.76891799102008962  0.77875611411322765  0.78881693366282346
  0.79929715814819124  0.80974865689005815  0.82030911660580030  0.83085644967473238
  0.84228150474629171  0.85356745914603727  0.86433067140981323  0.87498820852241366
  0.88617399162189769  0.89723254668148211  0.90730054167305296  0.91717508116517332
  0.92723630060916717  0.93753431598299797  0.94762619984055141  0.95744912834105467
  0.96819087899666556  0.97851855426844669  0.98924867759814750  1.00000000000000000
 -0.00241834756424589  0.00951822301949508  0.01996714884976185  0.03110417584517015
  0.04205685896209403  0.05284425228202760  0.06348917728488021  0.07419958592042675
  0.08464306923312100  0.09486449603810444  0.10492896589769871  0.11542938232890264
  0.12572609275738064  0.13612970890968371  0.14617254097341512  0.15629917363821699
  0.16659059120395234  0.17729681093889596  0.18831655491897559  0.19917253953023895
  0.21003836270724544  0.22118372435196934  0.23219821047961295  0.24280700792397664
  0.25331642939265808  0.26381984941468467  0.27422097201572265  0.28434302039635678
  0.29465004964953939  0.30520751377206440  0.31637125452893067  0.32749228500104038
  0.33833359739888558  0.34878465393186381  0.35922898006016074  0.36991148001105006
  0.38026246818698817  0.39012209094543404  0.39989477164804871  0.40994545555280015
  0.42058447632267720  0.43114388398803782  0.44149108219881655  0.45153291935182621
  0.46178644280001313  0.47130760668735316  0.48046196459776275  0.48965849125255878
  0.49960425949591430  0.50986963041408395  0.51982291509311274  0.52968521949230052
  0.53983475129436109  0.55035901965235712  0.56088481577935090  0.57169100379029369
  0.58240853263998305  0.59282899136572675  0.60289513802232386  0.61321277536830254
  0.62396904435709877  0.63542682841482490  0.64716669519644543  0.65843886653092087
  0.66910368926310881  0.67922835090612865  0.68927563405535341  0.69951866999018875
  0.71006216306280789  0.72064987303906247  0.73118237169194444  0.74192734582910858
  0.75290075294984060  0.76394726001293545  0.77429999187459042  0.78484318660039520
  0.79555626131202761  0.80673060766746540  0.81754759156079648  0.82864380485367140
  0.83959839543081582  0.85035166979872268  0.86051241166476033  0.87063171069248235
  0.88113130501128079  0.89195613789539274  0.90256862587142350  0.91299915140072752
  0.92369968093313137  0.93476707806237358  0.94577146858116301  0.95625283143099815
  0.96659427518108532  0.97721942369913983  0.98846023785621340  1.00000000000000000
  0.00005680200678339  0.00017330199724212  0.00029663021582392  0.00042513520693345
  0.00050725439066426  0.00058880472130755  0.00066817850774855  0.00073941901935179
  0.00081226925189956  0.00088572912115743  0.00096084729005120  0.00104132290351398
  0.00112128152582970  0.00120198298544276  0.00128343426165020  0.00136477900725593
  0.00144801536924566  0.00152804034111627  0.00160564279725067  0.00168584395733232
  0.00176913457887294  0.00185411698418684  0.00193794137607527  0.00202144056667754
  0.00210501006272320  0.00218935153747797  0.00228047927342829  0.00237590647208315
  0.00247298148404697  0.00257489031972035  0.00267559638945053  0.00277370924174174
  0.00287095200109843  0.00296929543466002  0.00307140694083087  0.00318133297431203
  0.00329148670446935  0.00340644966350464  0.00351959799358169  0.00363624122026689
  0.00375609149091487  0.00388484188926932  0.00402698730953080  0.00417578755783781
  0.00432789108582335  0.00448994064774961  0.00465953886020130  0.00483121863831794
  0.00501194955918060  0.00519869182198661  0.00539470201050509  0.00560104075767495
  0.00580127740064875  0.00597874352467771  0.00613732187268325  0.00629381856593773
  0.00646397835856526  0.00667381382212327  0.00690651066492164  0.00717128790745479
  0.00743543518506466  0.00768348457472231  0.00792465896384936  0.00819643369599645
  0.00847523947529731  0.00871400323779091  0.00894789073858967  0.00921060817395015
  0.00947978263368194  0.00970807257056712  0.00989636198772645  0.01010410724097275
  0.01036842882667162  0.01070298685672285  0.01107272923815889  0.01142572776844330
  0.01181997686847812  0.01214867263825159  0.01246137460667492  0.01282796534587624
  0.01329330212123927  0.01381745153259733  0.01425403605823584  0.01471454393202981
  0.01535870918812582  0.01650075853161664  0.01749129170002247  0.01810840939430031
  0.01875756373916705  0.01974040259609318  0.02206790507608896  0.02415567133851163
  0.02602567343444240  0.03036697249056166  0.05196462961993207  1.00000000000000000
 -0.00240647266617077  0.00874348077854813  0.01816554622638504  0.02756295321952455
  0.03708825494783229  0.04694825205940863  0.05679761876246629  0.06648883391481608
  0.07595831990126839  0.08555355066518210  0.09568119772107814  0.10615366084977408
  0.11671462751850165  0.12718112036562576  0.13771795125665723  0.14853834649436784
  0.15946253379622105  0.17010822557537303  0.18031787517686657  0.19043554216794473
  0.20084274616047995  0.21174897421560934  0.22302882844367339  0.23443989004805876
  0.24580712624630963  0.25694740736878113  0.26787685911521303  0.27875531050762364
  0.28971745346197009  0.30076482956433043  0.31184570689273355  0.32292176191456223
  0.33405974864879157  0.34523882558423957  0.35637058962449303  0.36739370534567822
  0.37821343530524587  0.38929320146208662  0.40043082201794961  0.41155021611694825
  0.42234527255269116  0.43295401689211421  0.44341197081921646  0.45396610444245417
  0.46470218427822524  0.47559445672853551  0.48657353942402909  0.49768546249658618
  0.50892778896958624  0.52019631241416853  0.53136488318813868  0.54245264380013725
  0.55348270516845577  0.56470022776772788  0.57573203984298360  0.58617033413930431
  0.59615943465865284  0.60651791995312021  0.61741830812796761  0.62859526616207573
  0.63956617002054850  0.65054420768732879  0.66131356810132436  0.67226454739573294
  0.68344311421930037  0.69455491084070542  0.70538444915992637  0.71606739002945086
  0.72686149566858993  0.73810297553028625  0.74977320961419414  0.76143705935606321
  0.77248663576961207  0.78315403247180426  0.79358783658302368  0.80397476190625006
  0.81408515179526109  0.82368913954693757  0.83310429850786916  0.84257894644058162
  0.85246458660558988  0.86217174454092882  0.87155742084973908  0.88137623155153122
  0.89154333715253709  0.90135330751066145  0.91090068530386681  0.92060812032053085
  0.93091020908811972  0.94138004241871487  0.95180658398164253  0.96169021642748043
  0.97163941562424561  0.98108313907268274  0.99080092602202363  1.00000000000000000
  0.35181090140865695  0.58149618068493958  0.60089550589136487  0.61629640319510204
  0.63021358843280995  0.64304263870858913  0.65449523886082372  0.66516766046305920
  0.67503073109799705  0.68400706289047186  0.69231461011585005  0.70012041915202716
  0.70772745657904368  0.71490578361372670  0.72188070825829664  0.72852630639015270
  0.73476283204154524  0.74069693141709281  0.74645562223458917  0.75206539387581839
  0.75740439119445235  0.76254044374360253  0.76756008366924899  0.77249806926335618
  0.77725316585113591  0.78189422392524821  0.78638775544114503  0.79086170195655836
  0.79516323667198729  0.79926741969281967  0.80317804873465815  0.80696685654731559
  0.81074000173236171  0.81441005973746439  0.81790443035268900  0.82130516475928983
  0.82457914395631349  0.82779547727998970  0.83089726006484121  0.83397567008306117
  0.83689680693518476  0.83974877675546489  0.84261240032660989  0.84551617147167246
  0.84837524774867468  0.85128873043243158  0.85414452408166219  0.85698833709236510
  0.85988121949315377  0.86283703098190145  0.86572524566583842  0.86848100849267851
  0.87116589339703210  0.87385439779448015  0.87659528650946472  0.87938732050158319
  0.88215906613951323  0.88486474522969305  0.88760873780386540  0.89040189223973065
  0.89316214129277816  0.89588997930790060  0.89862280123301019  0.90124852022784019
  0.90391230925872168  0.90647415119776220  0.90896836345464893  0.91144588029564610
  0.91397105031985559  0.91656041853914794  0.91916585746732626  0.92172776430890868
  0.92423981984257264  0.92677374577766380  0.92934615653370456  0.93192838545273549
  0.93462393919708064  0.93735038951720107  0.94011580917570048  0.94291999752511557
  0.94562961398880807  0.94834379870512708  0.95114072388055626  0.95403136152572099
  0.95696187974478975  0.95996647392543644  0.96301544432981390  0.96616707687253478
  0.96935020837685615  0.97259893257006935  0.97594472207857430  0.97930160428280877
  0.98297383276992190  0.98712101895376703  0.99265601407309878  1.00000000000000000
  0.00882561786008912  0.10967201959653305  0.12220570033982393  0.13230213698758414
  0.14021058734634134  0.14712286910725492  0.15359835817895084  0.15957055733818845
  0.16566516841472637  0.17128986775766974  0.17690892274034292  0.18211653431548247
  0.18680760406331720  0.19103948359451023  0.19501719720113975  0.19907463245628204
  0.20340763461048789  0.20802276502636455  0.21261530269108880  0.21700825205516211
  0.22131804468204480  0.22562698000652440  0.23012519694718356  0.23467421416781156
  0.23936529207999313  0.24393933596550896  0.24862331085097009  0.25333737238670884
  0.25799653971092978  0.26259219396787375  0.26714707167448076  0.27173018377848701
  0.27640355064265570  0.28117842994506048  0.28602925478323193  0.29096684399016681
  0.29607359653290294  0.30111139822939592  0.30607444667333689  0.31090402672549894
  0.31591201923123297  0.32096618679154049  0.32596863630234180  0.33110371791854065
  0.33632271868938274  0.34162190799525693  0.34700917248990559  0.35246506557417029
  0.35805939378185864  0.36377847731148089  0.36948296040592277  0.37516721949085674
  0.38091691079617340  0.38672203651165371  0.39279195157698488  0.39884644172408390
  0.40502762621681199  0.41136855631574454  0.41789627157377573  0.42443010808624132
  0.43105194000916675  0.43777530539689458  0.44457997466946880  0.45140180901797927
  0.45817987244897423  0.46495315264095116  0.47184077557989013  0.47883902400010886
  0.48599386421415269  0.49332419075755746  0.50069842922349150  0.50816136119392152
  0.51582918226407737  0.52381004661620978  0.53186513354742349  0.53974272336521623
  0.54781136489681204  0.55618831761470511  0.56514016983551763  0.57453790621456735
  0.58431072969649922  0.59441576443038457  0.60533491068698830  0.61727335163927011
  0.62992829305358156  0.64282221477611645  0.65592644762530816  0.66955237078663876
  0.68436677477817354  0.70082009011005464  0.71870811318587591  0.73809547121623786
  0.76100427231310908  0.79143993161062320  0.83706967652737718  1.00000000000000000
   7.7819969540319443E-009  -1.0000000000000000     
 F F F F F F F F F F F F F F F F F F F F F F F F F F F F F F F F F F F F F F F F F F F F F F F F F F F F F F F F F F F F F F F F F F F F F F F F F F F F F F F F F F F F F F F F F F F F F F F F F F F F F F F F F F F F F F F F F F F F F F F F F F F F F F F F F F F F F F F F F F F F F F F F F F F F F F F F F F F F F F F F F F F F F F F F F F F F F F F F F F F F F F F F F F F F F F F F F F F F F F F F F F F F F F F F F F F F F F F F F F F F F F F F F F F F F F F F F F F F F F F F F F F F F F F F F F F F F F F F
  <DiscreteSampler_grid>
  grouped_processes
  1 # 1 for a reference and 2 for a running grid.
  10 # Attribute 'min_bin_probing_points' of the grid.
  1 # Attribute 'grid_mode' of the grid. 1=='default',2=='initialization'
  0.0000000000000000 # Attribute 'small_contrib_threshold' of the grid.
  0.5000000000000000 # Attribute 'damping_power' of the grid.
 # binID   n_entries weight   weight_sqr   abs_weight
    19   10   8.670430137779433E-002   5.143439730861162E-002   8.670430137779433E-002
    20   10   8.670430137779447E-002   5.143439730861186E-002   8.670430137779447E-002
    22   10   8.670430137779433E-002   5.143439730861162E-002   8.670430137779433E-002
    23   10   8.670430137779447E-002   5.143439730861186E-002   8.670430137779447E-002
    25   10   4.955961681387290E-002   5.753334875242468E-003   4.955961681387290E-002
    26   10   4.955961681387290E-002   5.753334875242473E-003   4.955961681387290E-002
    28   10   4.955961681387290E-002   5.753334875242468E-003   4.955961681387290E-002
    29   10   4.955961681387290E-002   5.753334875242473E-003   4.955961681387290E-002
  </DiscreteSampler_grid>
