  0.00283165349051388  0.01388846169938922  0.02549262133648044  0.03638732149694966
  0.04723324809108268  0.05846713301599984  0.07043731106369829  0.08349679973904515
  0.09619746288713650  0.10895301053994214  0.12091352087480514  0.13235566928042053
  0.14206303332378911  0.15144020383559503  0.16117925940059674  0.17287858296091965
  0.18569297680547847  0.19798952965779731  0.20979864566125914  0.22164057579304416
  0.23571434333267693  0.24824218830936193  0.26011270053243235  0.27216780405993296
  0.28652727604057393  0.29924947076269914  0.31133855452673120  0.32095354146954436
  0.33102089424788644  0.34085830718705101  0.35028925945654993  0.35895239066169887
  0.36761635133592196  0.37689196390513424  0.38745649656707698  0.40031163301199452
  0.41460746967406198  0.42707643286939523  0.43730493259488057  0.44644772336945615
  0.45574190215382204  0.46601719003046521  0.47661475592725022  0.48793448135322903
  0.49946238146880223  0.51079053806755270  0.52221431802911211  0.53295272575260899
  0.54279582617583777  0.55025653260123519  0.55742581247860201  0.56465547482098621
  0.57294746335008406  0.58127564436691181  0.59041029206826279  0.60021018206643406
  0.61238093885827694  0.62485125418371579  0.63284029135171882  0.64086273980331432
  0.64829245396622870  0.65543366112903234  0.66361272093971369  0.67353537098058125
  0.68466955485179803  0.69640175338110522  0.70672142536290872  0.71518963723682094
  0.72195297310718398  0.73063537910711174  0.73887117401072100  0.74742958079807387
  0.75633002485495349  0.76563262001284194  0.77651481689157764  0.78748556829496996
  0.79859369794064272  0.81060626237232669  0.81903062609643795  0.82694063565881892
  0.83489688625838065  0.84283105317604201  0.85073761887708788  0.85889105309102243
  0.86732890421973419  0.87578135393527601  0.88779616526369087  0.90054528271593093
  0.91223412099881895  0.92438908087782079  0.93541255521227173  0.94694202971315566
  0.95796208415525808  0.97007521710556299  0.98393904066635385  1.00000000000000000
  0.00000275629178733  0.00000277275048132  0.00000280234228213  0.00000283066491683
  0.00000285918098988  0.00000289322450559  0.00000292918490804  0.00000296863726641
  0.00000300479310964  0.00000302739139407  0.00000304791713695  0.00000316090812771
  0.00000330976953887  0.00000347203789087  0.00000361297528415  0.00000373851065387
  0.00000387081531604  0.00000401731891141  0.00000416022060451  0.00000429061707755
  0.00000441902413103  0.00000455171511601  0.00000469670500052  0.00000485976813778
  0.00000503210272390  0.00000524016523488  0.00000548940509953  0.00000576163265771
  0.00000607346738664  0.00000640170651524  0.00000671328083293  0.00000702331330399
  0.00000735945756313  0.00000771073502980  0.00000807764568417  0.00000850774643296
  0.00000890011493786  0.00000932084408468  0.00000977382123633  0.00001027980844623
  0.00001082900673629  0.00001133464303071  0.00001182194870680  0.00001231443621060
  0.00001286347111694  0.00001345841935972  0.00001408031158901  0.00001475206319338
  0.00001548954977690  0.00001632929747453  0.00001721919364985  0.00001823202413020
  0.00001926468375711  0.00002023277090462  0.00002115467511373  0.00002208965490804
  0.00002319971585573  0.00002454467416301  0.00002602137852503  0.00002766072214574
  0.00002950715701147  0.00003118073996659  0.00003315362948345  0.00003568038620347
  0.00003828595617596  0.00004119802907637  0.00004405605345660  0.00004732735151496
  0.00005133730054781  0.00005638438647134  0.00006280814088456  0.00006993834380200
  0.00007792152564130  0.00008689972680912  0.00009713285113602  0.00010902155172748
  0.00012330770932759  0.00013644174533908  0.00014957952834136  0.00016591305991452
  0.00018631630787136  0.00021877151011654  0.00026158797232163  0.00032213352565630
  0.00039874175911243  0.00048275089045930  0.00057913335862039  0.00070603377380613
  0.00088486521352640  0.00116370506933956  0.00157721562548187  0.00226081310939509
  0.00369044207188788  0.00762546833431462  0.04408480362753456  1.00000000000000000
  0.00000659964732919  0.00000685221766025  0.00000700074965309  0.00000716071200119
  0.00000728850968630  0.00000740977546850  0.00000753112763689  0.00000765283848878
  0.00000778300141312  0.00000793932788560  0.00000832075915846  0.00000879457188155
  0.00000919267623059  0.00000944926056197  0.00000969082388043  0.00000994878010172
  0.00001024560335137  0.00001048639341729  0.00001063012416283  0.00001077535360971
  0.00001092183672112  0.00001107100423793  0.00001124944033080  0.00001152626915317
  0.00001188308200933  0.00001225882910608  0.00001263037435003  0.00001302968948302
  0.00001343262433037  0.00001389833010133  0.00001430779420156  0.00001494873781470
  0.00001566377426698  0.00001644353447753  0.00001726067380872  0.00001798211235508
  0.00001859240751745  0.00001925692269240  0.00001997398841232  0.00002086810772536
  0.00002174950286931  0.00002267023972035  0.00002358985282624  0.00002461292273170
  0.00002561139750787  0.00002665318195901  0.00002831311091056  0.00003038423478520
  0.00003268461678316  0.00003466653343852  0.00003648084137637  0.00003838628707217
  0.00004047018508793  0.00004278894294537  0.00004649052307923  0.00005044104746334
  0.00005469653018343  0.00005925501616143  0.00006407660026457  0.00006888959651871
  0.00007410306139347  0.00007961863371937  0.00008671006495114  0.00009456843317263
  0.00010462100726940  0.00011467900274239  0.00012582670043192  0.00013908467558337
  0.00015407453586528  0.00017045392549190  0.00018724583367975  0.00020551729561732
  0.00022630860082377  0.00024944560919141  0.00027736131210799  0.00031358286586320
  0.00035525580293120  0.00039302479823706  0.00042937107320471  0.00047027422220829
  0.00052118952800770  0.00058389975649617  0.00065663055429947  0.00072985628461196
  0.00080801042389991  0.00091368751972942  0.00105317314711343  0.00124350678862018
  0.00145014200494469  0.00171868972632932  0.00206353250111193  0.00244911427628476
  0.00302594469959124  0.00436530950172713  0.03909330364594162  1.00000000000000000
  0.00000193959202982  0.00000394864282156  0.00000430939398470  0.00000479287734773
  0.00000531645692283  0.00000584289764028  0.00000633871868772  0.00000676949399168
  0.00000715350176195  0.00000753259194279  0.00000790933372889  0.00000824577346068
  0.00000857279649483  0.00000897315040319  0.00000950181849966  0.00001006024429780
  0.00001056264342926  0.00001107687695177  0.00001160862586407  0.00001208704074903
  0.00001254153365749  0.00001310847623630  0.00001378203646855  0.00001458912316897
  0.00001534407684091  0.00001600873512715  0.00001665670651450  0.00001735311155797
  0.00001814014254598  0.00001935379286674  0.00002055659583980  0.00002160671389419
  0.00002258991834428  0.00002365181856424  0.00002487391030202  0.00002633477314285
  0.00002810990657159  0.00003016046336702  0.00003217711055950  0.00003423370281637
  0.00003627870313146  0.00003808981239450  0.00003957900354806  0.00004114771201383
  0.00004283264326631  0.00004476893257290  0.00004714346249265  0.00004966414087443
  0.00005261715596172  0.00005549841721488  0.00005816925907330  0.00006146253778183
  0.00006529238016250  0.00006929546988801  0.00007313071174829  0.00007726373881647
  0.00008182524586796  0.00008692111804704  0.00009288290686585  0.00010033847973743
  0.00010850387064602  0.00011779050926678  0.00012879050452045  0.00014123534517879
  0.00015500308624085  0.00016994778051804  0.00018532286326827  0.00020108096104034
  0.00021848490516880  0.00023902386349088  0.00026232552135029  0.00028679981116376
  0.00031518208984562  0.00035292801722378  0.00039713754796776  0.00044557659218440
  0.00049211872055609  0.00053619114369734  0.00058601808060299  0.00065071309690350
  0.00072915506176006  0.00081527118955066  0.00091632376068456  0.00102782629124356
  0.00117905685741965  0.00137014018221325  0.00157048039041890  0.00177464637092706
  0.00204608855386802  0.00235665102473803  0.00276905055737819  0.00326821255865774
  0.00415702671585543  0.00583104025116151  0.17056042221562764  1.00000000000000000
 -0.00241986957113139  0.01187649185013166  0.02302934955148642  0.03363358768591952
  0.04385569338872341  0.05442332927242950  0.06561839621688675  0.07669874207624566
  0.08721489497368133  0.09715437410808021  0.10582383981705844  0.11372591725355380
  0.12207120918596574  0.13014154260645583  0.13802632935937276  0.14493027609420889
  0.15110699234097311  0.15727555015831798  0.16359052337755925  0.17133572786939130
  0.18055671197369766  0.18960953607565231  0.19897356673154842  0.20770472007229576
  0.21643304039234057  0.22501009019185086  0.23401797651447104  0.24201415189382081
  0.24834263172596810  0.25499728106394209  0.26194532728430148  0.26870508977627194
  0.27560486668667150  0.28372588148414757  0.29384813394661669  0.30443653622142136
  0.31414277912991406  0.32474783471640739  0.33491301461309603  0.34282050324421642
  0.34947721808426180  0.35576205573224828  0.36279557219222358  0.37035532835647489
  0.37682188821284629  0.38297962949256603  0.38950517082886366  0.39615369843560511
  0.40470211510906645  0.41291300348125842  0.42072937695627866  0.42958505258559571
  0.43988458362917804  0.45151190904594996  0.46158778670961342  0.47115023223540137
  0.48169043790398830  0.49356785043239215  0.50579424524606420  0.51683061042546830
  0.52805819857193548  0.53986070129684982  0.55306870856215418  0.56572479910363849
  0.57846807209488260  0.59115727787578798  0.60312162862090779  0.61529808050160817
  0.62743642844484482  0.64107367898013323  0.65473470379397314  0.66787925679618099
  0.68127816734905056  0.69513694009051230  0.70954182991896575  0.72245452465719096
  0.73548773972666326  0.74913369591546475  0.76291679731337936  0.77624505343291339
  0.78897023322930360  0.80117407350184655  0.81563574787024706  0.83271615508824381
  0.85020362569486008  0.86588396203455142  0.88063229894425743  0.89460524937333297
  0.90980427388608909  0.92437419378430719  0.93798873621965584  0.95122881849294305
  0.96311919122478384  0.97433089429687103  0.98544761949465354  1.00000000000000000
 -0.00211561193248072  0.01403415715916217  0.02734989066377656  0.04109798032074433
  0.05487106893662230  0.06847846590104255  0.08242430867404996  0.09645287678811978
  0.11056331131904616  0.12339381411841124  0.13605927377559296  0.14860216194247483
  0.15907001505182999  0.16910433098049943  0.17955836695365252  0.19024090503686011
  0.20507216233091147  0.21570947527945675  0.22626904291784686  0.23460669066545239
  0.24312321861622996  0.25272217653779927  0.26315495958382412  0.27493089412289240
  0.28485426288718807  0.29276240962473332  0.30059760377510242  0.30858908624161452
  0.31738708860181358  0.32834322990255077  0.33877328243355170  0.34808705612621910
  0.35761748814426270  0.36802500298788526  0.37886250694628426  0.38963066825366388
  0.40071951044534293  0.41265384884268269  0.42571421212996635  0.43887831243890246
  0.45042124908822834  0.46018785135144891  0.46886060483249731  0.47760544019504414
  0.48640609280755065  0.49608652317023144  0.50628623970807296  0.51776351549724065
  0.52782809710352452  0.53756755277998447  0.54780256344360612  0.55905050731473660
  0.57104069773615640  0.58340315391304143  0.59507026781602002  0.60530149192352978
  0.61573401092570901  0.62493218892050495  0.63451229986218727  0.64360593727548354
  0.65216211903026833  0.66184562915630374  0.67476825597066548  0.68788278004913428
  0.69999348209360091  0.71147262192010108  0.72199332059734433  0.73235645759990786
  0.74299220483809059  0.75389023715441938  0.76348999860434630  0.77155730868746986
  0.78008879329323533  0.78888005662864280  0.79757153317018137  0.80739192356161027
  0.81742475776088874  0.82826850347291736  0.83780550359248096  0.84622598552768602
  0.85388083793731084  0.86028307114031821  0.86645679868704939  0.87315850784511584
  0.88024678638480225  0.88745665694295139  0.89509946177011057  0.90581979722291783
  0.91897518512515919  0.93063100995887471  0.94128417870442938  0.95205002968713193
  0.96356553901355357  0.97562923398468993  0.98747345461102920  1.00000000000000000
 -0.00346652190519475  0.01276240654520497  0.02530085684002820  0.03777557143341483
  0.05028274437832432  0.06259902341839883  0.07477759131748334  0.08614550347014642
  0.09828325379985481  0.11133381110343751  0.12443796769273234  0.13840045724667760
  0.15186142131114225  0.16592185601391413  0.17975322654231371  0.19132677627108152
  0.20151660590647191  0.21144265522060338  0.22117197682624057  0.23141032888209129
  0.24282727144575614  0.25625921187481443  0.26968570956971755  0.27754866308617504
  0.28467743884950542  0.29184051586843074  0.29835413685731843  0.30477608425030617
  0.31098047101324922  0.31684980034027405  0.32305163354073169  0.32941336201404336
  0.33915806462702885  0.35282091393695808  0.36725715916563528  0.37979922764988494
  0.39034046484312257  0.39988340841945480  0.40821039896011985  0.41729734965338339
  0.42752902631837925  0.43903311842056164  0.45230277397386842  0.46506763144030694
  0.47612413427470301  0.48606770264970101  0.49591624541447143  0.50692023298706124
  0.51757158550866600  0.52772596491516799  0.53874001381092018  0.55064433276577662
  0.56281031714221952  0.57296166812775540  0.58156954567712060  0.59045982524763918
  0.59929536336425449  0.60813619515645068  0.61885460362458622  0.63100092074997038
  0.64236262861612636  0.65238117507491933  0.66239801066415482  0.67207082761720993
  0.68222037147936732  0.69431620398556171  0.70748328638083746  0.71927942888752616
  0.72952186266356478  0.73940376538454766  0.75015643029533485  0.76339853626507792
  0.77756568567448703  0.78966042538919945  0.80053976782387359  0.81018890602104754
  0.81937629986384863  0.82818413870200136  0.83744914126107417  0.84758855778054376
  0.85871381005741199  0.86899440819348828  0.87747566039400393  0.88451287807003287
  0.89203301819151948  0.89942323540883695  0.90635692182177752  0.91554418584042707
  0.92672820727877936  0.93742756723931775  0.94774107150608355  0.95836220700514829
  0.96887901165962997  0.97882358326868302  0.98940885402156886  1.00000000000000000
 -0.00009802605655382  0.00052246459406965  0.00082532223059397  0.00107809822365831
  0.00130973624407243  0.00152577433549833  0.00174463743486478  0.00196693340529161
  0.00219907512225347  0.00245233682171820  0.00270143364460871  0.00295663037760480
  0.00321119445358692  0.00345773803230694  0.00369319437324646  0.00393914677288838
  0.00418270946706060  0.00443489014655623  0.00470827018678063  0.00499755949854119
  0.00527153394829719  0.00548475994137079  0.00570283765424496  0.00592568444377927
  0.00610651314197453  0.00625945793901494  0.00638485629807498  0.00647250522985023
  0.00656264673758050  0.00665718484903447  0.00675917460112261  0.00686656901524012
  0.00704833184533236  0.00721470312462481  0.00732628175212067  0.00740352377057426
  0.00748076578902785  0.00755777706855518  0.00763476061309676  0.00771959522077201
  0.00784274206533006  0.00796588890988811  0.00823621151573234  0.00859352235599164
  0.00893191201834205  0.00924711307814809  0.00955559891423132  0.00988821665421000
  0.01025411031998921  0.01057484573066781  0.01088207425849657  0.01117412130439000
  0.01142479807547430  0.01164544885270977  0.01231721279366968  0.01269588555398668
  0.01303422501549549  0.01330589350793366  0.01353660512033832  0.01370500639973224
  0.01382410844589877  0.01392909473770803  0.01404062708880434  0.01415496917481053
  0.01433680749976621  0.01450400192761107  0.01465177300191216  0.01480308097144209
  0.01494694345594579  0.01510921998841294  0.01542542118213559  0.01591069844872598
  0.01635693744490796  0.01656255889095635  0.01674906472694797  0.01694941438163686
  0.01714875455451255  0.01734718813555702  0.01754696895902553  0.01777698911145872
  0.01808655329046441  0.01841082616842658  0.01896860889054049  0.01915591633567526
  0.01934322378081004  0.01953010818905168  0.01989465778767761  0.02035850742574933
  0.02148867312926785  0.02252160302559407  0.02352119605363470  0.02458837947669925
  0.02686193353105371  0.03260141938716900  0.23982926314526906  1.00000000000000000
 -0.00156555031371346  0.00560166741464010  0.01310342767960278  0.02152723925800652
  0.03187775375836060  0.04272243344720060  0.05256433702599198  0.06245333974048898
  0.07155781300910691  0.08103556285090550  0.09092397016116949  0.10101398138816942
  0.11249967577283158  0.12078720269930902  0.12918217006871202  0.13769484192041953
  0.14675128804054538  0.15975074777926315  0.17365047188682470  0.18705431066247163
  0.19942591120371453  0.20992997115557260  0.21981995859613773  0.22960344596430193
  0.23933943356440315  0.25007378690888488  0.26139702761669681  0.27245566003278937
  0.28385135013509410  0.29639722222281600  0.30903864739294551  0.32039918789766764
  0.33018448969022984  0.34051669079887242  0.35238712569461628  0.36596427124225528
  0.38004669234999094  0.39228713745909771  0.40276299952504685  0.41309757243545586
  0.42412169686491435  0.43608696403998332  0.44848262828878982  0.46166521112700076
  0.47442579167849808  0.48778358116362863  0.50151928933384249  0.51468921834967230
  0.52682690116723419  0.53781182801639460  0.55082231945769466  0.56622286698437518
  0.57990602078764242  0.59285655308146601  0.60476326371715317  0.61479691402112546
  0.62514682494616125  0.63534285130888701  0.64377731524345660  0.65170076326265591
  0.65999845579863670  0.66865622857332696  0.67872757017943852  0.68714208715830793
  0.69506648615278255  0.70203570006491711  0.70869022582108254  0.71882647326867410
  0.73183727188229564  0.74309936124975995  0.75362298059473987  0.76434452564146693
  0.77615410291357434  0.78770728776785681  0.79911627880399283  0.81037688331878366
  0.82145481747026772  0.83258691193600920  0.84212947418981421  0.85135493954015207
  0.85977271718875214  0.86828402626112000  0.87743876191726988  0.88682700629191280
  0.89644496107526306  0.90582205052451714  0.91532084108529388  0.92622438343880176
  0.93846829385787056  0.95018509048787070  0.96095758817980215  0.97007360306270529
  0.97765587684758970  0.98536651410693221  0.99265304275446287  1.00000000000000000
 -0.00010873035037196  0.00008911103886497  0.00033032462771251  0.00059163299001043
  0.00073156477876899  0.00087880462303799  0.00103233537534638  0.00119106911312911
  0.00135245702470170  0.00150550361075330  0.00166023914306103  0.00181201645989191
  0.00193794505176948  0.00206806870746913  0.00220186613591319  0.00232099197333983
  0.00243771955311508  0.00254081215973810  0.00264364786398094  0.00274587668906733
  0.00285577483744435  0.00297111005987080  0.00305711283759941  0.00314374167696577
  0.00323249217670382  0.00332052463309055  0.00340775787554396  0.00351933174846443
  0.00362419253420722  0.00369907170634599  0.00377281590889797  0.00384272465598246
  0.00391263340306695  0.00399944965073329  0.00408796416628195  0.00420721786337913
  0.00434126806618396  0.00447958846587324  0.00457348613500695  0.00466699703824259
  0.00476008981920922  0.00485965124239398  0.00496914314276206  0.00509458663937471
  0.00523216405912209  0.00535890538319234  0.00546904642857781  0.00556404217928999
  0.00565458058602339  0.00575086519260268  0.00586028301501334  0.00599095962556586
  0.00610646447415292  0.00619846767236238  0.00628221267222108  0.00637031616463049
  0.00647144255210138  0.00660633840926572  0.00669608165505335  0.00678297937557120
  0.00687190008047003  0.00700308507180893  0.00714378891248648  0.00730021551685014
  0.00748437660898990  0.00766417201561305  0.00779528965974090  0.00789527744234573
  0.00797473499956166  0.00805063315742257  0.00813318865266225  0.00824254916557874
  0.00840672750563287  0.00857548035780608  0.00873543039891451  0.00894425589166778
  0.00927779464925617  0.00942886822187174  0.00957119275556095  0.00973555713570343
  0.00990488694406165  0.01000776869162232  0.01009030812185461  0.01017284755208690
  0.01025326428847213  0.01049745581388127  0.01088681368919465  0.01121095373867100
  0.01165936243695276  0.01180592646234609  0.01197648370058408  0.01216411746661742
  0.01290350244180479  0.01440028421104458  0.22987419349138025  1.00000000000000000
 -0.00374144221618283  0.01474977228901059  0.03117221936368880  0.04757130007773620
  0.06214494287799229  0.07525676272385937  0.08838741303716960  0.10203145253927780
  0.11681661293022076  0.13353885236294194  0.15027292028424424  0.16454839491275777
  0.17765448053528834  0.19071038652550681  0.20016093752204964  0.20868161003498911
  0.21759802028841965  0.22607171967440237  0.23855935432006786  0.24978589928219253
  0.26020405490514109  0.27156385281744799  0.28326603591782845  0.29399893974460017
  0.30384925821952774  0.31333274906297942  0.32378538777248883  0.33390649185408622
  0.34445872357695190  0.35535082281765973  0.36562649879813908  0.37472106623198642
  0.38322208787643314  0.39156617394145360  0.40031913125865348  0.41003197831451432
  0.41838253479875909  0.42600699662065561  0.43362218903539301  0.44064139098433169
  0.44793510957731852  0.45560386286881077  0.46323699910841354  0.47077151373157211
  0.47907516390790311  0.48463028134252467  0.48999907354071193  0.49569244151748010
  0.50146776354478195  0.50753453287432027  0.51333142504846141  0.51941285865008735
  0.52572602244584454  0.53143990284714127  0.53660179354942172  0.54227718009064285
  0.55006223391954345  0.55782295248394720  0.56463706999003649  0.57119867361174081
  0.57670959953060963  0.58221924509244838  0.58844677650207800  0.59572836766741177
  0.60536337472939594  0.61504546196054044  0.62458568078107835  0.63310641499520393
  0.64118731793288775  0.64965617756921479  0.65881301759983579  0.66895872831542436
  0.67891295720118716  0.68974675195258517  0.69983673945209512  0.71149281167822076
  0.72208626791600117  0.73400334658565580  0.74476449051091664  0.75715355052367128
  0.76954183507498286  0.78524578435968895  0.80068863821108682  0.81687700201475200
  0.83330569976177515  0.84980771870551364  0.86596028988577456  0.88223491592484926
  0.89865106749866530  0.91478423679087184  0.92979885910785642  0.94512975537139232
  0.96042654429589913  0.97360139876212359  0.98678957209649443  1.00000000000000000
  0.39680477359761157  0.56703159232380351  0.58516921588883553  0.60231305663193679
  0.61731826744139628  0.62994046428681261  0.64150404846695142  0.65304319036546155
  0.66642100510279501  0.67999692588873073  0.69165250538187339  0.70266148868979705
  0.71325203160887696  0.72326215216775658  0.73235881912856760  0.73989070336205132
  0.74778178304572640  0.75540859729808962  0.76337137327252469  0.77091454640853696
  0.77795720730435503  0.78522462514558666  0.79236800916305428  0.79898315935886255
  0.80549983778699186  0.81186600526227870  0.81812910686776552  0.82409008230998482
  0.82901441057168057  0.83267763480826695  0.83616240673185749  0.83969183134726189
  0.84355764131631839  0.84783682177355579  0.85204270181425845  0.85658509368501901
  0.86161984969235506  0.86592829666443827  0.87040139746652800  0.87484929918234489
  0.87980649281377965  0.88441498409446462  0.88871177994273509  0.89270017342314767
  0.89613315443171382  0.89905282382335971  0.90191499583241930  0.90489728033173711
  0.90807384644159661  0.91134815636831379  0.91432792020429976  0.91732219334385567
  0.91991888920804932  0.92266045681039244  0.92551433032629338  0.92821174798040751
  0.93099548745627447  0.93358230940020726  0.93597042149615661  0.93812943885387723
  0.94017337122665456  0.94211447911152857  0.94415135016487339  0.94645929469937551
  0.94878652234834637  0.95129680212299794  0.95330092133707678  0.95535743516685534
  0.95731143966930143  0.95885016544182988  0.96032585720466113  0.96185532931809636
  0.96336643936489141  0.96481463752331154  0.96624592063734172  0.96780575113428458
  0.96982741558472652  0.97195457120853002  0.97381709104003711  0.97557180964300527
  0.97730150368916591  0.97885424909043617  0.98049826955728991  0.98204632726048513
  0.98353932399391841  0.98504423726578838  0.98663437305543433  0.98834167379781768
  0.99001953558230082  0.99143825742045155  0.99273982689515972  0.99400553432108163
  0.99531375230052921  0.99677689735844632  0.99842416112285193  1.00000000000000000
 -0.01366599843540354  0.13585533485691118  0.16086734097597583  0.17188770444666779
  0.18085649152256270  0.18815232760786904  0.19467698928456648  0.19982322299106703
  0.20420638724096107  0.20827989967808458  0.21266528631465995  0.21712110102392476
  0.22104349914643082  0.22421606184177986  0.22799850956097067  0.23194208961019863
  0.23582660110414097  0.24044415995274590  0.24519553691320112  0.24990185078753011
  0.25467979027898796  0.25943183077473753  0.26432820404202095  0.26817750329640810
  0.27220884619222996  0.27634531175516314  0.28083370764275595  0.28574680216915033
  0.29060057100405423  0.29575241902447447  0.30136525286135263  0.30757874669076279
  0.31355421618411644  0.31874985079735463  0.32372194815188043  0.32869432625983258
  0.33350331079000789  0.33849711428812607  0.34362737319690007  0.34908173634160722
  0.35436844936122808  0.35997404055392912  0.36657552572000096  0.37318981779345478
  0.37680525478549343  0.38028614750179124  0.38342721786205036  0.38656341144115247
  0.39053531750523623  0.39453537159189023  0.39832754518208968  0.40228827754172808
  0.40668366499410313  0.41100541107374838  0.41531587728061442  0.41945312030273396
  0.42350832484606593  0.42738230710114683  0.43121703256358568  0.43550630531220419
  0.44072299118717218  0.44662571906193305  0.45214818306080062  0.45779542310137300
  0.46358763452166285  0.46965883119068708  0.47585131470604641  0.48202238040472511
  0.48798563419581664  0.49363950099451642  0.49932755087470959  0.50499401337666427
  0.51065737813452095  0.51608992399802212  0.52214221795981952  0.52896406905024418
  0.53635350104141388  0.54426104805591047  0.55280182792331622  0.56146458428148116
  0.56929383332149319  0.57656264778138988  0.58407942137643243  0.59282608025137529
  0.60438787833657370  0.61797649502159357  0.63237127858390119  0.64724210476516097
  0.66247837357207107  0.67726966905235941  0.69442833182919350  0.71606069246307313
  0.74249675672736404  0.77401395566185360  0.82164042506809287  1.00000000000000000
   1.8298994486083131E-005  -1.0000000000000000     
 F F F F F F F F F F F F F F F F F F F F F F F F F F F F F F F F F F F F F F F F F F F F F F F F F F F F F F F F F F F F F F F F F F F F F F F F F F F F F F F F F F F F F F F F F F F F F F F F F F F F F F F F F F F F F F F F F F F F F F F F F F F F F F F F F F F F F F F F F F F F F F F F F F F F F F F F F F F F F F F F F F F F F F F F F F F F F F F F F F F F F F F F F F F F F F F F F F F F F F F F F F F F F F F F F F F F F F F F F F F F F F F F F F F F F F F F F F F F F F F F F F F F F F F F F F F F F F F F
  <DiscreteSampler_grid>
  grouped_processes
  1 # 1 for a reference and 2 for a running grid.
  10 # Attribute 'min_bin_probing_points' of the grid.
  1 # Attribute 'grid_mode' of the grid. 1=='default',2=='initialization'
  0.0000000000000000 # Attribute 'small_contrib_threshold' of the grid.
  0.5000000000000000 # Attribute 'damping_power' of the grid.
 # binID   n_entries weight   weight_sqr   abs_weight
    37   10   1.605660341246747E-001   2.022920207363465E-001   1.605660341246747E-001
    38   10   1.605660341246746E-001   2.022920207363463E-001   1.605660341246746E-001
    43   11   1.995079350733703E-001   2.083007199633723E-001   1.995079350733703E-001
    44   11   1.995079350733703E-001   2.083007199633723E-001   1.995079350733703E-001
    46   12   1.241828939827562E-001   8.689655521768785E-002   1.241828939827562E-001
    47   12   1.241828939827561E-001   8.689655521768776E-002   1.241828939827561E-001
    58   12   1.272912509744568E-001   7.205229866145588E-002   1.272912509744568E-001
    59   12   1.272912509744568E-001   7.205229866145595E-002   1.272912509744568E-001
    61   12   2.086101743612949E-001   1.913171342628426E-001   2.086101743612949E-001
    62   12   2.086101743612948E-001   1.913171342628425E-001   2.086101743612948E-001
    64   12   2.302474918962759E-001   2.207723392347432E-001   2.302474918962759E-001
    65   12   2.302474918962759E-001   2.207723392347432E-001   2.302474918962759E-001
    70   12   2.147616103737471E-001   2.215409647026052E-001   2.147616103737471E-001
    71   12   2.147616103737471E-001   2.215409647026054E-001   2.147616103737471E-001
    76   12   2.032948670940670E-001   1.986453213795666E-001   2.032948670940670E-001
    77   12   2.032948670940671E-001   1.986453213795666E-001   2.032948670940671E-001
    79   12   1.035770328422543E-001   4.513895564694984E-002   1.035770328422543E-001
    80   12   1.035770328422543E-001   4.513895564694984E-002   1.035770328422543E-001
    91   12   1.147185240312713E-001   5.964908703462608E-002   1.147185240312713E-001
    92   12   1.147185240312713E-001   5.964908703462605E-002   1.147185240312713E-001
    94   12   2.139102354406381E-001   2.023516636076159E-001   2.139102354406381E-001
    95   12   2.139102354406381E-001   2.023516636076159E-001   2.139102354406381E-001
    97   12   2.158422526975055E-001   2.037352990811946E-001   2.158422526975055E-001
    98   12   2.158422526975055E-001   2.037352990811946E-001   2.158422526975055E-001
    112   12   1.241828939827561E-001   8.689655521768781E-002   1.241828939827561E-001
    113   12   1.241828939827561E-001   8.689655521768776E-002   1.241828939827561E-001
    145   12   1.035770328422543E-001   4.513895564694984E-002   1.035770328422543E-001
    146   12   1.035770328422543E-001   4.513895564694986E-002   1.035770328422543E-001
    190   12   1.147185240312713E-001   5.964908703462608E-002   1.147185240312713E-001
    191   12   1.147185240312713E-001   5.964908703462606E-002   1.147185240312713E-001
    223   12   1.272912509744568E-001   7.205229866145590E-002   1.272912509744568E-001
    224   12   1.272912509744568E-001   7.205229866145595E-002   1.272912509744568E-001
  </DiscreteSampler_grid>
