  0.00305767699948423  0.01323333246036129  0.02448183571186884  0.03625741259324387
  0.04810227630215771  0.05996712896009644  0.07173001107787834  0.08371483032234403
  0.09513665770639579  0.10462580305616631  0.11404304941594570  0.12401241865850277
  0.13463749186370277  0.14476353217673923  0.15446258852126557  0.16392954319066921
  0.17353079173975577  0.18357640066821512  0.19394987935397445  0.20434851012018415
  0.21492330132751106  0.22572421811501528  0.23623420227332961  0.24617274145235085
  0.25625523079529028  0.26637474549021578  0.27672103318527030  0.28771945267712146
  0.29880446839821156  0.31024282803626957  0.32104027883093583  0.33188685726999845
  0.34268727514010344  0.35403398199964431  0.36571698935655372  0.37576580567783424
  0.38645237109708719  0.39716097826595931  0.40846827460937646  0.41997549196748291
  0.43122953135190994  0.44296782942818858  0.45545957948719423  0.46851900043165401
  0.48117767962158481  0.49264847081900298  0.50377297557576872  0.51511334951382093
  0.52683981790815404  0.53873790083567930  0.55052075996757710  0.56197998903780322
  0.57331898261197811  0.58399847442680564  0.59380543430554411  0.60343217378767477
  0.61349432046119801  0.62318344851984575  0.63174405936375766  0.64011059998624442
  0.65015054400317751  0.66112092029899971  0.67152285829130021  0.68075562881043317
  0.68973399999708285  0.69923940927835493  0.70953792713617725  0.72050466224921084
  0.73149145894878198  0.74270112275934708  0.75318558990281226  0.76292570644075031
  0.77298687538472188  0.78363463875568884  0.79412961290676298  0.80326979883199734
  0.81197311718083187  0.82123945449995972  0.83203037566020321  0.84264270622865767
  0.85340677279441923  0.86396652981762168  0.87533268638741490  0.88516760180863141
  0.89480464932132753  0.90398694512321165  0.91302159780792058  0.92224535928585261
  0.93068310914133867  0.93933756078675346  0.94927220349251462  0.95897440853360094
  0.96853935659890888  0.97823538852482872  0.98830615924904675  1.00000000000000000
  0.00004620741765031  0.00006215716183454  0.00006905012675678  0.00007459332596527
  0.00007936244206768  0.00008386829438873  0.00008830844176830  0.00009287424234545
  0.00009731328059133  0.00010180375531417  0.00010634467561046  0.00011097051017947
  0.00011556666011732  0.00012026030202699  0.00012522441715124  0.00013030906677967
  0.00013527379236519  0.00014067702688358  0.00014610322799466  0.00015180171290420
  0.00015783717149029  0.00016399767260067  0.00017009447806715  0.00017630619569747
  0.00018276576638702  0.00018941789001546  0.00019628240061237  0.00020360650321845
  0.00021140996153416  0.00021892514124438  0.00022599421876344  0.00023343986951296
  0.00024134511279974  0.00024917478672455  0.00025771116826781  0.00026653545365358
  0.00027547737685053  0.00028535890661590  0.00029658090619500  0.00030851174846604
  0.00032069819544579  0.00033348559500828  0.00034724044593492  0.00036268800286511
  0.00037587847933716  0.00038962730713438  0.00040398934759872  0.00041720904772154
  0.00043289946011311  0.00044840454203526  0.00046448714944605  0.00048130042782525
  0.00049839032750954  0.00051520471937166  0.00053238995190229  0.00055165302661067
  0.00057451690710937  0.00060434125635531  0.00063321983262209  0.00065951209058714
  0.00068393904239772  0.00070879719956113  0.00073546998128546  0.00076474967523731
  0.00079795737613203  0.00083582387228002  0.00087391784249373  0.00090750328539682
  0.00094731990401984  0.00099392100546229  0.00104275545960743  0.00108623893538968
  0.00111769341850772  0.00114934392222342  0.00118766627961437  0.00123938574302538
  0.00129944893823621  0.00136996211448826  0.00145720222925940  0.00155698518041636
  0.00167194866096119  0.00178381387892519  0.00189961956439397  0.00203478268446355
  0.00219817787974108  0.00245626165493163  0.00280767778115376  0.00311548152449440
  0.00338639068307887  0.00370229443391135  0.00413717391647090  0.00497730831152321
  0.00621643050423049  0.00859322953058442  0.02711466844913313  1.00000000000000000
  0.00288624776259432  0.01293614697710980  0.02446837331404944  0.03668901705081762
  0.04800212472846711  0.05965347352281480  0.07061995305897650  0.08154978543503885
  0.09201410054847985  0.10231710652892441  0.11283896009225300  0.12295145153209827
  0.13279834071167959  0.14260144609343703  0.15207669788948991  0.16218606231073646
  0.17193212626915391  0.18231968205024329  0.19311575316970234  0.20381437704579700
  0.21559379279284510  0.22804695621690288  0.24061742297435518  0.25266515725573668
  0.26486499235370170  0.27716344459217934  0.28771125523538787  0.29736473953546860
  0.30684809286295256  0.31687556342955880  0.32696829159485397  0.33678735872040977
  0.34617288406826924  0.35572358671077248  0.36574048115852814  0.37670758627058287
  0.38868643511113893  0.40192942440069096  0.41455545085047818  0.42539765249578632
  0.43569600344937159  0.44686261817095230  0.45982975939554527  0.47288764481424911
  0.48409341617575713  0.49455617609349084  0.50479568535680652  0.51507206298793617
  0.52525977000042456  0.53537869087313661  0.54610446501069454  0.55641836852487103
  0.56558289547062690  0.57435155772373114  0.58342705522082039  0.59364758283315355
  0.60390535552557556  0.61405221260735621  0.62475815492430586  0.63528706812036351
  0.64512592672517333  0.65479897362624839  0.66496529291990836  0.67555852137927941
  0.68631578203000865  0.69706171922843319  0.70766749976544985  0.71776546639471284
  0.72749523818214301  0.73795849108389777  0.74941510283425239  0.75993204318770891
  0.76909370883838080  0.77798135876235852  0.78697460622435045  0.79553881143085259
  0.80397407730330406  0.81337428696074343  0.82392109135039548  0.83449637444347624
  0.84484503254982579  0.85500029116236487  0.86517838560988447  0.87545832040478666
  0.88528616713237984  0.89578448763775320  0.90586246834882411  0.91595511983442213
  0.92640242224931824  0.93724720862313959  0.94761220432637350  0.95796162884148073
  0.96846853159775670  0.97905931886698716  0.98948482090862411  1.00000000000000000
  0.00021334732983322  0.00025413935932119  0.00028099383366726  0.00030297593891235
  0.00032534582933307  0.00034822399626594  0.00037171373623814  0.00039596097830251
  0.00041923317766423  0.00044292344107505  0.00046696068403144  0.00049182143761400
  0.00051612952179523  0.00054078983597189  0.00056599769709734  0.00059272275068616
  0.00062111046374234  0.00065029180851245  0.00068050724214998  0.00071255585931195
  0.00074505867047469  0.00077855125125053  0.00081198074465261  0.00084766444166187
  0.00088726494242943  0.00092890376149503  0.00097468608916599  0.00101954802834025
  0.00106352278255047  0.00110940356556972  0.00115835608079606  0.00120922476463886
  0.00125765855830019  0.00130671235911058  0.00135556202398388  0.00140818175708312
  0.00146662512234864  0.00153034815601694  0.00160261054954522  0.00167780762452396
  0.00174843393121078  0.00181702078109940  0.00188770154742541  0.00196515384136554
  0.00204950984405116  0.00213704180149728  0.00222536991287123  0.00230784766239398
  0.00238310207781755  0.00246260373434607  0.00254837917482702  0.00263738178175083
  0.00272609155701644  0.00281507225190066  0.00290555305139962  0.00300930308124512
  0.00311992738995472  0.00324075152821756  0.00338416178211548  0.00352362644789577
  0.00367308501123457  0.00381558488039688  0.00394378290489027  0.00406923660451143
  0.00421478134092744  0.00440864793048193  0.00462029557261766  0.00480294382978225
  0.00498217362112408  0.00515354273712150  0.00532255703854585  0.00552346492049305
  0.00577850448533626  0.00606931457310474  0.00638196054760938  0.00672032746792425
  0.00700608092233187  0.00731539433924632  0.00764115956723219  0.00802585705337564
  0.00844447259768742  0.00888670373918776  0.00935187043332619  0.00990670169948831
  0.01044196307628190  0.01109204791337477  0.01186280382653868  0.01295902426789844
  0.01437216209297310  0.01690289306858939  0.02097978510986855  0.02236400913255047
  0.02366169147493534  0.02557361934501457  0.03198794369495608  1.00000000000000000
  0.00000438012348787  0.00000455867916823  0.00000468198812573  0.00000479257540437
  0.00000491724310165  0.00000505982816033  0.00000523388029824  0.00000544923523797
  0.00000568487298152  0.00000593627789868  0.00000621162140133  0.00000645747501601
  0.00000673206762557  0.00000702518963374  0.00000730577545271  0.00000759857282717
  0.00000791718766208  0.00000826710475436  0.00000863300175373  0.00000903380997534
  0.00000944593238852  0.00000988031988727  0.00001033511236670  0.00001078273923835
  0.00001122801222591  0.00001166427345840  0.00001210984932952  0.00001257359340400
  0.00001305457248671  0.00001357214614100  0.00001415139396160  0.00001480301455931
  0.00001551217358077  0.00001623653735578  0.00001693815277123  0.00001780071663711
  0.00001866950019371  0.00001963180791826  0.00002074093636334  0.00002190247938412
  0.00002317368371436  0.00002455099263697  0.00002606472350990  0.00002774669925237
  0.00002951440337972  0.00003125640818600  0.00003316697667083  0.00003528565617420
  0.00003765116239737  0.00004015556442352  0.00004282332826986  0.00004552991326305
  0.00004861768543651  0.00005190601396092  0.00005548702164345  0.00005940755467478
  0.00006369994340577  0.00006856825602047  0.00007394583960491  0.00007958950504021
  0.00008575717157319  0.00009278727914239  0.00010074333679115  0.00011012621118809
  0.00012037889030240  0.00013100177813532  0.00014295837172022  0.00015649630733139
  0.00017397079159575  0.00019465577653332  0.00021711995310358  0.00024138520321826
  0.00026434072176869  0.00028987258560520  0.00031920175897800  0.00035675284041987
  0.00040578974142509  0.00046712911981086  0.00053567475447964  0.00061634134839709
  0.00069668738011568  0.00081547351651265  0.00096787380761443  0.00116867482985120
  0.00140270557794114  0.00169741900525090  0.00216825358223875  0.00274080010778586
  0.00338238908462552  0.00389622414116323  0.00446594631040770  0.00492673075408879
  0.00573576333007172  0.00958832088629227  0.02169985741745959  1.00000000000000000
 -0.00283128638048178  0.01419751290451039  0.02848997800881093  0.04341853243737076
  0.05807881642938335  0.07053916104997478  0.08172069299361027  0.09276245733730593
  0.10447707585381466  0.11710366339433788  0.12903262533048274  0.14100486919375088
  0.15344117018494027  0.16689712234634377  0.17991334938370621  0.19061092061220253
  0.19976575289482143  0.20867956570970911  0.21794786594995935  0.22752257739775625
  0.23729584190805664  0.24906594598644705  0.26188033366351621  0.27410945170633161
  0.28454523684872213  0.29396194180726193  0.30301745502804733  0.31173502595683833
  0.32023586932005821  0.32869159398921027  0.33727386210820631  0.34617156774479485
  0.35502590428749986  0.36367594063398712  0.37256462606950541  0.38246483057513381
  0.39244332523231334  0.40156969549343785  0.41046909214507921  0.41947796259382220
  0.42865694358285128  0.43814147283267546  0.44787082230544800  0.45788824950577739
  0.46865522181010622  0.47914930319960625  0.48816159910385332  0.49650942244419716
  0.50477459509810074  0.51349029140147018  0.52225515003432599  0.53086587341711766
  0.53952344385167983  0.54842017321330883  0.55746612379515981  0.56607715398870362
  0.57525133812956220  0.58505393801354233  0.59502318547746835  0.60465614570728565
  0.61372567070484019  0.62236207907835517  0.63102781895693771  0.64016204134072507
  0.64922325551722837  0.65803057319566538  0.66700975088853753  0.67560512601492451
  0.68404784030527455  0.69213785879396961  0.70031428479810076  0.70862983958050829
  0.71795545436211627  0.72747216018647798  0.73780513296702399  0.74800245335889204
  0.75887717948931122  0.76982990937587192  0.78054041079446879  0.79176938484919201
  0.80366059525763112  0.81542993014172072  0.82604973283051830  0.83685103442066144
  0.84811885308004520  0.86016929594141356  0.87265040253063508  0.88560784424538275
  0.89789672090670536  0.90955566856328407  0.92101389344400952  0.93375756540206689
  0.94863094211567900  0.96614146026408998  0.98347234774779668  1.00000000000000000
 -0.00112197048692721  0.00722712959219854  0.01637435249842032  0.02511869046577606
  0.03425337221476887  0.04420956736515493  0.05344742412365977  0.06311178822830946
  0.07333186719151182  0.08436383540939084  0.09486179109595792  0.10549172189587196
  0.11655478633438665  0.12788934434546023  0.13948725358420205  0.15119410544414030
  0.16352255482934822  0.17521463405054480  0.18675306315166676  0.19845573905256877
  0.21054913324397939  0.22242968179578415  0.23408256401895483  0.24555976368833501
  0.25671127291151008  0.26822240286325150  0.28016526195654012  0.29211827274562296
  0.30182769941295268  0.31082480205282803  0.31955449065914426  0.32937857186795338
  0.33976202421553814  0.34896118432643503  0.35849718159507477  0.36821049721822618
  0.37864750374316669  0.38889860261867815  0.39837871807454267  0.40726095102967375
  0.41777883974151614  0.42897744860533893  0.43969428411542694  0.44957894290473793
  0.45900883641603385  0.46895134623810031  0.47923148975469626  0.48906618655424788
  0.49955082268748802  0.50960750542412003  0.51925419940167516  0.52862957283670242
  0.53765933943003563  0.54690383645486995  0.55632800736685473  0.56500564041903067
  0.57356821647993683  0.58345624730865808  0.59476195019374845  0.60548780717169104
  0.61587538466719105  0.62676977838935610  0.63766210791079569  0.64765209620071140
  0.65769462691845648  0.66833441563810414  0.67953329069188972  0.69049303807063689
  0.70160716713693272  0.71239408933543136  0.72259807042091784  0.73252828907978851
  0.74277894964570890  0.75271348616484246  0.76286414379379830  0.77299536198295005
  0.78294789540448362  0.79251443769634566  0.80216672324054561  0.81244398026034559
  0.82262841598648173  0.83304533131955383  0.84394842092166478  0.85523264614587113
  0.86687687647946288  0.87898246303351590  0.89168751985593142  0.90319470028086302
  0.91422707043750173  0.92540851552330983  0.93747985168185466  0.94958424056726798
  0.96210672140468889  0.97446309381711604  0.98721432448207991  1.00000000000000000
 -0.00410579753868547  0.02695449504898165  0.05355756692708290  0.07859610479743614
  0.10341221944385365  0.12883230315699823  0.15141650356087097  0.17183416451490455
  0.19212400787915404  0.21237756799265445  0.23097982315975168  0.25098269918111848
  0.27123075920454820  0.28813460865225204  0.30325159253499157  0.31872778901137933
  0.33544369955206504  0.35308448920315827  0.37005551011466475  0.38582835145281297
  0.40163421441433128  0.41707549429086560  0.43173229807656044  0.44610455047230824
  0.45909483037814192  0.47088621637780537  0.48349446558055142  0.49631702034218694
  0.50886025910525845  0.52134868045926874  0.53056449854785337  0.54015837068350525
  0.54964492239696905  0.56020960520924301  0.57131948720102799  0.58201887419128628
  0.59271252519458795  0.60329514438402765  0.61385307717698812  0.62458586689876339
  0.63519921248881506  0.64609369469073197  0.65709827437828938  0.66756202569688461
  0.67721449395692934  0.68673934465039632  0.69646171393304335  0.70630983216770771
  0.71585362659335838  0.72493167131505398  0.73412140347510568  0.74290316480141338
  0.75123917201643930  0.75915297245730362  0.76726088123958547  0.77540324531147331
  0.78412194807961921  0.79256778491494639  0.80071952624225440  0.80869190102272759
  0.81657679842499886  0.82435972875098329  0.83187979417002511  0.83898901314164476
  0.84564382732451315  0.85233379119002362  0.85866771827092048  0.86479250030802535
  0.87062360772039527  0.87605060476572905  0.88121104781842263  0.88642692503150899
  0.89189312809435561  0.89743889437464863  0.90308032309378328  0.90888721704608344
  0.91405004544699131  0.91938927922579572  0.92416124654049381  0.92848766085790679
  0.93277613856234665  0.93734976629013955  0.94231713726896194  0.94739410574316030
  0.95263183440864641  0.95741985198336932  0.96198378615736602  0.96632824017429320
  0.97029745895795094  0.97446395401842190  0.97854132248387515  0.98260162356499159
  0.98678605974546019  0.99117103757004954  0.99568047098965129  1.00000000000000000
 -0.00122591887519138  0.00778050075344216  0.01697260040371218  0.02617340856661045
  0.03666678276320782  0.04827364835635701  0.05933136112778700  0.07015919352754556
  0.08080374639635531  0.09054728007129334  0.09980424286116810  0.10935737773600715
  0.11981212906125838  0.13024904405182022  0.14042364225567974  0.15088609606324949
  0.16170201750127075  0.17333552730679791  0.18553362964388792  0.19697934320617957
  0.20747895288288473  0.21787196852485316  0.22891153251695032  0.24094792807993520
  0.25329524849996754  0.26407230020257716  0.27359825568566276  0.28284761221606225
  0.29275217557696365  0.30392712851150905  0.31481594073405816  0.32570846904599987
  0.33694514045082485  0.34885308777053714  0.36070511789134846  0.37183627268688740
  0.38262568084689846  0.39345913126863302  0.40436442914676568  0.41484251271678318
  0.42569179040896837  0.43734940729881200  0.45009675712542063  0.46305783072601547
  0.47303271628567911  0.48212422460690452  0.49089321187648122  0.50009020119195169
  0.50992527209121374  0.52054499188836012  0.53134432057493197  0.54165654073681679
  0.55135218561373178  0.56097974899227976  0.57146789912178786  0.58237024145596161
  0.59386272886758606  0.60500900855880069  0.61629724597214863  0.62685738205853425
  0.63966381379577164  0.65216661273386445  0.66363651662704437  0.67322451198879751
  0.68178380651661430  0.69074785181849085  0.69996620206843008  0.70934210284630039
  0.71919560609095867  0.73018982869754290  0.74271053016861532  0.75427240744930113
  0.76481590063441218  0.77504919951329088  0.78513639514575939  0.79469963148189471
  0.80469965470847760  0.81523443770494308  0.82604926255859390  0.83778998637183333
  0.84892883303460986  0.85947603151226248  0.86940475185667654  0.87967787931270069
  0.88955998493029653  0.89986554974892574  0.91010210144891490  0.92079759734957423
  0.93132621989928011  0.94136060157243828  0.95179942941633755  0.96191105317299852
  0.97238117082581788  0.98211179458755282  0.99114225272565915  1.00000000000000000
 -0.00342087832583398  0.01384907352882760  0.02561205088717819  0.03584472854494662
  0.04616028446546541  0.05741688633166882  0.06872585096452326  0.07950882420748656
  0.08979030004252707  0.10021385888483070  0.11097016559482087  0.12241125358126237
  0.13333756031481511  0.14472211749931890  0.15584620368057683  0.16809278093337823
  0.18009190312445156  0.19205718955719533  0.20417605848115797  0.21521908784588772
  0.22591870594326779  0.23621897138214307  0.24593090099463041  0.25566015441535728
  0.26634843608080205  0.27766425291704921  0.28981752129121852  0.29968097728860343
  0.30914160659128131  0.31782559494682588  0.32668872956984241  0.33568940246700751
  0.34440352900476368  0.35353313719813889  0.36214011350920317  0.37146385420043321
  0.38065286566546230  0.39104811196814121  0.40351256982822481  0.41641639033217320
  0.42856453530465954  0.43954719761361682  0.44949538650059984  0.45880186105115761
  0.46787354316658009  0.47750739816284193  0.48732840740554073  0.49749870351911812
  0.50773506941865376  0.51800491387263770  0.52868994812499648  0.53882369309132527
  0.54922711776327249  0.55941388130850134  0.57050867775880276  0.58097708860559460
  0.59047082725003730  0.59924818429894922  0.60763079206179216  0.61547329193501099
  0.62355771675648053  0.63246553761379598  0.64174759659015701  0.65124784608941277
  0.66069516672477169  0.66985919689476647  0.67897699046902760  0.68848285685065069
  0.69873384951832263  0.70927080517273855  0.71953825296324236  0.72912090631340853
  0.73891541996770504  0.74874472348797916  0.75995751746076690  0.77143176682128423
  0.78306511510148447  0.79599594260004636  0.80821902463398831  0.81948253893536949
  0.82953066996991820  0.84003074547757661  0.85092789084505982  0.86178544404187507
  0.87361739981029107  0.88589638413256733  0.89808667690671962  0.90896831866817684
  0.91951073772121772  0.92904718787294260  0.93975665965704658  0.95105366997142848
  0.96304531245789549  0.97516109481349356  0.98679906310002363  1.00000000000000000
 -0.00263474622980835  0.00902807488535318  0.01997686625471674  0.03213743491549428
  0.04414594554438141  0.05521319182533424  0.06572944862687696  0.07596757515419697
  0.08562788295151490  0.09480872250860094  0.10398789443305362  0.11297280716344237
  0.12187965305557838  0.13159740521447666  0.14228268642266109  0.15232672163503821
  0.16147291126317670  0.17027383019393630  0.17884567830748641  0.18782319827581559
  0.19710071901853063  0.20710011144880233  0.21819666216010578  0.22840361253377223
  0.23765318814424219  0.24655619126062836  0.25586350601959174  0.26611413230413128
  0.27735724750037477  0.28750869208577323  0.29738601413786298  0.30697719995842715
  0.31698426150657405  0.32753180335853310  0.33851065174931511  0.35023986396346418
  0.36258859059916371  0.37489466127230753  0.38688260965929183  0.39837496366280251
  0.40909609891311077  0.41940221449687987  0.42821404962300530  0.43734877017557311
  0.44653364227322284  0.45697759542207805  0.46709731420599693  0.47704279280425849
  0.48811823931430642  0.49955643521875354  0.51131593911665296  0.52417989826445988
  0.53781455452792482  0.55164150059388084  0.56464597333912647  0.57597769206399874
  0.58730843321031345  0.59846568464404704  0.60941932475554872  0.62037133257471500
  0.63177665781528691  0.64367848182109633  0.65441258679861569  0.66470955396991804
  0.67491808749733317  0.68467422070739758  0.69402787620286055  0.70316972841581715
  0.71261773591200051  0.72284005568035969  0.73375684076770087  0.74527436584123297
  0.75644822498617637  0.76609344762229936  0.77509074124205379  0.78427608886141686
  0.79425122301619888  0.80529890868780718  0.81641566496545870  0.82757163253320254
  0.83847762981631146  0.84978037544923601  0.86082694058726728  0.87208024419027508
  0.88269559533920605  0.89329562104389548  0.90382509570016356  0.91491092682765307
  0.92579972695209067  0.93632136878082151  0.94635104123437952  0.95650971438859145
  0.96701904548908502  0.97772509509709515  0.98875420316284846  1.00000000000000000
 -0.00145382119336546  0.00489410538309470  0.01097144735369429  0.01693075233887584
  0.02354998431541760  0.03034960286400586  0.03718430967153975  0.04449698970797420
  0.05183733297207969  0.06055513014953773  0.06872856769763935  0.07694391149347043
  0.08583416264676376  0.09469526736910951  0.10371836159979608  0.11283543808987131
  0.12198735666929629  0.13163259626042495  0.14142429532868922  0.15133297920322308
  0.16124734130324167  0.17147253235892296  0.18201421291486064  0.19294055131953275
  0.20352424428597216  0.21404665803928724  0.22487201346134975  0.23606896655653317
  0.24651317612068363  0.25697085935807823  0.26731359649923936  0.27716142057044418
  0.28678016156678793  0.29623372002552290  0.30540901229161072  0.31493780690502493
  0.32428609005307046  0.33352235803732694  0.34331508306040148  0.35334943542222813
  0.36324893543718917  0.37333772653860636  0.38369993582547224  0.39385706981146706
  0.40447487903868884  0.41559345784793156  0.42684400917969634  0.43650672705271587
  0.44491670491632329  0.45347835244514240  0.46326793598004901  0.47456916180922359
  0.48672905266866018  0.49933134680060826  0.51171609734847801  0.52355863294003913
  0.53512906503917157  0.54609099735420707  0.55669335250564245  0.56784483030070665
  0.57950114017424703  0.59188590530168061  0.60468588470107287  0.61697832052322021
  0.62883270841201755  0.64090163402522471  0.65319653444625447  0.66603725628686250
  0.67979753603999982  0.69354774777612105  0.70638874147809572  0.71856039494862134
  0.72998306077680664  0.74162170895769508  0.75423887300151138  0.76758317725672776
  0.78042147971949438  0.79252788351221692  0.80410768674227429  0.81602584636937203
  0.82723182771765136  0.83798455948832795  0.84867198029120483  0.86035298204481636
  0.87270577918080172  0.88478870687328115  0.89626347486768232  0.90712334110772752
  0.91800998106991238  0.92894702504567028  0.94036765301226477  0.95204184865987773
  0.96384321622590063  0.97546716351093687  0.98784638168715511  1.00000000000000000
 -0.00288414995823215  0.01200905133715852  0.02350517298485300  0.03403049310706150
  0.04487888508113159  0.05611998331131797  0.06732783610258308  0.07789241150931353
  0.08889899538570435  0.09968931907666265  0.10982021302494299  0.11932320499734168
  0.12961299294519527  0.14046864241943818  0.15079532417797137  0.16138088008702142
  0.17236933227609480  0.18476149461615804  0.19688884249485822  0.20847555283548699
  0.21715361353941179  0.22609087635326985  0.23500273505514419  0.24390112753453047
  0.25297379646001628  0.26185324517759412  0.27066445470560041  0.28019107310174285
  0.29021117006437502  0.30036755251957392  0.31020890020010905  0.31980143691543961
  0.32922443540584950  0.33923627654463206  0.35004366780074508  0.36047352037931291
  0.37047510368157466  0.38059901367444077  0.39128451182060198  0.40201293604002830
  0.41184834795230896  0.42161161072520720  0.43165406886678487  0.44161159320309201
  0.45168300425214397  0.46182271876434972  0.47226007660895902  0.48296417227136473
  0.49296881634671047  0.50273180161279818  0.51193160151707884  0.52073557001553283
  0.53001500564605253  0.54011894162548113  0.55126350174342698  0.56347225259633882
  0.57696248457711041  0.59045333673375100  0.60306087863938573  0.61373024257958486
  0.62386749931735519  0.63310788447826905  0.64243629130233204  0.65261352446102061
  0.66270639294977152  0.67356220854623816  0.68500371192260023  0.69670802910315743
  0.70926538524712834  0.72123858012940845  0.73224295069490475  0.74267412533715915
  0.75267645614817824  0.76317617090948175  0.77450161343311741  0.78657313248578353
  0.79870199177688439  0.81011013600489135  0.82056922813298061  0.83064433914397207
  0.84144166103442952  0.85335450846195415  0.86518807928940589  0.87651679025421314
  0.88718494179267970  0.89758150733500852  0.90773861080390583  0.91840165956339859
  0.92842565590399984  0.93795227523278080  0.94710533063976055  0.95638228621039678
  0.96612380846598134  0.97622914628985347  0.98760782751653498  1.00000000000000000
 -0.00296535894147736  0.01106822764705644  0.02235838996624951  0.03303776110714569
  0.04331177332017908  0.05342585516987880  0.06376107434366514  0.07447113485571395
  0.08584398444973568  0.09779267377832898  0.10947185024945204  0.12021814186823175
  0.13006384439320126  0.14059009245125936  0.15179524029373045  0.16302770533770142
  0.17364588213915447  0.18394749400433949  0.19312456701299982  0.20169414853814652
  0.21087160715239520  0.22094788629850448  0.23070432799872204  0.24078285503823035
  0.25083020375995402  0.26077432280555785  0.27033440276955484  0.28060314837617162
  0.29240987093230186  0.30294254838147189  0.31310067170607575  0.32299532678446918
  0.33353423985011987  0.34436763433217882  0.35452811456371458  0.36407630786562273
  0.37352147770715682  0.38342082825568774  0.39401130928063277  0.40456983817429765
  0.41475214292039952  0.42526979637474438  0.43618263506679145  0.44706508857738225
  0.45709483478324353  0.46744238885920553  0.47808608480074927  0.48838928372746049
  0.49818102554557608  0.50744061257771633  0.51648029286375685  0.52508816419434745
  0.53406905891522793  0.54458282243999634  0.55745561939229193  0.56942373241831068
  0.58131512111448314  0.59382860289695194  0.60701608129299378  0.61986304845762585
  0.63181341755805331  0.64290984479130286  0.65326157044766220  0.66285457483340904
  0.67185450077682074  0.68103937970292083  0.69149804479563715  0.70315168189698007
  0.71458102421944925  0.72546061155462160  0.73657226812983956  0.74760904064457789
  0.75828840597271019  0.76930901901746274  0.78095748097741469  0.79220976584582325
  0.80286168758323662  0.81374469732249377  0.82574666860760704  0.83778035939065609
  0.84897587992473877  0.85958142381566438  0.86968623097495990  0.88019460446461451
  0.89020513781380006  0.90063338271483928  0.91059581939301959  0.92072996843064170
  0.93140248403714820  0.94163941089989622  0.95182048859589985  0.96156903067046562
  0.97211829926737481  0.98189647616405740  0.99146155842906214  1.00000000000000000
  0.54432567283148714  0.61982042424730044  0.63397680628619291  0.64756863566270473
  0.66438145425430795  0.67546829112233664  0.68390889504806363  0.69190957825746591
  0.70106425868413280  0.71228096700693766  0.72411655396123331  0.73472982841002454
  0.74359598754416889  0.75084507212165641  0.75701851304778400  0.76300990794718082
  0.76887951608672578  0.77433979409492981  0.77965592002858386  0.78510318012971603
  0.79045751005354414  0.79510509263536022  0.79946690183818581  0.80376509804500307
  0.80818622768017756  0.81247676118898515  0.81647028997849758  0.82043179037468084
  0.82472622446806954  0.82895334019962996  0.83276175353363247  0.83634431488064420
  0.84004565540960652  0.84382856461094147  0.84736011821161739  0.85070932230491403
  0.85404354027626683  0.85739440812602163  0.86058073810296787  0.86366149077044962
  0.86663869436265994  0.86948981340414255  0.87241803501635173  0.87538967657452338
  0.87851187220799287  0.88171857439646661  0.88488774315870977  0.88774847923034894
  0.89065553322628210  0.89342215539009884  0.89644568129884716  0.89898079776373196
  0.90132781695447051  0.90359726711318822  0.90591097311045843  0.90837487365045777
  0.91090976068077423  0.91348285755166914  0.91585008288936787  0.91824467403701138
  0.92054187887240901  0.92276803770540516  0.92502948331701973  0.92737516148628707
  0.92980962384209920  0.93229257908266094  0.93475708169633798  0.93714306121828406
  0.93942660024865898  0.94166291932458124  0.94374515805169967  0.94585050575205365
  0.94788497213805412  0.94991420281299377  0.95201470162870716  0.95414627702305643
  0.95620347306882991  0.95821482527303914  0.96021423839229514  0.96214446459165737
  0.96407526693070578  0.96604527125685713  0.96809467248304937  0.97014597378471223
  0.97220622804870871  0.97434207752718660  0.97641958669761875  0.97854177161349976
  0.98079605910193746  0.98322276900437078  0.98554882758180784  0.98782557059875298
  0.99019977460021247  0.99270549998246504  0.99596240660568292  1.00000000000000000
  0.02507748756529966  0.10261332818550196  0.14437413660516463  0.15437216469467882
  0.16396621199992337  0.17329139583342842  0.18263057964750751  0.19320780055800091
  0.20334891568096258  0.21300225432968209  0.22219364518839299  0.23108267205241020
  0.23888172345231778  0.24620503322017803  0.25243468942603420  0.25854992604497540
  0.26462785858921140  0.27094065044643534  0.27683892475988764  0.28204151016503393
  0.28668822556616086  0.29128227251066097  0.29585250222943349  0.30081532891493828
  0.30564597740996446  0.31013574258180371  0.31468178322369733  0.31916219350991604
  0.32379785967694913  0.32861401996769279  0.33338706801409868  0.33824831160158503
  0.34308248733385116  0.34797418623527682  0.35281969362803733  0.35741252964640352
  0.36205822661109144  0.36648914130126498  0.37108396816317751  0.37574004218602153
  0.38040685581238937  0.38516802751639029  0.39009979391294730  0.39521576710124667
  0.40038892275778004  0.40533607386411108  0.41002632421080615  0.41438527158248667
  0.41853907005377189  0.42274899062532240  0.42725049871508192  0.43211494070732936
  0.43704441121631926  0.44206538257115585  0.44719846047102085  0.45244104917279215
  0.45788396190726832  0.46359354205768477  0.46946152771024080  0.47521558571233929
  0.48090674824786050  0.48639109721842649  0.49142168016741777  0.49636745453002162
  0.50139216697876821  0.50678459111290985  0.51239542198479904  0.51773983203543483
  0.52306353301056752  0.52846990474896616  0.53397264909187059  0.54021510388232608
  0.54728699180751472  0.55482260448471854  0.56212542258966691  0.56977209219703528
  0.57747364965487569  0.58497028015089381  0.59255909410477825  0.60040313817110236
  0.60885209109973515  0.61809714327100762  0.62691227137460837  0.63518704579351248
  0.64350652166183409  0.65391194038896105  0.66582265073218061  0.67874631971492549
  0.69251413231864878  0.70727279818434641  0.72419284814723994  0.74322598717788546
  0.76414516452747838  0.78930586794266078  0.84421965837267821  1.00000000000000000
   4.9431810261216596E-009  -1.0000000000000000     
 F F F F F F F F F F F F F F F F F F F F F F F F F F F F F F F F F F F F F F F F F F F F F F F F F F F F F F F F F F F F F F F F F F F F F F F F F F F F F F F F F F F F F F F F F F F F F F F F F F F F F F F F F F F F F F F F F F F F F F F F F F F F F F F F F F F F F F F F F F F F F F F F F F F F F F F F F F F F F F F F F F F F F F F F F F F F F F F F F F F F F F F F F F F F F F F F F F F F F F F F F F F F F F F F F F F F F F F F F F F F F F F F F F F F F F F F F F F F F F F F F F F F F F F F F F F F F F F F F F F F F F F F F F F F F F F F F F F F F F F F F F F F F F F F F F F F F F F F F F F F F F F F F F F F F F F F F F F F F F F F F F F F F F F F F F F F F F F F F F F F F F F F F F F F F F F F F F F F F F F F F F F F F F F F F F F F F F F F F F F F F F F F F F F F F F F F F F F F F F F F F F F F F F F F F F F F F F F F F F F F F F F F F F F F F F F F F F F F F F F F F F F F F F F F F F F F F F F F F F F F F F F F F F F F F F F F F F F F F F F F F F F F F F F F F F F F F F F F F F F F F F F F F F F F F F F F
  <DiscreteSampler_grid>
  grouped_processes
  1 # 1 for a reference and 2 for a running grid.
  10 # Attribute 'min_bin_probing_points' of the grid.
  1 # Attribute 'grid_mode' of the grid. 1=='default',2=='initialization'
  0.0000000000000000 # Attribute 'small_contrib_threshold' of the grid.
  0.5000000000000000 # Attribute 'damping_power' of the grid.
 # binID   n_entries weight   weight_sqr   abs_weight
    31   10   4.735897569341749E-006   1.154979692446031E-010   4.735897569341749E-006
    32   10   4.735897569341747E-006   1.154979692446029E-010   4.735897569341747E-006
    34   10   9.471795138683498E-006   4.619918769784126E-010   9.471795138683498E-006
    35   10   9.471795138683494E-006   4.619918769784115E-010   9.471795138683494E-006
    37   10   9.830658253461376E-006   4.950249859546912E-010   9.830658253461376E-006
    38   10   9.830658253461371E-006   4.950249859546895E-010   9.830658253461371E-006
    40   10   1.966131650692275E-005   1.980099943818765E-009   1.966131650692275E-005
    41   10   1.966131650692274E-005   1.980099943818758E-009   1.966131650692274E-005
    43   10   5.264492923396524E-006   1.668597296807797E-010   5.264492923396524E-006
    44   10   5.264492923396526E-006   1.668597296807797E-010   5.264492923396526E-006
    46   10   1.052898584679305E-005   6.674389187231188E-010   1.052898584679305E-005
    47   10   1.052898584679305E-005   6.674389187231189E-010   1.052898584679305E-005
    49   10   1.100284439388633E-005   7.321686045854574E-010   1.100284439388633E-005
    50   10   1.100284439388633E-005   7.321686045854569E-010   1.100284439388633E-005
    52   10   2.200568878777265E-005   2.928674418341829E-009   2.200568878777265E-005
    53   10   2.200568878777266E-005   2.928674418341828E-009   2.200568878777266E-005
    58   10   4.735897569341750E-006   1.154979692446031E-010   4.735897569341750E-006
    59   10   4.735897569341748E-006   1.154979692446029E-010   4.735897569341748E-006
    61   10   9.471795138683499E-006   4.619918769784126E-010   9.471795138683499E-006
    62   10   9.471795138683496E-006   4.619918769784116E-010   9.471795138683496E-006
    64   10   9.830658253461380E-006   4.950249859546915E-010   9.830658253461380E-006
    65   10   9.830658253461373E-006   4.950249859546898E-010   9.830658253461373E-006
    67   10   1.966131650692276E-005   1.980099943818766E-009   1.966131650692276E-005
    68   10   1.966131650692275E-005   1.980099943818759E-009   1.966131650692275E-005
    70   10   5.264492923396525E-006   1.668597296807797E-010   5.264492923396525E-006
    71   10   5.264492923396527E-006   1.668597296807798E-010   5.264492923396527E-006
    73   10   1.052898584679305E-005   6.674389187231190E-010   1.052898584679305E-005
    74   10   1.052898584679305E-005   6.674389187231193E-010   1.052898584679305E-005
    76   10   1.100284439388633E-005   7.321686045854581E-010   1.100284439388633E-005
    77   10   1.100284439388633E-005   7.321686045854573E-010   1.100284439388633E-005
    79   10   2.200568878777266E-005   2.928674418341832E-009   2.200568878777266E-005
    80   10   2.200568878777266E-005   2.928674418341829E-009   2.200568878777266E-005
  </DiscreteSampler_grid>
