  0.00281022642356399  0.01323959402134734  0.02472526835170235  0.03674060948119626
  0.05027079032179745  0.06345672978334314  0.07624432945695511  0.09089186297730330
  0.10659450366185272  0.12232958302948432  0.13565500942692518  0.14819968303654699
  0.15936787148801584  0.17004481035372052  0.18029771566195585  0.19156666253642191
  0.20091359511756055  0.20949531597686519  0.21596506600668508  0.22281942944677477
  0.23043110952309842  0.23929318842367114  0.24934955007427240  0.25935621328941083
  0.26930712292651282  0.27922880503365877  0.28997161806335481  0.30082437874571999
  0.31055370480333572  0.32196445327439138  0.33183457649379677  0.34175506081422002
  0.35124707276351280  0.36116683098081220  0.37051037394164860  0.38036304831668721
  0.38902265832039118  0.39928431362173972  0.40778242539119453  0.41627202136361552
  0.42673271142947322  0.43802594364880310  0.44887565733247248  0.46013983392964214
  0.47238529013102099  0.48495023381320806  0.49730807724755710  0.51017173528805615
  0.52246598604208960  0.53225331420850730  0.54057169888289835  0.54921681036734105
  0.55832923916773824  0.56836017553092966  0.57882161042303482  0.59039845884074549
  0.60215854107468980  0.61353829163303664  0.62407337920020667  0.63351207884623773
  0.64308996813501040  0.65274003705873296  0.66242383354618384  0.67235107268967342
  0.68407879429528973  0.69814444643914819  0.71223203295919124  0.72473279419348413
  0.73700290749210362  0.74835566428567002  0.75970909871365977  0.76996814463777885
  0.78025405503170842  0.79001617680261937  0.79947023066123390  0.80909677785358158
  0.81917353423713990  0.83054418801930918  0.84230537664557370  0.85418111502744565
  0.86504898717077039  0.87581744360360780  0.88617029318969098  0.89571859007107213
  0.90400151618994828  0.91191033579164515  0.92001570627466778  0.92844451692171437
  0.93769519326404993  0.94717816546458589  0.95608832286188072  0.96464638703046790
  0.97404751854696148  0.98358720326289173  0.99207641082764664  1.00000000000000000
  0.00002806384210772  0.00004028515144835  0.00004488255702124  0.00004814720892060
  0.00005114395557538  0.00005412602225900  0.00005715286364603  0.00006017837658046
  0.00006314661780653  0.00006633086970676  0.00006960572161362  0.00007268309415293
  0.00007593071538377  0.00007923400158629  0.00008255245772801  0.00008599694403449
  0.00008953067860653  0.00009309694193246  0.00009746253259231  0.00010199258182840
  0.00010680831423700  0.00011154019206512  0.00011604694203471  0.00012085564822551
  0.00012594500674444  0.00013068538656275  0.00013547573163619  0.00014058173441585
  0.00014547993001767  0.00015104094635099  0.00015689328955183  0.00016325350407181
  0.00017035411530208  0.00017763625567217  0.00018464981768742  0.00019142733980716
  0.00019783570957349  0.00020424290354365  0.00021045085985333  0.00021724709213166
  0.00022483705691039  0.00023249788818394  0.00024063794696254  0.00025004742638481
  0.00026003841498943  0.00027200125132484  0.00028394126478988  0.00029500025172440
  0.00030495038084553  0.00031378227584002  0.00032326568560476  0.00033355980544300
  0.00034542712700955  0.00035911667107296  0.00037211780836385  0.00038440879701333
  0.00040023779916768  0.00041659582309124  0.00043670455937460  0.00045817666117183
  0.00047663411828827  0.00049456434601800  0.00051491754042341  0.00053576595481408
  0.00055643435411311  0.00057697644570978  0.00059870431729668  0.00062043811488087
  0.00064354524484461  0.00067090081257586  0.00070723288062996  0.00074736654750102
  0.00078843175132617  0.00082613242090148  0.00087136111622989  0.00092705824703397
  0.00099526368594425  0.00107280512599153  0.00115634495570877  0.00123619833625890
  0.00132764173632706  0.00143089232971904  0.00158893168206398  0.00179102063188300
  0.00201998225993074  0.00221753433685873  0.00242304203365409  0.00264302670727769
  0.00309265778721578  0.00397656854561717  0.00520389664527927  0.00735449388046890
  0.01000342190726179  0.01474912725021782  0.16184645615161941  1.00000000000000000
  0.00000207646775632  0.00000212598392778  0.00000220153313977  0.00000229140116259
  0.00000239484753414  0.00000251080225012  0.00000263443448840  0.00000276661400775
  0.00000290212324086  0.00000303096739137  0.00000315725342484  0.00000329131806439
  0.00000342821832927  0.00000356635230496  0.00000370246403175  0.00000384582115647
  0.00000403027854108  0.00000422144707476  0.00000443174743107  0.00000466722203544
  0.00000491797088465  0.00000515717755601  0.00000546548870188  0.00000573598168369
  0.00000602723003080  0.00000634488731081  0.00000667288016413  0.00000702973735920
  0.00000743655739922  0.00000786041579359  0.00000825817555553  0.00000864834702317
  0.00000904111010198  0.00000945476965921  0.00000991172965935  0.00001040045976287
  0.00001092318739336  0.00001152451216365  0.00001212926033169  0.00001270845065450
  0.00001344188372075  0.00001421199779750  0.00001515472670164  0.00001619201998213
  0.00001719269039116  0.00001824061035261  0.00001938104987449  0.00002072295748550
  0.00002217746518945  0.00002378734086561  0.00002543488782588  0.00002703594030092
  0.00002866502254664  0.00003039335090956  0.00003223569962053  0.00003409429779119
  0.00003591324019086  0.00003777511226421  0.00004041930818433  0.00004337870679129
  0.00004672095817326  0.00004990446804383  0.00005316423634645  0.00005660053129510
  0.00006044588135012  0.00006469250530847  0.00006952726198448  0.00007537450223356
  0.00008268316832591  0.00009178252377690  0.00010005107141737  0.00010837712192972
  0.00011697486581584  0.00012530962540172  0.00013445491449210  0.00014680086752057
  0.00016353435694056  0.00018198173264924  0.00020226789930815  0.00022605968562252
  0.00024950525626823  0.00027584043592544  0.00031069226885471  0.00035210747512017
  0.00039945280463265  0.00046117496277247  0.00055350148503121  0.00068553585814473
  0.00085456262006752  0.00104534319071035  0.00139814624512385  0.00199179571148266
  0.00329860713325519  0.00612164449329490  0.01751568416792268  1.00000000000000000
  0.00000093419979090  0.00000272486789115  0.00000390430789701  0.00000493006266374
  0.00000506348886949  0.00000519691507524  0.00000553543769755  0.00000602512520806
  0.00000659700494129  0.00000704566897116  0.00000737254152242  0.00000770173365192
  0.00000801993225358  0.00000826645550166  0.00000849316830968  0.00000873541729909
  0.00000903149349639  0.00000944804577241  0.00001004981360077  0.00001054848832752
  0.00001108934120404  0.00001153936060907  0.00001197963403518  0.00001245511283524
  0.00001298897571762  0.00001358026915871  0.00001420656738676  0.00001485181663035
  0.00001552694057306  0.00001612970022330  0.00001681556993676  0.00001750098390073
  0.00001825277555401  0.00001923212478266  0.00002028756884807  0.00002133124696719
  0.00002242124540124  0.00002356465236746  0.00002466722358895  0.00002580563070704
  0.00002709048784038  0.00002833065326154  0.00002964667813837  0.00003098524791499
  0.00003258483019672  0.00003430348013703  0.00003625150686883  0.00003870701326950
  0.00004145946737849  0.00004445077787471  0.00004790263032697  0.00005143713310704
  0.00005500668939379  0.00005871667392414  0.00006258229392407  0.00006686880103477
  0.00007201651183878  0.00007790219634729  0.00008448678831800  0.00009124700118088
  0.00009861674270485  0.00010688198292590  0.00011569923100219  0.00012583908685857
  0.00013763093919865  0.00015107461271798  0.00016607871458776  0.00018043684518899
  0.00019509546240189  0.00021112899031234  0.00023146327004808  0.00025365351477546
  0.00027537668576102  0.00029810560003626  0.00032473600199063  0.00035723339650715
  0.00039406839772163  0.00043542111092030  0.00047739156369326  0.00052137982320064
  0.00057107978438990  0.00063222555464934  0.00071956102930551  0.00083922282928029
  0.00101227440128939  0.00124845336580073  0.00152262214000796  0.00187902051980834
  0.00243415261499285  0.00316000395992332  0.00410124044397656  0.00596648922046769
  0.00934488882986000  0.01740230013778100  0.10110928984525425  1.00000000000000000
 -0.00188304858581360  0.00999717461475309  0.02057211253419642  0.03037490139991633
  0.03942009940174526  0.04781520348350628  0.05701499064486044  0.06670209335407878
  0.07623026162679854  0.08579212798206547  0.09506865214672676  0.10400178929565147
  0.11329298226279270  0.12313654132651854  0.13343359108140435  0.14429105457719241
  0.15406849808814621  0.16335550649706099  0.17244788561194524  0.18138106763390607
  0.19030319097294995  0.19925087800018820  0.20801790389491293  0.21692949834774491
  0.22571465343612412  0.23462156646755386  0.24367806712921969  0.25106615514051883
  0.25860672946252833  0.26630561827549154  0.27448834987994647  0.28415514919146001
  0.29395209677255280  0.30278459448519746  0.31118342657049980  0.32007136619897392
  0.32944036001801108  0.33907959923550535  0.34997186262617647  0.36218988090323695
  0.37302911196709498  0.38206287958671775  0.39063373889385788  0.39987284033126524
  0.41071421201406977  0.42221906251406022  0.43312822650012944  0.44627042075137319
  0.45950149336828383  0.47272068952038648  0.48476856473745189  0.49606791088371360
  0.50626367114073967  0.51567530974124609  0.52497474882400053  0.53593998785618580
  0.54826139417917008  0.56051231049316874  0.57334192638055392  0.58292454663208515
  0.59254917668884288  0.60115559760692150  0.61055919258188662  0.62086865963606397
  0.63212290917422687  0.64331208957653885  0.65522201769077126  0.66575962784942377
  0.67606643602573435  0.68698219736529242  0.70006279961968032  0.71350961244957556
  0.72609898217483815  0.73866696427169087  0.74995774400366821  0.76015847329480513
  0.77020222381053738  0.78080347144751383  0.79223947759604485  0.80261154148205505
  0.81256308959076440  0.82271484823750896  0.83237250856462697  0.84392556961567267
  0.85623795271307002  0.86753572595630146  0.87789614437438235  0.88738293699616888
  0.89732569471992185  0.90930480976358852  0.92168889949963906  0.93472655209749744
  0.94755305741278772  0.96331144613334263  0.98165569646204442  1.00000000000000000
 -0.00225959541144911  0.00729652187345398  0.01606925188515092  0.02647170891453710
  0.03994545872373442  0.05455527416735611  0.06573122640669875  0.07619971639133684
  0.08587747815288110  0.09794177460971037  0.11066888941134581  0.12265986204997358
  0.13344674421316022  0.14439039850463381  0.15609035294504850  0.16806726147702461
  0.17929546335574723  0.18895604289681300  0.19804956893296838  0.20825581875225899
  0.21893519008911269  0.22958750353325300  0.24038373814339040  0.25082197563487191
  0.26034205532386462  0.26959618619347964  0.27740261106536757  0.28591466141324962
  0.29278482302514958  0.29977962394996799  0.30705757808656553  0.31482908336687837
  0.32531018849516097  0.33502764244004768  0.34392141422174571  0.35397544398416092
  0.36620843232200267  0.37805116854402782  0.38814794786381873  0.39822494007884879
  0.40903682673867747  0.42080016047877578  0.43338040378533782  0.44565813329832316
  0.45607520796489942  0.46638412772046195  0.47658033569470909  0.48624751900092056
  0.49601335297920862  0.50489767534524321  0.51367804273475282  0.52278269230735497
  0.53272260882654288  0.54276833066811880  0.55237933767717085  0.56355477654844388
  0.57598579136843475  0.58687231456889566  0.59633453947497805  0.60557403803481946
  0.61594719617562166  0.62681340470971425  0.63734413604214268  0.64728038515661035
  0.65764310791150793  0.66872259854792981  0.68211432726117494  0.69417594583319042
  0.70539932036097119  0.71432636875611955  0.72309576045913837  0.73313138245284148
  0.74417352293871197  0.75634712318030162  0.76946909566878863  0.78341173386964724
  0.79578969126254429  0.80708999206628240  0.81720862451155729  0.82730861783925114
  0.83651281861502280  0.84509499681185374  0.85459149643063115  0.86536107174209131
  0.87853616111359201  0.89117867830235775  0.90318364345127033  0.91379566070549023
  0.92304814288110892  0.93340068277659727  0.94603930916356638  0.95790785948587331
  0.96820990852522038  0.97836998871482261  0.98807620479721248  1.00000000000000000
 -0.00157326032436917  0.00536485730072509  0.01159196654207982  0.01708491010904121
  0.02604943426504376  0.03536539808892133  0.04359465050488436  0.05140938960688060
  0.05904072643530965  0.06794279427443387  0.07677058446779100  0.08477811007555736
  0.09253352002658401  0.09955366868900578  0.10536324583368774  0.11191284613998462
  0.11874056802988127  0.12575558342213972  0.13286172455918710  0.13995861450717187
  0.14723247385121357  0.15485451038066289  0.16302318253090123  0.17182776235579603
  0.18065536945938415  0.18925902702132799  0.19801526073394171  0.20828684722043483
  0.21676428949722723  0.22478303484593154  0.23281660147755437  0.24136916720899615
  0.25158050395303599  0.26336492304252823  0.27383313853464525  0.28314170202399669
  0.29230295040944010  0.30219603970261072  0.31407119739290768  0.32539119214225776
  0.33643939503053621  0.34749568329834574  0.35907495564584846  0.36918792224209135
  0.37870468896554110  0.38754454201746352  0.39704309413183253  0.40734844048390045
  0.41819478283532913  0.42981961080392811  0.44251633398311874  0.45502025549263719
  0.46694432847442230  0.47866601497091593  0.49056356267426493  0.50241430825177380
  0.51423177271557552  0.52712880668532269  0.54075299641391883  0.55239246525643892
  0.56306345459577867  0.57390303024525424  0.58509103672167961  0.59621282055447400
  0.60753438342981581  0.61897114876603998  0.63201507537046941  0.64623846815779429
  0.65862680100504734  0.66999052187935104  0.68218857042877767  0.69629670483227790
  0.71246649466378131  0.72767094100759189  0.74304155072537881  0.75760838744546521
  0.77023513185342463  0.78115709658174015  0.79150352479312724  0.80227810988636183
  0.81518107365476211  0.83025940256508191  0.84463720733210434  0.85762999392199579
  0.87135805148339163  0.88563391136297998  0.89860892252337443  0.91076225820741219
  0.92313462323567352  0.93413883746423310  0.94523797475664151  0.95671505282653935
  0.96679572867994923  0.97631626321280585  0.98713274837399612  1.00000000000000000
 -0.00249150004846747  0.00986235123451503  0.02039972521681661  0.03154374318554594
  0.04320554036836749  0.05558272469499791  0.06837051436964409  0.07939346330198477
  0.08908912747799705  0.09808658145603981  0.10589367652261097  0.11388117482201991
  0.12161255945611621  0.13018622860443088  0.13979672352204991  0.15077430631353017
  0.16107613806349960  0.17110149540115052  0.18087400375750967  0.19095454930798328
  0.20149632889147454  0.21199064766012196  0.22325012802468502  0.23374670163661698
  0.24269557703655206  0.25083091254400414  0.25931491610491852  0.26931219634828074
  0.28120035221479056  0.29461380846990293  0.30706684662019129  0.31667174277707238
  0.32534707948970726  0.33395173250682003  0.34423600906755714  0.35488673551576894
  0.36449325751701100  0.37463579863422697  0.38628269028680784  0.39891928156202111
  0.41142499266953936  0.42465651372369512  0.43465542813792862  0.44232937903105818
  0.44950106863962835  0.45705528246990523  0.46719241199086586  0.47779323892309011
  0.48979493446314132  0.50384421572562377  0.51893842042763005  0.53155470559384876
  0.54347780773082999  0.55575800319640734  0.56870294586076042  0.58073989919899305
  0.59067580358596583  0.60030229919340383  0.61223548495640090  0.62534035744972694
  0.63698843361996571  0.64739659757359980  0.65713126495731178  0.66653726098715405
  0.67543780737400327  0.68521454553131367  0.69755496993688604  0.70877211443038945
  0.71820256007324401  0.72708771354118384  0.73581108507982118  0.74507881654362884
  0.75612660091412265  0.76874095649584173  0.78228769424486211  0.79469219795107693
  0.80578668994034830  0.81644713294126570  0.82637123277181734  0.83470220391110062
  0.84191972336156240  0.84908459898542465  0.85571435333350121  0.86393438986455229
  0.87218592120426153  0.88169962823525261  0.89384105213810616  0.90742554724159519
  0.92156005161210564  0.93289221420426793  0.94292051638282526  0.95261349910366289
  0.96328159905623789  0.97481846550260776  0.98716563459469275  1.00000000000000000
 -0.00128210783081901  0.00457169102994340  0.01073263638527168  0.01691868039481776
  0.02318403146023692  0.02987096707434028  0.03487239052106362  0.03966298451717578
  0.04435722157736387  0.04906595740972646  0.05337354975005931  0.05843635902500368
  0.06339885269496405  0.06866304276607627  0.07478157203125854  0.08139213914137257
  0.08770848651851056  0.09396888695204419  0.09933962166241571  0.10421885749208053
  0.10918289211653370  0.11321734458297052  0.11721845040621649  0.12127284350040386
  0.12518173341406222  0.12946370770526594  0.13494143181131860  0.14023063466986682
  0.14622027171756580  0.15320019815103825  0.16068614959095298  0.16839780292585885
  0.17637274567561859  0.18440684016524905  0.19261368439869070  0.19939763868839999
  0.20542835946270541  0.21085783549853399  0.21654503065268776  0.22273737455071635
  0.22930669076963972  0.23717700423180355  0.24476663030637219  0.25211090447862572
  0.25986136390108472  0.26737466309275965  0.27532591798331885  0.28421063322874135
  0.29303710468119121  0.30175012209485602  0.31007873349264453  0.31902585967705543
  0.32789575753066819  0.33718247786087679  0.34751643137176924  0.35836395839060170
  0.36907807204400378  0.37923192629182617  0.38920149740440563  0.39923928019869614
  0.40890192619443944  0.41844105845297325  0.42842259596938415  0.43919528645052325
  0.45196645136702912  0.46526342949666555  0.47907207463387902  0.49242660892647827
  0.50514717141597876  0.51934842101685275  0.53526987559954264  0.55067283807435796
  0.56599050289842912  0.58227273077303388  0.59784901199286500  0.61321931232455207
  0.62858375050137982  0.64305981562355474  0.65684094257347603  0.67086847921035508
  0.68668220959688497  0.70485274333297232  0.72447955927768826  0.74561139857777414
  0.76577062763726389  0.78700506795328540  0.80748600957066108  0.82893990894966818
  0.85124092921490668  0.87066372385879165  0.88849205861533298  0.90819978423430570
  0.93127745979488419  0.95440941986310557  0.97659831530608687  1.00000000000000000
 -0.00141324363732413  0.00796680609801335  0.01649049777393746  0.02618686441962011
  0.03706269863271076  0.04762580805488982  0.05614800691559516  0.06441015096138829
  0.07266633906743890  0.08248566523581877  0.09348060927560896  0.10384510504525640
  0.11451922739039373  0.12664066077319192  0.13997684200090293  0.15295438427164765
  0.16455957284196443  0.17558596669744969  0.18653632912438328  0.19758941159067725
  0.20856139708136182  0.22002180027811827  0.23102790933167677  0.24239054962567480
  0.25479779052206231  0.26771287844339903  0.27979421979329233  0.29011553561524217
  0.29961735972069242  0.30871685171142699  0.31856142912971763  0.32880652003066196
  0.34004047319361391  0.35187263854148620  0.36595212468790989  0.37761873582598321
  0.38763611066038528  0.39729901765135267  0.40747375453398788  0.41762463222106516
  0.42760397114078263  0.43688806497047739  0.44705990825102693  0.45741943394230761
  0.46960567480694143  0.48290870300926825  0.49498771611638426  0.50430875901052508
  0.51221427505954253  0.52026019348705643  0.52867290727455674  0.53855559272313613
  0.55002842117711948  0.55986420920262736  0.56806416808551263  0.57558259232271480
  0.58406448369715747  0.59384654805111636  0.60297799514507522  0.61182734136656125
  0.62063815076751971  0.62931793464859986  0.63823086906961757  0.64692069753404347
  0.65646872984217530  0.66655917068657777  0.67727755855931038  0.68757788576095091
  0.69697755651331583  0.70624870274818541  0.71579924651440741  0.72662414270793885
  0.73674194193449005  0.74674595268086030  0.75653775655841038  0.76926754616967774
  0.78181962267372607  0.79372179905816675  0.80482482791095733  0.81681602020651423
  0.82984152743801887  0.84252314549949281  0.85432729452698097  0.86444725670283884
  0.87569331829013530  0.88844888520303666  0.90055616003741068  0.91026592800243744
  0.91873464858796294  0.92794065045139373  0.93878815632587376  0.95112565003369731
  0.96385830582330811  0.97660002597165207  0.98840368312688687  1.00000000000000000
 -0.00316936692269063  0.01547486683082052  0.02835359217825580  0.03894523587233090
  0.04712604072489998  0.05522486475934400  0.06352870762483148  0.07274780152163317
  0.08374191177609371  0.09515321332445537  0.10609575895964514  0.11674539957918625
  0.12770711575355129  0.13924113960074352  0.15110918693006423  0.16358288704109408
  0.17583069569155307  0.18795334905572150  0.19927924350192047  0.21076294536247264
  0.22110950401255264  0.23069720209445374  0.23931508696399251  0.24859854875125983
  0.25864883708198938  0.26993895900855636  0.28053576268698582  0.29167625587282475
  0.30387169994934071  0.31629108951033408  0.32711422394617506  0.33616097562888841
  0.34627992981243227  0.35628875902506030  0.36602833931636730  0.37568230062456753
  0.38410643762154961  0.39466804180401038  0.40562599171042535  0.41565245031835069
  0.42498550590707529  0.43495008429048582  0.44685220823887623  0.45933000268655838
  0.47117492781954173  0.48302658752845218  0.49428535633821402  0.50403764713289212
  0.51343130553238692  0.52283351634558217  0.53282054894417730  0.54510484962919947
  0.55730509506375969  0.56754715331585670  0.57619534295398245  0.58482735011292941
  0.59443599884681908  0.60519770310088972  0.61720106376432304  0.62985821505663797
  0.64383064147103108  0.65791759422481799  0.67328945082827707  0.68765887111419999
  0.70031617612119401  0.71279625953587833  0.72388556463481801  0.73523816990621604
  0.74647358964044874  0.75722422786020382  0.76852972379865925  0.78067692617272166
  0.79384599583747750  0.80522082676436824  0.81497931130644263  0.82416170097231556
  0.83250356247934376  0.84135833549851657  0.85095566583610394  0.86186795040424535
  0.87260352921571338  0.88233370895904051  0.88951628684834860  0.89658933028393073
  0.90334417303484327  0.91041292749753122  0.91840281650764644  0.92615414132681395
  0.93515416416678732  0.94255926457556305  0.95059268050671575  0.95941403513422285
  0.97019090523579021  0.98122015870772983  0.99083024245899320  1.00000000000000000
  0.53712686365101481  0.58165784010822275  0.60069305865833889  0.61754516768947998
  0.63495042148477465  0.65559946116010737  0.67655850095175507  0.69274232269172720
  0.70518991687549282  0.71515112788134638  0.72285206695739090  0.73055841902870966
  0.73862998399420210  0.74665702071718532  0.75430588608875571  0.76204082672630802
  0.76869101609252377  0.77472508797113726  0.78060484222055992  0.78665889181670412
  0.79224570156573793  0.79762104598861805  0.80293151795772566  0.80882271909908254
  0.81518796588581577  0.82109952566555822  0.82658978041575437  0.83201393717580152
  0.83689117567640792  0.84129505888548983  0.84547268471948678  0.84927508030393062
  0.85294926988290143  0.85660346895913986  0.86070935553886618  0.86532190605096859
  0.87012049140396763  0.87451203315426518  0.87838945987226702  0.88189963203488586
  0.88538359159587776  0.88896137416787724  0.89261978597681557  0.89611226075135753
  0.89941407382094885  0.90265540115142251  0.90582316680552155  0.90887226910907626
  0.91183360670352243  0.91478434386141816  0.91743519774247417  0.91990200430327584
  0.92221029550090716  0.92450819123321548  0.92686546507445067  0.92937150602875962
  0.93198936522995557  0.93475607737777189  0.93746555109690910  0.93982876236790580
  0.94191281831400775  0.94389039290053023  0.94587945847510468  0.94797913710898751
  0.95008555168803377  0.95224851641723229  0.95442515078580115  0.95657902158461372
  0.95865086983758585  0.96061152160835306  0.96248616087447747  0.96429058530511624
  0.96625000820565210  0.96799406487432738  0.96959798311990453  0.97111973322282963
  0.97263017141676500  0.97411167966669943  0.97550516129830112  0.97682931779942095
  0.97811014312785927  0.97937759667560131  0.98070436676834016  0.98201966729552193
  0.98339108253800189  0.98485881795323482  0.98629819940826613  0.98777267511905475
  0.98921058915928040  0.99063094372307436  0.99204331281715763  0.99338478230623006
  0.99483975230034727  0.99640094691702197  0.99809757234672269  1.00000000000000000
  0.03133928212844102  0.14688270224693178  0.17898452154345804  0.20675841153025534
  0.23178965936886908  0.25054985540972030  0.26468445001211999  0.27808101066097030
  0.29243400361423649  0.30549260082965851  0.31730601792804647  0.32828232051850753
  0.33730324181830734  0.34495308585811468  0.35227970746551046  0.36007996303600959
  0.36786256010566909  0.37436461252338038  0.38066652646130916  0.38694299814285715
  0.39375366036608045  0.40155625859606053  0.40872677788855688  0.41547544271469133
  0.42220795170086728  0.42889259061532409  0.43544560215568162  0.44156091853431240
  0.44804386569303339  0.45375179015314093  0.45976245219115197  0.46539941774029936
  0.47132327641152999  0.47742487895695368  0.48350196052955985  0.48965291031488406
  0.49522403098100565  0.50030497823578013  0.50474124277454635  0.50899601368092162
  0.51349928429988845  0.51842054516211056  0.52374204412075620  0.52928456358166664
  0.53445941548738263  0.53952355421348441  0.54430360222110097  0.54864435352625218
  0.55306525417511521  0.55741559443920008  0.56117264588632254  0.56504370157954531
  0.56878819153334259  0.57300387973044487  0.57754003641593876  0.58189359401071561
  0.58640596845669535  0.59059230916688510  0.59493335772250788  0.59976429157812394
  0.60467123185439797  0.60959432826344551  0.61442191255113821  0.61909465100351602
  0.62376359363602485  0.62827819930817308  0.63330538840149253  0.63855762782674441
  0.64372681271803889  0.64899497161408859  0.65452283247450649  0.65937438529307091
  0.66485104571221887  0.67055723306354142  0.67641915795475915  0.68242148505959377
  0.68816224675563742  0.69413833772330902  0.70095107214153485  0.70913943938078394
  0.71796915139899387  0.72563168462187466  0.73262407670485163  0.73896744931530844
  0.74686234883730562  0.75532162642153233  0.76434449339328869  0.77356314337655396
  0.78362458863936557  0.79243377770346424  0.80329612862426725  0.81769687768541699
  0.83594531177764253  0.85566953807562141  0.88097112645314357  1.00000000000000000
   2.3525574175092433E-005  -1.0000000000000000     
 F F F F F F F F F F F F F F F F F F F F F F F F F F F F F F F F F F F F F F F F F F F F F F F F F F F F F F F F F F F F F F F F F F F F F F F F F F F F F F F F F F F F F F F F F F F F F F F F F F F F F F F F F F F F F F F F F F F F F F F F F F F F F F F F F F F F F F F F F F F F F F F F F F F F F F F F F F F F F F F F F F F F F F F F F F F F F F F F F F F F F F F F F F F F F F F F F F F F F F F F F F F F F F F F F F F F F F F F F F F F F F F F F F F F F F F F F F F F F F F F F F F F F F F F F F F F F F F F
  <DiscreteSampler_grid>
  grouped_processes
  1 # 1 for a reference and 2 for a running grid.
  10 # Attribute 'min_bin_probing_points' of the grid.
  1 # Attribute 'grid_mode' of the grid. 1=='default',2=='initialization'
  0.0000000000000000 # Attribute 'small_contrib_threshold' of the grid.
  0.5000000000000000 # Attribute 'damping_power' of the grid.
 # binID   n_entries weight   weight_sqr   abs_weight
    70   10   5.869428918614298E+000   8.408041362928792E+001   5.869428918614298E+000
    73   10   6.208189247603890E+000   9.286983808080797E+001   6.208189247603890E+000
    74   10   6.208189247603880E+000   9.286983808080761E+001   6.208189247603880E+000
    76   10   7.748885309825143E+000   1.304513316517935E+002   7.748885309825143E+000
    77   10   7.748885309825127E+000   1.304513316517929E+002   7.748885309825127E+000
    85   10   7.086486964385712E+000   1.107312138078350E+002   7.086486964385712E+000
    86   10   7.086486964385702E+000   1.107312138078347E+002   7.086486964385702E+000
    88   10   7.078077986213378E+000   1.109368575031361E+002   7.078077986213378E+000
    89   10   7.078077986213368E+000   1.109368575031358E+002   7.078077986213368E+000
    100   10   3.065653764086397E+000   4.923840691843695E+001   3.065653764086397E+000
    101   10   3.065653764086389E+000   4.923840691843661E+001   3.065653764086389E+000
    142   10   6.827347989418747E+000   2.263259619769788E+002   6.827347989418747E+000
    148   10   6.846712508865385E+000   2.327723050707864E+002   6.846712508865385E+000
    149   10   6.846712508865368E+000   2.327723050707849E+002   6.846712508865368E+000
    151   10   3.065653764086397E+000   4.923840691843698E+001   3.065653764086397E+000
    152   10   3.065653764086390E+000   4.923840691843667E+001   3.065653764086390E+000
  </DiscreteSampler_grid>
