  0.00277153640580917  0.01316227095925783  0.02481549838229684  0.03604054824160258
  0.04789995777880060  0.05936333436387960  0.07070157012451220  0.08213105800674408
  0.09518641596862791  0.10806662345069001  0.11954302356913185  0.13029292337149720
  0.14106135300051081  0.15246882195135636  0.16467691658285524  0.17551547787398697
  0.18612671604816441  0.19675264740166212  0.20825812792453671  0.21969094675978584
  0.23101956716161304  0.24325533362635465  0.25610361535265469  0.26803643601705895
  0.27959430728134554  0.29118920413639543  0.30411315044444504  0.31729307563624748
  0.32934935949834587  0.33973004745035851  0.34975912051192065  0.35982908038557526
  0.37054848405804225  0.38139212056364236  0.39164566099215753  0.40177521665797516
  0.41155307697151000  0.42130434593254018  0.43095427687361698  0.44101571744260931
  0.45144820873053892  0.46150221723228507  0.47148050284523751  0.48106130020128424
  0.49000065717214114  0.49853191565942095  0.50708751138897523  0.51496502311672376
  0.52220201251656362  0.52937827942321825  0.53714555420791577  0.54579310926630087
  0.55606439291191079  0.56705209036565585  0.57858996359451598  0.59043660167888778
  0.60232491918543496  0.61409643494675814  0.62553918657155427  0.63665119018485528
  0.64737899663322507  0.65792797534125524  0.66825701476372346  0.67880774292803636
  0.68970620235673308  0.70122985339447164  0.71294047250897619  0.72454694933615327
  0.73580945646214624  0.74690982449776044  0.75785379521686214  0.76800726044258327
  0.77715439304789735  0.78613493123154576  0.79546763396456266  0.80545512146455411
  0.81613495847930839  0.82764534046058547  0.83936032924978932  0.85055903807873812
  0.86135754884891824  0.87153143364769725  0.87961190899099240  0.88833004492223855
  0.89674757458469589  0.90826020812039476  0.92057131616908416  0.93185870345907784
  0.94207795943762362  0.95196602112837658  0.96212265708383626  0.97112907263196491
  0.98024751580878167  0.98928546748799584  0.99277114982866244  1.00000000000000000
  0.00319464324179449  0.01357571438070541  0.02471405309196538  0.03604378443783621
  0.04725463971482848  0.05964902751843367  0.07227405138707990  0.08496793191150388
  0.09734789215808159  0.10966819534415771  0.12205318655686356  0.13520548731427542
  0.14836497100190579  0.16184470236005985  0.17138514176806691  0.17905451650571250
  0.18680122646173944  0.19488087081854261  0.20194285578978705  0.20821916598851820
  0.21453344680866399  0.22172504568600027  0.22993042621442913  0.23938821647110042
  0.24971818898231038  0.26088361456543080  0.27291371530424996  0.28487310533963184
  0.29617888800352810  0.30714653530922420  0.31783858912896179  0.32858080002254131
  0.33987544366556444  0.35150405704180465  0.36249810921794101  0.37266886616803785
  0.38229892969394258  0.39207839636380404  0.40245028681538719  0.41301799504080783
  0.42298647290681757  0.43237713623741414  0.44256087557130869  0.45381865484210748
  0.46469164685259212  0.47541818217569654  0.48664426519686255  0.49803395217447782
  0.50920118315420437  0.52016235135430489  0.53165321482705230  0.54342913125642167
  0.55489768938487294  0.56651951218573526  0.57821967000882435  0.58915504857065093
  0.59897144871168007  0.60845367965761887  0.61784707524083082  0.62770893868159250
  0.63836267011847692  0.64943341423274414  0.66093955072021993  0.67166963139872771
  0.68199139309061385  0.69202583303645604  0.70174356089439560  0.71163800612747075
  0.72189203453397166  0.73269103895788168  0.74469781451005279  0.75618972674173601
  0.76787975267059372  0.77882150838043906  0.79004577964181799  0.80149091046616894
  0.81033846316209968  0.81791031679969273  0.82523740531051959  0.83223662685259647
  0.84058021725462428  0.85095402488337246  0.86080563171006708  0.87140987276349946
  0.88285689070504847  0.89542146345182283  0.90695635539219577  0.91812871049259115
  0.92909103040218266  0.93942786492076080  0.94995187387382540  0.96076422430105890
  0.97181912603980802  0.98208604918156550  0.99138775200345586  1.00000000000000000
  0.00000493645322651  0.00000946996411917  0.00001276103194134  0.00001531538013300
  0.00001624051334525  0.00001716618150039  0.00001813572071501  0.00001918179583116
  0.00002027093655858  0.00002138491678767  0.00002257849662516  0.00002390357468326
  0.00002540689446487  0.00002705375102763  0.00002878622781140  0.00003057641228799
  0.00003253016702547  0.00003465951489930  0.00003732536870658  0.00004015895755378
  0.00004310018735449  0.00004597064206100  0.00004883939573206  0.00005182676865454
  0.00005518271136564  0.00005909327591316  0.00006353913563189  0.00006856045664054
  0.00007398633675473  0.00007982480442339  0.00008648811832232  0.00009430064731366
  0.00010352521969075  0.00011377429492113  0.00012504890565386  0.00013668729899050
  0.00014955138448576  0.00016320701549407  0.00017771350451099  0.00019365857550004
  0.00021066960162531  0.00022902037978603  0.00024944650169711  0.00027254071288197
  0.00029885286393719  0.00032693700029331  0.00035645903077740  0.00038767430301757
  0.00042090222941062  0.00045671419530973  0.00049400914450984  0.00053200605510910
  0.00057390588364986  0.00062249361787014  0.00067069382101454  0.00071615970537594
  0.00076401459010670  0.00081591708703311  0.00087312094102541  0.00094807480234132
  0.00102527710685753  0.00110249781680443  0.00117843839210574  0.00126385197452543
  0.00135910683561562  0.00146554177874401  0.00158380481038959  0.00171834365470806
  0.00185954042562912  0.00200529465507858  0.00214981612947301  0.00231537607534094
  0.00251835963072531  0.00272928796154291  0.00290764107657731  0.00303847538296508
  0.00317096096503300  0.00334406545554501  0.00354957766994657  0.00369196386946202
  0.00384046669350502  0.00401481027788676  0.00418447741785164  0.00460597730354619
  0.00497847072720709  0.00539488533011845  0.00586512649374255  0.00655651638020901
  0.00710373758854665  0.00756798765207707  0.00830748746540630  0.00928533063401144
  0.00991510445471444  0.01040682253739111  0.01276926285923825  1.00000000000000000
  0.00001644087802981  0.00001794340327587  0.00001883675870593  0.00001965504114487
  0.00002061830943139  0.00002145666008934  0.00002223126990284  0.00002299662163138
  0.00002380951321826  0.00002463570406215  0.00002536815935257  0.00002621788681953
  0.00002715168641739  0.00002823940153269  0.00002917730296898  0.00003003134802933
  0.00003095634728147  0.00003193917535484  0.00003299298802590  0.00003415533180303
  0.00003604459385589  0.00003837301265196  0.00004052015705249  0.00004260091626324
  0.00004480693468982  0.00004728314666623  0.00005028372803931  0.00005362945803659
  0.00005747542437794  0.00006138415708703  0.00006547665365921  0.00006990752860568
  0.00007467538329564  0.00008015523636539  0.00008628454072336  0.00009284986145431
  0.00009989183312206  0.00010734580514174  0.00011575229948512  0.00012485535393169
  0.00013520114580273  0.00014606274366450  0.00015905282983040  0.00017373646690984
  0.00018928496146112  0.00020337993982401  0.00021724190004481  0.00023232402422665
  0.00024842484997689  0.00026547904419188  0.00028284468958926  0.00030383140387717
  0.00032707053234030  0.00035035513165515  0.00037558003556608  0.00040305278104402
  0.00043309356949325  0.00046430491207703  0.00049705694316042  0.00053097445662164
  0.00056793440582074  0.00060796373495211  0.00065041409277912  0.00069343902682869
  0.00074032770526203  0.00079196320111601  0.00084619111287905  0.00090559869947277
  0.00097271403309633  0.00104582843643409  0.00111394941168670  0.00117985020381120
  0.00124896291157687  0.00132233809739362  0.00141408412724524  0.00151728334945473
  0.00162106322416829  0.00172169191044864  0.00182900396982082  0.00195326751808421
  0.00209345294521393  0.00228782795144182  0.00249657034789682  0.00272231193574611
  0.00296499529042644  0.00315626948974305  0.00336686501097027  0.00360288854258638
  0.00387266915206356  0.00438638237309814  0.00519846716329722  0.00571716261075507
  0.00636074243808043  0.00806083428453095  0.01113171292612742  1.00000000000000000
  0.00001591631726809  0.00001655128067500  0.00001707329968032  0.00001759756051666
  0.00001837212744618  0.00001909382571525  0.00001996516551989  0.00002100149818499
  0.00002214297633783  0.00002327778041191  0.00002448053518226  0.00002559382906389
  0.00002671789235424  0.00002790855613100  0.00002917990836461  0.00003064507924982
  0.00003236284599881  0.00003427801216730  0.00003624508662028  0.00003817818591239
  0.00004015062592673  0.00004228869162598  0.00004433507156543  0.00004644696131510
  0.00004874673631777  0.00005116765504892  0.00005380536560629  0.00005693524012713
  0.00006039610972133  0.00006372398813206  0.00006729336826236  0.00007135072862675
  0.00007563778473788  0.00008065161446607  0.00008557500682060  0.00009067616085928
  0.00009605112009696  0.00010170237410219  0.00010797815302639  0.00011493107495998
  0.00012244783348847  0.00013048410964998  0.00013907429017145  0.00014856596409369
  0.00015842374672820  0.00016943524557907  0.00018102462474251  0.00019376576298101
  0.00020767662873263  0.00022196130884663  0.00023490633988701  0.00024937779537717
  0.00026524863977754  0.00028260366504743  0.00030018180856088  0.00031821822447529
  0.00033525223411221  0.00035523196189772  0.00037907892881162  0.00040380816901665
  0.00043135544016834  0.00046034726577350  0.00049288350689378  0.00052664330806566
  0.00056295333297987  0.00060161829764218  0.00064467713256541  0.00069353740467057
  0.00075087480323933  0.00081408532065744  0.00088258299067064  0.00095720023594327
  0.00104049787539604  0.00113114761128468  0.00123390207727090  0.00133412111367780
  0.00143581812641746  0.00154194420664769  0.00165520964291118  0.00177502067774752
  0.00191244093017684  0.00207911211444007  0.00227747072068980  0.00250636808688158
  0.00276168105580195  0.00303689484895308  0.00334450101141633  0.00370415706419178
  0.00410112452576756  0.00455352381544172  0.00504864584881983  0.00580905854702278
  0.00687713497064842  0.00811360247422531  0.01040831649760876  1.00000000000000000
 -0.00194010300115366  0.01238572089788099  0.02505659263258211  0.03817760171955521
  0.05174423087258300  0.06573904743682402  0.08055221211227166  0.09517066728104276
  0.10910371456524298  0.12192876240620229  0.13522314722550505  0.14895582775156244
  0.16245903670776424  0.17561839757727724  0.18927632529425414  0.20190161605187171
  0.21417853253148356  0.22641321870330058  0.23674949857590624  0.24615947950278030
  0.25549994429176648  0.26431398554828822  0.27279926862878418  0.28108577107797500
  0.28965366458965736  0.29920013541969692  0.30906353214399979  0.31858105801565306
  0.32764371774029882  0.33586939101141172  0.34381469493038874  0.35205091850302916
  0.35960115781351193  0.36808122393111919  0.37743862696946451  0.38669670605267309
  0.39568080557478125  0.40451901282821040  0.41391494781576521  0.42354897488684740
  0.43360508004000620  0.44409778532713445  0.45466723510751222  0.46521218785312674
  0.47625405628974854  0.48741660165156958  0.49824023265631512  0.50882048769151567
  0.51936821495447183  0.52935544064440876  0.53903842201995256  0.54861983979771445
  0.55817570140604278  0.56782309232330608  0.57717271564853334  0.58683039331242781
  0.59673049520793520  0.60678245549761423  0.61740999506431071  0.62811886929524330
  0.63891163692021580  0.64928747416889809  0.65920459915813001  0.66881804673218470
  0.67882738011854993  0.68875208674120891  0.69867513651936874  0.70846163578461741
  0.71841436144826931  0.72832730610992091  0.73829073325705707  0.74771067505327704
  0.75686337085805377  0.76606588865318015  0.77604246536915689  0.78684134817313645
  0.79788910043958938  0.80742717592821822  0.81589349833787150  0.82449617805178965
  0.83300509046845450  0.84345990407199412  0.85479668034608747  0.86616687974198836
  0.87670944498609837  0.88755660462162966  0.89856058298022057  0.91023492941723461
  0.92214494772680766  0.93360154001342777  0.94409773219023740  0.95391056490098536
  0.96365958768230919  0.97560816545804785  0.98746922340038246  1.00000000000000000
 -0.00266392329117588  0.01055232742511181  0.02033607927671588  0.03028177141033361
  0.03996279397746975  0.05034318033329043  0.06141325801654801  0.07259268257706675
  0.08393842172356410  0.09553902915099942  0.10744365715167686  0.11901609676313819
  0.13008166727654252  0.14067907612082664  0.15115723087010799  0.16143953333683014
  0.17186167798893845  0.18242896181782053  0.19280943708214560  0.20315248257044760
  0.21398508217198367  0.22591974649509461  0.23817670591715012  0.24964949626674510
  0.26031651404465034  0.27112758054818958  0.28138293136813164  0.29171634376111366
  0.30155541674092234  0.31115415796303614  0.32115134678938578  0.33201610383104119
  0.34446421574108044  0.35744498998338248  0.36899493814896051  0.37913549814421738
  0.38866317715614729  0.39820774683120796  0.40833236793379890  0.41902895701484721
  0.42960343208686297  0.44019007453174197  0.45143891164710426  0.46342112627736465
  0.47559759867553270  0.48693491288212043  0.49771092100185765  0.50820090321887923
  0.51843041347539420  0.52832895565176885  0.53802690224945759  0.54915581705590877
  0.56092898127462221  0.57232985537761050  0.58275749963302292  0.59284533435353770
  0.60319629866395930  0.61504323292657648  0.62729856038990195  0.63876852597032663
  0.65008228817027613  0.66142496583878463  0.67257584150372962  0.68316688589256946
  0.69374730647744642  0.70499533434441697  0.71673760754875793  0.72843010681400622
  0.73936181339213092  0.74770152758750419  0.75496182529591782  0.76275509379418360
  0.77025204216679322  0.78111791374533812  0.79199604979213456  0.80241409132567565
  0.81338258151773979  0.82404216513970219  0.83360472390559581  0.84317677380887346
  0.85243018727219744  0.86108361950932000  0.86991751343580015  0.87930197017394240
  0.88885757419548184  0.89844270110407798  0.90780100079726223  0.91710746831793277
  0.92742604275574447  0.93795323365114713  0.94841859780285021  0.95913018079041279
  0.96969934201630537  0.98051772783706370  0.99018750014212731  1.00000000000000000
 -0.00353127978554489  0.01705126722897727  0.02935660450554196  0.04090763858967956
  0.05204942373702136  0.06397518376245666  0.07687162481581782  0.09056317820760905
  0.10322453762471243  0.11482808953536830  0.12615464687477787  0.13876470425140960
  0.15181404025272424  0.16421575510434361  0.17637208797470177  0.18866333343333286
  0.20139578428626989  0.21427590541984551  0.22696777127563636  0.24012053230026914
  0.25267173527333753  0.26428511407538258  0.27601619949561701  0.28764719011129264
  0.29880123217345617  0.30939552050349123  0.32041772227778254  0.33168756004236488
  0.34263393812676235  0.35385696966556579  0.36524920340752032  0.37665094104396712
  0.38778685757068365  0.39810054230041070  0.40882098126739880  0.41938170401061026
  0.43059007903323587  0.44148233289123762  0.45199583791672571  0.46279816748994007
  0.47397513155109827  0.48552403698650265  0.49729208921752549  0.50843059117519507
  0.51845148577876099  0.52782308999717487  0.53753162644267483  0.54803311696907031
  0.55964514076698724  0.57110711664118285  0.58139308066320550  0.59127080851958835
  0.60126096302079479  0.61071504037763114  0.61795123351751957  0.62536889855893973
  0.63283452166838405  0.64056051586512375  0.64981501748256265  0.65860621550076925
  0.66764956437775314  0.67706086355018791  0.68644643345214473  0.69616368618284152
  0.70555562126093418  0.71572777773657470  0.72541081834763887  0.73476122358262241
  0.74387005913524007  0.75244531246083779  0.76189711657803105  0.77067026170586017
  0.77991420758261643  0.78963033502588775  0.80128916256054794  0.81255615052786867
  0.82098978550945823  0.82809851504156240  0.83487336341489893  0.84186009631041847
  0.84932323990050151  0.85718857494818246  0.86542499801374195  0.87343767078684231
  0.88367215220417705  0.89524381449974710  0.90665804907128833  0.91667972102222628
  0.92583420787585113  0.93517438153000587  0.94510038828290910  0.95582994115561759
  0.96657898294652544  0.97733191144877218  0.98843291946402478  1.00000000000000000
 -0.00289093162721545  0.01027166858241147  0.02035506272253536  0.02996105144141053
  0.03833841094394985  0.04745938969325068  0.05722694158358212  0.06766721972451525
  0.07931716226219605  0.09191982129018071  0.10513195170818537  0.11733472401993864
  0.12756051668138946  0.13546928163125357  0.14357460278443823  0.15176457598913864
  0.16156487751368312  0.17446350000647684  0.18692444414969620  0.19766664798992936
  0.20821262871899646  0.21881842323883852  0.23065165706057084  0.24340507537414124
  0.25616833027368785  0.26843696619110846  0.28024325992344667  0.29239373865374929
  0.30479593797721027  0.31707512380035424  0.32841291236942655  0.33898320984395280
  0.34899401993097534  0.35917405606880615  0.36914796435833058  0.37905049777904909
  0.38949711605538662  0.39845666167183702  0.40825035974777579  0.41755317440275247
  0.42735395021029415  0.43718412369876775  0.44704245286548927  0.45739625219950275
  0.46827350563311909  0.47951880054023799  0.49071140117204481  0.50243567029499969
  0.51446913098372427  0.52390640610188166  0.53133204311627213  0.53891294377442511
  0.54634830643394849  0.55376845736423275  0.56146915757534310  0.56934191348507790
  0.57719745859278093  0.58739196091303902  0.59908523730854635  0.60922781050790809
  0.61915395862909006  0.62994845596919125  0.64198358482061302  0.65330869282569226
  0.66379739437565988  0.67429873206295599  0.68522571234513940  0.69632664491016294
  0.70705343749196492  0.71754953591220916  0.72738122534249505  0.73639355703335541
  0.74576791800320263  0.75599873596093470  0.76779034864648765  0.77926778759090998
  0.79087094487425069  0.80282613693083849  0.81458167229667700  0.82489829369375189
  0.83492574799689478  0.84544892880493627  0.85663402305189562  0.86757657191425663
  0.87855397954753567  0.88944424646589293  0.90070496464929217  0.91105942817856223
  0.92117710570119138  0.93173783859865689  0.94310357017247404  0.95416329708500891
  0.96511253759029070  0.97626391016601999  0.98826872605305649  1.00000000000000000
 -0.00239119540570698  0.01015690943040245  0.02088737253957710  0.03197020704078037
  0.04301615569007328  0.05328890954658735  0.06340986158715715  0.07303553201705738
  0.08311651564275298  0.09349810193338706  0.10452666105712768  0.11630313698532534
  0.12820752330999841  0.14009541515873078  0.15212603402771679  0.16347433672382483
  0.17314521292777618  0.18060057135972696  0.18823422355272101  0.19619752293750109
  0.20497101554525743  0.21630503127330780  0.22750578597562510  0.23828653974704644
  0.24994868639085138  0.26105809835486493  0.27248439722150775  0.28402865865664484
  0.29561023002563908  0.30699204816195275  0.31905870476353698  0.33163978554487827
  0.34457246625611415  0.35598957868914893  0.36672343631827936  0.37646976646794628
  0.38690533715820491  0.39705490926658310  0.40786002303114227  0.41901143342728020
  0.42989098347964005  0.44051106501021170  0.45099541114926833  0.46127063975610283
  0.46992405346031951  0.47804941013378272  0.48574054400652367  0.49441068870507021
  0.50417696501764675  0.51632482816869285  0.52797083367807396  0.53935468982046497
  0.55030118618156665  0.56103980164514078  0.57166895104395210  0.58148058261287294
  0.59162555691384555  0.60248877490206698  0.61401830112593125  0.62512116120088412
  0.63580723185527110  0.64611663454389501  0.65674715589854837  0.66739471531035588
  0.67852913759928557  0.68981260510787767  0.70124423840491901  0.71257752866445234
  0.72393917338931535  0.73529659201831077  0.74652013610336965  0.75765159881935940
  0.76771454551925744  0.77865909702033398  0.79013922516656432  0.80078376983154886
  0.81050306332696587  0.81963881322836096  0.82943396284573168  0.84063170761219463
  0.85255226864185474  0.86385778713105554  0.87426905519899500  0.88220552790651807
  0.89073609937005171  0.89953107581936997  0.90792849842167267  0.91643054618749797
  0.92526829390503484  0.93385065930400546  0.94416857706276380  0.95532215281378929
  0.96621701973636431  0.97639880993199035  0.98780833866703843  1.00000000000000000
 -0.00007817896670193  0.00032258154655467  0.00063767202350803  0.00087014860549623
  0.00106113964697181  0.00124856245062087  0.00143266190454344  0.00161313213583595
  0.00179313977096581  0.00197114562292323  0.00214160817164541  0.00231366412527697
  0.00248695082445506  0.00266214641762997  0.00283339285664891  0.00300181721539134
  0.00316169346858362  0.00332197914371683  0.00348277125506393  0.00364984811264614
  0.00381893711663705  0.00398950768336210  0.00415669818299565  0.00432448544783237
  0.00450085632683299  0.00468086152922552  0.00486902773044634  0.00507871822556301
  0.00529935813050593  0.00551851004627158  0.00573297224898671  0.00593018859433326
  0.00612031677716382  0.00630210279217537  0.00648926003416388  0.00668031104090662
  0.00690108904895446  0.00711396887708467  0.00731872975470790  0.00748977958008570
  0.00765655036919057  0.00781686858296301  0.00800275792668949  0.00821197572935816
  0.00843786061526356  0.00865298161170757  0.00885198869863367  0.00901682475515416
  0.00917949411766321  0.00934731479753293  0.00950511838787624  0.00968688261150346
  0.00988104185565379  0.01005982402216034  0.01023152990186893  0.01039941139749935
  0.01057688231012169  0.01077110541365459  0.01099973252371233  0.01133876892371435
  0.01185482624430841  0.01232422510283312  0.01263918497059829  0.01289311361667092
  0.01309601620556552  0.01330268593220395  0.01351470527786395  0.01374292081527480
  0.01404807961673059  0.01428272698223139  0.01478449194420518  0.01516006026637426
  0.01547402526040734  0.01572977856212720  0.01593394554169683  0.01613261069952231
  0.01632024725593137  0.01651204222209043  0.01677031714127777  0.01704406347751493
  0.01737238734978335  0.01812282993116496  0.01854754675236958  0.01897113711848460
  0.01952083837352675  0.02028832778487676  0.02107896290212539  0.02173429040980141
  0.02237945457318770  0.02317296197254714  0.02396950141124389  0.02512338625782630
  0.03080055898317644  0.03635592065975869  0.05620832337568087  1.00000000000000000
 -0.00218407333639399  0.00895524652654817  0.01966067649085952  0.03145168903839596
  0.04415606472017543  0.05671993265204540  0.06930799618857197  0.08082956784646593
  0.09137809281807756  0.10178024540306428  0.11327817684157966  0.12544181073888244
  0.13699033032090766  0.14835451762223303  0.16008032135945655  0.17114183855163609
  0.18110271696296085  0.19060698131324680  0.19993839168318916  0.20932052688580707
  0.21992586357642499  0.23026227114756170  0.23980243171823945  0.24895160785372378
  0.25727634707192848  0.26512867133983348  0.27382253255395761  0.28224026388745027
  0.28871114474184983  0.29594669520820566  0.30437821038633273  0.31257782885177737
  0.32173584500307367  0.33094005951472122  0.34006254156173504  0.34991223161435825
  0.36071836847916444  0.37105067261142038  0.38060541688610566  0.38989296009996788
  0.39909442666492129  0.40862421149812589  0.41887672758765720  0.42889106104187436
  0.43927664931216631  0.44932069238453132  0.45883588672425163  0.46834370542633791
  0.47785909253175546  0.48741091344153031  0.49679238835088202  0.50564201540178499
  0.51445482906197326  0.52400881987851722  0.53363580860470794  0.54320888370400988
  0.55183300486958009  0.56062991460520206  0.56973631017576432  0.57879551815730634
  0.58783061068392328  0.59719844228671526  0.60726901589361748  0.61813746650387436
  0.62874180025746740  0.63877028219751208  0.64875817514165135  0.65895413025325289
  0.66896172013911881  0.67909743999958350  0.69001850501972106  0.70188708185856485
  0.71389957496680811  0.72510787424129608  0.73628677791658292  0.74825341588728345
  0.76107959962562155  0.77351937941766935  0.78518755684163610  0.79735675116565730
  0.81047800169170936  0.82409340019283006  0.83710269337041843  0.84975348836453446
  0.86239124133142830  0.87506051720711586  0.88737891796476243  0.90007388943997269
  0.91309267317607612  0.92541873744242120  0.93729674974602273  0.94903210384070991
  0.96131562337720600  0.97323997024543762  0.98628743962368437  1.00000000000000000
 -0.00011104297557989  0.00008154061739390  0.00030740812768586  0.00058592091688862
  0.00075967838632943  0.00091659320465188  0.00107450750408294  0.00124812049339579
  0.00141387570657914  0.00157393961569537  0.00172360241657158  0.00186893996747082
  0.00201164026533597  0.00215814979434177  0.00229999181486848  0.00243777120741203
  0.00256748654415495  0.00269088326946785  0.00280804333097423  0.00292536673635563
  0.00304409732962004  0.00317380717111333  0.00331331942461881  0.00346035592449582
  0.00360876864090729  0.00374755369136897  0.00388074394752666  0.00400094621920795
  0.00411701467828912  0.00422365621891393  0.00433421621951408  0.00445871743096434
  0.00459036354629545  0.00473826628946796  0.00489675842483171  0.00502410816205741
  0.00512903176085831  0.00522747903358533  0.00532534786272622  0.00542178854047367
  0.00553251542963328  0.00565943118117415  0.00580582729252044  0.00594003863800959
  0.00606729494547698  0.00619271420868742  0.00629415584207082  0.00637458967120947
  0.00647057475227275  0.00657273322739833  0.00667465469308050  0.00677653528490874
  0.00691238688214308  0.00704259503510395  0.00716427983558643  0.00727028338872649
  0.00737561263833341  0.00748016019147134  0.00755396103831281  0.00764302563346043
  0.00773470123501431  0.00781562168544045  0.00789525959993587  0.00797523876240207
  0.00808541928063417  0.00819281729134518  0.00830756792719712  0.00840413850256412
  0.00848897224952548  0.00857001708511791  0.00865452378938909  0.00876758193133947
  0.00890728199730968  0.00901864277984726  0.00918825964695162  0.00940903842829525
  0.00964312771744016  0.00987994852755922  0.01018995223114286  0.01058065094416033
  0.01075977018600721  0.01087781585344736  0.01099603541270048  0.01113149956274346
  0.01126696371278645  0.01141075873770110  0.01157917892243572  0.01174759910717034
  0.01393186545896935  0.01421059145715331  0.01449340516215627  0.01478979469539588
  0.01701858433675791  0.02061076808354383  0.04408632299586720  1.00000000000000000
 -0.00299656818640802  0.01299460460001157  0.02498985839500687  0.03701883265613499
  0.04778926536858146  0.05785939735536368  0.06750756347578953  0.07679441031680864
  0.08608805397634829  0.09511027487108582  0.10428030074333738  0.11351238046489262
  0.12474484359270567  0.13609998651200494  0.14781746534540624  0.15978751617135281
  0.17189849211462138  0.18481180002151873  0.19735560842640257  0.20921633753794769
  0.22037330693657367  0.23153227312043922  0.24266676306911589  0.25443947240166631
  0.26656471533983073  0.27845450728809246  0.28973146477347694  0.30083149097601103
  0.31202594597797612  0.32311962285480544  0.33456271682594996  0.34612696493947614
  0.35814465508922538  0.36945272371538102  0.37965207106865073  0.38926956623587855
  0.39957136134133348  0.41050517092303590  0.42147155199103742  0.43200055736188503
  0.44268257105904057  0.45280692576751397  0.46193687574832049  0.47067742124229245
  0.47909787472027160  0.48837320271620710  0.49760684369520464  0.50743259664799345
  0.51425285219308969  0.52118881068348655  0.52792987402726110  0.53454378996019591
  0.54318898148792960  0.55217759760477569  0.56102705365859729  0.56969096559241916
  0.57757695809408605  0.58667139249594269  0.59662497622078781  0.60743548179106244
  0.61748010420937172  0.62671753220272275  0.63620918127816428  0.64572825836865144
  0.65610811850867168  0.66663925286035752  0.67743578493174605  0.68811008012806962
  0.69908230918829928  0.71026354196669983  0.72175095164784586  0.73319705717493255
  0.74441497316563043  0.75516302064135554  0.76630596053543620  0.77708716010661294
  0.78814581433708775  0.79928713552158581  0.81184237073882337  0.82544524956721954
  0.83879267128127910  0.85097927996588563  0.86273703585625328  0.87459406744679258
  0.88659356682135226  0.89887525760026843  0.91128365514343557  0.92342141344485473
  0.93540901280064459  0.94809983854221402  0.96016484801285906  0.96885063950838402
  0.97704620950771137  0.98488763896453047  0.99257314749667069  1.00000000000000000
  0.50410293642093817  0.63579001838565130  0.65229387639375380  0.66658607217461785
  0.67936973777429044  0.69068761153846714  0.70121765230642086  0.71126524990202444
  0.72083449239963293  0.72966772307206773  0.73809448584030757  0.74597071182162222
  0.75372518515413722  0.76072818698206246  0.76739536011750109  0.77356663292386230
  0.77937731755732353  0.78498280124883713  0.79045453161111578  0.79571085097574978
  0.80074682141920817  0.80591219330538622  0.81092080762821928  0.81561665931260074
  0.82007445314229610  0.82441804930208118  0.82889379052033219  0.83305718237834891
  0.83702406788788619  0.84062211607503301  0.84420163453606922  0.84754202048804739
  0.85116389495702727  0.85469298010107664  0.85823857308173579  0.86180017009434884
  0.86526477965403747  0.86871651496576885  0.87201435983995168  0.87532129134257841
  0.87830142080746643  0.88136514456576021  0.88442189321343911  0.88753713544665203
  0.89064090959567566  0.89355480458155867  0.89640090966924380  0.89908936105655224
  0.90166426901543928  0.90427197603644194  0.90689835754136483  0.90955772893881115
  0.91215535183965923  0.91460436143119317  0.91692546532207808  0.91922153994240763
  0.92162934695900345  0.92436796162077828  0.92703722959325507  0.92944175245772465
  0.93176760314023932  0.93389356088980402  0.93599466601739578  0.93803852288874057
  0.93990680231481616  0.94176675126860754  0.94373626150629419  0.94574013467212203
  0.94785526679126131  0.94999024041214719  0.95204463002754780  0.95406455458990858
  0.95607674835190370  0.95807446572694444  0.95998469285099197  0.96183323667828025
  0.96351130854164901  0.96513475136168658  0.96670756613888098  0.96828575273912276
  0.96990052807747051  0.97168501852964173  0.97359382354320367  0.97545150804587755
  0.97730347538649864  0.97928572990645846  0.98102468951679000  0.98281260538634063
  0.98457162193902759  0.98631971295955312  0.98810112249162974  0.98985371203636208
  0.99161153611204955  0.99359024398802198  0.99618671693878302  1.00000000000000000
  0.00942732359008622  0.17605136247593006  0.20300290908618882  0.22765535918652097
  0.25029738068942597  0.26903346719684873  0.28538714085318018  0.30022102484821667
  0.31418126726201467  0.32603591056534392  0.33620293678251761  0.34575635386607134
  0.35393595829290148  0.36068438117884150  0.36704932453314032  0.37437110933235640
  0.38228647944177796  0.38983749701771792  0.39603382170550716  0.40135024941194652
  0.40662207140205187  0.41251289980399108  0.41997249795889119  0.42765713622163920
  0.43487210423217465  0.44185431699579064  0.44900875262462542  0.45675101389312295
  0.46454826188718806  0.47253058998340419  0.48020385329921239  0.48683622428755385
  0.49329474727223521  0.49915009280400519  0.50471271028997189  0.51038321538974574
  0.51627726006393349  0.52233800914503903  0.52844121343305184  0.53399517267254637
  0.53905179877329212  0.54399607482021439  0.54886718709269766  0.55405090477443131
  0.55943969773340407  0.56482170777881691  0.57006262346099401  0.57514616143310127
  0.58024234791095775  0.58564789730184730  0.59091461130439971  0.59608649844029982
  0.60095893338472151  0.60576230384047958  0.61059310924562094  0.61547207324551090
  0.62071771024772093  0.62587792997483216  0.63115624481621579  0.63637922299525229
  0.64150171471552409  0.64680078016540699  0.65203118895950696  0.65725673946137442
  0.66264599913407574  0.66825157974653948  0.67397841106470913  0.67951065627252638
  0.68498511104215654  0.69050344609793712  0.69512343282484612  0.69938805365815604
  0.70385772632360133  0.70830872876149864  0.71231004734989223  0.71701546697938423
  0.72261669805963136  0.72786302547954840  0.73323247399310298  0.73883003832356542
  0.74468644110835114  0.75082485997637638  0.75703929241669754  0.76334071760642652
  0.76972155784577179  0.77699370190597883  0.78488814731619949  0.79276974180184168
  0.80027653637104146  0.80767182187908682  0.81612644341580343  0.82630184940524598
  0.83663342957245990  0.84704842383619772  0.86496588033462674  1.00000000000000000
   9.0542631005411718E-011  -1.0000000000000000     
 F F F F F F F F F F F F F F F F F F F F F F F F F F F F F F F F F F F F F F F F F F F F F F F F F F F F F F F F F F F F F F F F F F F F F F F F F F F F F F F F F F F F F F F F F F F F F F F F F F F F F F F F F F F F F F F F F F F F F F F F F F F F F F F F F F F F F F F F F F F F F F F F F F F F F F F F F F F F F F F F F F F F F F F F F F F F F F F F F F F F F F F F F F F F F F F F F F F F F F F F F F F F F F F F F F F F F F F F F F F F F F F F F F F F F F F F F F F F F F F F F F F F F F F F F F F F F F F F F F F F F F F F F F F F F F F F F F F F F F F F F F F F F F F F F F F F F F F F F F F F F F F F F F F F F F F F F F F F F F F F F F F F F F F F F F F F F F F F F F F F F F F F F F F F F F F F F F F F F F F F F F F F F F F F F F F F F F F F F F F F F F F F F F F F F F F F F F F F F F F F F F F F F F F F F F F F F F F F F F F F F F F F F F F F F F F F F F F F F F F F F F F F F F F F F F F F F F F F F F F F F F F F F F F F F F F F F F F F F F F F F F F F F F F F F F F F F F F F F F F F F F F F F F F F F F F F
  <DiscreteSampler_grid>
  grouped_processes
  1 # 1 for a reference and 2 for a running grid.
  10 # Attribute 'min_bin_probing_points' of the grid.
  1 # Attribute 'grid_mode' of the grid. 1=='default',2=='initialization'
  0.0000000000000000 # Attribute 'small_contrib_threshold' of the grid.
  0.5000000000000000 # Attribute 'damping_power' of the grid.
 # binID   n_entries weight   weight_sqr   abs_weight
    19   10   2.250508846919793E-006   3.277986644282594E-011   2.250508846919793E-006
    20   10   2.250508846919795E-006   3.277986644282601E-011   2.250508846919795E-006
    22   10   4.501017693839586E-006   1.311194657713038E-010   4.501017693839586E-006
    23   10   4.501017693839590E-006   1.311194657713040E-010   4.501017693839590E-006
    25   10   4.698802055348793E-006   1.434581770787438E-010   4.698802055348793E-006
    26   10   4.698802055348796E-006   1.434581770787441E-010   4.698802055348796E-006
    28   10   9.397604110697586E-006   5.738327083149753E-010   9.397604110697586E-006
    29   10   9.397604110697593E-006   5.738327083149765E-010   9.397604110697593E-006
    34   10   2.250508846919793E-006   3.277986644282594E-011   2.250508846919793E-006
    35   10   2.250508846919795E-006   3.277986644282601E-011   2.250508846919795E-006
    37   10   4.501017693839586E-006   1.311194657713038E-010   4.501017693839586E-006
    38   10   4.501017693839590E-006   1.311194657713040E-010   4.501017693839590E-006
    40   10   4.698802055348796E-006   1.434581770787440E-010   4.698802055348796E-006
    41   10   4.698802055348798E-006   1.434581770787442E-010   4.698802055348798E-006
    43   10   9.397604110697591E-006   5.738327083149760E-010   9.397604110697591E-006
    44   10   9.397604110697596E-006   5.738327083149768E-010   9.397604110697596E-006
  </DiscreteSampler_grid>
