  0.00000212244751782  0.00000220056218235  0.00000227018147610  0.00000233372339064
  0.00000240898149699  0.00000248614814458  0.00000256462201712  0.00000264236913143
  0.00000271886480269  0.00000280058657136  0.00000288488204246  0.00000297383659838
  0.00000306863111690  0.00000316600631463  0.00000326417825703  0.00000336375478532
  0.00000346386112453  0.00000356137027455  0.00000365646516630  0.00000376313635837
  0.00000387807226275  0.00000399828797140  0.00000412164845937  0.00000424523416303
  0.00000436915064524  0.00000449598050318  0.00000463237317558  0.00000477579965124
  0.00000492152057531  0.00000506852193679  0.00000521832318010  0.00000537481715945
  0.00000553865250700  0.00000570808305765  0.00000588668727075  0.00000607764807741
  0.00000627970143147  0.00000649151984220  0.00000671037260415  0.00000692740429946
  0.00000715959244850  0.00000738840269116  0.00000761594995275  0.00000784558821405
  0.00000810567063503  0.00000839589369430  0.00000869535378329  0.00000899764441213
  0.00000930685977634  0.00000965359794102  0.00001002485118261  0.00001040435636739
  0.00001077101995598  0.00001122176239934  0.00001170147234286  0.00001219957726076
  0.00001275728150739  0.00001339996333573  0.00001409799322646  0.00001483073556439
  0.00001565596212166  0.00001657846875762  0.00001760148813134  0.00001879217087675
  0.00002004151900576  0.00002151945042191  0.00002309083492483  0.00002494904035447
  0.00002696078120943  0.00002938300924918  0.00003211378462878  0.00003529095481594
  0.00003884268973268  0.00004293696283527  0.00004773148325626  0.00005332709045377
  0.00005990876366975  0.00006631368352360  0.00007363195475440  0.00008252913784572
  0.00009428314116354  0.00010972817211980  0.00012920256305061  0.00015649703487392
  0.00019136712382001  0.00023321645568030  0.00028916371551982  0.00036649572378993
  0.00047359522049437  0.00062088610308061  0.00085271335068491  0.00116936576061184
  0.00190463694783932  0.00353861111443038  0.05454668252512460  1.00000000000000000
  0.00032607921728779  0.03061521275542617  0.05065864785316295  0.06676446317705363
  0.08115839774988592  0.09412364655262642  0.10630548831634867  0.11831533942992674
  0.13039444506170877  0.14192259151179148  0.15380360189107972  0.16593617629335392
  0.17799591479992249  0.18984731753301443  0.20139625986310833  0.21272466896912462
  0.22402953550374077  0.23541716589359943  0.24662404917170447  0.25757286476298535
  0.26845972532581525  0.27956612675197168  0.29049239004798283  0.30043240340047567
  0.31001387350640325  0.31990586808544952  0.33003321320685436  0.33980348923268450
  0.34934758417556855  0.35885839841179229  0.36835014296363533  0.37749746648826410
  0.38639977362203742  0.39551615532338869  0.40516842212178927  0.41509359590826134
  0.42555326105184482  0.43635091054784919  0.44700498464988431  0.45755334457314756
  0.46766164142385513  0.47742995886758444  0.48656650651921929  0.49559980260521919
  0.50487998238021825  0.51463936916279751  0.52472792527423162  0.53504084848499822
  0.54535584094828493  0.55554570492254662  0.56553713802936245  0.57569452686359945
  0.58596193117563211  0.59581714982310430  0.60519136839147036  0.61435605931672876
  0.62393981125026077  0.63369885980426632  0.64332262661870909  0.65289633912525247
  0.66286503956564413  0.67398635465635692  0.68533405256461100  0.69513336216736743
  0.70404303730538664  0.71320704510462718  0.72269974217470989  0.73228996530514923
  0.74207669289768763  0.75216500519099438  0.76278781159810694  0.77337692098128641
  0.78396216103967975  0.79402465102943243  0.80388337947987576  0.81337520947720154
  0.82249050046410233  0.83140292131302795  0.84032421351375231  0.84955066334785445
  0.85945864071515488  0.87029107836101172  0.88161004494313244  0.89337410908733628
  0.90475508220574097  0.91518131264978020  0.92467865891321022  0.93348900216596797
  0.94251995347471984  0.95128570452952999  0.95983438202256188  0.96784874247759167
  0.97555176153666323  0.98320645271131935  0.99274888434041797  1.00000000000000000
  0.00000301017492366  0.00000439886801390  0.00000542391242877  0.00000619136879378
  0.00000685641832730  0.00000750188447495  0.00000817350516293  0.00000883295391974
  0.00000957726562410  0.00001039701309072  0.00001133058754989  0.00001229696086094
  0.00001339012910340  0.00001450933225203  0.00001579386293307  0.00001724188443464
  0.00001885179258964  0.00002067589027400  0.00002262714541249  0.00002489412050907
  0.00002756034748262  0.00003037800500322  0.00003337407327180  0.00003648658046181
  0.00003970525750580  0.00004297806637679  0.00004635938890282  0.00004985278619539
  0.00005357886732197  0.00005757506739402  0.00006183293585593  0.00006632053764843
  0.00007098289584430  0.00007596277483646  0.00008110828994796  0.00008683883268741
  0.00009269494621065  0.00009924098594704  0.00010591598384081  0.00011317485037491
  0.00012074666065980  0.00012845430646050  0.00013620866560188  0.00014428387015140
  0.00015296755644939  0.00016236036710261  0.00017252203889694  0.00018304520678148
  0.00019412908504893  0.00020617274231288  0.00021871439153321  0.00023210261536760
  0.00024670501822949  0.00026213517297794  0.00027833797022431  0.00029527158702368
  0.00031309126027183  0.00033229132230083  0.00035211311595640  0.00037210883722840
  0.00039210683048099  0.00041294430846363  0.00043636692617196  0.00046286583266764
  0.00049019344094494  0.00051701805578713  0.00054423773015988  0.00057344104798005
  0.00060646144094350  0.00064248960865047  0.00067795927353985  0.00071570834635801
  0.00075797136266610  0.00080759151076575  0.00086561969081215  0.00092647659139659
  0.00098678818203516  0.00103951718641549  0.00109754983030249  0.00115976226024127
  0.00123148020331521  0.00132594873054478  0.00143125231075694  0.00156387311997707
  0.00173741741448070  0.00201856692991224  0.00233428855031206  0.00262693599832669
  0.00281994147549337  0.00298222757702775  0.00320069903111839  0.00348169118855748
  0.00382809036151778  0.00449736121782767  0.10311439933108821  1.00000000000000000
 -0.00148036892050223  0.00608889623783649  0.01318651063744191  0.02077427950338575
  0.02847673768392840  0.03595732527789790  0.04294902515540594  0.04987604574421691
  0.05692943561801982  0.06423718692859744  0.07196727894879554  0.07981587593326218
  0.08757421807690774  0.09523420295053818  0.10279928363893205  0.11066451683488461
  0.11896356228119727  0.12776092917155163  0.13721101406662786  0.14694924102180285
  0.15662650243922491  0.16606711459242632  0.17599180480537938  0.18700278919425778
  0.19901285212599307  0.21056123786756031  0.22136687840199554  0.23171118232177995
  0.24165712647309068  0.25189266265786903  0.26246227236627856  0.27365321420719596
  0.28596932463917385  0.29943482940142241  0.31360134728416167  0.32733143342671006
  0.34088313599083042  0.35474697390815696  0.36875314393116831  0.38244788749978476
  0.39589293788659535  0.40925897431027913  0.42277001701822015  0.43647675448119944
  0.45013528622593946  0.46410780657969841  0.47877673751326760  0.49405766878298096
  0.50843110742477182  0.52223477478831526  0.53578941891702980  0.54878992391255765
  0.56092870903129943  0.57320426901950305  0.58597290896410592  0.59994540223689496
  0.61389189906188990  0.62815779113807169  0.64255785305127799  0.65694393101527293
  0.67057372922364522  0.68356412412230017  0.69626456207050058  0.70872056075636458
  0.72053114096345339  0.73158732425139761  0.74233643672163385  0.75291174124723104
  0.76364393318419221  0.77488997609003618  0.78637004539734978  0.79764174468048432
  0.80860802493486250  0.81948246212875464  0.83035207862218030  0.84181124649502925
  0.85323584065446056  0.86384737985904836  0.87407162227999258  0.88413442461349634
  0.89361722826066703  0.90278365149531015  0.91122195470459733  0.91977651745709310
  0.92707958438652549  0.93474014880883216  0.94179481158440759  0.94901143108366370
  0.95634440890515648  0.96322805078257379  0.96981981577884402  0.97587970024646964
  0.98179160293394485  0.98771153259277022  0.99377093271322769  1.00000000000000000
 -0.00249601765003626  0.01065862297125576  0.02081496134629622  0.03096128228331689
  0.04100190365635095  0.05089439657312705  0.06099842972038946  0.07112154557168079
  0.08136797818833569  0.09168782963721096  0.10144534225976067  0.11156905539341046
  0.12173844062549156  0.13253557129148430  0.14268296730512850  0.15298819648660583
  0.16347307183553109  0.17427660185731900  0.18456044918172851  0.19441288919966254
  0.20420254025072157  0.21423538745265874  0.22438875174031347  0.23407523551874770
  0.24355042906532690  0.25321567699851211  0.26334724404488158  0.27378259212789902
  0.28406654882978849  0.29507104288732494  0.30607927185876621  0.31668539466040729
  0.32661544859145825  0.33541035588573165  0.34470323264862829  0.35393677951970359
  0.36391828104849672  0.37455870668790425  0.38544712568819545  0.39641570431910800
  0.40670205833074530  0.41674470024719357  0.42682437983542776  0.43734439868741587
  0.44879765526070559  0.46056545030142643  0.47178278544385061  0.48255601504026785
  0.49337298221515541  0.50405898802780102  0.51475708361947115  0.52563447059564783
  0.53708974968668610  0.54873129341750138  0.56033472455126498  0.57174501908691511
  0.58298829917834361  0.59471493576865464  0.60658573688074846  0.61785381448625953
  0.62887320232659549  0.63974925608659761  0.65069771402425935  0.66162075527385023
  0.67260709160644627  0.68371868626549681  0.69513146451768193  0.70701774679319052
  0.71832482254552621  0.72931442220362042  0.74078478453773344  0.75211431876272128
  0.76340870793312610  0.77446228796513183  0.78527827577510323  0.79569017851759838
  0.80535756558372629  0.81466135373380699  0.82397904017773249  0.83393926359031834
  0.84456396010234214  0.85479243373654812  0.86442325444130663  0.87445195808915233
  0.88513409269108889  0.89579544607901984  0.90608300578835876  0.91665489955709889
  0.92769429720032148  0.93849600131016875  0.94864643826935369  0.95843960617156743
  0.96890474140920946  0.97947074303776127  0.99017093864762340  1.00000000000000000
 -0.00554747035049478  0.03526584072315986  0.07419590142152457  0.11188050675137012
  0.14558971377329810  0.17672799445510512  0.20241254991398794  0.22569012747493300
  0.24919169629426149  0.27174264081932975  0.29282396166202734  0.31344236885491777
  0.33346450305738912  0.35194567272233324  0.36770986882363688  0.38089253193949862
  0.39404485906982756  0.40833304149640653  0.42310735036219094  0.43685239492847627
  0.44984716551052423  0.46246540538485148  0.47517253516630231  0.48888895421141232
  0.50221285496614687  0.51430381746633913  0.52577197872947234  0.53694613798350288
  0.54757065588403431  0.55769928895005150  0.56789476318117238  0.57785152411443663
  0.58817586766214114  0.59781871862117886  0.60780367079419440  0.61795714581595718
  0.62828172100203872  0.63774220634191559  0.64712964720210409  0.65601673437749342
  0.66459934082110506  0.67254922932665295  0.68046110803024140  0.68869628357888091
  0.69704216390595797  0.70527399802991741  0.71335910897029498  0.72135112393047240
  0.72912835877201110  0.73678695012427475  0.74449947599627619  0.75224552262442013
  0.76005409609179186  0.76813164406080725  0.77563634481913790  0.78342320154546052
  0.79108307916271847  0.79879770133045780  0.80607522064020798  0.81287381904442280
  0.81938602639634517  0.82584890497277241  0.83242684371677012  0.83851366026466556
  0.84412105444496377  0.84971317519003875  0.85515165337177201  0.86054896139743919
  0.86598640329924514  0.87147702675078487  0.87690149790439653  0.88204483289674829
  0.88703439325387290  0.89191588597168270  0.89692434193486670  0.90214231419527191
  0.90742207759763605  0.91256214156704729  0.91767599655963905  0.92263816983017310
  0.92756706529094568  0.93262120581675223  0.93784586364022204  0.94316748664017613
  0.94845188610556197  0.95362080228781032  0.95855889925917903  0.96336543682480835
  0.96802481583508160  0.97269787123373019  0.97737866863132694  0.98210214503777093
  0.98679088369914236  0.99130320934295690  0.99569409020543609  1.00000000000000000
 -0.00294281161446172  0.01148345696860045  0.02295387040877677  0.03439574717279382
  0.04549023293338418  0.05656718417818379  0.06720620581748266  0.07743057145155428
  0.08767825474330281  0.09835332460836411  0.10923181241382686  0.12057203037216815
  0.13182698181917119  0.14321597529288660  0.15440893870708824  0.16563030191986369
  0.17726084955515792  0.18825980874763570  0.19864087166130123  0.20891516676027697
  0.21929391670020612  0.22929071890733019  0.23937675105523931  0.24981780327069444
  0.26082685283061480  0.27139171739443707  0.28155882982892527  0.29196509515530172
  0.30290854035846532  0.31426168410949873  0.32562888592882322  0.33605630503597839
  0.34477674344942649  0.35339415253693890  0.36140520813274912  0.37116110095640420
  0.38220526119025999  0.39340448200752459  0.40409427088719124  0.41428852055772891
  0.42437407202454080  0.43449344823798225  0.44497458289134201  0.45581930666395754
  0.46671418778463430  0.47706224411070564  0.48712203415085487  0.49739184286993043
  0.50819691635454822  0.51930339760279376  0.53053480141899434  0.54164235132219285
  0.55248537447121115  0.56355051392120159  0.57498336080443280  0.58632674862800571
  0.59706389631240886  0.60773472718856714  0.61845881808626335  0.62867890567880391
  0.63778457546659795  0.64676279337457787  0.65615564203644394  0.66579152902612371
  0.67554673556523082  0.68537957746038614  0.69557738851552897  0.70609584225742650
  0.71662876781482465  0.72752811646997817  0.73826544209912026  0.74869151833506331
  0.75859532685534981  0.76848829612668879  0.77879346906502367  0.78983408269009237
  0.80173629525819257  0.81344880943133202  0.82469125801494003  0.83570799777309435
  0.84678972005292619  0.85754617373233710  0.86733291855381445  0.87685307054535455
  0.88670338760483458  0.89699157804639484  0.90736814208741512  0.91723864949414446
  0.92745232596244398  0.93776485846524971  0.94806950485631092  0.95846613591240370
  0.96931903079922110  0.97973458206246022  0.99004304771983409  1.00000000000000000
 -0.00213176325648247  0.00905846655727867  0.01880601654937807  0.02926274539815851
  0.03947662074673731  0.04914684995585965  0.05885276459160414  0.06930482488664191
  0.08046616345588027  0.09097871972949224  0.10142932810155558  0.11148545834995258
  0.12208811754740527  0.13238117077554273  0.14322153685515163  0.15439459471056446
  0.16570151562267099  0.17652989270565303  0.18705906710314718  0.19811637130315884
  0.20878992181962078  0.21891511259796120  0.22901348786003314  0.23985042513523361
  0.25086624321088202  0.26223860266759352  0.27398906846509902  0.28663899416751809
  0.29889604816858595  0.31034266224000290  0.32086791360912925  0.33104528550423412
  0.34126256427142576  0.35193795583049353  0.36292439893731432  0.37400850964378185
  0.38460465868111843  0.39488966151420962  0.40531310485212457  0.41589149513013629
  0.42655118028312694  0.43715813879639764  0.44785624546240987  0.45879893652239412
  0.46983614276851415  0.48086087780619896  0.49131643278005011  0.50101549256337052
  0.50996442485509164  0.51875697626788442  0.52791694869385419  0.53741607242124656
  0.54720247474789652  0.55715774267956564  0.56767845230841307  0.57876395264053959
  0.58991377684760615  0.60071503654114300  0.61140146232947135  0.62234763907881407
  0.63355717396442612  0.64475212497760059  0.65570044110302839  0.66637754462097198
  0.67690891439846812  0.68745392127530713  0.69797299015364400  0.70855958777303618
  0.71859704973183935  0.72835825455065184  0.73811763809513564  0.74805857168943735
  0.75752397633711310  0.76601341924763622  0.77423764636296744  0.78282307706635434
  0.79270041513430523  0.80294726850414577  0.81316502860119133  0.82388316022436503
  0.83491385210038838  0.84572772236562077  0.85656409732636896  0.86735829749330629
  0.87796000745320446  0.88825533122487543  0.89833705117178331  0.90900505916487806
  0.92012830820384495  0.93177952208828918  0.94385837464495248  0.95596229679858369
  0.96769967636868315  0.97915916567197492  0.98979397079275688  1.00000000000000000
  0.20431716713983863  0.47253818386106594  0.51027064664732713  0.53037704470166280
  0.54509798937006060  0.55707939893182290  0.56811834484291390  0.58046314170951852
  0.59049275194468831  0.59839913759888552  0.60475998997312941  0.61098715532761827
  0.61773129939138460  0.62506626088392558  0.63211337987717653  0.63846353472052231
  0.64476523952516906  0.65128814325952411  0.65733762063691847  0.66286907020159813
  0.66780357546725821  0.67291041240198191  0.67842136291818789  0.68392467290454584
  0.68923325684380954  0.69432765276655672  0.69932778369316029  0.70444756767136185
  0.70947296255028824  0.71428510825616542  0.71903887899536822  0.72377506931057656
  0.72865790997122282  0.73366828682159024  0.73856015522986318  0.74335122792233643
  0.74806962625362183  0.75272364942600944  0.75727075934956189  0.76176110594696700
  0.76634726794196306  0.77117096836564392  0.77605189735285496  0.78076347976138105
  0.78525694103849963  0.78972482335169969  0.79422981652757263  0.79858087864161520
  0.80289322070815761  0.80712448131352454  0.81134244124198052  0.81549508653426706
  0.81943719281030880  0.82327006306670614  0.82703585734248086  0.83095862063676051
  0.83496932041878547  0.83906453045754292  0.84288970199034374  0.84684206949341445
  0.85061016410110013  0.85455286893696647  0.85847856327632099  0.86241730287961682
  0.86642266663746059  0.87055884397735139  0.87470928743884113  0.87877378865544375
  0.88269232880073456  0.88653779382995823  0.89042091275803570  0.89432811453783856
  0.89814561796482617  0.90205092600383119  0.90605622459017332  0.91021475595341195
  0.91436257552522282  0.91857032241210379  0.92286225977651626  0.92694340733030778
  0.93103607764405860  0.93500917519859028  0.93912093237405536  0.94330957845479890
  0.94739096221858077  0.95140177302575246  0.95534371820600739  0.95936963283235011
  0.96389672528868098  0.96862156126250198  0.97355513149195982  0.97870560025845055
  0.98358339110416748  0.98854132355817548  0.99402040437044681  1.00000000000000000
 -0.02463841696922577  0.19010002244281690  0.22309973054498022  0.24662338240182780
  0.26645261150027599  0.28222075555569320  0.29724867873241367  0.31102887120538175
  0.32411719077084855  0.33631866060426197  0.34786814700669044  0.35867813039770069
  0.36897828050334808  0.37881604876381775  0.38809392310632385  0.39707734281395618
  0.40596055703503331  0.41497129923636189  0.42383028136755208  0.43206018803363649
  0.43980609027722462  0.44746425164954695  0.45488679600264059  0.46239978840408530
  0.47027237990428772  0.47835556222775988  0.48622733973710652  0.49366457956780513
  0.50092774406343310  0.50789277488493290  0.51488540046420284  0.52182504882043934
  0.52859448379835017  0.53486760471129180  0.54072583942252572  0.54655849643682297
  0.55252992687924452  0.55862038729898100  0.56465237811778024  0.57050454531857275
  0.57641186238786646  0.58248829086572373  0.58857811784873004  0.59468692451320748
  0.60056400689983613  0.60627648784884247  0.61176094809340176  0.61729612450140858
  0.62284968188263767  0.62871224861569663  0.63476489799603919  0.64073868159531078
  0.64644710543591655  0.65203609246463989  0.65758955244230466  0.66315372312888832
  0.66857737933894534  0.67366618849657434  0.67843125412078464  0.68301344068711767
  0.68756347348435121  0.69211189337645873  0.69649046658449543  0.70064179973776408
  0.70473279095481522  0.70892377819008146  0.71357750592311420  0.71841729489918327
  0.72309560143877205  0.72769388821971881  0.73237434573852644  0.73714616352410611
  0.74219268875229194  0.74711668813954113  0.75188415788085960  0.75654781374973246
  0.76113808029098418  0.76562228221822626  0.76965621823992025  0.77361208475198084
  0.77774014123298429  0.78186361289204265  0.78601875906637397  0.79057294164640246
  0.79563239005368080  0.80091761352562907  0.80619187240877599  0.81146427915008545
  0.81782793898499828  0.82558566131802380  0.83255180795153350  0.84034152813168439
  0.84803568972499865  0.85697230918716349  0.92607495472952317  1.00000000000000000
   1.3339278937786386E-004  -1.0000000000000000     
 F F F F F F F F F F F F F F F F F F F F F F F F F F F F F F F F F F F F F F F F F F F F F F F F F F F F F F F F F F F F F F F F F F F F F F F F F F F F F F F F F F F F F F F F F F F F F F F F F F F F F F F F F F F F F F F F F F F F F F F F F F F F F F F F
  <DiscreteSampler_grid>
  grouped_processes
  1 # 1 for a reference and 2 for a running grid.
  10 # Attribute 'min_bin_probing_points' of the grid.
  1 # Attribute 'grid_mode' of the grid. 1=='default',2=='initialization'
  0.0000000000000000 # Attribute 'small_contrib_threshold' of the grid.
  0.5000000000000000 # Attribute 'damping_power' of the grid.
 # binID   n_entries weight   weight_sqr   abs_weight
    10   10   1.252646350112189E+004   6.567618616422433E+008   1.252646350112189E+004
    11   10   1.252646350112188E+004   6.567618616422422E+008   1.252646350112188E+004
  </DiscreteSampler_grid>
