  0.00409630409381988  0.00999186607120220  0.01795532921056602  0.02755471155627714
  0.03851747280673894  0.04983809149458033  0.06146022670456074  0.07270736070857793
  0.08391188881210522  0.09585054285936596  0.10861230426302793  0.12110970263967502
  0.13183506438300172  0.14097432578440763  0.14975151455002345  0.15844809566192972
  0.16786686950844990  0.17792460997382695  0.18828451987434347  0.19998290995117990
  0.21098723466268154  0.22120527554577402  0.23039121815106592  0.23897076349090202
  0.24795874312692190  0.25781005749240182  0.26826327446572923  0.27824303534665351
  0.28748073071578994  0.29702586846900242  0.30788830016318053  0.31988116546565881
  0.33205949156473963  0.34412031936912862  0.35534870139762187  0.36608775204382615
  0.37680596097817132  0.38767762611231238  0.39854700330318460  0.40953354725895180
  0.42142674829970189  0.43412288096126578  0.44724751525039336  0.45898868222180483
  0.47008283156519232  0.48023462683577278  0.49007023050374343  0.50042790411600735
  0.51144659872423237  0.52212781118090246  0.53221371622206504  0.54244079707638571
  0.55301286386087445  0.56400094149546132  0.57472159830622604  0.58517415905596759
  0.59594709196845230  0.60599805629772896  0.61518472782114186  0.62418344366799017
  0.63361880860031961  0.64381654236379038  0.65434036169981480  0.66437342341887295
  0.67360518527299151  0.68284455734498861  0.69208203471766239  0.70216566967701233
  0.71262200049196744  0.72273936967256613  0.73239514904929104  0.74173734518936818
  0.75162333353299193  0.76229273102998651  0.77355298853878918  0.78561539360402732
  0.79843148747800607  0.81090799290681415  0.82226122755624509  0.83308231510709807
  0.84397491156499949  0.85456529599098452  0.86467620891497976  0.87499577998939437
  0.88514490440730931  0.89478087390514505  0.90382414419582691  0.91337173533785576
  0.92349732337916313  0.93501305041390470  0.94634320637295288  0.95725098252746377
  0.96760232385206701  0.97766289573922849  0.98815328819149628  1.00000000000000000
  0.00002949756940844  0.00003724903679831  0.00004363880636617  0.00005519895786524
  0.00006386696247308  0.00007187836546000  0.00007946609708503  0.00008671703869136
  0.00009405792447633  0.00010156887754249  0.00010936918873023  0.00011700404901148
  0.00012443912200505  0.00013197708746787  0.00013977620076229  0.00014765413100953
  0.00015551270096278  0.00016335110532361  0.00017117267910858  0.00017897055182873
  0.00018684300603621  0.00019488658991999  0.00020379390540854  0.00021339667416277
  0.00022269554344636  0.00023318851331076  0.00024425781053731  0.00025595629960524
  0.00026793920557580  0.00027993150261010  0.00029230674664593  0.00030494787059988
  0.00031767278969004  0.00033042145398392  0.00034367450770615  0.00035774226596714
  0.00037192286866104  0.00038618916630521  0.00040250475360214  0.00041815215107254
  0.00043286859539738  0.00044924665769467  0.00046509328294585  0.00048188973430869
  0.00049921127552479  0.00051611152301987  0.00053278358975452  0.00055033223742445
  0.00057036656736373  0.00059305473353846  0.00061774634768338  0.00064292009430071
  0.00066703363658087  0.00069290616113803  0.00071701660698816  0.00073840070910645
  0.00076086163671356  0.00078514963046749  0.00081215533863989  0.00083568769933169
  0.00086112166047129  0.00088629347549687  0.00091289957225625  0.00094090623411709
  0.00096869912746120  0.00100297666884576  0.00104298585182250  0.00108735269634906
  0.00113708159528282  0.00119317860859027  0.00125074173672831  0.00130676219126403
  0.00136378343331723  0.00143300419604808  0.00152053551538977  0.00162794101921604
  0.00175190558161489  0.00188530731373738  0.00199892060301150  0.00212694131964793
  0.00222864503806853  0.00232846670102431  0.00245941482596853  0.00256588929659886
  0.00265626447543114  0.00278830937380880  0.00292616354657736  0.00314760572843705
  0.00349174255473896  0.00393102791055379  0.00445911037081490  0.00545174006253941
  0.00682664935815946  0.00798403763129601  0.01051623824748779  1.00000000000000000
  0.00000250849258557  0.00000273647094231  0.00000303492975347  0.00000328890132147
  0.00000356001459922  0.00000383729371423  0.00000411472735102  0.00000436579357735
  0.00000463918090675  0.00000490439692480  0.00000519181298476  0.00000548797012709
  0.00000578656166893  0.00000608925919626  0.00000640428480493  0.00000674257257768
  0.00000710665510994  0.00000747858727444  0.00000783964637179  0.00000819129702353
  0.00000854298837505  0.00000892630541078  0.00000934040766713  0.00000977683164592
  0.00001021192996922  0.00001064243644860  0.00001108007692211  0.00001153964739334
  0.00001201519886001  0.00001249692596163  0.00001301446728798  0.00001356461665043
  0.00001410943719597  0.00001466162483035  0.00001524630222161  0.00001586109376545
  0.00001650639683737  0.00001719972980497  0.00001794632240163  0.00001869137766506
  0.00001941182707066  0.00002016751348744  0.00002108698757453  0.00002207211835530
  0.00002311776030096  0.00002417313918656  0.00002524606635104  0.00002633599355311
  0.00002753398766977  0.00002893092336191  0.00003043951568169  0.00003209358335881
  0.00003414836670723  0.00003617166463193  0.00003830061782039  0.00004054687036854
  0.00004286832318037  0.00004535310899710  0.00004794894587744  0.00005063185578126
  0.00005333516609670  0.00005625382301125  0.00005964889055282  0.00006335889061414
  0.00006710270977679  0.00007103039249888  0.00007524356113668  0.00008020788856215
  0.00008600231538254  0.00009224485917056  0.00009907133326226  0.00010677815780941
  0.00011580580624055  0.00012596942371027  0.00013744385372189  0.00015064679836820
  0.00016618492833748  0.00018463968409892  0.00020508588942937  0.00022750578223900
  0.00025422279358577  0.00028822494051155  0.00033348431167090  0.00038134444707112
  0.00043264519250410  0.00049185100983637  0.00056938735603779  0.00068385312720419
  0.00083389328941395  0.00102860206534807  0.00122150245987788  0.00149946176652266
  0.00199604595246839  0.00273776566134831  0.27486038751632030  1.00000000000000000
 -0.00232985206883675  0.00943344886189437  0.01829025490900896  0.02808982872936282
  0.03756836154052692  0.04764711392258677  0.05800916943960314  0.06870128975775659
  0.07923864490945193  0.08899818887794818  0.09743749795055001  0.10581788970882836
  0.11478692232837735  0.12366645207855002  0.13170458100984478  0.13901297769676588
  0.14635211698320885  0.15460747621211904  0.16391919449024467  0.17338345526229021
  0.18301318233491071  0.19266335528463457  0.20154603017610320  0.21052051638931427
  0.21942168624573660  0.22915983814027757  0.23962422513760689  0.24982884150544482
  0.25964855537164988  0.26857591955282117  0.27722518259722484  0.28537884701374833
  0.29354029547014227  0.30223113712928135  0.31202222815735892  0.32354899503826218
  0.33462958372026413  0.34476180965429243  0.35416040002093779  0.36283991237931768
  0.37073502219086757  0.37783494352012709  0.38493137238706776  0.39271863937225010
  0.40137553990490249  0.41094018708287972  0.42057965307327211  0.43000925973779519
  0.43892565143860840  0.44708985234965487  0.45498858215596261  0.46330367382857873
  0.47251018066288497  0.48286225985296427  0.49408083225509974  0.50546252938103176
  0.51650623990786826  0.52788293282409038  0.53900383034784605  0.54995608168939702
  0.56058728966015947  0.57108294773950863  0.58180384423806564  0.59289600265094144
  0.60369945240658507  0.61335924468821124  0.62302311089315765  0.63348100841721755
  0.64364773068223069  0.65282550735635592  0.66211727625180594  0.67227909819120979
  0.68393281242657789  0.69451191313368021  0.70553761913755697  0.71722421693725269
  0.72959356851027424  0.74210927374693902  0.75509096545594001  0.76855993292735669
  0.78229811075396005  0.79659412951239528  0.81127662622472740  0.82545631222882676
  0.83865237186419228  0.85145154018017288  0.86456897186630322  0.87798130099416227
  0.89137380482248041  0.90586622391585747  0.92197315924355705  0.93825218225484985
  0.95400863373474032  0.96924254299503665  0.98454198919104841  1.00000000000000000
 -0.00227383701331866  0.00924170543606228  0.01876749171278343  0.02757852638611471
  0.03699767781407007  0.04684114211673977  0.05661932311975778  0.06615989343363224
  0.07696588807548532  0.08778641250561216  0.09908281240297152  0.10957500848410978
  0.12097458162799812  0.13282807237189284  0.14427335379714856  0.15412420332541210
  0.16373864106390498  0.17402113619066931  0.18467055366515817  0.19486234387181647
  0.20425499597923299  0.21434670334283909  0.22556016195560266  0.23535246550430547
  0.24489817881605158  0.25384784856193693  0.26331762353774557  0.27260957227706112
  0.28229348015052846  0.29214198100171263  0.30489824349026423  0.31812516750939662
  0.32993098334988780  0.34049131509885511  0.35116334147168937  0.36207371783262776
  0.37331305495218786  0.38453819516792642  0.39582481979673506  0.40801987992625449
  0.41966392353330761  0.43162458393759884  0.44245124259480317  0.45313117242897666
  0.46290418291937868  0.47270068929704551  0.48225932546557715  0.49227595557582565
  0.50318624530132017  0.51484369225714066  0.52660952642302483  0.53798965270219890
  0.54894797937115458  0.55979122961113814  0.57124262231250067  0.58263831969967939
  0.59291217100659699  0.60240111223118198  0.61181772825056968  0.62186943301239361
  0.63178883506738726  0.64191662098726776  0.65218559617167493  0.66196836828955585
  0.67112892782023781  0.68055022402128362  0.69101689240303787  0.70217832977540562
  0.71173259061034411  0.72095143885800483  0.73035878590595815  0.74008145795202251
  0.74991757750926835  0.76013734079596817  0.77031745256830531  0.78027553522006798
  0.79002019483597963  0.79998206309165465  0.81030588336923937  0.82173847592381999
  0.83318580831780276  0.84445641790725812  0.85558008898427707  0.86643857644715816
  0.87766005553708037  0.88939164658441350  0.90128686559446980  0.91318253955160833
  0.92429358064154399  0.93492791387563356  0.94568003149847857  0.95668581920930673
  0.96718849112635852  0.97739105097530510  0.98849237733534756  1.00000000000000000
  0.00060296384774813  0.01885271533987264  0.03561541699112839  0.05096145708854184
  0.06521670772898921  0.07912736846024204  0.09308721280082868  0.10707514413245139
  0.12114491782932536  0.13515520644469273  0.14886755771749141  0.16167041546514613
  0.17403415507027159  0.18709727246519456  0.20050052813063587  0.21429966748542739
  0.22827093646754815  0.24256174417494353  0.25613333960697809  0.27028086165808390
  0.28299550718431682  0.29685534806087849  0.30991196385349418  0.32195924196827358
  0.33358493251332028  0.34593761014353042  0.35975114354319127  0.37368381843077769
  0.38730271546523748  0.39999864736867680  0.41288045671797297  0.42522066236520256
  0.43838937110034715  0.45152501425572061  0.46498819665425700  0.47843912451835441
  0.49166185358297926  0.50442485259694536  0.51635169665272063  0.52829684177141412
  0.54080196151489746  0.55381414032940390  0.56650769071914198  0.57874412154285415
  0.59031749345824380  0.60152284213676099  0.61251137533138322  0.62365031045599006
  0.63502342883241125  0.64719198623056762  0.65992868058740906  0.67138260392236349
  0.68128595156653560  0.69084045493190704  0.70052256031067961  0.70992116297825036
  0.71846426197479196  0.72707324243207594  0.73634129074245247  0.74613019978275030
  0.75544272310650573  0.76467354633187679  0.77376684038376531  0.78327954880820017
  0.79256013423815019  0.80172342126877061  0.81056537454215183  0.81930678955447056
  0.82749871845631440  0.83564012254859432  0.84391650741662905  0.85234850311300270
  0.86105254112559770  0.86905366901062053  0.87701835533192218  0.88481004411934983
  0.89210418657599988  0.89904144233860883  0.90550310842858295  0.91221101924697579
  0.91873735254717237  0.92536772075198204  0.93212952779365743  0.93886734455548648
  0.94483496556961322  0.95011530009760425  0.95507219773643270  0.95993443243407139
  0.96483068165711761  0.97000077217367309  0.97500019618496725  0.97982524481529965
  0.98462247295804106  0.98958948450045492  0.99459245732306079  1.00000000000000000
 -0.00259835582072506  0.01032775452250350  0.02092288136859534  0.03143328219808533
  0.04163664388423290  0.05245599088840418  0.06364756867318230  0.07530527951090431
  0.08767451401368839  0.10056386034105901  0.11348953329629870  0.12615366007379772
  0.13836987258457825  0.14927940233695700  0.15931719902397712  0.16977061170806718
  0.18026679981584554  0.18989375439849029  0.19898197546151003  0.20843303411429490
  0.21970436476128699  0.23086283026751875  0.24071023481753381  0.25028240621012987
  0.26023660955664130  0.27014332551280140  0.27954500167547403  0.28831365249057928
  0.29746130626384409  0.30723207390708890  0.31727804511511520  0.32709663522958948
  0.33641049670240675  0.34579211961885359  0.35551757723727523  0.36721215704800536
  0.37789592007840783  0.38847647142228553  0.39957685061748233  0.41219285254583682
  0.42410251370516056  0.43511468799055664  0.44579561861681016  0.45620481643257599
  0.46686395894674265  0.47763211208925438  0.48869318044687388  0.49967821800390094
  0.51091773665475260  0.52265251541449598  0.53468454527628351  0.54598521020103863
  0.55661244509373531  0.56670333918710780  0.57660470249484819  0.58623997560421504
  0.59627344984978914  0.60732251672538595  0.61853892085016970  0.62925763640819909
  0.63979625985572774  0.64992450979484917  0.65991185217615189  0.66977338446753687
  0.67918592294187585  0.68826084647884045  0.69731032635225931  0.70626111834063809
  0.71656935868085903  0.72713045876206817  0.73720623239475258  0.74645544227509275
  0.75598260295411346  0.76608841840382602  0.77786532313457413  0.78919205927429426
  0.79923096785952452  0.80906870134927333  0.82021200920181314  0.83247065468224546
  0.84430579236794123  0.85483459586074628  0.86505696949328448  0.87548894148039558
  0.88612766272691990  0.89647942731874930  0.90630284625919133  0.91620023092190050
  0.92678366550349167  0.93855576862350021  0.95115083232694164  0.96270205743483017
  0.97284589474662897  0.98210985159443831  0.99054995105019372  1.00000000000000000
 -0.00153855760354183  0.00767225382232207  0.01543104569750144  0.02414266987615841
  0.03297554246311012  0.04268037205423211  0.05360707878802020  0.06481330646104382
  0.07514198993243836  0.08509195480349602  0.09529094528065513  0.10567983377483722
  0.11667094431087710  0.12769173205434781  0.13848554397199309  0.14910164290333230
  0.15897815295307705  0.16971554320934204  0.17906574424229479  0.18903168414272015
  0.19891353337758255  0.20986164759874421  0.22073269392802097  0.23138580707562442
  0.24180941031766590  0.25204727071113120  0.26285950434795441  0.27386400027906693
  0.28529932125041635  0.29674220218684128  0.30849220604045668  0.31878404909586272
  0.32817520532794836  0.33762445513696571  0.34696407127801165  0.35813817377504481
  0.36932636091650384  0.38098665060006098  0.39286668722430707  0.40567734263721728
  0.41791747735561408  0.42929274661079564  0.43992509202117724  0.45052403955626041
  0.46051785013192514  0.47001995180993772  0.47940942347555909  0.48888237296451625
  0.49906522541258730  0.50944339805586547  0.52018375020522334  0.53074872211362478
  0.54137005779281699  0.55223362214010097  0.56330391759881571  0.57471373593967923
  0.58665128670892663  0.59893753356279744  0.61113823760425678  0.62286887667265001
  0.63454638724883705  0.64585944521303229  0.65700530066666973  0.66790335737699680
  0.67888843974966417  0.69045336957662484  0.70099869153273464  0.71070995831377859
  0.72013047079587156  0.72957052367480002  0.73895025292998573  0.74817554490607707
  0.75746194342360074  0.76703389203590489  0.77622229858935232  0.78540212432757284
  0.79516645133685593  0.80609503392373405  0.81701599988552687  0.82721620561820552
  0.83728350173297961  0.84699665618404929  0.85705999665969324  0.86769847123899368
  0.87829027262784554  0.88864126003287880  0.89873263134778669  0.90914146410722108
  0.92019693432531091  0.93159313360941021  0.94268267222836311  0.95381525837203729
  0.96440804028102989  0.97600183859186029  0.98752237188169634  1.00000000000000000
  0.32426815513979901  0.47651795916862277  0.48971219878706951  0.49817859191952818
  0.50584230573970168  0.51334676763336595  0.52048060126042983  0.52878683474379684
  0.53885353634504707  0.54797493826268506  0.55676379091346839  0.56501216767951057
  0.57237236427189520  0.57977569219634040  0.58746881836887210  0.59608316232955716
  0.60441293925029527  0.61162574473631404  0.61846522337010668  0.62543782316649965
  0.63239204433957408  0.63899999662488338  0.64512520745707946  0.65049327298830961
  0.65593458372991831  0.66165771666363693  0.66760541969688336  0.67361295365200957
  0.67963367398766172  0.68572334469536922  0.69163127726518125  0.69719313382713888
  0.70267559844204897  0.70826050506627636  0.71385327816773092  0.71926802593447170
  0.72458817932474562  0.72985044128329402  0.73517579933317034  0.74020134312278230
  0.74497147623676174  0.74960553866678559  0.75455400017642826  0.75985964768816427
  0.76538011905848624  0.77085767787059245  0.77629241351490907  0.78163833984573117
  0.78680653651505827  0.79179845689086925  0.79637121319743864  0.80057395214106253
  0.80476158241852191  0.80895098051430914  0.81352253192189827  0.81803178891211481
  0.82234538728231332  0.82652499938575497  0.83071199575437815  0.83493174939809411
  0.83912256642123506  0.84323092328061522  0.84722455434135657  0.85134418773080289
  0.85559091716695712  0.85983610358602303  0.86390541776691454  0.86792670056170385
  0.87202345793658653  0.87628907840711268  0.88072840572156930  0.88504135385684302
  0.88929371643599553  0.89370345836228837  0.89841005015739472  0.90338115804792130
  0.90847666670888738  0.91313125268927342  0.91731378824151966  0.92134091337192991
  0.92527438325756539  0.92912705854769106  0.93292124045740910  0.93670899558924103
  0.94058548228645855  0.94474267485661056  0.94896589312549573  0.95328918593505152
  0.95781709092667033  0.96262660720706283  0.96766228663179554  0.97286294664680950
  0.97841485275161888  0.98471617995620686  0.99224488156069179  1.00000000000000000
  0.03513283412199741  0.17401144140220215  0.18759438341744852  0.19607571477849389
  0.20436813676458668  0.21233520151763569  0.21917978923246237  0.22501758564949784
  0.23044205207890381  0.23561828492037248  0.24093161736133270  0.24662929267478301
  0.25187690418619829  0.25702845076275760  0.26172773297059326  0.26666541657754661
  0.27202671232290193  0.27805679788259668  0.28439412347785947  0.29051045524297164
  0.29619975037129614  0.30104787503452579  0.30564974303977144  0.30970269629774516
  0.31420726733286725  0.31896869200274935  0.32412756675562909  0.32940853483605842
  0.33448175221252885  0.33938449676852417  0.34425245089521839  0.34927611320000013
  0.35491249031238276  0.36119960963539383  0.36766631133455507  0.37393145828816077
  0.37993113478077145  0.38586028528415989  0.39160709055911358  0.39719606995409068
  0.40256008348550171  0.40795553009229163  0.41361503006567868  0.41944609579318737
  0.42533346854361365  0.43124852304808564  0.43690121321564207  0.44219974757827218
  0.44741838625033953  0.45268242533933628  0.45798622477682333  0.46344791097214982
  0.46933085573710265  0.47519467153259304  0.48058288044354858  0.48612878665744991
  0.49169256261917560  0.49768946027951672  0.50362830168829154  0.50943230431160524
  0.51516933597282388  0.52108619577727155  0.52755311171371500  0.53417879539544599
  0.54115413517485478  0.54823462316950033  0.55503645493148246  0.56165350080738319
  0.56803271715169257  0.57432211347882045  0.58071700016370109  0.58741603418113819
  0.59440168644081937  0.60151531793349500  0.60911474639025354  0.61736855316267070
  0.62555988398998108  0.63444876836027930  0.64313605353930270  0.65173355724614124
  0.66047051990844508  0.66933707449839630  0.67846551074259231  0.68783960517147569
  0.69751168319640267  0.70820599673467355  0.71881020358859993  0.72999688466357915
  0.74211618460008633  0.75691068879059464  0.77378752415775087  0.79140843189268351
  0.80887121682288121  0.82840417191801696  0.96512720687107678  1.00000000000000000
   3.9594967300124500E-004  -1.0000000000000000     
 F F F F F F F F F F F F F F F F F F F F F F F F F F F F F F F F F F F F F F F F F F F F F F F F F F F F F F F F F F F F F F F F F F F F F F F F F F F F F F F F F F F F F F F F F F F F F F F F F F F F F F F F F F F F F F F F F F F F F F F F F F F F F F F F
  <DiscreteSampler_grid>
  grouped_processes
  1 # 1 for a reference and 2 for a running grid.
  10 # Attribute 'min_bin_probing_points' of the grid.
  1 # Attribute 'grid_mode' of the grid. 1=='default',2=='initialization'
  0.0000000000000000 # Attribute 'small_contrib_threshold' of the grid.
  0.5000000000000000 # Attribute 'damping_power' of the grid.
 # binID   n_entries weight   weight_sqr   abs_weight
    13   10   5.477649196236038E+002   1.262297034468189E+006   5.477649196236038E+002
    14   10   5.477649196236031E+002   1.262297034468184E+006   5.477649196236031E+002
    16   10   9.797922462968676E+002   3.551409136307812E+006   9.797922462968676E+002
    17   10   9.797922462968669E+002   3.551409136307806E+006   9.797922462968669E+002
  </DiscreteSampler_grid>
