  0.00255835126563002  0.01617986545556070  0.02933623876135013  0.04194078779455752
  0.05460207072738700  0.06810481091638898  0.07979216909715375  0.09114049154581652
  0.10169437589513357  0.11222627617278494  0.12313023547387650  0.13449231225563774
  0.14615263496884093  0.15756017408068060  0.16920283305704192  0.18051396988342114
  0.19175323989980395  0.20235803707373021  0.21247500532345182  0.22234797599941858
  0.23215126341617778  0.24275262264571995  0.25313665942626323  0.26392301003216290
  0.27490164268955503  0.28624909332982790  0.29755555404632467  0.30829316208702162
  0.31861360669480110  0.32882861115391626  0.33928872056975584  0.35014008408186953
  0.36124163285036975  0.37208571929245993  0.38315232443496794  0.39383591326386030
  0.40426053484844526  0.41467813155277450  0.42572335183481064  0.43631637691272618
  0.44613052539231318  0.45566484411615921  0.46545944257144101  0.47659077522651594
  0.48765078184408894  0.49847325024647182  0.50921325710866028  0.51991048342893154
  0.53024991067542748  0.54023308060438635  0.54969228423582750  0.55899429227210051
  0.56827910791805381  0.57767829648026192  0.58762264455172464  0.59765022515823985
  0.60817591833791074  0.61894597339643853  0.62997540678242503  0.64047689016673071
  0.65105698681762092  0.66117856985765844  0.67141255380060971  0.68158276268878037
  0.69238838212904208  0.70365378627771291  0.71467790528376007  0.72502310039241202
  0.73513062266315776  0.74503775890079604  0.75539019515806749  0.76589931679193468
  0.77657354371264553  0.78703760256138977  0.79726202500595167  0.80748394997885420
  0.81788561575131968  0.82894726529606710  0.83975784355265815  0.85012683534453515
  0.86016668433378407  0.87033890731811381  0.88078298915942377  0.89138459476190568
  0.90182628612305804  0.91163489108027040  0.92093030660478503  0.93022113256915384
  0.93973735131773228  0.94943345891381414  0.95900679448688997  0.96834313332730604
  0.97737757556272853  0.98549073221666816  0.99261707704994095  1.00000000000000000
  0.00000210439481887  0.00000226073954323  0.00000243240005003  0.00000261190343436
  0.00000279758824948  0.00000299030171987  0.00000319114969283  0.00000340444037102
  0.00000362932160866  0.00000387383711104  0.00000414033935435  0.00000442835892525
  0.00000472790227572  0.00000503313341197  0.00000535179309835  0.00000568519669487
  0.00000604840820994  0.00000641757687744  0.00000678437439324  0.00000718552188448
  0.00000760860181005  0.00000804521781809  0.00000852241911663  0.00000899747437398
  0.00000953682749183  0.00001011630186401  0.00001073654985324  0.00001141098928165
  0.00001214674097310  0.00001295217909567  0.00001382216100656  0.00001473050637362
  0.00001570218892033  0.00001669632193419  0.00001781520582473  0.00001899369541086
  0.00002032249343328  0.00002177751487645  0.00002338754306129  0.00002520238292622
  0.00002722736459852  0.00002944673371590  0.00003169104693323  0.00003417818946984
  0.00003676811856552  0.00003962215575853  0.00004253441675535  0.00004588134820538
  0.00004939929455841  0.00005324181129229  0.00005737120443880  0.00006202506803804
  0.00006696201517455  0.00007209495376708  0.00007740380513306  0.00008282210761834
  0.00008849287268391  0.00009464746639805  0.00010162039119387  0.00010977523177811
  0.00011841461685966  0.00012832558081066  0.00013955903632436  0.00015325312799723
  0.00016823012929626  0.00018380982630577  0.00020098551552450  0.00021946790717202
  0.00023900660847154  0.00026195743673329  0.00028786195542119  0.00031806750709625
  0.00035390961442619  0.00039239312930066  0.00043362531570226  0.00048159533833256
  0.00053565856133450  0.00059442918766014  0.00065795577010143  0.00073428766566474
  0.00083294140277115  0.00094719945666727  0.00105860088544523  0.00115797740891122
  0.00128397927518843  0.00144653390895528  0.00161200892853286  0.00183187925474801
  0.00215046595748334  0.00262565357010633  0.00311401038134654  0.00380420089011985
  0.00494859033941328  0.00705412266119531  0.39398168217010426  1.00000000000000000
  0.00000164391711142  0.00000228894657874  0.00000278841936801  0.00000323444728070
  0.00000360561150997  0.00000418801437641  0.00000477831038253  0.00000533180521223
  0.00000590433066540  0.00000652596558478  0.00000720979331662  0.00000794943729204
  0.00000871215958018  0.00000953431480040  0.00001044284211203  0.00001142734951336
  0.00001243172299938  0.00001355798783804  0.00001478339646434  0.00001617025144403
  0.00001768304714305  0.00001933405108781  0.00002112155431423  0.00002308175815082
  0.00002520283135630  0.00002751154635972  0.00003005344777242  0.00003278133235492
  0.00003569669896774  0.00003904031535518  0.00004270048397824  0.00004660739659933
  0.00005083659972403  0.00005539569546758  0.00006015892913013  0.00006524748096559
  0.00007060878087357  0.00007639144112094  0.00008240381880809  0.00008860968772860
  0.00009512471434737  0.00010209790532647  0.00010982057244504  0.00011805971081355
  0.00012654950472884  0.00013540624334498  0.00014489238976165  0.00015590273340738
  0.00016751433914140  0.00017991075064954  0.00019123491096296  0.00020430325323187
  0.00021763460869338  0.00023209267673123  0.00024797334567859  0.00026498886523010
  0.00028275847052686  0.00030102674833585  0.00031981973560375  0.00033979641119730
  0.00036102855334559  0.00038022929572261  0.00040007935453032  0.00042168534723850
  0.00044654692145305  0.00047560367813337  0.00050777368621178  0.00054079599270452
  0.00057944572389677  0.00061824316136313  0.00065334315752909  0.00068830801155652
  0.00072248512882061  0.00075629128728128  0.00079217156414442  0.00082999523092342
  0.00087728658262639  0.00093595508111413  0.00101730881758174  0.00111326073011156
  0.00123433045964275  0.00135889008245921  0.00151575583254581  0.00166506815199311
  0.00180885490631199  0.00195842120110017  0.00217151363430917  0.00257672493065068
  0.00314874191479639  0.00373525836803372  0.00447474564246354  0.00529255233686073
  0.00644665336505939  0.00723749086950822  0.01625091574655418  1.00000000000000000
 -0.00497714329404132  0.02843050071549990  0.05649677353967474  0.08164228815520151
  0.10478756067388487  0.12846452348983772  0.15118061308535130  0.17208979426255905
  0.19070626512985533  0.20861326171299693  0.22683904084858414  0.24590898741091227
  0.26464073483881612  0.28161752663485567  0.29595796788105672  0.31017007053687951
  0.32402708206695557  0.33825641636853243  0.35159729355345437  0.36443540781638595
  0.37665612785542008  0.38847656359862121  0.40031726902526843  0.41232910634635739
  0.42406754164458638  0.43452147657101042  0.44471713542492353  0.45559187267341344
  0.46735256169904732  0.47907824206647398  0.49062190061432154  0.50159880720034944
  0.51207623772555200  0.52245353569652286  0.53300892520065135  0.54348310254215326
  0.55392827742794482  0.56446401730812157  0.57483260068967479  0.58493834345537399
  0.59494244015519049  0.60488318007546726  0.61436919060684281  0.62330807467456173
  0.63199250092906412  0.64064550335467496  0.64942048983882938  0.65838427685254619
  0.66746616056856467  0.67634466154135586  0.68487279448452965  0.69292523572901921
  0.70066607826502691  0.70861029192359204  0.71665177592508134  0.72484854576122137
  0.73251130831135591  0.73996757947625624  0.74765299182921485  0.75570846459163799
  0.76397903460897343  0.77176567527376128  0.77886803490451662  0.78571392949675245
  0.79253083092008103  0.79995931964666511  0.80772903346986313  0.81529065066450990
  0.82274451494693956  0.82994621464328411  0.83711173926448401  0.84435079424592829
  0.85161137456049774  0.85878899854604374  0.86575185494928864  0.87265022100217882
  0.87968477073394691  0.88642389880825057  0.89301841495752510  0.89936561175068896
  0.90590604394058338  0.91262096563404305  0.91939805882720882  0.92596121012160715
  0.93232411887592304  0.93877158816664974  0.94524459801308280  0.95179175338053656
  0.95821991532338480  0.96449286012743218  0.97071589851148610  0.97685979841348947
  0.98276233879997388  0.98843195567902897  0.99423609811574731  1.00000000000000000
 -0.00267241633891804  0.01126833806951609  0.02268658714146313  0.03338515395897661
  0.04404162105153695  0.05440278879217142  0.06458380958663271  0.07440364730197366
  0.08400987086795596  0.09337383149864023  0.10256449913242935  0.11201269742248031
  0.12211639095177945  0.13283074866182179  0.14331930489137892  0.15349201291293790
  0.16373758603663519  0.17365669987540153  0.18364184602389716  0.19369884347414495
  0.20413287918245704  0.21483599887791552  0.22524138843924821  0.23550325590292770
  0.24606811450818708  0.25646791573487071  0.26737867650447478  0.27889106835524413
  0.29075946090348070  0.30256170813854155  0.31401157278401642  0.32522362993447634
  0.33568912327837819  0.34591282123736922  0.35585905257321171  0.36592789333805820
  0.37624549428510967  0.38683571860198585  0.39730566433359521  0.40734026459046319
  0.41732183580332671  0.42748442070911502  0.43775530593937734  0.44802886862880276
  0.45866632694173598  0.46911309998712458  0.47898130741991207  0.48807275133191141
  0.49758392547429647  0.50763692589855869  0.51888965312448398  0.53028025207824891
  0.54143154363679813  0.55322545389295619  0.56448192881332426  0.57617619493134942
  0.58740142701875242  0.59876971051662842  0.60858130212906469  0.61801969435431747
  0.62768037687532652  0.63790438097232971  0.64821741402293520  0.65776818370543877
  0.66755634241753592  0.67773964718946900  0.68843540984663387  0.69861577061259683
  0.70834096113722556  0.71724099011099107  0.72671103489779876  0.73632022171462930
  0.74656872014258091  0.75678547522901596  0.76752218011758788  0.77853958391782074
  0.78976098591350619  0.80080943058000953  0.81178387178529643  0.82235103041685498
  0.83304013226085294  0.84396785453819301  0.85510995427190473  0.86655403680963994
  0.87795566460651442  0.89003402209994409  0.90161324482493954  0.91306077662965335
  0.92387947596188313  0.93459519006929981  0.94545294851426664  0.95655991940581253
  0.96788211112337208  0.97909585749113193  0.98980898610458579  1.00000000000000000
 -0.00268637026121667  0.01199284934172343  0.02484576127792697  0.03832216738121877
  0.05129800073902904  0.06406089754095283  0.07633109227887365  0.08787151978530819
  0.09919884965386667  0.11121140748908283  0.12265434323243254  0.13315151240885170
  0.14372157121523349  0.15584861493225310  0.16920996543442732  0.18258021252360390
  0.19493366250469396  0.20640733791209079  0.21706980086421609  0.22778962358081936
  0.23872760798938830  0.24966433944341043  0.25997504249550513  0.27061483045730078
  0.28179965142973118  0.29329039193432721  0.30430574506034036  0.31546334287588101
  0.32675442058671761  0.33814165388507400  0.34902915959205644  0.35933965654820121
  0.36956766874255537  0.37931394927287299  0.38907484190136904  0.39871204271037725
  0.40835076379586527  0.41800253981822311  0.42706263398239547  0.43613400310454858
  0.44541161335668322  0.45479420114530777  0.46414336475913592  0.47380782926188986
  0.48349978387006304  0.49292816974207071  0.50232754492106912  0.51156160379141413
  0.52166403422604657  0.53136789081553826  0.54116669747823332  0.55081439608866178
  0.56055899326656100  0.56999393099509332  0.57930792847865908  0.58868368242878222
  0.59839055276086384  0.60847099498536039  0.61879168891932868  0.62918483977098760
  0.63934254842065452  0.64927424715173110  0.65903579416497637  0.66874139648783626
  0.67864634931166512  0.68883616132809511  0.69919964231700293  0.70947016940145313
  0.71925151188005976  0.72899060581463859  0.73881813090538528  0.74878793669017474
  0.75893795287766863  0.76912670636690761  0.77975952839393570  0.79071578434911494
  0.80174636700671897  0.81283379134304823  0.82317796038574020  0.83368574510304472
  0.84384163900899867  0.85353226563258744  0.86392270659563664  0.87459498062030316
  0.88563719149807152  0.89680412777473484  0.90700075773150690  0.91671472978192370
  0.92608481588624758  0.93537314317421882  0.94587082254241439  0.95599200315613175
  0.96622930398766482  0.97673983647127982  0.98838104420544437  1.00000000000000000
 -0.00259372730276215  0.00995061813221823  0.02087980341658697  0.03182138633358863
  0.04249768643181238  0.05293419053134799  0.06339639830144832  0.07386368034606798
  0.08423367358394186  0.09482932120297259  0.10544236382368227  0.11563868782201545
  0.12554649702032941  0.13536081257715055  0.14612307228477894  0.15736165677196232
  0.16819178730949244  0.17871656769080094  0.18899599911045850  0.19990935549799083
  0.21084750267538574  0.22166380360948440  0.23222742110894923  0.24302108390029356
  0.25428007221671428  0.26608566761134123  0.27804150579283637  0.28961059003866646
  0.30096010229304165  0.31216103584266763  0.32265575992021289  0.33288083945592123
  0.34242457483659422  0.35198022273065566  0.36145256723762814  0.37192720548213648
  0.38250276652066423  0.39305089729033926  0.40280935738028245  0.41238937790871860
  0.42217093393126487  0.43207229761133559  0.44241131865089073  0.45346149103066169
  0.46483028803636472  0.47644692950219492  0.48739337952137973  0.49811929814026251
  0.50849211593721244  0.51867341361930763  0.52864902613787401  0.53886314260333623
  0.54950013754141036  0.56014625720457345  0.57076513843677679  0.58155766971038159
  0.59272079283093448  0.60399945905498487  0.61483042787465170  0.62567605760119394
  0.63659003522447799  0.64770091084732195  0.65840243240397633  0.66886171020500551
  0.67886832090958260  0.68879366041542145  0.69817654662379658  0.70741423991577712
  0.71726144921694235  0.72751310572711703  0.73751984512363455  0.74732744614062252
  0.75686029692349766  0.76685104938853732  0.77664071062191442  0.78744555868853738
  0.79839942153229448  0.80952662348910975  0.82020940982806656  0.83086738197432664
  0.84141274246611220  0.85202223058013316  0.86326656188474959  0.87555081745476293
  0.88693949242333481  0.89764537771782638  0.90780333756452203  0.91819855414478735
  0.92866884078486800  0.93909476275349657  0.94925148362076051  0.95929443316531993
  0.96911865610348968  0.97892368596859902  0.98938268590328116  1.00000000000000000
 -0.00251487988116885  0.00977348303456133  0.01993091908881102  0.03023134434598565
  0.04094575999282742  0.05156312887321633  0.06271975521155704  0.07392934021589301
  0.08504300039708185  0.09610323488512615  0.10725803862137365  0.11741560035546557
  0.12736780593505684  0.13662695747057790  0.14705480841253527  0.15760498323082911
  0.16848771704120100  0.17992581412583059  0.19154977577291932  0.20294328766301906
  0.21411134369999607  0.22512984351267942  0.23557227643364689  0.24585974765502963
  0.25579408036336854  0.26613570254686436  0.27656009320564545  0.28697842138199514
  0.29725151502863356  0.30754289291002579  0.31808056227147080  0.32899638756415428
  0.33981649664775848  0.35029807844658922  0.36070728411327840  0.37124355633643946
  0.38203479875746454  0.39287161725778463  0.40345637114406685  0.41428322500242720
  0.42482486430595268  0.43493248247148514  0.44482801593855215  0.45492801143727096
  0.46546008976495323  0.47607048714854872  0.48660868397752843  0.49741272291651240
  0.50843517746707267  0.51933549143728042  0.52988209910879214  0.54012615969091327
  0.55045670439123795  0.56058288129923362  0.57039727679773389  0.58014447254834478
  0.59031175730172825  0.60124969052029731  0.61269547692052029  0.62399281899267334
  0.63534859293356527  0.64743484516855732  0.65930513166115878  0.67039907754365125
  0.68078135196447542  0.69136148208800452  0.70191483233742158  0.71219521782641548
  0.72226830343009807  0.73269436085057082  0.74351715300331700  0.75440333564699313
  0.76496082976240498  0.77496539059923830  0.78511900309801919  0.79553514454805085
  0.80674649960311695  0.81745038098864486  0.82805849261904718  0.83866498692104019
  0.84933700342364415  0.86005843872543142  0.87072086337786780  0.88038250214685254
  0.88966382330976335  0.89885511527291817  0.90860228781274599  0.91879362911070750
  0.92955973043279372  0.94046543626901913  0.95100946830696709  0.96119515348083795
  0.97137705945966080  0.98102344489124782  0.99069585226201196  1.00000000000000000
  0.39460744950430315  0.48333264135710319  0.48992781968374211  0.49633033443101182
  0.50267477688990436  0.50909503608966911  0.51564538936042970  0.52213225719371281
  0.52841921522893598  0.53509234387734250  0.54209000496668081  0.54920486665398993
  0.55549160704764755  0.56151076238752751  0.56694086237008845  0.57238346610077784
  0.57769959694441064  0.58329994602287305  0.58842313495710952  0.59365585546406974
  0.59873848722545808  0.60373587922525240  0.60865134975053725  0.61383268959781057
  0.61897365984730668  0.62421283024264884  0.62953844028009420  0.63492065656036833
  0.64013046854296107  0.64502940338380532  0.65018359012669413  0.65543548634994997
  0.66060452822800797  0.66569907137235396  0.67074806736627024  0.67580562433935909
  0.68096483872427405  0.68612193898390261  0.69114539849175971  0.69612446804626005
  0.70109793481303029  0.70600804983602294  0.71090159233431849  0.71575750541625938
  0.72059061503351185  0.72551714606464723  0.73063148281719548  0.73601063929487220
  0.74148043226589200  0.74679965172197116  0.75183469864538477  0.75670078810247843
  0.76170393430583105  0.76659953855062046  0.77155243158999598  0.77641435157688710
  0.78129057716227035  0.78633693867065324  0.79146647344469934  0.79656296561460416
  0.80173393620712186  0.80703814395750673  0.81241751918335803  0.81777630937861967
  0.82313957252202608  0.82838349829371349  0.83351457701198606  0.83874300118613498
  0.84411273315055291  0.84954175593961578  0.85477634170287575  0.85979839377352707
  0.86482326367449813  0.86989946027726861  0.87522992644959918  0.88076428269038376
  0.88637848972516053  0.89196164132900757  0.89727219227253918  0.90275798120198658
  0.90788175646959401  0.91291177805740875  0.91805997027220898  0.92341420502988181
  0.92907347293182951  0.93487038291585123  0.94055351196020387  0.94601736913816048
  0.95136802379626051  0.95677947707639077  0.96256086646853256  0.96892067902315082
  0.97567299303375277  0.98296850893609167  0.99117456602327758  1.00000000000000000
  0.02958731039854180  0.20622020638943656  0.23270924721484512  0.25259260101025649
  0.26919239686735069  0.28482254183763317  0.29967941650378999  0.31344227861046803
  0.32637289721694424  0.33850940326682688  0.35008278626542916  0.36112054491922041
  0.37229015088331485  0.38276503792782918  0.39268356686621192  0.40212523702379510
  0.41126293600085340  0.42027097529279583  0.42876027171146025  0.43721385863753909
  0.44574281785431596  0.45419847351769815  0.46243037739271908  0.47039194470271323
  0.47863669697038591  0.48660405631619591  0.49473018329860974  0.50248443793385844
  0.51028598103035083  0.51798099271683551  0.52550976312933784  0.53229671676284795
  0.53884445982677298  0.54517227216804864  0.55165121897135205  0.55849474312851966
  0.56538405591267316  0.57206888918652199  0.57843240004231977  0.58495167845673790
  0.59127291534341564  0.59775256631955065  0.60418282091746978  0.61054947418287431
  0.61683951142266380  0.62287498640813255  0.62864738253830843  0.63428269380783742
  0.64004216836439010  0.64593757514081807  0.65186527699787689  0.65730837182229251
  0.66257604343964527  0.66765099630238589  0.67266817513964960  0.67768768876525920
  0.68300596425243920  0.68840946828961391  0.69370871148604940  0.69878480838423895
  0.70361407482664540  0.70823548040972251  0.71273418149942414  0.71725926193780598
  0.72178523847284537  0.72622256947095454  0.73056179067713301  0.73474984027538515
  0.73887425438596610  0.74323165595756413  0.74752835992708944  0.75183093016260016
  0.75609427675827323  0.76037698270475962  0.76467530326060118  0.76902097252696777
  0.77333852845254258  0.77748295610488372  0.78146022022277228  0.78542742639233276
  0.78971313686168287  0.79461826674761693  0.79988109302589649  0.80497004757487967
  0.81009785424496616  0.81515554756809128  0.82059445136004894  0.82616136619455471
  0.83198719346689842  0.83877077242715847  0.84558549745779943  0.85345181842561579
  0.86324213828227270  0.87737693006041761  0.91340223439659796  1.00000000000000000
   6.6828940791959898E-005  -1.0000000000000000     
 F F F F F F F F F F F F F F F F F F F F F F F F F F F F F F F F F F F F F F F F F F F F F F F F F F F F F F F F F F F F F F F F F F F F F F F F F F F F F F F F F F F F F F F F F F F F F F F F F F F F F F F F F F F F F F F F F F F F F F F F F F F F F F F F
  <DiscreteSampler_grid>
  grouped_processes
  1 # 1 for a reference and 2 for a running grid.
  10 # Attribute 'min_bin_probing_points' of the grid.
  1 # Attribute 'grid_mode' of the grid. 1=='default',2=='initialization'
  0.0000000000000000 # Attribute 'small_contrib_threshold' of the grid.
  0.5000000000000000 # Attribute 'damping_power' of the grid.
 # binID   n_entries weight   weight_sqr   abs_weight
    76   10   8.086673280971697E+002   2.093463616073111E+006   8.086673280971697E+002
    77   10   8.086673280971471E+002   2.093463616072920E+006   8.086673280971471E+002
    79   11   8.750046497585004E+002   2.131555472906946E+006   8.750046497585004E+002
    80   11   8.750046497584798E+002   2.131555472906774E+006   8.750046497584798E+002
    82   11   1.112149588355145E+003   4.299598108369384E+006   1.112149588355145E+003
    83   11   1.112149588355115E+003   4.299598108369003E+006   1.112149588355115E+003
  </DiscreteSampler_grid>
