  0.00259430405282948  0.01584887329976156  0.02878173843071782  0.04156673988260905
  0.05174242499585845  0.06152968738889602  0.07105444911782759  0.08140778214338264
  0.09237683350101819  0.10319880924677979  0.11557832970222438  0.12767701639162091
  0.13924996560163527  0.15103993122285353  0.16185764752999629  0.17076756796558146
  0.17883359603702564  0.18733889660945091  0.19809768201440467  0.21000631709682205
  0.22184838598020565  0.23283440326943444  0.24387638286142496  0.25535525778876017
  0.26836722401698648  0.28347694678942992  0.29816814081980808  0.31021962651081975
  0.32190842536661324  0.33250205506154107  0.34372516392578528  0.35447872319093049
  0.36449761315115653  0.37383169356022472  0.38251620365416439  0.39097286372621498
  0.40068322186474570  0.41109163524522002  0.42258485443445659  0.43453172887345615
  0.44627792934120880  0.45794030697966148  0.46964643796912975  0.48108889991881354
  0.49321678300140204  0.50459383796928947  0.51508328877979970  0.52499590640387850
  0.53564557178530270  0.54761130289277749  0.56206683426934456  0.57340007292439721
  0.58453601997874616  0.59429207819742680  0.60600535104583697  0.61825413873771684
  0.62984562688795365  0.64112368079622051  0.65257018118400145  0.66417227149693492
  0.67475711340477396  0.68475032759027643  0.69511977251996271  0.70540325922051672
  0.71520061877219765  0.72412782741619841  0.73294378740707866  0.74164321897642427
  0.74959370317802332  0.75839988850278583  0.76384380862844592  0.76874666036522799
  0.77401430927559622  0.77920733570911083  0.78468175676069818  0.79323696505052466
  0.80545908154003565  0.81778536562625526  0.82912935728454495  0.84010918708725724
  0.85045427862998846  0.86006365427582032  0.86909058052453447  0.87780297815997832
  0.88631383157266674  0.89534156311361301  0.90587587324585983  0.91772683480018802
  0.92981635187559453  0.94185499959093189  0.95321307544140699  0.96425202426781520
  0.97510701590334714  0.98451090748963732  0.99277111446236133  1.00000000000000000
  0.00212783396727093  0.01709249409023230  0.03249812116801910  0.04526427462877250
  0.05649437257314675  0.06817701896588568  0.08006103813663339  0.09187015109405272
  0.10410878835222066  0.11665089476439126  0.12879502038925394  0.13936723733048781
  0.14964833779954731  0.16036997953002721  0.17126098904332798  0.18185193953776799
  0.19231508575950315  0.20306069812397579  0.21400295892776483  0.22505685882536863
  0.23660557888600975  0.24882656720202964  0.25975280530382217  0.27022570131616303
  0.28078123428061025  0.29239601330935350  0.30320455604376323  0.31452711163422153
  0.32566186324521390  0.33634543885536439  0.34662530274599224  0.35765832132694697
  0.36966494941796785  0.38054722128328183  0.39121326679219093  0.40245057797581368
  0.41387379363955823  0.42592722823006812  0.43841234202610657  0.45062062755942545
  0.46234851414035905  0.47383933111993132  0.48413544165887845  0.49329045594258847
  0.50202455558848547  0.51084940402450218  0.52087679604876402  0.53152599862018490
  0.54249742345742014  0.55407767349550652  0.56519963016973018  0.57518453368410782
  0.58468202383811840  0.59367952844275440  0.60221235923291527  0.60731520333394562
  0.61188454515366308  0.61676583282323783  0.62193291006327478  0.62953847507951277
  0.64143237767077188  0.65197224754056160  0.65978521724887529  0.66609959984661871
  0.67239223220333844  0.67992813540672326  0.68845813222975538  0.69717819712679630
  0.70768631604494536  0.72005047481127693  0.73296509732648385  0.74573773181619585
  0.75795544780200230  0.77017715877983883  0.78164872745363190  0.79161852403825561
  0.80090628406714781  0.80889503277076558  0.81683483441631344  0.82530575429436548
  0.83522765317352499  0.84742654875731227  0.85976781263612023  0.87071417057599787
  0.88049094655166737  0.89021363883691840  0.90029200410625676  0.91154508593857875
  0.92274758863318296  0.93317656843120200  0.94283230632928083  0.95239381060397543
  0.96293707786081062  0.97406013574231065  0.98358560006681006  1.00000000000000000
  0.00000371307748368  0.00000465776798979  0.00000526860209508  0.00000585413963438
  0.00000655676557897  0.00000732897925336  0.00000806051618165  0.00000871116992827
  0.00000929456664891  0.00000985091480360  0.00001038493311961  0.00001091365237164
  0.00001149210708239  0.00001212716142890  0.00001278634711385  0.00001350128713213
  0.00001424704629693  0.00001507037891486  0.00001592394339701  0.00001678878710079
  0.00001769599336374  0.00001861356133897  0.00001952588846602  0.00002029660884860
  0.00002100586335576  0.00002176307333173  0.00002260564167586  0.00002363005746403
  0.00002465467403730  0.00002576924978702  0.00002702361219024  0.00002834832176041
  0.00002969626077441  0.00003106818223183  0.00003255474003441  0.00003412136422138
  0.00003570117996488  0.00003730208265993  0.00003900138534470  0.00004064098410745
  0.00004192662420350  0.00004348271338920  0.00004516415855298  0.00004671276525887
  0.00004852766294769  0.00005050848098118  0.00005250148479562  0.00005444922233312
  0.00005659716274510  0.00005897077710832  0.00006144480260703  0.00006416143085611
  0.00006696019881527  0.00007004316371537  0.00007343877921987  0.00007695264804320
  0.00008080684326051  0.00008521554113054  0.00008990512357871  0.00009457931954392
  0.00009954704657598  0.00010528643924387  0.00011169130057645  0.00011770645387396
  0.00012343024786509  0.00012933855418081  0.00013636486537064  0.00014624954789394
  0.00015771439053885  0.00017052896921834  0.00018492376399289  0.00020185925519435
  0.00022006226103447  0.00023906571104080  0.00025957342026647  0.00028189348374819
  0.00030651569354374  0.00033479924366103  0.00036820519632823  0.00041234740959905
  0.00046246753860439  0.00051604862970115  0.00057724070867988  0.00065087899798519
  0.00076028259332689  0.00093443469558091  0.00116791183227748  0.00148152392726598
  0.00186735996562177  0.00230635435122763  0.00291571597456388  0.00391820522099684
  0.00554728061856086  0.01260370427405726  0.03761486989318413  1.00000000000000000
  0.00001049241031879  0.00001301650058758  0.00001431280883676  0.00001549411136342
  0.00001668862195495  0.00001786834902683  0.00001910439739034  0.00002045231534084
  0.00002212481686334  0.00002368267398560  0.00002538670312556  0.00002765784356420
  0.00003044836310904  0.00003364743549446  0.00003772585714266  0.00004326719838497
  0.00004985054873789  0.00005877458183771  0.00007046108873203  0.00008519675428845
  0.00010324775309280  0.00012654009410664  0.00015378625571459  0.00018297665132702
  0.00021352243337874  0.00024904281255031  0.00028620079861392  0.00032544840545915
  0.00036623822488237  0.00041097156479207  0.00045512339886680  0.00050068498202103
  0.00054893976541298  0.00059891926610728  0.00064997945465648  0.00070626703820756
  0.00076812761376042  0.00083367786464706  0.00089301931852059  0.00096207455185820
  0.00104696683877113  0.00113940148796322  0.00122170925606547  0.00128272707317287
  0.00134632189758906  0.00141480569900188  0.00148885910140334  0.00157238298042136
  0.00165031851798624  0.00171292383202425  0.00178750455161892  0.00186515402751248
  0.00191079843930901  0.00194266574872335  0.00197741480700036  0.00202167660797466
  0.00206807745843941  0.00212161629067197  0.00217262214229495  0.00221570490212822
  0.00227688966070840  0.00239136492011617  0.00250906351332704  0.00263229383071313
  0.00276740621051747  0.00294224555690084  0.00314762411460554  0.00329560421560991
  0.00340360188203011  0.00349396377320735  0.00357776608369377  0.00365495265219492
  0.00376485450907464  0.00384460169235054  0.00391063606614747  0.00397991606712994
  0.00406553765354323  0.00418690485872969  0.00434174907337653  0.00454789210095427
  0.00476244972238419  0.00496067182528122  0.00514689755502377  0.00533067373421526
  0.00551246566431625  0.00572903446308769  0.00595181603981179  0.00623728404877234
  0.00656972375529794  0.00690216346182355  0.00704583919902215  0.00718594232013045
  0.00733655699108144  0.00750319851762837  0.05022112809174220  1.00000000000000000
  0.00000593307028440  0.00000760916520166  0.00000899318919491  0.00001045299526896
  0.00001203707177937  0.00001369254745645  0.00001518327212455  0.00001658698458063
  0.00001810241390794  0.00002004317713900  0.00002200768411123  0.00002425175954692
  0.00002723905125448  0.00003117383210660  0.00003602109448089  0.00004172808568663
  0.00004820138746499  0.00005600642573966  0.00006577447220709  0.00007791549836067
  0.00009247943773457  0.00011029378386908  0.00013088514860384  0.00015314436777175
  0.00017789645825999  0.00020470405355269  0.00023197784760821  0.00025997845123519
  0.00028815626702964  0.00031631903333565  0.00034723540300552  0.00037994806804128
  0.00041152021391980  0.00044722992802553  0.00048808120409460  0.00053101567951313
  0.00056911283235239  0.00060611560005474  0.00064825239353577  0.00069477422554098
  0.00073888898055798  0.00077934712493420  0.00081947418043143  0.00087002288921220
  0.00092910128496627  0.00099083451682372  0.00105553635394806  0.00111412347092355
  0.00116976502472947  0.00122855327209087  0.00128423007191478  0.00134315627256552
  0.00140216064077099  0.00146578156009065  0.00153084346684751  0.00159847790072551
  0.00166875876229739  0.00173405819511135  0.00179060975978766  0.00184108491680692
  0.00189667461846508  0.00195667201860580  0.00202376267325900  0.00210436304783282
  0.00218420670162976  0.00227011359687422  0.00235528280371589  0.00240591355564010
  0.00243986032340560  0.00246461599359528  0.00248971110952780  0.00253218584225478
  0.00256786233186032  0.00260298216551654  0.00263512685800051  0.00266595828735402
  0.00271783758078404  0.00281219985923235  0.00290798578061854  0.00300209188605258
  0.00311233360571146  0.00323098738176030  0.00333735467800178  0.00344756126262638
  0.00357606509133781  0.00370421097700347  0.00382943628776802  0.00396751047222125
  0.00410613611209113  0.00446034584387705  0.00481455557566296  0.00526247635004044
  0.00577348524215378  0.01664116108336286  0.03829491845495925  1.00000000000000000
 -0.00176576236268830  0.00895318934697354  0.01945884463957559  0.03120623601157409
  0.04397454359878469  0.05626759078154858  0.06942586669596956  0.08251723209979248
  0.09360587684250203  0.10353591317655400  0.11373212353412959  0.12533603004266550
  0.13869919249674184  0.15150845372767130  0.16332215022223956  0.17477745022242003
  0.18632394112088355  0.19754543939524988  0.20933616425084611  0.22251491122183789
  0.23646492049187645  0.24892364902502065  0.26022487434230412  0.27106471627170664
  0.28248435264371580  0.29393041685721716  0.30492608765568813  0.31563741352739194
  0.32604877167006058  0.33636083332477584  0.34766195863847660  0.35921337962722194
  0.37038115401897009  0.38135252547551274  0.39250117611218238  0.40369916711448917
  0.41580732277955557  0.42675909646250554  0.43645684932325945  0.44524807928759769
  0.45485326587809005  0.46289355702091406  0.46999652765910477  0.47689094426703521
  0.48377998959794610  0.49064802354770998  0.49888675228465956  0.50912710061710631
  0.51873792078091607  0.52671850466436565  0.53503077123425513  0.54346140646433827
  0.55249698128811897  0.56159112208431805  0.57044105654620958  0.57864042596616139
  0.58814565080294323  0.59941644723979770  0.61180250212976584  0.62463766491919182
  0.63786526805966715  0.65016213189733074  0.66168204233943795  0.67297995273184774
  0.68304726391940584  0.69285571622842257  0.70175759134937044  0.71094735991870994
  0.71974576171254179  0.72866470647053128  0.73749032342661169  0.74664295019285687
  0.75665473215023937  0.76695640470194715  0.77785453332097021  0.78915568318523466
  0.80045755066567803  0.81173285750259094  0.82251655590123696  0.83384963970922410
  0.84499368171603328  0.85579783079523253  0.86695820476567709  0.87867201354977220
  0.89042628853321670  0.90140606648791854  0.91124761733236170  0.92055951110734902
  0.93048822042830592  0.93991411678173786  0.94863515644104757  0.95730548382242930
  0.96625102316105849  0.97655355654776965  0.98808228552016275  1.00000000000000000
 -0.00328922138769871  0.01176475374783171  0.02336979060016139  0.03336497174411102
  0.04344262418918356  0.05383104526354262  0.06420439592002017  0.07485852411406609
  0.08596049841316394  0.09781741936516374  0.11016957763879665  0.12240842582914989
  0.13486613581264992  0.14590878860150466  0.15662892349324709  0.16663910917142399
  0.17576232469550132  0.18409731229308987  0.19284754353923750  0.20180326865249476
  0.21178529620808398  0.22195248685285479  0.23407344399167956  0.24565599594326629
  0.25725457576087296  0.26647660944141471  0.27241750636138951  0.27857330137206926
  0.28450180244898743  0.29074165538789232  0.29799576139854517  0.31068307666342210
  0.32178344618347826  0.33112372154343839  0.33968009864810961  0.34922566295971491
  0.35975575805007598  0.36950219801331585  0.38097540702469535  0.39188180849761994
  0.40334433522663693  0.41461213493900717  0.42658509433625230  0.43723091753446375
  0.44786909569427574  0.45860135113219369  0.47152422789807957  0.48600112263696704
  0.49887214302625277  0.50946945107954777  0.51892477690493277  0.52939241516775437
  0.54174741641302948  0.55318080136918679  0.56537830945471379  0.57615821387256361
  0.58627168826073550  0.59650249858423166  0.60784691090939802  0.61852675025035242
  0.62853106828306249  0.63797474031060131  0.64755464008545716  0.65771605105219311
  0.66955457704458332  0.68275610902537121  0.69591467366979332  0.70872143955130185
  0.72180404886968752  0.73500258469059387  0.74790408391294549  0.75967838855203462
  0.77055635772766529  0.78154227747026772  0.79213988222210374  0.80178174580724526
  0.80926871968495684  0.81604276818467769  0.82309895045451498  0.83045549675156993
  0.84043924329224318  0.85050550660138058  0.86077100160644771  0.87053885110418050
  0.88184190855959588  0.89332509651935399  0.90524231706305291  0.91571857123690836
  0.92629805873479354  0.93741351292952613  0.94919524754345153  0.96121415542785527
  0.97119792635062918  0.98018736603398404  0.98856503727940404  1.00000000000000000
 -0.00304898969634158  0.01619452680625808  0.03064482690365429  0.04600696667997636
  0.06188509013651697  0.08406015989314689  0.10279103226825428  0.12060785480137776
  0.13800751793521462  0.15286764814765272  0.16531270269979786  0.17892640718342928
  0.19378170149744817  0.20827578604970712  0.22414954409243437  0.23996588356537329
  0.25401570056771489  0.26886487612485810  0.28435078324491680  0.30039741952357080
  0.31591587113732433  0.32928649772580826  0.34267885867787135  0.35704601876012343
  0.37138806551220033  0.38494965612999910  0.39770922886121457  0.41060057732107452
  0.42308819540521125  0.43399285375437735  0.44428344150801358  0.45420658204871356
  0.46315774651096087  0.47161177991153502  0.48014287918384413  0.48924219834811533
  0.49947616538674144  0.50931220791852205  0.51947496270412263  0.52855832794092883
  0.53702486273490246  0.54545638305948174  0.55435417620002680  0.56395862634912941
  0.57353166665968358  0.58374384862707207  0.59518496500000129  0.60662966046574218
  0.61744247512004335  0.62800633715226994  0.63768416203660339  0.64638525698475702
  0.65471103266233022  0.66286241975701055  0.67100959831047025  0.67989565508744609
  0.68971287801362058  0.69972578254459383  0.70924255315138196  0.71817017410531336
  0.72723578921940535  0.73671705517313057  0.74638959124087656  0.75741173268568851
  0.76833113042865619  0.77820733824985489  0.78715056893196444  0.79541086335253064
  0.80301105822918495  0.81095704151401926  0.81979845627606951  0.82877906354159359
  0.83713217969554832  0.84049480671551535  0.84427084568485344  0.84773094337657018
  0.85098221050832923  0.85610953693998626  0.86363195679836757  0.87190587893109162
  0.88114475671545645  0.89026696930472138  0.89881891982100093  0.90722457588279970
  0.91525007270208758  0.92324481271858316  0.93100388165409376  0.93844259129098562
  0.94588830925341227  0.95333542341731703  0.96123072067055004  0.96919657405628423
  0.97772423772512262  0.98559742839647912  0.99294025175410017  1.00000000000000000
 -0.00202713218388073  0.00852713772919567  0.01855012851835647  0.02926922419429175
  0.04033755056728840  0.05068372637120080  0.06057101182296522  0.06982640887677682
  0.07877296274911752  0.08834749033975149  0.09905472693250679  0.11179721135910091
  0.12595728093965269  0.14003740553013824  0.15375893714611732  0.16624439680535855
  0.17788300223967959  0.18756223588446735  0.19654886547593858  0.20580801261378190
  0.21342146006146817  0.21979495576613889  0.22653980447149799  0.23358810407914538
  0.24069282002655740  0.24933263843200415  0.26071888193803539  0.27234568643861629
  0.28342640666658953  0.29425882956126248  0.30469528940179519  0.31492274692868821
  0.32531051062660254  0.33566170331451356  0.34553462417795860  0.35499895516334218
  0.36412586830208521  0.37505933073887449  0.38689102898377975  0.39953092262479539
  0.41183336376690760  0.42357201047747001  0.43556925163034349  0.44771863105689103
  0.45953345513150379  0.47023049487145879  0.48190494664121308  0.49458721194970395
  0.50855919306985431  0.52034354176574893  0.53182959755743098  0.54229008952527713
  0.55215745159510876  0.56119209144226834  0.56992072926082826  0.57849078868317383
  0.58771911044682945  0.59759472060050300  0.60806066757291977  0.61875147102121397
  0.62928653179164018  0.64013594045801525  0.65156887213800108  0.66368704387863586
  0.67633650602112583  0.68827558263321775  0.69942055154954141  0.71109902323112384
  0.72222224914905864  0.73273964502868805  0.74290718384615162  0.75319337320124091
  0.76400216166930190  0.77554532381044505  0.78507293490893104  0.79389545727596156
  0.80320553159977381  0.81223331924770703  0.82280245400749874  0.83403673644632303
  0.84471065014822078  0.85599684870458648  0.86754552440496224  0.87782102190244649
  0.88709959304775221  0.89661756789577318  0.90677140743069329  0.91710752752962810
  0.92649258956665004  0.93633708554638173  0.94562827929900206  0.95546623963822896
  0.96657926016128715  0.97826578489245986  0.98947727036587974  1.00000000000000000
 -0.00195380675087965  0.00894191527358290  0.02041321106282217  0.03288911491358334
  0.04454527173726564  0.05588839134109633  0.06755201159397312  0.07899550691740632
  0.09055537114003845  0.10258814679872708  0.11442249819968583  0.12568500786725056
  0.13657610620718419  0.14666186776432966  0.15475852797535677  0.16286698821909024
  0.17104029691858030  0.17985470759298500  0.18976299267827887  0.20007827294620578
  0.21098172588276060  0.21986594828720374  0.22793157639838935  0.23462358247428217
  0.24148204071328516  0.24867232320335114  0.25692666563079614  0.26674795025686365
  0.27694665707606470  0.28803937141218083  0.29683946653742949  0.30682753831072723
  0.31684606920267055  0.32830114440526803  0.33837064611179646  0.34816654232586275
  0.35825004121829185  0.36886171021538650  0.37835181806440504  0.38605179997230876
  0.39391563828603099  0.40307806704079457  0.41430166173448879  0.42620575880434347
  0.43744803435816937  0.44872271399273761  0.45998000827786845  0.47246995314943890
  0.48574561643483505  0.49900722841382933  0.51183652027207349  0.52385307785013691
  0.53389112456154464  0.54504998158617823  0.55633412684403827  0.56850402888673013
  0.57991033398256442  0.59164451239540961  0.60404003495906766  0.61576492491545831
  0.62625347092749184  0.63606268484308814  0.64620706677265682  0.65627090355313489
  0.66725257011822847  0.67807577720856826  0.68823326546353203  0.69811833349979913
  0.70811450523614516  0.72007431434092206  0.73195229621272706  0.74330957492841043
  0.75457023657099975  0.76585051013693251  0.77659147789033445  0.78691437830712552
  0.79677024132828556  0.80749793431453987  0.81904770407277006  0.82579634347012831
  0.83241793127961605  0.84006550525255563  0.84842929673503209  0.85630442845474686
  0.86642120317549842  0.87811595188358149  0.88967587830104433  0.90147012196760756
  0.91337149146249019  0.92514261654593732  0.93726864284903810  0.94936971499731415
  0.96166836015798873  0.97386987002667125  0.98691156458482954  1.00000000000000000
  0.00000773019434813  0.00081976716709321  0.00118249795711692  0.00149648171286941
  0.00177779498189592  0.00204332017275588  0.00226074497585390  0.00243600962783728
  0.00261046378601515  0.00278066544234283  0.00294154464895835  0.00314836733754984
  0.00338786800374791  0.00359485576928309  0.00379260770385954  0.00399083054570411
  0.00419776605364153  0.00442198826417852  0.00464288760114029  0.00481431692321702
  0.00498902126041787  0.00515639509416774  0.00531525334605141  0.00546520586906377
  0.00561762714774547  0.00577816085102676  0.00594888373495408  0.00612519363221486
  0.00627822128774863  0.00643322974832511  0.00659260756903240  0.00676318174035729
  0.00697011252962985  0.00720510432316133  0.00746608653761159  0.00771094979151447
  0.00801839596989215  0.00835249731311082  0.00861701148497787  0.00885360992631641
  0.00906635811821082  0.00929536421181675  0.00952505916823307  0.00974867130903819
  0.00996288525827282  0.01009993503946967  0.01023051692197752  0.01035937414199332
  0.01049090110243494  0.01063224928591825  0.01081756567391975  0.01103983098260992
  0.01125244269586078  0.01139800098798150  0.01153787471574074  0.01168860231759726
  0.01186684406062352  0.01205121346265614  0.01223862233850741  0.01245082874357930
  0.01260895180132170  0.01275411294682131  0.01289350540689499  0.01303833220453486
  0.01332895180193066  0.01375680470050569  0.01410946128776301  0.01435688760909914
  0.01445637653674014  0.01457878004649388  0.01471272846107501  0.01483520460801026
  0.01507618341250275  0.01536108562698758  0.01560940180339329  0.01580140698642420
  0.01596717557992344  0.01615403408205561  0.01655381667569104  0.01705967280408659
  0.01740925731106420  0.01782814480901948  0.01833095667703545  0.01887146226264558
  0.01931943262690430  0.01980229409233211  0.02041639288833492  0.02087873564893527
  0.02151327070534402  0.02244601282122627  0.02447316337017962  0.02747158073947331
  0.03009396345515732  0.03206900377379372  0.17227396210420454  1.00000000000000000
 -0.00304679728996326  0.01078230215742301  0.02180019655815919  0.03092385335236392
  0.03963579021557786  0.04847127080710149  0.05849021550233627  0.06908653395628270
  0.07970152641962337  0.09095324465279098  0.10199120383729460  0.11270380089368268
  0.12373341039367758  0.13575588565291163  0.14783059405004093  0.15887665532178707
  0.16923360560457812  0.17862838749612106  0.18796866731304374  0.19691013239080382
  0.20596479267502479  0.21591721053287624  0.22640682199256770  0.23639727884295961
  0.24626654662065167  0.25667042088195308  0.26738092911561506  0.27749930340368195
  0.28774901963768990  0.29955853860558512  0.31191328586724548  0.32361848846470859
  0.33540033678407422  0.34671236448195231  0.35742896850459399  0.36771540413614845
  0.37733546811192281  0.38596049090477669  0.39539329935693168  0.40533335114211400
  0.41543880559600904  0.42462884574069831  0.43347173417550094  0.44420367177631909
  0.45779335893198858  0.47170881506330398  0.48534037296828686  0.49848300669411899
  0.51213519367267013  0.52617494509717555  0.53902532171384676  0.55067029482550678
  0.56189538815070106  0.57398269094709609  0.58718090530734601  0.60066979857818359
  0.61384245398784720  0.62692497079866794  0.63724187402709787  0.64448976658324908
  0.65271094157182430  0.66086307951493517  0.66841016921842444  0.67974319713158804
  0.69279361995942390  0.70646675006178894  0.71976053911266513  0.73205586824953395
  0.74358461125625097  0.75393638167285992  0.76363080377775827  0.77331341430123512
  0.78302803896384054  0.79301637305916117  0.80203007600736442  0.81200152077623977
  0.82315344305144877  0.83440422655940805  0.84465568624095333  0.85440034430803513
  0.86481524500538365  0.87539537175310178  0.88611264449042992  0.89727162196258325
  0.90771751998605565  0.91772554979460685  0.92704430990798148  0.93655479258981011
  0.94582151295044115  0.95427582767644181  0.96196637768760529  0.96851756216813045
  0.97503003148053236  0.98147398852639844  0.99016921683584502  1.00000000000000000
 -0.00000207027283402  0.00011562577182830  0.00048820682623575  0.00069698773293651
  0.00086119021980887  0.00102619994347638  0.00118287047203613  0.00133771343354694
  0.00149423052512192  0.00163715262059139  0.00175422336040918  0.00186529885173559
  0.00197879020087787  0.00209972866866473  0.00221636553443296  0.00231941042617958
  0.00240763047347121  0.00248583426953744  0.00256466740482815  0.00264622847135487
  0.00274296079479889  0.00285713453563756  0.00297105992707295  0.00307766787256954
  0.00317613040511581  0.00328429746587169  0.00341828081789077  0.00357506206075398
  0.00372262567908592  0.00384499655255859  0.00395006703279480  0.00405221945432824
  0.00413501853313205  0.00421627684080708  0.00431219940084743  0.00441019832248590
  0.00451355691815740  0.00466435187722295  0.00480113369375676  0.00491123602067480
  0.00501161066965399  0.00511443536306433  0.00522837907604132  0.00533874377475326
  0.00541199414659480  0.00548505290507435  0.00555757826559084  0.00562916152040943
  0.00569600898375066  0.00576711855577780  0.00588699870103348  0.00593239221584609
  0.00597756661727174  0.00602517110550067  0.00607397720730982  0.00612581837641635
  0.00615758585236839  0.00618592310112140  0.00621403449804177  0.00626142340621171
  0.00635564447857450  0.00644843995930501  0.00652812526693121  0.00658711088244309
  0.00663373397928870  0.00669074085634421  0.00675673663165459  0.00681767432496036
  0.00687314695313003  0.00695059018245384  0.00707260910090353  0.00725120500728356
  0.00743772492971681  0.00756785024866205  0.00771250678663747  0.00785216230682539
  0.00795617072851593  0.00812081578523574  0.00833468531351986  0.00849979928277078
  0.00865145491728900  0.00880799426880670  0.00896749587178286  0.00915481582498127
  0.00941921908527359  0.00960026031562855  0.00984005884154919  0.01006925284168567
  0.01031069959910571  0.01062548080283573  0.01124684139728137  0.01203834718895613
  0.01240659086472421  0.01263145377729199  0.03780857387244039  1.00000000000000000
 -0.00149187511235473  0.00477780934010422  0.01102384334498947  0.01782852922795220
  0.02484807005595022  0.03236617578219757  0.03992750374685385  0.04721570229844715
  0.05434491285241758  0.06087317440970456  0.06777150668190700  0.07407576440566620
  0.08174147631791506  0.08893364907544465  0.09634976620327519  0.10294248964262140
  0.11052414761164917  0.11909251892763828  0.12902359569762353  0.13976125086277130
  0.14996722257656295  0.15998928235120255  0.16948792366947499  0.17951103953222269
  0.19046990923274665  0.20349579447179261  0.21604606849097927  0.22773955207794197
  0.23974886120815353  0.25207820294262262  0.26540113630481249  0.27800214793576261
  0.29146145972877063  0.30611811708750108  0.32251821047765700  0.33995201492708160
  0.35432715467685971  0.36701867469059929  0.37906801839961446  0.39272844013798158
  0.40773798850838611  0.42503294235168099  0.44482593397929698  0.46542487459973997
  0.48303890551750667  0.49943018356441959  0.51559629600053114  0.53384833186234248
  0.55127791322944097  0.56774558783838225  0.58299241735293617  0.59839500256898892
  0.61493720048842448  0.63230035735814816  0.64841042017344097  0.66098179589716644
  0.67281159903389021  0.68604551831849725  0.69808664671257514  0.70951797722546261
  0.72164511754644245  0.73571469082161045  0.74849540718094809  0.76019314487183232
  0.77168289399594114  0.78288410906671946  0.79454368494676109  0.80594613843162521
  0.81704447497651966  0.82712198121166347  0.83636512493337423  0.84527261967773215
  0.85476104861553359  0.86423089879670323  0.87247983580050059  0.88038100743779324
  0.88777676952533224  0.89362955421655343  0.89881396164455496  0.90403456605370047
  0.90914917689526897  0.91381986038728857  0.92108295294886167  0.92860573785128098
  0.93619714667649889  0.94342000964965311  0.95031425219125520  0.95744182006629264
  0.96405725614153825  0.96986623072860412  0.97531016333845577  0.98047888231072577
  0.98604829871933508  0.99072172722079954  0.99539647880086080  1.00000000000000000
  0.59299839179581804  0.64459749705178271  0.66839730560798016  0.69008984209745772
  0.71054166546327147  0.72922213231456690  0.74101789080503300  0.75033306098693464
  0.75915497697772860  0.76779185157010865  0.77677016819925815  0.78484897512188734
  0.79222138679802268  0.79899394892510167  0.80573259385629903  0.81272659272621939
  0.81927807849094891  0.82507058569026459  0.83049687370578795  0.83500142960654355
  0.83910528589987166  0.84297018532111090  0.84723441795631294  0.85175075662452016
  0.85612303951187019  0.86039352597972973  0.86446453706125881  0.86869725044576951
  0.87287179190769670  0.87687973054044188  0.88072506352147895  0.88449112604595448
  0.88828586225851902  0.89193150506257501  0.89529141044814098  0.89833861890880462
  0.90152751306589218  0.90472510391776284  0.90767593856533035  0.91035391861364356
  0.91301763406898317  0.91577471058770010  0.91852364768779748  0.92121511980331583
  0.92367274345683281  0.92598328396766116  0.92816588257713417  0.93019931174904502
  0.93208662533929210  0.93391305209563136  0.93579802488181363  0.93783094365056052
  0.93999620016047192  0.94214887945391879  0.94419772372623523  0.94599970517464183
  0.94765920409634419  0.94926515106706655  0.95094962759847879  0.95270538472547162
  0.95438544321030694  0.95583591912291699  0.95693212733127342  0.95778066805276074
  0.95866832782557443  0.95959289424128313  0.96054719820103784  0.96160088813692324
  0.96279378487634171  0.96403635110744201  0.96532545574729756  0.96661296478556913
  0.96782539383603261  0.96906743410150797  0.97036640343954961  0.97166677347334574
  0.97331241905547272  0.97508867540814659  0.97662000298053608  0.97792908543188040
  0.97908391857608834  0.98015421384913370  0.98120587203772036  0.98230373290562867
  0.98343587633973739  0.98460125361501916  0.98590313889864567  0.98726479281694257
  0.98860171788633389  0.98985532121397535  0.99098664621550692  0.99206042959587393
  0.99321542838710075  0.99458133414219974  0.99672954554583271  1.00000000000000000
  0.00552579845951562  0.19501302394706535  0.22973491778655386  0.25650116744415302
  0.27973601405632731  0.29747142196102266  0.31051896725634653  0.32308747634268442
  0.33630922427651788  0.34864608285586679  0.36105267231681987  0.37291752995460925
  0.38502318511048272  0.39683709201512418  0.40759448527225955  0.41717562800456232
  0.42559191321089185  0.43358129560874370  0.44200555752187343  0.45024925121121556
  0.45760750520949456  0.46446074600308035  0.47085186996687567  0.47678433149947352
  0.48260209937784360  0.48858720943035455  0.49446983824740820  0.50020134564145236
  0.50608509245833000  0.51190708382276107  0.51816879773216651  0.52449735596611780
  0.53094702854324538  0.53551718642324098  0.53911012801050695  0.54272421591796149
  0.54625998150431054  0.54934168251532456  0.55282816107788835  0.55741553154334933
  0.56227070437784232  0.56724018919930419  0.57155916746287005  0.57530099017785574
  0.57907650639569108  0.58290655321238660  0.58750523104309627  0.59229701296730231
  0.59730691089679588  0.60247025189028369  0.60720758506108174  0.61147826779787162
  0.61568459167111411  0.62012992676175605  0.62484709517202375  0.62871300463494106
  0.63261161557961831  0.63676003362415157  0.64094168930220274  0.64512303008118055
  0.64935094296667584  0.65370013715416531  0.65808897454635218  0.66224925147474867
  0.66643152907054282  0.67061671057877925  0.67498412584508594  0.67922548229083124
  0.68332851268744565  0.68745524414109882  0.69199181948198552  0.69651699289385638
  0.70077402039829662  0.70517473033128386  0.70963018949006251  0.71471607054221320
  0.72000987657106574  0.72500407499737463  0.72972322946122903  0.73455742062522911
  0.73902475417776070  0.74369426250463788  0.74808150542564167  0.75319265478849473
  0.75813990848902890  0.76280953584889755  0.76814965974721428  0.77486521117327734
  0.78279600841120656  0.79053915545860776  0.79897329352739210  0.80738178720816467
  0.81684422013688618  0.82903153684032604  0.84796822974796615  1.00000000000000000
   5.5932960750399490E-010  -1.0000000000000000     
 F F F F F F F F F F F F F F F F F F F F F F F F F F F F F F F F F F F F F F F F F F F F F F F F F F F F F F F F F F F F F F F F F F F F F F F F F F F F F F F F F F F F F F F F F F F F F F F F F F F F F F F F F F F F F F F F F F F F F F F F F F F F F F F F F F F F F F F F F F F F F F F F F F F F F F F F F F F F F F F F F F F F F F F F F F F F F F F F F F F F F F F F F F F F F F F F F F F F F F F F F F F F F F F F F F F F F F F F F F F F F F F F F F F F F F F F F F F F F F F F F F F F F F F F F F F F F F F F F F F F F F F F F F F F F F F F F F F F F F F F F F F F F F F F F F F F F F F F F F F F F F F F F F F F F F F F F F F F F F F F F F F F F F F F F F F F F F F F F F F F F F F F F F F F F F F F F F F F F F F F F F F F F F F F F F F F F F F F F F F F F F F F F F F F F F F F F F F F F F F F F F F F F F F F F F F F F F F F F F F F F F F F F F F F F F F F F F F F F F F F F F F F F F F F F F F F F F F F F F F F F F F F F F F F F F F F F F F F F F F F F F F F F F F F F F F F F F F F F F F F F F F F F F F F F F F F
  <DiscreteSampler_grid>
  grouped_processes
  1 # 1 for a reference and 2 for a running grid.
  10 # Attribute 'min_bin_probing_points' of the grid.
  1 # Attribute 'grid_mode' of the grid. 1=='default',2=='initialization'
  0.0000000000000000 # Attribute 'small_contrib_threshold' of the grid.
  0.5000000000000000 # Attribute 'damping_power' of the grid.
 # binID   n_entries weight   weight_sqr   abs_weight
    13   10   1.194825807027658E-004   8.128319024249885E-008   1.194825807027658E-004
    14   10   1.194825807027658E-004   8.128319024249892E-008   1.194825807027658E-004
    16   10   1.194825807027658E-004   8.128319024249885E-008   1.194825807027658E-004
    17   10   1.194825807027658E-004   8.128319024249892E-008   1.194825807027658E-004
  </DiscreteSampler_grid>
