  0.00000213465922360  0.00000219032326440  0.00000225186608782  0.00000230912126315
  0.00000236136751557  0.00000241876318076  0.00000248834791019  0.00000256467775106
  0.00000264476300746  0.00000272336892252  0.00000281875882825  0.00000292392293736
  0.00000303119770461  0.00000313479278508  0.00000323717219781  0.00000336270871970
  0.00000348357820132  0.00000360489968419  0.00000373349419157  0.00000387381383629
  0.00000402045868730  0.00000416454534971  0.00000430843121947  0.00000445212074729
  0.00000460642373644  0.00000477380544991  0.00000494982647637  0.00000514350737108
  0.00000534380055693  0.00000554438099114  0.00000572942056719  0.00000592340273528
  0.00000612225604418  0.00000633612017855  0.00000656532598636  0.00000681148950146
  0.00000708069642724  0.00000736903484294  0.00000765957116020  0.00000794037529034
  0.00000825346832256  0.00000860296497904  0.00000894852153312  0.00000931786689012
  0.00000970716773892  0.00001011499011098  0.00001054864089408  0.00001100188542022
  0.00001151652735116  0.00001204011675555  0.00001260668879284  0.00001322679554996
  0.00001390032670289  0.00001458223935205  0.00001528898525465  0.00001602228652606
  0.00001672869304416  0.00001747326602209  0.00001836899542087  0.00001930333451064
  0.00002035630642355  0.00002166634325650  0.00002289876844886  0.00002428112533948
  0.00002572293000704  0.00002731637174279  0.00002920407622239  0.00003107559623773
  0.00003324038500105  0.00003546301766353  0.00003809506195605  0.00004096166233430
  0.00004379512962336  0.00004687473842034  0.00005013376235034  0.00005405590684906
  0.00005858236048418  0.00006427828139911  0.00007159124494610  0.00007865531184858
  0.00008711994385730  0.00009638617540221  0.00010788466091737  0.00012162856452107
  0.00013754504246798  0.00015777067823319  0.00018573489440550  0.00022369135736672
  0.00027857233845592  0.00035654030716560  0.00048975111850561  0.00071111196584232
  0.00106496916824457  0.00199649800341314  0.09337488282116485  1.00000000000000000
  0.00332742257138189  0.01353074428286130  0.02501581312418699  0.03661549160059117
  0.04696750889654144  0.05708506540949092  0.06808554541399803  0.07973094676419096
  0.09080031747568817  0.10173997873780073  0.11296811457173302  0.12402288441908794
  0.13508577082490086  0.14631137597680610  0.15741069324328630  0.16816073153580569
  0.17918655205728207  0.19055819810494440  0.20196169667861966  0.21321761406452638
  0.22436000153530936  0.23490063352615803  0.24424869436443178  0.25317861694560578
  0.26201031185554535  0.27068930788471340  0.28085062502874547  0.29191059294968880
  0.30240101763562988  0.31314512943725764  0.32448476769237206  0.33685547079267775
  0.34816185836903174  0.35726029783941937  0.36673647151966610  0.37579801541410890
  0.38676480973075594  0.39741040439062697  0.40774845879506533  0.41767890708505384
  0.42813147506805133  0.43918260422523714  0.45059574286887877  0.46187475753665663
  0.47272951057873958  0.48380061561324794  0.49508432447002726  0.50611289309165086
  0.51684244638631383  0.52733899788382277  0.53781284298807397  0.54835365277259640
  0.55879406827046862  0.56936503817207818  0.58072421540259000  0.59243612665736356
  0.60395871166552650  0.61464433649840466  0.62443013895145238  0.63456886512190502
  0.64458490922203593  0.65468967302010717  0.66401885023300389  0.67344248878502111
  0.68234290147204912  0.69191527110982143  0.70159752062941927  0.71136781465801946
  0.72101598614828255  0.73139703996753935  0.74312450266338692  0.75548671042697391
  0.76614909047969404  0.77661503816890176  0.78625103040138766  0.79669779288231357
  0.80720055742652341  0.81897850791900606  0.82978351612455947  0.83992903012068287
  0.84998353735212229  0.86003568172447709  0.86948237188165212  0.87887533581394550
  0.88750725959843357  0.89757609660772042  0.90724912595343776  0.91638515831346190
  0.92569328255975958  0.93543643882060523  0.94588754426333121  0.95603568673099881
  0.96655229244700902  0.97718301621608594  0.98833701085386849  1.00000000000000000
  0.00005370912680779  0.00006544015723643  0.00006933089225533  0.00007356269042876
  0.00007824893414007  0.00008275172872068  0.00008780276330853  0.00009320379371300
  0.00009859950789878  0.00010413788863764  0.00010981155347058  0.00011580480638846
  0.00012184411921304  0.00012786084515060  0.00013415923651341  0.00014040695319983
  0.00014686745924666  0.00015332286464699  0.00015976703283757  0.00016689779512117
  0.00017411050292420  0.00018194813237943  0.00018984307445595  0.00019761499608728
  0.00020554002771834  0.00021362688415591  0.00022167139246830  0.00022971006652476
  0.00023805209466425  0.00024663165653780  0.00025581960388911  0.00026587565001110
  0.00027647840877878  0.00028730999317958  0.00029835291691698  0.00031146358934488
  0.00032412203526644  0.00033692151670420  0.00035010355173699  0.00036353671056145
  0.00037829581694863  0.00039369823786130  0.00040914706545131  0.00042461081416031
  0.00044033413775066  0.00045660104352628  0.00047348110659518  0.00049232103422447
  0.00051288278367394  0.00053286288007264  0.00055316015954601  0.00057342140833144
  0.00059388270639485  0.00061542538941984  0.00063897828932418  0.00066550836980595
  0.00069555098829314  0.00072878850597445  0.00076459415030786  0.00080317506135585
  0.00084295321896342  0.00088480099893261  0.00093130685463051  0.00098140388473163
  0.00103628206601278  0.00109776092588223  0.00115468021390578  0.00121259176035482
  0.00127380722969072  0.00134166834834274  0.00141884356883421  0.00150891426046973
  0.00160466110555483  0.00170518273592143  0.00180072749630374  0.00190439253196455
  0.00201403410608894  0.00214032684851878  0.00228585898158051  0.00246066005981767
  0.00264145599661664  0.00280454777614985  0.00297351085691545  0.00314124918307589
  0.00327884479512987  0.00346504690442905  0.00374031942397965  0.00407687163339725
  0.00449213396096094  0.00514614424207577  0.00613178719251517  0.00785988815698749
  0.00964711161350342  0.01353860045090535  0.17115616088928592  1.00000000000000000
 -0.00150998865481666  0.00668466226398516  0.01349117081889810  0.01993046319907145
  0.02637782095151884  0.03311271131255685  0.04030523619803368  0.04800547282796144
  0.05616457495461667  0.06461124436923943  0.07313620274155064  0.08205144777911606
  0.09058773308018234  0.09971897086316731  0.10903885750107112  0.11796634522510686
  0.12669222270555922  0.13509878501455522  0.14348989002484647  0.15184209577150046
  0.16000925788225073  0.16803015256983836  0.17599668401926086  0.18444591317848727
  0.19324871441622579  0.20252673315133091  0.21225390052070661  0.22183693669937765
  0.23088452935617490  0.23965488378807964  0.24848651003943284  0.25838346443036569
  0.26872352189231363  0.27820655873582284  0.28696303823000535  0.29595147775568970
  0.30593669824286052  0.31598091147435986  0.32573904607075166  0.33555560216988251
  0.34647193433930334  0.35792488974850939  0.36849541201516656  0.37827556466779844
  0.38812360217283509  0.39878551168535770  0.41015846082472301  0.42181901921954384
  0.43330428222693712  0.44506460949454452  0.45704738273374751  0.46897817304438205
  0.48070236810500883  0.49221770041597634  0.50338917573859920  0.51415560638982183
  0.52524881299559512  0.53678545517647347  0.54806888778346341  0.55918360406561440
  0.56959268808981889  0.58055827318876296  0.59211745628908485  0.60462214387017532
  0.61695458159840300  0.62869515768726258  0.64005416972843487  0.65169190823942380
  0.66390016164867449  0.67638588847631009  0.68932330257041152  0.70256246085213958
  0.71559805339201821  0.72837447534940880  0.74162371647943581  0.75533329037647712
  0.76771530982035185  0.77888878173954612  0.78983673398302623  0.80248181905377913
  0.81611824432636815  0.83027437894158651  0.84505862351832406  0.85931717680073272
  0.87100384117874097  0.88154731251356788  0.89177123874960751  0.90329968528569171
  0.91503706296823373  0.92646587627300359  0.93775951935735802  0.94876802662324755
  0.95993278039278396  0.97167919454623042  0.98546959052572780  1.00000000000000000
 -0.00264952189688537  0.01019006650347186  0.02080458410815562  0.03173035791891669
  0.04283305358529481  0.05459852581572087  0.06584639844403388  0.07651872596383169
  0.08755848662375333  0.09869675647665646  0.10947849392046186  0.12035019484618914
  0.13139356641445629  0.14266435190990498  0.15416063889611617  0.16512629113076224
  0.17580320188636489  0.18652369113700984  0.19794070243539766  0.20979249592933030
  0.22150806302683729  0.23284928318124734  0.24390512275722565  0.25444549369569619
  0.26454175331199437  0.27519962110734375  0.28621434956438641  0.29674820861996326
  0.30667090596384783  0.31743485892519085  0.32971196861841101  0.34200597437523678
  0.35277223601397639  0.36347037156305201  0.37373760542735901  0.38371924803227703
  0.39393768446985727  0.40415094934991280  0.41608527753924152  0.42896844146850410
  0.44053569832455469  0.45010817514510137  0.45977269725807385  0.47035287555327027
  0.48139705419938378  0.49188817352731384  0.50200626312762719  0.51292596304358007
  0.52387075850679754  0.53488972523356038  0.54603941259991262  0.55734826157562334
  0.56779300067537541  0.57776246831860079  0.58747643369374214  0.59705697759704079
  0.60634378511849174  0.61564094123885549  0.62517302552292875  0.63513109873605600
  0.64529474490280070  0.65544118614939351  0.66537688370421688  0.67536541924427496
  0.68525202186354228  0.69514028854819654  0.70546148989845392  0.71590855631471007
  0.72690676373493746  0.73768157517259692  0.74825862625125961  0.75818057924837257
  0.76808155779074028  0.77779903582812671  0.78817798352432999  0.79887333444820219
  0.81055908500437468  0.82181200506230812  0.83233850056005254  0.84234318398594321
  0.85231927513666683  0.86328408911957266  0.87405583374315121  0.88357248493018514
  0.89290688715777777  0.90241709339581244  0.91184399725283194  0.92113228796097646
  0.93013434898909719  0.93963827914768072  0.94953775365159143  0.95967740601798468
  0.97026575929418357  0.98054773204230339  0.99059766741220578  1.00000000000000000
 -0.00184772496656391  0.00813637025996998  0.01738941347404773  0.02633742659202331
  0.03537410391426944  0.04455875027080290  0.05319204094934976  0.06196476934274094
  0.07103288060413160  0.08175959342959589  0.09362307807383030  0.10473789743408747
  0.11401067760621077  0.12358505443615339  0.13432376518503625  0.14535497909615328
  0.15541874763073310  0.16508280141262865  0.17479428660983312  0.18547487696351284
  0.19574367526631625  0.20592904041911411  0.21588850411842886  0.22522813680224860
  0.23374656193958271  0.24198494371285753  0.25030074728286800  0.25913119495228498
  0.26943447700284423  0.28030771116914449  0.29063171412912958  0.30036244614806151
  0.30966801770711072  0.31909328555450150  0.32870185809010483  0.33838840058137365
  0.34844400163741251  0.35848172607536927  0.36826966987767523  0.37824007501319928
  0.38818922378333426  0.39806398354896699  0.40742729546125378  0.41703554147697325
  0.42811980667502397  0.44063347140405867  0.45263011467149372  0.46333394367153485
  0.47344807752421769  0.48368108757675177  0.49448801295148614  0.50551272371483369
  0.51593739221034496  0.52578269000464661  0.53531896240888055  0.54537809188064479
  0.55680332787136122  0.56898606944415853  0.57939125563838834  0.58896218971083658
  0.59814483661524143  0.60855511505055837  0.62071852939845851  0.63270199576850916
  0.64395933505511282  0.65561709882224040  0.66696150961728762  0.67758102828283140
  0.68809656045466316  0.69939451622631132  0.71149791999487499  0.72269043545374267
  0.73360718340540165  0.74576283242239338  0.75781941859916579  0.76978733268460786
  0.78123516069336707  0.79238261627658380  0.80423786285937249  0.81531791773711249
  0.82658728614608779  0.83778449333741667  0.84963528463767923  0.86159204086841978
  0.87298163873628354  0.88419079184529037  0.89521272242504080  0.90518643362823459
  0.91658964607577043  0.92786925460165570  0.93983415392360836  0.95157750299683508
  0.96424301199730955  0.97677756122220138  0.98906346999637151  1.00000000000000000
 -0.00194561085964551  0.00830719143042738  0.01756008288402357  0.02626723775490650
  0.03492701666784617  0.04401445515173841  0.05381783415910365  0.06345488539662282
  0.07222336201910610  0.08118586176188639  0.09093216005809995  0.10113303006325988
  0.11030915152242662  0.11975239476185585  0.12933025466200795  0.13950809715850143
  0.14971798654933441  0.15973994744651590  0.17026694009949131  0.18137632326536618
  0.19300339672878744  0.20469214634139271  0.21599823543832594  0.22707696913220227
  0.23823040189839639  0.24934965686800170  0.25986348765363632  0.27016160754249452
  0.28036520101393991  0.29059725614297888  0.30057744911622425  0.31093108213501031
  0.32278846718473436  0.33492959055343968  0.34600752712522126  0.35666566717327813
  0.36736222592030571  0.37779675159347553  0.38794534700358196  0.39846083457421227
  0.40978410301486329  0.42017512703361259  0.43021041553100864  0.44082464817177108
  0.45210016546459286  0.46314518543089750  0.47314191286163748  0.48310296197083141
  0.49326093669400922  0.50429969690552812  0.51500081478450099  0.52535157650474540
  0.53494875223025817  0.54462981104353358  0.55424069433842449  0.56423647250370146
  0.57544612228337888  0.58722437527233950  0.59854815723709831  0.60959660347679323
  0.62033466511901469  0.63094721316514069  0.64170094422731083  0.65294950355662951
  0.66436880919916974  0.67504410760071831  0.68514694282347210  0.69577160017578710
  0.70678601822648579  0.71743247511053521  0.72776784671719186  0.73844538682107208
  0.74932894108715442  0.76025435195759372  0.77076509526168058  0.77983377806097209
  0.78832769443188067  0.79749837789293365  0.80817065400183286  0.82039540677181599
  0.83284699227306969  0.84599857623945751  0.85916424171549544  0.87129051071173680
  0.88171152732200808  0.89137422975791114  0.90124392507213003  0.91182373942257577
  0.92261486258066572  0.93323055675552979  0.94427185087180521  0.95580299585339912
  0.96703132289203064  0.97787033986138872  0.98891459626673961  1.00000000000000000
 -0.00253949758674129  0.01144655812993050  0.02184501923832929  0.03270624056415147
  0.04379130662436374  0.05470452717693180  0.06406104218796263  0.07346000088121724
  0.08336893191726827  0.09387837239092872  0.10461527730647847  0.11618384293407910
  0.12900821385070843  0.14252557326220697  0.15489110147524995  0.16638130690854622
  0.17723856983834538  0.18797194854569174  0.19790372535318379  0.20773963607395332
  0.21808743817554091  0.22938799538492399  0.24042491633942306  0.25074518308317462
  0.26017677292601182  0.26955168869481050  0.27955502208075927  0.29009573156711843
  0.30080398880316372  0.31139615020425854  0.32228170867315731  0.33324292198901173
  0.34392722559292332  0.35482762759296882  0.36634351215095151  0.37808163562330060
  0.38953228594791928  0.40056904157736434  0.41131709795141491  0.42199338965478855
  0.43316275687693795  0.44290881277171662  0.45190234383255790  0.46075824079737970
  0.46965828673910542  0.47986792750741991  0.49043305968595713  0.50144753823010024
  0.51335799692967587  0.52553197191467826  0.53755893067399818  0.54910835828173954
  0.56004034056517682  0.57070080422720426  0.58141393098418748  0.59275441373682325
  0.60430901536771264  0.61570470104094288  0.62723782440988529  0.63889676933714579
  0.64976814339913103  0.66063026261177793  0.67105271227544061  0.68202122144581201
  0.69239733437054352  0.70240020691304061  0.71141866850904900  0.71982740220768682
  0.72867422176600627  0.73805511662170142  0.74761258982162093  0.75734891858816511
  0.76705063196220402  0.77709726665863499  0.78684178365003343  0.79629555981088951
  0.80566154991549421  0.81540051884437259  0.82539235012618173  0.83582593625503909
  0.84678002667004815  0.85777952773583777  0.86889687076870004  0.88020528243345741
  0.89168206964414243  0.90290805382345463  0.91336032195161165  0.92336493314013834
  0.93334578076288621  0.94351743256394249  0.95195826259184835  0.96025284030142377
  0.96846229763100744  0.97747859089457456  0.98856089068187225  1.00000000000000000
 -0.00249675653122416  0.01048182520596142  0.02124491709147145  0.03217036191339997
  0.04310599360965185  0.05334814263619541  0.06343475343464902  0.07392706306597893
  0.08472959893703394  0.09614164143167386  0.10752854832810292  0.11883832043419675
  0.12895358508605897  0.13821053225303792  0.14749404930019952  0.15745425281135431
  0.16783057083560457  0.17841793383311816  0.18852746708461082  0.19867238389901468
  0.20921227910711385  0.22046130767362446  0.23200535854383367  0.24297541672087880
  0.25348705211839812  0.26314259540630175  0.27220697307870845  0.28132898355539643
  0.29135699794816877  0.30180059380739183  0.31302343242565150  0.32353450260897354
  0.33377195273266175  0.34357751310703505  0.35379001371787433  0.36374204975372065
  0.37322163181982126  0.38195721237134828  0.39066425054704262  0.39970783446748082
  0.40846059426935871  0.41913472019091397  0.43019096141786534  0.44236253074473431
  0.45385164711910964  0.46517322409679845  0.47573186483119012  0.48668844133814515
  0.49802953059949001  0.50872190449154220  0.51998594830796463  0.53108987157445731
  0.54317688391402152  0.55612520041667413  0.56837168760929291  0.57917303116038110
  0.58952899743931231  0.60031923489271755  0.61123956276424629  0.62230329036160592
  0.63438634783070369  0.64670032617990703  0.65886126333268857  0.67019135091559079
  0.68123897151696844  0.69185141470874023  0.70257808524430321  0.71298705419915276
  0.72286818525098417  0.73244120942859325  0.74217788238227511  0.75233201109172287
  0.76262263740178204  0.77212502216477308  0.78093464905393106  0.79010945322566783
  0.79991711175687596  0.80950950922923059  0.81860636157632871  0.82682733028828215
  0.83530616977939498  0.84444013034302601  0.85443138193775570  0.86539091058152173
  0.87587563416597736  0.88614345350431756  0.89671887462347655  0.90764843266049833
  0.91783172653091027  0.92907422392667771  0.93995753396389792  0.95188399156204284
  0.96350884303307149  0.97555253470342418  0.98768653326076239  1.00000000000000000
 -0.00055464072123483  0.01950794733657110  0.03902504431894238  0.05636899506962661
  0.07084868170618963  0.08319288257904527  0.09598994906632305  0.10888863528628157
  0.12319650976242753  0.13761106159595610  0.15211672366066425  0.16676969246872042
  0.18082193403965657  0.19361890847217647  0.20537417810644737  0.21534815325869033
  0.22490394209827583  0.23485945437673394  0.24638630675093567  0.25811895853468575
  0.26945529232156845  0.28190937108689423  0.29448360940588880  0.30615425520191691
  0.31745334380951123  0.32900426086133339  0.33981235125218628  0.35027727306531709
  0.36073303806560481  0.37024359291143438  0.37941365772098790  0.38858789967338514
  0.39808540412703841  0.40792672778177069  0.41801740555719080  0.42837618399293975
  0.43836548658869839  0.44774155180059494  0.45672021030802895  0.46579178986488440
  0.47576942017351936  0.48548457771949111  0.49477154185865363  0.50337664355962175
  0.51195517668330381  0.51997859584407846  0.52774767554999247  0.53563321105742390
  0.54397399796488244  0.55331725108146912  0.56350501098463035  0.57395168074630443
  0.58387057420037558  0.59299316110635603  0.60190680096935112  0.61090307485576445
  0.61987854462092884  0.62875444489799104  0.63709369467927646  0.64579116080391530
  0.65470290664204978  0.66416683352838723  0.67364137583739347  0.68239240931709799
  0.69075612324604230  0.69928617346415456  0.70785279731997086  0.71656946662579768
  0.72536836533426075  0.73446320766333417  0.74353186198456556  0.75247803829797899
  0.76137494123324612  0.77056638020998580  0.78033797101845992  0.79010447843546805
  0.79951249412305958  0.80883177224784664  0.81837506430410711  0.82788941492253165
  0.83703107293644241  0.84578050070519617  0.85518295354170160  0.86481677296533077
  0.87396575057738246  0.88219251663154308  0.89068027238798297  0.89974147178137320
  0.90968994819337634  0.92013616570102275  0.93098280435109781  0.94184874509241012
  0.95310623802148631  0.96550578049703961  0.98172015234098431  1.00000000000000000
 -0.00278851315347406  0.01150115481457189  0.02242813892347465  0.03321655632429557
  0.04420304602487775  0.05595383135823705  0.06845665544588928  0.08050457277211831
  0.09173343529798753  0.10223751978655279  0.11209875908001481  0.12201243164692081
  0.13168543131462546  0.14138412154664604  0.15115484027378934  0.16117429858792981
  0.17176202829571949  0.18297949063011268  0.19400572237995761  0.20434833939491073
  0.21377441652934928  0.22340422606379487  0.23341510339916308  0.24365185907908068
  0.25298713939677225  0.26239083555820036  0.27247151402244268  0.28330709387247477
  0.29504996694240931  0.30674095874679908  0.31789929906591280  0.32803184105806121
  0.33803871661635609  0.34812931488410109  0.35841205889957295  0.36928133793012052
  0.38051221919145656  0.39201705897449185  0.40291892046342759  0.41323602785032715
  0.42382910467887985  0.43430712804225063  0.44488533215076859  0.45498348619602130
  0.46589311004728290  0.47726873997663921  0.48872186429708864  0.50033888239985702
  0.51271408144560326  0.52382259932624387  0.53426706024619475  0.54454290476458977
  0.55713727378385014  0.56884058513196301  0.57996275142113174  0.59016606115072856
  0.60060518691423370  0.61053179273743685  0.62008362806275474  0.62834698026507352
  0.63597353140144586  0.64338514176246275  0.65141195888099357  0.66022939239568290
  0.66995240421187940  0.67992376751905559  0.69027633804406563  0.70091150926927770
  0.71164337015412071  0.72215524592206048  0.73334606786131606  0.74498958925056780
  0.75611995714810787  0.76666240760075755  0.77700778778053292  0.78724931279809440
  0.79708591920788896  0.80633397833417075  0.81567518455564170  0.82616646753010647
  0.83728869322113864  0.84739566277563483  0.85640595392447139  0.86529466163292912
  0.87482339690634836  0.88593425376335355  0.89720692219826181  0.90840514579822218
  0.91989613755070443  0.93208529007918506  0.94446143702100438  0.95635289796987200
  0.96762772952974840  0.97873216615783221  0.98931551725022937  1.00000000000000000
  0.49361342954483728  0.51581964718833628  0.52759913774049683  0.54420893035397389
  0.55271485951705679  0.56010780566103335  0.56845680358866402  0.57549515957697639
  0.58141636625618032  0.58672059727106884  0.59226846501228070  0.59923280757043973
  0.60685657092970369  0.61402773953382050  0.62185098589531707  0.63112635800856565
  0.63879078344094320  0.64623465833890059  0.65215458352254807  0.65804907608473084
  0.66400283936374793  0.67057344956224429  0.67713626095690804  0.68371454159167111
  0.69021293221441815  0.69607567922022129  0.70136021153441752  0.70670058845986561
  0.71248391212773887  0.71813240337189521  0.72334852389650006  0.72849383226622211
  0.73364895627110915  0.73875288504912862  0.74396491167128098  0.74905754963759585
  0.75409059685710567  0.75906825646147014  0.76403656379127072  0.76866235810682126
  0.77329425338883684  0.77783759725129187  0.78230969591772714  0.78667458618980335
  0.79121896629694322  0.79577283586693703  0.80040238516273354  0.80488979327351529
  0.80912198737976337  0.81321488312415025  0.81709988432341507  0.82104698489838257
  0.82528389253288281  0.82978706652494838  0.83431940236412450  0.83875155050751349
  0.84303943229995082  0.84716470881030692  0.85109680270626409  0.85480726021712905
  0.85838715033415669  0.86201690247823881  0.86580506573936289  0.86966941394873265
  0.87361313123458983  0.87745913695332001  0.88134076232542502  0.88538135071742119
  0.88940727689501209  0.89343934857866059  0.89735124970742730  0.90111450340801635
  0.90471576929677133  0.90821376198022630  0.91172161637310767  0.91539159439199280
  0.91931484347098491  0.92332751886268960  0.92714958232619804  0.93070931508582266
  0.93427491554714259  0.93793093809122785  0.94178978679244019  0.94557297884399394
  0.94921136137050943  0.95273981360916360  0.95608866052601038  0.95957675136595211
  0.96349421517524214  0.96767810732119841  0.97193968256110097  0.97631712558571671
  0.98085003813543337  0.98585816678840243  0.99236025954368490  1.00000000000000000
 -0.00473142968965598  0.09559514617784251  0.11825265514844069  0.12848960342491050
  0.13769104830242315  0.14673682590647263  0.15513017566410955  0.16226853309576758
  0.16806380716729566  0.17380064101095832  0.17953446359794092  0.18581758055057451
  0.19163402692610546  0.19722713034988573  0.20290844073384490  0.20865196404501904
  0.21402663559661497  0.21865735380643078  0.22296753776841843  0.22746093811233026
  0.23248628459485363  0.23778725820011434  0.24301901239844789  0.24806966858909119
  0.25300730650533138  0.25815541200593478  0.26329494997345715  0.26859130587178065
  0.27415525989646478  0.27969732666063829  0.28483287657242234  0.28981984369132208
  0.29488172588464190  0.30013014721561465  0.30554877186314905  0.31108989532217340
  0.31670364088953656  0.32216906569098319  0.32758227670271511  0.33280077621288862
  0.33779165809443334  0.34275095864542604  0.34777092685551403  0.35315286224922071
  0.35879316221965357  0.36435092753057619  0.37011569559800378  0.37590294308832073
  0.38198233162974343  0.38811110572347263  0.39403641502037745  0.39971279802699627
  0.40553368977923893  0.41121051104024264  0.41682420353372790  0.42230298176331971
  0.42767219132763190  0.43337975377251914  0.43908090691347368  0.44514784591460382
  0.45184590203084812  0.45885995907215688  0.46614317119265675  0.47343181486548425
  0.48060416202418149  0.48777180915113233  0.49514232153124554  0.50270935068136713
  0.51020776402145207  0.51774594757769632  0.52539181194452744  0.53411395946484608
  0.54291983663791998  0.55218416646454660  0.56182144879563511  0.57139997313187296
  0.58032418437402944  0.58901013375313005  0.59829603968250378  0.60836834757736413
  0.61891976946335392  0.62897345175328556  0.63939641711055817  0.65010806868542914
  0.66197451513069183  0.67464384004322830  0.68829672700701938  0.70271410239509369
  0.71695736648801711  0.73085010603039635  0.74493902183916239  0.76041415688172509
  0.78002345544038154  0.80665607981720833  0.84638610641337242  1.00000000000000000
   2.0605906962571100E-006  -1.0000000000000000     
 F F F F F F F F F F F F F F F F F F F F F F F F F F F F F F F F F F F F F F F F F F F F F F F F F F F F F F F F F F F F F F F F F F F F F F F F F F F F F F F F F F F F F F F F F F F F F F F F F F F F F F F F F F F F F F F F F F F F F F F F F F F F F F F F F F F F F F F F F F F F F F F F F F F F F F F F F F F F F F F F F F F F F F F F F F F F F F F F F F F F F F F F F F F F F F F F F F F F F F F F F F F F F F F F F F F F F F F F F F F F F F F F F F F F F F F F F F F F F F F F F F F F F F F F F F F F F F F F
  <DiscreteSampler_grid>
  grouped_processes
  1 # 1 for a reference and 2 for a running grid.
  10 # Attribute 'min_bin_probing_points' of the grid.
  1 # Attribute 'grid_mode' of the grid. 1=='default',2=='initialization'
  0.0000000000000000 # Attribute 'small_contrib_threshold' of the grid.
  0.5000000000000000 # Attribute 'damping_power' of the grid.
 # binID   n_entries weight   weight_sqr   abs_weight
    13   10   7.711768800770627E-002   2.785947952107627E-002   7.711768800770627E-002
    14   10   7.711768800770644E-002   2.785947952107636E-002   7.711768800770644E-002
    16   10   7.634075783778513E-002   2.814502826267148E-002   7.634075783778513E-002
    17   10   7.634075783778514E-002   2.814502826267152E-002   7.634075783778514E-002
    22   10   7.711768800770631E-002   2.785947952107629E-002   7.711768800770631E-002
    23   10   7.711768800770644E-002   2.785947952107636E-002   7.711768800770644E-002
    25   10   7.634075783778513E-002   2.814502826267148E-002   7.634075783778513E-002
    26   10   7.634075783778514E-002   2.814502826267152E-002   7.634075783778514E-002
  </DiscreteSampler_grid>
