  0.00350630027572797  0.01032172090515995  0.01917752044661817  0.02923497062340439
  0.04013494513758749  0.05122865347250394  0.06073715725760990  0.07052924963007487
  0.07976456308969954  0.08729471832359445  0.09342198638388538  0.09996650695528672
  0.10586323446588888  0.11231463764474468  0.11997623269218831  0.12696205981047404
  0.13335896382737178  0.13975678568332836  0.14596238721841165  0.15593320608946012
  0.16696009828906311  0.18045491152326470  0.19223238017673486  0.20232205100878117
  0.21274610680422415  0.22566573655584010  0.24029788287177872  0.25406612855527050
  0.26478520196646876  0.27434568826021027  0.28363810742282541  0.29383622401566134
  0.30459359809263753  0.31532692228105036  0.32735761689500464  0.33704763040932156
  0.34584508331697872  0.35400953011545999  0.36292383104422365  0.37507319248023957
  0.38827517551315072  0.39786348268166216  0.40645839152915381  0.41540190524870874
  0.42530977005697224  0.43707899350134777  0.45063876666369823  0.46428804681122704
  0.47584232272678628  0.48721918045475709  0.49881299171632709  0.50997092000124478
  0.52074225983241507  0.53145997004256718  0.54269916942598084  0.55265017897481461
  0.56202479144166773  0.57271969648794752  0.58395138576963945  0.59616730877289714
  0.60970774457547239  0.62435763030429181  0.63883285954903735  0.65215920588851339
  0.66465131876913541  0.67681964890256940  0.68848959628474815  0.69926815495206851
  0.70999689964415724  0.72135506435571184  0.73331539808594415  0.74462361604774441
  0.75460855313255815  0.76500753315680292  0.77585092597361072  0.78792057493952716
  0.79892211024849691  0.80872089905415134  0.81906045909344560  0.82948374365187461
  0.83935640394845745  0.84918820878985402  0.86024018815399916  0.87215028283302309
  0.88347419756498047  0.89250576233878809  0.90057713151332419  0.90955857207170532
  0.91949551244068806  0.92899288069128716  0.93903507811320941  0.94925009474100785
  0.95996532677455892  0.97201731937413804  0.98539182287988913  1.00000000000000000
  0.00002518331980415  0.00003220087089297  0.00003597420791551  0.00003837328879134
  0.00004172879961685  0.00004414181744251  0.00004749839765714  0.00005035990965066
  0.00005286288094336  0.00005512183163738  0.00005712095999192  0.00005909460405984
  0.00006119647615941  0.00006352844077542  0.00006586155591569  0.00006856948576875
  0.00007056286627110  0.00007242529068351  0.00007422327334041  0.00007594172244754
  0.00007742621087919  0.00007902803231189  0.00008082203006818  0.00008269103936269
  0.00008463597425967  0.00008660950687647  0.00008888153556303  0.00009144862046795
  0.00009392467927165  0.00009618245397014  0.00009834557332779  0.00010054582413407
  0.00010286657738902  0.00010713304839647  0.00011115387780504  0.00011514731948152
  0.00011920904978558  0.00012343673096670  0.00012810396180171  0.00013340046930207
  0.00013856967007558  0.00014313160618224  0.00014730601784171  0.00015140073134024
  0.00015559856365144  0.00015991307022084  0.00016481920610331  0.00017020991346406
  0.00017578748312351  0.00018168587657500  0.00018785121819345  0.00019394084431984
  0.00020190992367257  0.00021024163640407  0.00021973933609964  0.00023025119087540
  0.00024172760205607  0.00025540661443814  0.00026694969328728  0.00027969103017795
  0.00029291838075094  0.00030751845201317  0.00032290343469239  0.00033784676507402
  0.00035435601624153  0.00037101723202558  0.00038570357837087  0.00040088752818911
  0.00041505964320955  0.00042893585211925  0.00044731493922429  0.00047529638560213
  0.00050580347026219  0.00054057356383482  0.00057525891288690  0.00062010311407161
  0.00066076947409478  0.00069807022562171  0.00073708409864960  0.00077680606572179
  0.00082594232826629  0.00090397595370701  0.00101066557522360  0.00113279938217908
  0.00127509195225832  0.00146541246507269  0.00171739316843152  0.00195652937706488
  0.00218764721798823  0.00257180577703732  0.00303509365829720  0.00404679430568470
  0.00595776427196403  0.00946360954298631  0.30341138438983795  1.00000000000000000
  0.00006756355751454  0.00007616456798032  0.00008235184389564  0.00008684950661378
  0.00009091698941287  0.00009488547776030  0.00009954805400017  0.00010474763417211
  0.00011122031727455  0.00011930896557125  0.00012756931484039  0.00013589846059109
  0.00014386026651158  0.00015183575543927  0.00015941946639191  0.00016731319414976
  0.00017555266441346  0.00018361197373847  0.00019189105191610  0.00020030007815532
  0.00020887330526992  0.00021763758757415  0.00022723009931037  0.00023771960052584
  0.00024898844258951  0.00025929804812395  0.00026896701334879  0.00027813700622762
  0.00028699047649292  0.00029588111141435  0.00030580311734985  0.00031734034411768
  0.00033126016955429  0.00034558810958645  0.00035970403546702  0.00037426976434702
  0.00039003464014009  0.00040901829862703  0.00042930470522862  0.00045085505674379
  0.00047242244741690  0.00049356245454655  0.00051729765204871  0.00054081125198457
  0.00056442136676311  0.00059042544633311  0.00061871583207765  0.00064712692543844
  0.00066889401437872  0.00068850744597806  0.00070767425625239  0.00072713543325164
  0.00074747815979389  0.00076903958701966  0.00079195786010759  0.00081603982934992
  0.00084051797179836  0.00086635526426898  0.00089406504970677  0.00092409056793834
  0.00094445524143921  0.00097172744333657  0.00100916765378399  0.00104900724178720
  0.00108876992352775  0.00114547050650890  0.00118847851755393  0.00124452989280889
  0.00130561835759571  0.00137374081695885  0.00144441426392230  0.00152212881194292
  0.00160291851450696  0.00172279795918783  0.00186608685946458  0.00202328737527463
  0.00218730206290088  0.00235486962586954  0.00253094963476606  0.00271355493920330
  0.00296771620023176  0.00328914531923666  0.00363751491336768  0.00397080037770358
  0.00419379165861471  0.00441843451105592  0.00469403570933538  0.00513032664809984
  0.00607754575174289  0.00717867037979331  0.00846167905952745  0.00986758878522714
  0.01204434749747832  0.01653607074062317  0.03352910183620505  1.00000000000000000
  0.00000248676620153  0.00000261168853391  0.00000269910414042  0.00000273408001133
  0.00000275748995243  0.00000278006646154  0.00000280411117432  0.00000283113963067
  0.00000285816808702  0.00000289045079307  0.00000292309892169  0.00000298782398543
  0.00000307408414516  0.00000315879910219  0.00000324327426725  0.00000333079922396
  0.00000341330309139  0.00000349142030963  0.00000356636752844  0.00000363834901552
  0.00000372053544572  0.00000381673370623  0.00000393073210857  0.00000406688792734
  0.00000422999037426  0.00000442727552410  0.00000465570424463  0.00000490106027434
  0.00000511922390890  0.00000530330813074  0.00000550053111626  0.00000571011624728
  0.00000594115236084  0.00000624001715952  0.00000657463332783  0.00000691448513399
  0.00000729397765039  0.00000769698385855  0.00000813823474136  0.00000863107171652
  0.00000919363039807  0.00000983178733027  0.00001053572890505  0.00001135671807128
  0.00001226675558169  0.00001320855046560  0.00001419948668498  0.00001521141128829
  0.00001626559307972  0.00001740541347012  0.00001867233108142  0.00002019668029265
  0.00002201831298483  0.00002386605506396  0.00002625937605314  0.00002884357834276
  0.00003157644425091  0.00003442744469531  0.00003757693657550  0.00004130067891964
  0.00004602210278719  0.00005192079443833  0.00005836066067864  0.00006529073136753
  0.00007293883219888  0.00008189120060699  0.00009166372166044  0.00010214413111570
  0.00011328961466887  0.00012632276013180  0.00013955315786056  0.00015415898966754
  0.00017324296864366  0.00020033018574959  0.00023408938390755  0.00027606700833872
  0.00031998909108125  0.00037472334295956  0.00042377181514074  0.00045649767625028
  0.00048801053303800  0.00052269973331794  0.00055702026700818  0.00060159341088599
  0.00065389680919013  0.00075984493498656  0.00088899764588454  0.00103710291236661
  0.00126370251876252  0.00174908969035949  0.00251500152305111  0.00356773232432022
  0.00588596374326498  0.01099470772312745  0.25156541596143439  1.00000000000000000
 -0.00202691140706073  0.01092133295543232  0.01887928766167854  0.02642501089268901
  0.03309189279156041  0.04066851195896733  0.04986401507360309  0.06110835007584957
  0.07638581877436244  0.08626660464653485  0.09306958196206347  0.10074046593697854
  0.10773697517036671  0.11474305424125315  0.12162217858480984  0.12835745015148992
  0.13533473279227629  0.14229092040170568  0.15123175314999332  0.16390590497789578
  0.17586242819204234  0.18759284215090383  0.19888403346813505  0.21020327089012891
  0.22065185498135373  0.23064121264618340  0.24275801352507873  0.25683875028273229
  0.27364273712415760  0.28902978707305771  0.30285036135246024  0.31528348034636078
  0.32753647631236121  0.33998783558200874  0.35218647645818857  0.36353246790457855
  0.37390874004508334  0.38376723983210681  0.39408940683554466  0.40544275836174493
  0.41728634633976025  0.42846658932691800  0.43743712530558077  0.44536587509018993
  0.45363032412365362  0.46203158863993365  0.47139741573534855  0.48249784963385434
  0.49423338678973538  0.50619610369960144  0.51870467265154063  0.53150294764462813
  0.54392653180833683  0.55494899489797400  0.56459636549681813  0.57418688457226175
  0.58374258541782165  0.59314039822565678  0.60288446035885623  0.61327210656151465
  0.62463408327118886  0.63665631245012122  0.64764390017899065  0.65942137277645285
  0.67122365885599522  0.68288809150204310  0.69439321870652337  0.70551378993751901
  0.71613816606042224  0.72690307962907419  0.73795958558418107  0.74834077010310207
  0.75868748207720693  0.76907103164214607  0.77900853372284884  0.78963797847096251
  0.80015680163433744  0.81076986177559052  0.82106235780722214  0.83141790897222256
  0.84144188036155032  0.84879425356554239  0.85631567660179031  0.86402910999933979
  0.87467171893159945  0.88575208706144537  0.89569618107121984  0.90495531342791591
  0.91514866783227933  0.92570244720090589  0.93559451183320186  0.94605332018755506
  0.95716333450033275  0.96911037424387181  0.98480815612636863  1.00000000000000000
 -0.00230056775830873  0.01156100825576595  0.02318563525986223  0.03400475092498008
  0.04412418226176312  0.05410904035976101  0.06402705694680723  0.07392829761494196
  0.08387712345332679  0.09255186651989478  0.10229196361678783  0.11218992684851671
  0.12295591970778146  0.13289101985906449  0.14173626787857366  0.15044862365685741
  0.16012333089597508  0.17170579203682543  0.18545358103344570  0.20069722264328310
  0.21138132419000880  0.21870899528335555  0.22658544954829185  0.23384659698711721
  0.24105128842564025  0.24750341238179727  0.25340371479807244  0.26028735874079134
  0.26697849517571376  0.27409678074790650  0.28379508975967793  0.29299616685492369
  0.30218004066492837  0.31394967318837896  0.32691028321095639  0.34123318464676544
  0.35293741088888547  0.36420641063819553  0.37538837870605446  0.38757091510528291
  0.39824806508967359  0.40756680938276085  0.41645570137925642  0.42585411587693106
  0.43553345764750040  0.44688870630787753  0.46104070328368352  0.47672879163364074
  0.49322265771292373  0.50881536914135228  0.52339902488820678  0.53539026439023663
  0.54649991260279229  0.55758550744293167  0.56865026552987197  0.57953642456169641
  0.59004901357854378  0.59891096769138108  0.60837196385486869  0.61798975580243509
  0.62743523722275318  0.63633316558753250  0.64521544088473826  0.65485078247016848
  0.66497772320212678  0.67564802798117629  0.68673846181673026  0.69771266367157281
  0.70930592182320562  0.72173528150290900  0.73544606140460400  0.74753333282807599
  0.75705504659016987  0.76613699753880316  0.77485400731767751  0.78422107395343399
  0.79393821231643402  0.80562048446269185  0.81933680560963595  0.83243175505069966
  0.84457035655849910  0.85578695023570539  0.86587951109797068  0.87489562314626368
  0.88415450308717425  0.89465646851084446  0.90529730273266940  0.91603741044286013
  0.92792494005550130  0.93871094512509901  0.94800807250906238  0.95664811041042097
  0.96533576488523198  0.97414965054273905  0.98709668188240063  1.00000000000000000
 -0.00061014519827365  0.00229315692791840  0.00595188371614834  0.00946048467021828
  0.01294053240251810  0.01692677342863516  0.02237238032239899  0.02892164073355544
  0.03591653834354391  0.04206747202381097  0.04686533976344096  0.05129715560808228
  0.05642331317273831  0.06108873198897342  0.06533647853602602  0.06970686426520531
  0.07449722274265821  0.07943672239349313  0.08370585903260544  0.08768892578748275
  0.09158745513612301  0.09558799254859175  0.09964161357369476  0.10293594574599217
  0.10861928148485313  0.11617391124063478  0.12299957073346481  0.13311654928589664
  0.14225104654065118  0.15160389803669033  0.16112622243937366  0.17113504022199824
  0.18133106528456919  0.18949598677399848  0.19836552713456557  0.20613439891042099
  0.21618666476042667  0.22663150220548395  0.23712725998691178  0.24746088785994899
  0.25747992867138825  0.26836692375132554  0.28176685555059755  0.29515668826406993
  0.30638300234556903  0.31849696270260075  0.33075111453384293  0.34266312182512809
  0.35125551254558462  0.35913334759768162  0.36733274395878168  0.37595357340321239
  0.38583344008214071  0.39840596909327647  0.41293868401667705  0.42615328764488047
  0.43843232654824893  0.45077407225773375  0.46494761630092907  0.48006166056486527
  0.49505684731473976  0.50924914698875656  0.52091977362227915  0.53016854245055611
  0.53923720353591431  0.54925712930292003  0.56032411488517775  0.57080174316568300
  0.58221062691236047  0.59863635648846647  0.61617838466053099  0.63243582316379210
  0.65016987987308128  0.66899309880027025  0.68349637635566129  0.69631261529018229
  0.70990680666958728  0.72277406829891289  0.73729240413151653  0.75160682379010091
  0.76618288740894569  0.78225822996542127  0.79939865069339322  0.81602186631037765
  0.83061214602683764  0.84414343895566801  0.85729516853085308  0.86991141924662918
  0.88282385946554820  0.89639908806032875  0.90976978301075051  0.92272829472740447
  0.93582316695621048  0.95413367888811151  0.97550301115347471  1.00000000000000000
 -0.00164271433980760  0.01556530342623636  0.02667673559867510  0.03767478704495837
  0.04793134433335000  0.05832257865008324  0.06982263885177094  0.08182661106483244
  0.09382111378821693  0.10595426365047317  0.11927529844511484  0.13662085194903487
  0.14509920955659858  0.15399621414532819  0.16262114069561853  0.17208987368215553
  0.18301608505552688  0.19724956103626143  0.21048501542042411  0.22404484854947082
  0.23834041900102512  0.25411011537483297  0.27257855500273526  0.28709623591188027
  0.29673078185549251  0.30508123760742700  0.31306031143518798  0.32206105482904979
  0.33263685027029027  0.34454745264381853  0.35536390017968983  0.36449442007957550
  0.37291962856132144  0.38180086363295213  0.39141255644414147  0.40167001936047564
  0.41229376195699718  0.42700364715566380  0.44037168448900427  0.45280103923053100
  0.46575703881703129  0.47679145370286019  0.48396520557557648  0.48859576188445680
  0.49329759536863388  0.49815150667824692  0.50311832626773423  0.50785005296556163
  0.51226991437229552  0.51715480429719041  0.52257298377091588  0.52777380114782180
  0.53306031551061583  0.53744620476319171  0.54371616980293835  0.55401264166807451
  0.56595180026448810  0.57744921857482445  0.58879797855165106  0.60149270288941947
  0.61446712812711968  0.62784881113538393  0.64115185776172068  0.65404926683438380
  0.66673539892303779  0.67881173445905740  0.69083539002748906  0.70333956817339427
  0.71497398029927395  0.72661222127511527  0.73757934633700961  0.75089595591006675
  0.76461254622867214  0.77795625224513643  0.78911567555556206  0.79783841883156881
  0.80630901189199322  0.81531449994461491  0.82629651094116741  0.83805941806690365
  0.84827987271056982  0.85812140753756261  0.86879309521926595  0.87892886198394604
  0.88815114178887344  0.89663873002540140  0.90440783934944979  0.91177686468908237
  0.92251369717974441  0.93455219774054110  0.94684424824292279  0.95814818788581335
  0.96843420453441353  0.97868745667244372  0.98907333056434710  1.00000000000000000
 -0.00059241762297604  0.00564458629608174  0.01124238404306701  0.01627506927817126
  0.02104711576249724  0.02450813388219130  0.02790837753260831  0.03135966842286417
  0.03481982769448994  0.03826687918608557  0.04316856373544857  0.05044826650683842
  0.05829692250346669  0.06601848362603678  0.07390756272851613  0.07996819090224448
  0.08603683566107609  0.09202070982934586  0.09777819887011366  0.10311126487501344
  0.10825283217430563  0.11361009417767401  0.11929338579623985  0.12506850239154363
  0.13093526319166351  0.13833009491474424  0.14751952700784621  0.15576064227809655
  0.16244230494246109  0.16873882907948010  0.17517905879334031  0.18217800639801057
  0.19080953861049738  0.20004360321425219  0.20831579734384831  0.21608690991570575
  0.22424235443027549  0.23280670626426003  0.24100930471756463  0.24886284196867758
  0.25705501595992503  0.26589384226027529  0.27544703175523522  0.28540541298776734
  0.29462697162029011  0.30300642498626656  0.31181569071594817  0.32180820031034163
  0.33235660604949113  0.34249307039888688  0.35275133675508080  0.36289234029007306
  0.37305059873943430  0.38329653216057602  0.39568138991571156  0.41165849626762824
  0.42766834085913408  0.44220008360673974  0.45640290484953733  0.47096096364038964
  0.48449460720514215  0.49844831299606951  0.51180218874366734  0.52728382103301785
  0.54365777590226561  0.56236349267697683  0.57987000248148790  0.59692324867336011
  0.61242293917126311  0.62899430797126143  0.64530597008069590  0.66334181398802361
  0.68026068000437934  0.69682468762279914  0.71358968563895331  0.73016469986480070
  0.74778604932750936  0.76511811740412661  0.78197342676832549  0.79889787434840975
  0.81568331146591744  0.83316186892944377  0.85019102320013329  0.86751912526323816
  0.88321785739873926  0.89980360169242612  0.91420094700338805  0.92547798968762118
  0.93362841766669180  0.94263774343753115  0.95142167761293595  0.95996080893070512
  0.97162849664182716  0.97963124542229973  0.98962872370658861  1.00000000000000000
 -0.00225784444506159  0.00917834184977009  0.02021709073881056  0.03080663788927730
  0.04151879933659258  0.05159977160963924  0.06075948196460401  0.07009988108602504
  0.07958071648653303  0.08976099734655034  0.09965492507298936  0.10948359145258528
  0.11900862711624485  0.12932488024227751  0.13949035271144170  0.14846801313126093
  0.15743314406062348  0.16729676554880935  0.18015840829267793  0.19249219708018001
  0.20196256522392494  0.21038813719051139  0.21921327155021136  0.22880828001552081
  0.24085355268940001  0.25255774702058736  0.26397700861136286  0.27476591698293690
  0.28498564192548109  0.29489863278847944  0.30550543143752595  0.31807235017041902
  0.33101458047240873  0.34393113882705512  0.35726839371051144  0.37004584061172563
  0.38147396250192889  0.39193346072821739  0.40264509247508495  0.41524907198149430
  0.42699789006444749  0.43810299130816255  0.44915030697537239  0.46111497421462166
  0.47420884557507831  0.48655457572506050  0.49813240199897785  0.51041145326217818
  0.52309279882700033  0.53455502779905439  0.54553349769447346  0.55628958037210019
  0.56643448577456446  0.57909655221484413  0.58981980803023915  0.59913438862455870
  0.60772556381620857  0.61604056727849410  0.62463659327496401  0.63560216694544236
  0.64813941717949608  0.66218794646993218  0.67735445796533156  0.69112287222542745
  0.70175587134138129  0.71151128519384865  0.72083456338490437  0.72919118509555769
  0.73552107240156017  0.74130053676321062  0.74855587101435139  0.75555061836175352
  0.76231771766073375  0.76847546527988642  0.77282822774668392  0.77725323510313948
  0.78315478092873692  0.79042376937170400  0.80104145747009836  0.81365460850531413
  0.82490092046818242  0.83518266931712981  0.84592493151495263  0.85733742409482883
  0.86928194316504115  0.88118569295430427  0.89191654872717718  0.90176991904508397
  0.91174352111407841  0.92277795451529010  0.93560441428023533  0.94850773133713662
  0.96145354224749746  0.97425118951827450  0.98747032636154752  1.00000000000000000
 -0.00303292424403019  0.00963692403398720  0.01942411849556737  0.02921276280464341
  0.03887496553575797  0.04827891009010668  0.05843837657887597  0.06857507452930367
  0.08036496723205666  0.09197989541412090  0.10426672799723793  0.11690592953351198
  0.12969324697161452  0.14362081363327917  0.15622154555390919  0.16821558500585476
  0.17989138724922926  0.19135884929849320  0.20388065696885274  0.21585180001629822
  0.22455562289890507  0.23293130866125558  0.24042952237932178  0.24971709246459631
  0.26125476619574300  0.27385389544742839  0.28628444202218939  0.30010876906612960
  0.31075945496608715  0.32084284240172806  0.33143452519517336  0.34261868058797745
  0.35533098586343403  0.36815576963120450  0.38035943969728098  0.39238514699121541
  0.40414678079397348  0.41640405933630242  0.42901354246486584  0.44268744567894669
  0.45686942813512482  0.47029076413122461  0.48200602196543219  0.49157888799114480
  0.50027656755156613  0.50883367864886853  0.51762824451231060  0.52752726984957510
  0.53800217197948974  0.54533400588190994  0.55045125910945447  0.55561269803707303
  0.56143021292542672  0.56810257608453651  0.57478371671390194  0.58087365210931063
  0.58627365845633550  0.59210863756744170  0.59846205159345822  0.60902556889306492
  0.62436095686734672  0.63569258183247945  0.64448953750352689  0.65362715068452093
  0.66400625375427280  0.67656921229506350  0.68844930153650408  0.69874029235522561
  0.70818395051668526  0.71819394900458311  0.73083693643687209  0.74581274708882428
  0.75834911092731883  0.76922817330478255  0.77999220345801090  0.78988139447081951
  0.79965324854336217  0.80905755703823856  0.81708592483417941  0.82608033283679727
  0.83428268221648949  0.84204330959826945  0.85127831799132869  0.86316318090680888
  0.87782841188576943  0.89225267293020027  0.90486699768655432  0.91478218345827789
  0.92360282535372162  0.93360864008248956  0.94226775890847647  0.95204702716361633
  0.96399420384925139  0.97634747909288155  0.98835323797741714  1.00000000000000000
  0.37940740112223564  0.63885743051420985  0.65650910650081340  0.67284970442914127
  0.68464306660046947  0.69612132507035362  0.70663421377039737  0.71604947367697336
  0.72573501172500410  0.73426182583064370  0.74010737144085847  0.74497128647612854
  0.74979081632900135  0.75509545215037366  0.76153589154596812  0.76976658481343530
  0.77820834236565695  0.78595777702512726  0.79327769443162743  0.79962082104397836
  0.80637768704569557  0.81281210638240220  0.81900036264983866  0.82513933406896289
  0.83153291027734655  0.83788770362624432  0.84408473535949124  0.84900275928973612
  0.85342514587532647  0.85748070614206517  0.86137626328999006  0.86574191166422654
  0.87024114666208674  0.87459925602552613  0.87827563219317972  0.88151216860164794
  0.88481627012236974  0.88804854664234345  0.89138275915005527  0.89495381347667213
  0.89860501616313515  0.90228264113329948  0.90552440039182347  0.90847455896410045
  0.91128030660296155  0.91412488321225360  0.91727420883782906  0.92042128846440729
  0.92372655948213467  0.92688348751890415  0.92988367705432762  0.93281078978201415
  0.93557097843493742  0.93799643168509705  0.94014652851996494  0.94218771773848187
  0.94417660420642180  0.94616905478059921  0.94826933002059799  0.95036240495943491
  0.95244786053759800  0.95450675758083814  0.95646433984959622  0.95809286728050325
  0.95956855938399532  0.96095735077794620  0.96240407003523265  0.96395570789374574
  0.96547018969186482  0.96685710675322456  0.96814078044375074  0.96940471668848893
  0.97065333549283195  0.97198751315033771  0.97352710719747082  0.97504349889441733
  0.97658801714502319  0.97808831820879227  0.97950231609392735  0.98087234168262305
  0.98199883439747049  0.98307375298605437  0.98413059522407187  0.98514794806244466
  0.98612811862471683  0.98721188550718997  0.98841072161419918  0.98976750494356425
  0.99115243993309832  0.99253899433682136  0.99399105580673319  0.99548702218058849
  0.99680582295518150  0.99785569601745860  0.99893401083987166  1.00000000000000000
  0.03055022070311506  0.16100452913324184  0.21012169345708617  0.24260580467149426
  0.26381079089630771  0.27905690383087628  0.29324903164401789  0.30711252332451833
  0.32019309291545534  0.33239005228570023  0.34553146876725677  0.35769960375448157
  0.36647208687675614  0.37427587905006199  0.38009029264806976  0.38575597348741908
  0.39058716110947700  0.39503223085631944  0.39985464501056561  0.40540479811513724
  0.41154459729294224  0.41954900989387989  0.42784953739747200  0.43470271025052171
  0.44052324520191966  0.44607142028742031  0.45155982681496748  0.45715378479236046
  0.46294037634642382  0.46897088628019495  0.47487911074047323  0.47974512904162825
  0.48317618510966681  0.48603369372380234  0.48954199830449674  0.49356231886864121
  0.49799765616741837  0.50214275222362414  0.50559514813872874  0.50891964161627090
  0.51214328896915617  0.51506521734432587  0.51813185862791511  0.52167300212756085
  0.52594747550889420  0.52967981611703263  0.53332824215339247  0.53708023455317266
  0.54059185633996076  0.54399446071434654  0.54864820419570803  0.55295702264302005
  0.55753107961884274  0.56250589877914547  0.56748484867072690  0.57292709732448377
  0.57848703064537355  0.58343290537612680  0.58845375443578785  0.59236888847557256
  0.59632185166806539  0.60104081229712258  0.60620265813148033  0.61150652310089315
  0.61686754441149516  0.62207304765826377  0.62723326583761652  0.63217956912610462
  0.63693184020270999  0.64136351142370596  0.64543442114160932  0.64916567617261833
  0.65277570313646993  0.65656705460877851  0.66101958947662365  0.66730555035176320
  0.67471600790833530  0.68169163387494558  0.68748399574147379  0.69325208983705611
  0.69884265203540130  0.70433607019572930  0.71052089494095616  0.71700261963210354
  0.72403013226837376  0.73174484967978293  0.73944461368081615  0.74670495689307415
  0.75484240719424933  0.76388060323702545  0.77492780601603695  0.78801229349890289
  0.80165585707441833  0.81867169245522775  0.85299810929826814  1.00000000000000000
   4.5261727862063814E-006  -1.0000000000000000     
 F F F F F F F F F F F F F F F F F F F F F F F F F F F F F F F F F F F F F F F F F F F F F F F F F F F F F F F F F F F F F F F F F F F F F F F F F F F F F F F F F F F F F F F F F F F F F F F F F F F F F F F F F F F F F F F F F F F F F F F F F F F F F F F F F F F F F F F F F F F F F F F F F F F F F F F F F F F F F F F F F F F F F F F F F F F F F F F F F F F F F F F F F F F F F F F F F F F F F F F F F F F F F F F F F F F F F F F F F F F F F F F F F F F F F F F F F F F F F F F F F F F F F F F F F F F F F F F F
  <DiscreteSampler_grid>
  grouped_processes
  1 # 1 for a reference and 2 for a running grid.
  10 # Attribute 'min_bin_probing_points' of the grid.
  1 # Attribute 'grid_mode' of the grid. 1=='default',2=='initialization'
  0.0000000000000000 # Attribute 'small_contrib_threshold' of the grid.
  0.5000000000000000 # Attribute 'damping_power' of the grid.
 # binID   n_entries weight   weight_sqr   abs_weight
    70   10   2.276740678326284E+000   2.565908186408122E+001   2.276740678326284E+000
    73   10   2.267690272513120E+000   2.552922239116235E+001   2.267690272513120E+000
    74   10   2.267690272513122E+000   2.552922239116240E+001   2.267690272513122E+000
    76   10   2.334903940830693E+000   2.699229927494064E+001   2.334903940830693E+000
    77   10   2.334903940830696E+000   2.699229927494070E+001   2.334903940830696E+000
    85   10   2.192656099597145E+000   2.381898545105931E+001   2.192656099597145E+000
    86   10   2.192656099597147E+000   2.381898545105935E+001   2.192656099597147E+000
    88   10   2.189768401576646E+000   2.378970215486510E+001   2.189768401576646E+000
    89   10   2.189768401576649E+000   2.378970215486515E+001   2.189768401576649E+000
    100   10   3.206269984743607E-001   5.279328103202009E-001   3.206269984743607E-001
    101   10   3.206269984743612E-001   5.279328103202020E-001   3.206269984743612E-001
    142   10   6.879204054931713E-001   2.370187185819553E+000   6.879204054931713E-001
    148   10   6.706535072472221E-001   2.308610059936096E+000   6.706535072472221E-001
    149   10   6.706535072472228E-001   2.308610059936099E+000   6.706535072472228E-001
    151   10   3.206269984743609E-001   5.279328103202012E-001   3.206269984743609E-001
    152   10   3.206269984743612E-001   5.279328103202020E-001   3.206269984743612E-001
  </DiscreteSampler_grid>
