  0.00290686850241173  0.01653422514431649  0.02956705233500835  0.04199462444670905
  0.05326994038833609  0.06395919050043133  0.07491941408768318  0.08558992892035697
  0.09669425611367556  0.10814870895098455  0.11974861578933715  0.13158360770921415
  0.14322624477537976  0.15366870063853752  0.16505283792098749  0.17545000994648929
  0.18622512677170977  0.19664967703756345  0.20711969097909896  0.21770777655735674
  0.22782240148046581  0.23778513038097945  0.24763996466857721  0.25751250208489052
  0.26762940538975055  0.27863588701372283  0.28955211525334473  0.30068966858780111
  0.31069264020590009  0.32016860243333939  0.32974739342707599  0.33959922790732933
  0.34991686071922101  0.36023068994006441  0.37005107183634217  0.38065585261995999
  0.39080163462757822  0.40089171432000781  0.40975867614447870  0.41798774542174139
  0.42672880032866140  0.43558889205904061  0.44544274007662471  0.45618364577601217
  0.46743216141615695  0.47779327362296103  0.48795497736886134  0.49813566512947710
  0.50939074073364621  0.52050082968198264  0.53246894792323818  0.54422729987851015
  0.55595013950712280  0.56650823017852847  0.57540108498973852  0.58335055085109200
  0.59077994181110838  0.59817878458163831  0.60652724082394538  0.61589626807900777
  0.62591002815366725  0.63670654238999480  0.64755238232700763  0.65866243714065142
  0.66917546189960031  0.67968114135806323  0.69047115536618986  0.70113814836261656
  0.71199770784454264  0.72339279112350086  0.73393931155613801  0.74369500035590497
  0.75365294475802336  0.76376192730535086  0.77527916325093815  0.78585245363564360
  0.79612707291917439  0.80669008705746004  0.81791276995306705  0.82914486380731656
  0.83988324872084730  0.85047246249180630  0.86121714555674422  0.87215088010693842
  0.88311953998508275  0.89376813635066754  0.90489062482234728  0.91646827445924661
  0.92835513257857638  0.93967741459917120  0.95002712698095682  0.95974451676849337
  0.96868954731933099  0.97698174234522450  0.98494767711952980  1.00000000000000000
  0.00000214682816879  0.00000225857575460  0.00000242134532997  0.00000258821678579
  0.00000277248535338  0.00000298598256524  0.00000321877986701  0.00000346769716359
  0.00000371864839218  0.00000397834955271  0.00000426099451654  0.00000459214658702
  0.00000495901128962  0.00000535704846159  0.00000575561390258  0.00000613625742595
  0.00000652000972190  0.00000694245909279  0.00000742628671802  0.00000795994359735
  0.00000853855825966  0.00000918880006901  0.00000992301810874  0.00001075996730694
  0.00001171848116451  0.00001278524342466  0.00001392857019873  0.00001514242184084
  0.00001636938256241  0.00001767108646417  0.00001904780237500  0.00002050400327447
  0.00002219695256202  0.00002418960705705  0.00002649971885324  0.00002916683687029
  0.00003219914155533  0.00003541912830359  0.00003862475625345  0.00004190583039306
  0.00004563454537097  0.00004956671618768  0.00005411070383675  0.00005945647500552
  0.00006582359031694  0.00007273475217477  0.00007958281614858  0.00008691916565874
  0.00009462117634601  0.00010307329732877  0.00011343374692147  0.00012455438659664
  0.00013619037176886  0.00014855701433313  0.00016206490511392  0.00017660151394739
  0.00019271997676768  0.00021138458747855  0.00023417413104012  0.00025885952675185
  0.00028429184478884  0.00031224936889805  0.00034586253035664  0.00038716918293056
  0.00043180891117026  0.00048090183445923  0.00053447317251214  0.00059422731535778
  0.00065832071328398  0.00074723906700463  0.00085414692759566  0.00094777241900590
  0.00100906047309605  0.00107909534918239  0.00115905593672908  0.00126434588085503
  0.00137924946556841  0.00153165541418094  0.00175557462433728  0.00197573045217568
  0.00219492746196404  0.00240421377328179  0.00264045730330354  0.00291780580106137
  0.00314750258227928  0.00335406684881045  0.00361148267148648  0.00390114229128711
  0.00430782212309356  0.00482061878823715  0.00562540008431022  0.00679106421710205
  0.00846874602434314  0.01069865836390428  0.02899301010448429  1.00000000000000000
  0.00000330897712390  0.00000346504883626  0.00000361224735951  0.00000376280957074
  0.00000391969137045  0.00000408580877759  0.00000425661060620  0.00000441033647159
  0.00000454559316553  0.00000467962994442  0.00000481250256867  0.00000494393722582
  0.00000508941208737  0.00000531640353581  0.00000553371036400  0.00000574354398784
  0.00000597381837440  0.00000622491994246  0.00000649230045731  0.00000677942928905
  0.00000708652891012  0.00000741347244493  0.00000779051301793  0.00000818606246067
  0.00000862624923491  0.00000909337232260  0.00000957619661891  0.00001007681819990
  0.00001058868217921  0.00001109338518468  0.00001167694468075  0.00001222441652417
  0.00001287323976032  0.00001361130318332  0.00001441093430164  0.00001530510227646
  0.00001627664870275  0.00001727986722738  0.00001836230944634  0.00001944383913314
  0.00002058634687135  0.00002180466024592  0.00002310793199345  0.00002450601836424
  0.00002600815984269  0.00002754585867802  0.00002910711754767  0.00003068932848830
  0.00003247723620642  0.00003451235650730  0.00003658068070609  0.00003887343239373
  0.00004137027743036  0.00004415869865800  0.00004748391485094  0.00005067201919160
  0.00005419298995271  0.00005802186481443  0.00006224201686174  0.00006749727262793
  0.00007306408994515  0.00007878304235524  0.00008446710835733  0.00009033795434701
  0.00009706951758913  0.00010414794256512  0.00011302374989024  0.00012325428226395
  0.00013623503217980  0.00015035564837501  0.00016513098697472  0.00018221868693476
  0.00020287226120491  0.00022940267260249  0.00026444342250928  0.00030047470233650
  0.00033704685102453  0.00037845297249317  0.00042917490158963  0.00048986254694472
  0.00056397276964457  0.00065802815241131  0.00077118728923016  0.00091062237699519
  0.00108978997748448  0.00128147668361798  0.00149828512075224  0.00183881029441372
  0.00229161311276442  0.00299493375103072  0.00395210919057477  0.00457300312963626
  0.00524067980745563  0.00656822868145806  0.07484947847845114  1.00000000000000000
  0.00000371843058648  0.00000497822585344  0.00000604792840296  0.00000701435226217
  0.00000796810222934  0.00000890126327438  0.00000995252840655  0.00001120793123037
  0.00001250329135271  0.00001391998822492  0.00001556578480426  0.00001752069590711
  0.00001985652640975  0.00002267454843276  0.00002601878400821  0.00002987383473234
  0.00003426736089002  0.00003932004397921  0.00004503659541175  0.00005175064009421
  0.00005908789597352  0.00006740762655691  0.00007696909953391  0.00008725819969431
  0.00009808956337549  0.00010935123645054  0.00012078884586153  0.00013304247248219
  0.00014660038958720  0.00016077201341776  0.00017471468670863  0.00018911174174017
  0.00020473983188788  0.00022139725392655  0.00023854180760353  0.00025718878099559
  0.00027738761554410  0.00029650588199594  0.00031503773441583  0.00033489252668368
  0.00035958363789488  0.00038520829471245  0.00041066449728611  0.00043933704819025
  0.00047446235571908  0.00051035640105259  0.00054500479974618  0.00058289775548170
  0.00062120173067070  0.00066480611906043  0.00071245380459944  0.00076254215528399
  0.00081677224084080  0.00087173496273611  0.00092532817363786  0.00097745054388864
  0.00102904647146516  0.00108456752339021  0.00112640992196071  0.00116688113837586
  0.00120906126671205  0.00126236049275666  0.00131734368187142  0.00139382577519594
  0.00147052528456786  0.00153271481762229  0.00160287340911445  0.00169156778473445
  0.00180521352525540  0.00191615090535922  0.00202072533004075  0.00211662121690268
  0.00222614231345790  0.00236885918097612  0.00250554567633350  0.00264823646021615
  0.00282535121184581  0.00295694101526770  0.00308391667867532  0.00326921359812803
  0.00348222011427033  0.00369002167649420  0.00390480413573736  0.00423095142158718
  0.00456298348836752  0.00486370218004196  0.00535513113659136  0.00599459534502184
  0.00663418835281163  0.00727398470884646  0.01018499345819136  0.01114229897816662
  0.01291934855702848  0.01701968533705018  0.02459818553961258  1.00000000000000000
 -0.00507393510918384  0.02656271541518277  0.04974465456048016  0.07293171265786619
  0.09408513039784344  0.11296941100163242  0.13222850948041046  0.15183380158766141
  0.17202693405765268  0.18974355577345459  0.20497492352976859  0.21897396048517845
  0.23276694344468299  0.24603730889489434  0.25947850321112836  0.27325257635701639
  0.28775887328426886  0.30302449989066754  0.31743716459935883  0.33237975406035464
  0.34536082178381988  0.35749512858058546  0.36930148123876899  0.38034744926134906
  0.39177280951136684  0.40340791943847432  0.41481501976033053  0.42561047746159841
  0.43654991467324322  0.44793431037092452  0.45975014957146026  0.47121688516148014
  0.48265836476735602  0.49402021610968772  0.50467022794767424  0.51480677010686537
  0.52519242786047704  0.53636130939625992  0.54657177886748154  0.55480503040102203
  0.56258230086267091  0.57070696719206904  0.57965976335072189  0.58858945254688444
  0.59678972950953202  0.60494706414288757  0.61304840376929448  0.62130473908846096
  0.62995969204281133  0.63896428269355232  0.64817643157406035  0.65733640506710211
  0.66634122493720438  0.67582058379071008  0.68596346485702797  0.69633165200815728
  0.70573062227897176  0.71413586450604205  0.72209497448260795  0.73026897608133301
  0.73913195143571020  0.74841750077912839  0.75740637774052300  0.76587237753867121
  0.77424931832600508  0.78268203646705192  0.79118180364044843  0.79949072026376178
  0.80726541544322261  0.81510777036674287  0.82321973782957847  0.83137994385588676
  0.83941316571420710  0.84716839566655511  0.85461882424554036  0.86178927608286404
  0.86937902559652536  0.87701731605903777  0.88507781033404176  0.89308723443053561
  0.90086679997101227  0.90855754713449643  0.91546176575910432  0.92189755788939576
  0.92835176713368883  0.93535997945587201  0.94272960858482446  0.94967702639729956
  0.95591339525650787  0.96186272132176387  0.96782641099649891  0.97398134699648176
  0.98031523298541778  0.98674684770721888  0.99334424983879943  1.00000000000000000
 -0.00219473908842960  0.00854553693731026  0.01839444146786379  0.02933416391198455
  0.04069825328374831  0.05136279464513516  0.06130045501042938  0.07061841044973832
  0.07984856069838991  0.08883343362696378  0.09813270977329724  0.10780444205348672
  0.11872832366562096  0.12777997096616880  0.13669763485100717  0.14554434236962518
  0.15498423226503838  0.16625970772439214  0.17720622398895111  0.18834903845496978
  0.19989862480872989  0.21217362526003083  0.22285101952090325  0.23147247500526305
  0.23991680148596400  0.24804161076832204  0.25663876322808948  0.26754873301773535
  0.27813684234706121  0.28949993911351579  0.29991993486761792  0.31072870205820324
  0.32102807751220264  0.33050252836820809  0.33985460407696916  0.34885359177489983
  0.35995823513455100  0.37220782771438499  0.38567187558792432  0.39879310441081334
  0.41056214711797390  0.42217781026903800  0.43379938672590668  0.44567359975176946
  0.45771802882093759  0.46981298746359196  0.48150554289765479  0.49259544273278605
  0.50388058462682039  0.51555865350143282  0.52685732079186942  0.53725313222821447
  0.54758498615836260  0.55809941196829860  0.56808489782363658  0.57791985664841750
  0.58829525216216660  0.59929057373790107  0.60985253169071030  0.62064676485562265
  0.63253484079676081  0.64459761238672242  0.65478818689083917  0.66376031097790977
  0.67235940828040486  0.68107794087904061  0.68971438074623126  0.69920761677768961
  0.70877249361511407  0.71962399353436501  0.73006232312804020  0.74024638246146579
  0.74994962392596654  0.75882623191349374  0.76828621342752956  0.77941793456267050
  0.79246150873439414  0.80502070217203969  0.81634777615928422  0.82718299914843174
  0.83734355225542667  0.84850094774417484  0.86004316246863277  0.87096973026831703
  0.88143727969050312  0.89226030353612495  0.90398919660074339  0.91622078724166545
  0.92831333428389284  0.94003144445238751  0.95145245978055293  0.96232281114603913
  0.97242299303457813  0.98203142115042230  0.99091890255500958  1.00000000000000000
 -0.00363236382447359  0.01613331392242621  0.03159594838052204  0.04598750062304231
  0.05945933563446275  0.07293510508409728  0.08639535596796075  0.09988471051611242
  0.11188065267713034  0.12367617126027329  0.13581790310906169  0.14847932081020876
  0.16115753503292574  0.17410074555170779  0.18710063704384183  0.20073981864893189
  0.21352709674998890  0.22616704303070292  0.23853251359468333  0.25104849781675015
  0.26269302038229431  0.27375528301586843  0.28354283283279363  0.29337363772757802
  0.30335486753142327  0.31392841276335509  0.32408490819306363  0.33476947970553439
  0.34540316907165597  0.35546225730280223  0.36473022802406085  0.37371732682213837
  0.38332092421656994  0.39361521645183684  0.40467790964500061  0.41583826640201904
  0.42673473848526933  0.43739916592073502  0.44729892986105857  0.45701229588673997
  0.46478105789846669  0.47290841177631210  0.48085922804502057  0.48862918576362835
  0.49818518623646363  0.50885939752664977  0.51997495030424912  0.52964009275194301
  0.53890625038288653  0.54861341355052551  0.55887718224151617  0.56935578092720940
  0.57976960769303665  0.59022380961477827  0.60080484116638222  0.61146380438500603
  0.62217499840833801  0.63312123492374972  0.64233527866333373  0.65097218026857195
  0.65942349284792334  0.66898628973553409  0.67887226039431692  0.69007019316917795
  0.70205546906648675  0.71345316185308494  0.72336026089485228  0.73259930169346166
  0.74231880789140703  0.75268727329579888  0.76313199634358597  0.77328055409918295
  0.78236146112217775  0.79075371735447664  0.79876071086093425  0.80725483118727737
  0.81672742865235803  0.82655045827510309  0.83606903643666519  0.84455061508708806
  0.85286262712249850  0.86091288339212002  0.86939990385891830  0.87844060789385581
  0.88781757870762712  0.89715524630014865  0.90665331743081989  0.91626696105723349
  0.92642700558702284  0.93635430153886268  0.94640738349828413  0.95692933182880624
  0.96791118127322573  0.97926629690597999  0.98974284076162466  1.00000000000000000
 -0.00243158956957959  0.01010587875072166  0.01850738273443485  0.02732974321651990
  0.03580089822950042  0.04445746396350711  0.05424310461911007  0.06386028873500692
  0.07447995055298345  0.08503380373485686  0.09594936744167891  0.10684613087784525
  0.11700371787094149  0.12707686248433689  0.13684597530402307  0.14753999558548614
  0.15906210617596073  0.17029340231297135  0.18127090886614486  0.19253587756487331
  0.20390279001832196  0.21436427912176975  0.22498299212640802  0.23688657789305220
  0.24913502748598684  0.25965729628177919  0.26962837192414718  0.27957589443076797
  0.28974165006536517  0.30028586589386408  0.30973266888288853  0.31943866850225766
  0.32908605614447883  0.34073283892141859  0.35238245648015870  0.36347085729099743
  0.37422311540046271  0.38510976472524361  0.39663382299608285  0.40828581814712461
  0.41990413498567802  0.43102832942742841  0.44248191730613962  0.45334353911260483
  0.46440565773435366  0.47575483760819104  0.48807468869225179  0.49977295341332251
  0.51097743254157335  0.52180891272931729  0.53344318281946601  0.54594857097696126
  0.55812542478336602  0.56905199331528711  0.57913666612525316  0.58899098788155502
  0.59891712296348476  0.60915792059408191  0.61974843922746181  0.63035717628366683
  0.64121518237588060  0.65259043103265102  0.66487809478709159  0.67684115698964109
  0.68744387520035821  0.69696569429271793  0.70650108303971637  0.71699961393364753
  0.72772100566053266  0.73779457829756867  0.74763322887711636  0.75712125375831463
  0.76672855166817455  0.77616122979453861  0.78591639381550182  0.79594897638525564
  0.80616252797093380  0.81681021201313952  0.82748514166842779  0.83798601490221691
  0.84821162957643093  0.85826233830431420  0.86794527877989558  0.87736108831983384
  0.88700893227585631  0.89700287088759956  0.90680428641491373  0.91644289996174855
  0.92625582638492021  0.93646202586664495  0.94640681560470086  0.95624020089385064
  0.96533694204096387  0.97587193502518454  0.98655714833714170  1.00000000000000000
 -0.00291445585396028  0.01031283630197218  0.02142897907039007  0.03283808177720383
  0.04389023605793757  0.05437179752225797  0.06440718943483975  0.07489350230362977
  0.08507817523521201  0.09564792331341214  0.10605151506582775  0.11698409413490736
  0.12821205566629340  0.14047517110978855  0.15190897675290366  0.16229597489268338
  0.17269101487785521  0.18359292813635497  0.19546305863950367  0.20795615651103186
  0.22039799735159588  0.23233212809377043  0.24378029148972952  0.25496182394449030
  0.26600860034215618  0.27666630080977528  0.28721114307545104  0.29785923123122771
  0.30868984258665816  0.31957488625312186  0.33022767872235342  0.34063626617749460
  0.35071152626927016  0.36143617117921079  0.37241667422853808  0.38342170547533189
  0.39364626842439276  0.40228400287076316  0.41093322290051743  0.41948051416275833
  0.42882287231124927  0.43918163924759879  0.44905920814140671  0.45930628311962579
  0.46962840326494132  0.48017346146077877  0.49032905787206238  0.50001777233289779
  0.50953732756028569  0.51912702380398923  0.52912483405318134  0.53894665098965766
  0.54719802902338610  0.55506729481530648  0.56303040165114326  0.57247398330813470
  0.58317953156744717  0.59374172885446297  0.60372624480346682  0.61393362594961198
  0.62435737466662855  0.63480482795767068  0.64458631551076828  0.65368595025321696
  0.66307764305642258  0.67359181228355625  0.68512834482260643  0.69627280091057919
  0.70683002981592213  0.71846763510026068  0.72999087002085505  0.74176906268879073
  0.75264748980951302  0.76290065038502586  0.77349227415454436  0.78439380273377191
  0.79576477817825275  0.80658613227507814  0.81899993324477016  0.83124312413222257
  0.84177700414456125  0.85180348849455567  0.86138115113807545  0.87079337377403221
  0.87943821743047101  0.88831982124837272  0.89758796368337390  0.90772359591397023
  0.91886664479116775  0.93022913853219313  0.94206314262624113  0.95385201311546242
  0.96551878142423331  0.97724355175296418  0.98855649513486032  1.00000000000000000
 -0.00005531621315896  0.00023529500749625  0.00052923761882627  0.00076367169502862
  0.00093421646662111  0.00110371525360099  0.00127333680337920  0.00144274645500582
  0.00161037168739715  0.00177342172078635  0.00193970077556654  0.00210675358129640
  0.00227495502980057  0.00244734711978752  0.00262265884650956  0.00280070626714675
  0.00298697682432243  0.00318795089941667  0.00338936682573833  0.00358136924168019
  0.00375894426539034  0.00393057748566126  0.00410573222765604  0.00428603982704772
  0.00446680769447675  0.00465108903656092  0.00482417514627879  0.00501792690499730
  0.00522328777968612  0.00544847859828304  0.00569611944165018  0.00593303378868259
  0.00616827803779663  0.00638162088537451  0.00655292689123816  0.00666083466029332
  0.00676874242934848  0.00687717985394446  0.00698578648941782  0.00709421888599654
  0.00720170588951893  0.00730919289304131  0.00748723293182956  0.00773197417004227
  0.00802744125245616  0.00836182779841383  0.00864108045504375  0.00896975149620703
  0.00930152808814612  0.00948971178769282  0.00959866953619626  0.00970711622443210
  0.00981332547720552  0.00991953472997894  0.01001372036233044  0.01010331091022055
  0.01022326143406778  0.01044572475595011  0.01067145878059193  0.01090406098214036
  0.01111073015880450  0.01130983025161531  0.01153296712985914  0.01180233792719968
  0.01208692036642854  0.01228339481986996  0.01245189045409506  0.01260497906602659
  0.01276626222011343  0.01295382275398790  0.01316712793014747  0.01343006705245343
  0.01372311125291718  0.01411777419594847  0.01505562195110095  0.01599531476192208
  0.01647098027032201  0.01721942003366267  0.01813584008354191  0.01858822815663595
  0.01896488456907917  0.01932806421266727  0.02014580731585612  0.02066265781755829
  0.02099239588359586  0.02132244519862634  0.02165278315268230  0.02199052510752837
  0.02234421819774146  0.02304869092225593  0.02499544145208657  0.02567183993575412
  0.03406428349492115  0.04963544050482833  0.08055029085739548  1.00000000000000000
 -0.00187728110329127  0.01031731618426317  0.01996982285887450  0.02999810359625511
  0.04042236650239157  0.05097632345878425  0.06039739629251845  0.06951533024416634
  0.07881144617286279  0.08944275492419597  0.10017362328046357  0.11126727027073215
  0.12236244446211805  0.13375418587199064  0.14528817943355893  0.15758390274378098
  0.17038999970793930  0.18282364595897352  0.19460001802897439  0.20583597798236072
  0.21696578690578175  0.22838627385598489  0.23947000787972214  0.25057833948043318
  0.26064897943346915  0.26974420019005485  0.27861636941500134  0.28691966794254387
  0.29648394060845457  0.30746716754134207  0.31920088835531107  0.33044909976738474
  0.34130588309747006  0.35259519771856379  0.36371770037009032  0.37478773655524078
  0.38472856655026455  0.39416217982826024  0.40373452275628802  0.41327200826763028
  0.42350448039982574  0.43345107504953040  0.44454889347943299  0.45560366518290935
  0.46594909951507690  0.47597693907286970  0.48600072922438126  0.49585725642487466
  0.50556011154739244  0.51498173435198458  0.52522345016405547  0.53577687873612501
  0.54647337804570617  0.55715839984298166  0.56889663633040355  0.58180743529037349
  0.59454728644207466  0.60512549707187313  0.61548272697365114  0.62601758876741720
  0.63736838567789256  0.64905340169707293  0.66075498481402206  0.67228501023000886
  0.68355798503630238  0.69396153127346771  0.70386750325242475  0.71404775146521959
  0.72451554398432705  0.73523936607513185  0.74615073392813747  0.75753413648713230
  0.76990031429419281  0.78214262506975285  0.79407025016956156  0.80556713234739963
  0.81650683456627637  0.82753269285814457  0.83891464605915578  0.85070185277053967
  0.86160197509773961  0.87148499614893993  0.88088575382280254  0.88983155259855284
  0.89921917254201378  0.90883331366494358  0.91838616634011017  0.92691791352539366
  0.93510696026789242  0.94386950512960011  0.95345110291097568  0.96324970541995047
  0.97213617718578371  0.98088646086159048  0.98989736714765131  1.00000000000000000
  0.51405719667928440  0.51805659931554393  0.52854979499577670  0.54607407599144975
  0.56629250220297866  0.57977457741120220  0.58884527925289831  0.59788814963076087
  0.60568460882532638  0.61221582137486963  0.61871704065029176  0.62669687242158167
  0.63494587831694105  0.64315882859587670  0.65056189977124979  0.65736778242491123
  0.66366088132089851  0.66950688962952698  0.67490174835807137  0.68037274389562019
  0.68630252213970555  0.69253814467466435  0.69868205229922886  0.70458193173804218
  0.71001515304769502  0.71534148115953600  0.72059681722371527  0.72598581880224722
  0.73100229218963897  0.73658926261564428  0.74207738665593781  0.74776605270487451
  0.75269175192380944  0.75749096885663114  0.76249743924958480  0.76792898669481091
  0.77302186407055795  0.77768177211744971  0.78222922454243471  0.78687165915209922
  0.79200757591437954  0.79699031527480013  0.80203933617711443  0.80686830671383691
  0.81141978491278111  0.81575542355137454  0.82028876812793250  0.82471086236886848
  0.82910022825595875  0.83335887518235607  0.83737133608601333  0.84107249556112762
  0.84484571314357504  0.84870536894880966  0.85267206708981436  0.85658365683868598
  0.86037658508306492  0.86421263516858904  0.86818550242232939  0.87223400562541931
  0.87631845181360191  0.88043604276819476  0.88438301519063112  0.88816907709160731
  0.89191312667712630  0.89563713933534750  0.89942140607469812  0.90288515075101639
  0.90624550090996658  0.90944860058516852  0.91269699984345953  0.91611361630902721
  0.91967973871916231  0.92336770769532306  0.92679643315753679  0.93045945533897401
  0.93385194856703402  0.93717880939669540  0.94033782709273150  0.94330717083206972
  0.94649071749051616  0.94980065857291152  0.95310336064093470  0.95636786663957418
  0.95960970378912269  0.96286578036484405  0.96620649485111676  0.96973485510525925
  0.97340223954677041  0.97669823244734488  0.98008709186585663  0.98341908065682759
  0.98703047720885806  0.99090496320587995  0.99536278760555097  1.00000000000000000
  0.00418315964235469  0.16644836684345882  0.20981394995467545  0.23772949701495705
  0.26001397402709553  0.27997178032069631  0.29791723605470743  0.31346752698732866
  0.32760403003383937  0.34102558324285703  0.35294796395528816  0.36378348002148003
  0.37405411084133983  0.38426433922852937  0.39504567672733715  0.40561116791044222
  0.41573380099455132  0.42490267929673731  0.43326512461788097  0.44139260268501762
  0.44988786429763888  0.45873226895635671  0.46733090058711629  0.47557852248376148
  0.48348402083382291  0.49105495627525425  0.49852383860488297  0.50542506974676016
  0.51220362757358351  0.51883028010870724  0.52589688739149187  0.53309850477446663
  0.53995105567816848  0.54634052501834363  0.55250780380902609  0.55863662905111933
  0.56474716730792007  0.57090198456552488  0.57722310156546208  0.58362793866473806
  0.58994803591841560  0.59594853243891566  0.60106583432434990  0.60553129295065911
  0.60977076267340602  0.61398803513922251  0.61855676327781839  0.62356277149040451
  0.62885059828239220  0.63400031413080138  0.63925057614748371  0.64455147709975524
  0.64977029479177695  0.65499183422305129  0.66018966867295004  0.66532590427068783
  0.67014697807215828  0.67493146388406633  0.67965830563837593  0.68438018753248597
  0.68891886782252554  0.69373748426707993  0.69845277377687287  0.70317825425369507
  0.70794004946823907  0.71253968196144368  0.71697647663858155  0.72142413004673145
  0.72542916165533256  0.72984182985426427  0.73428300354435738  0.73905597599708561
  0.74449016940623536  0.74979597530220665  0.75503090438168063  0.76007287099937604
  0.76490349938608093  0.76952319477616682  0.77401036282522817  0.77858978453681160
  0.78321722610662969  0.78823903812867091  0.79328189304507424  0.79824970792148153
  0.80333242627454726  0.80843720488787452  0.81319480577370595  0.81851376282743737
  0.82378101137755300  0.82931296497868856  0.83569050379245768  0.84283693690691242
  0.85073104078177597  0.86341370459491917  0.88541760191096408  1.00000000000000000
   5.6062141994340876E-006  -1.0000000000000000     
 F F F F F F F F F F F F F F F F F F F F F F F F F F F F F F F F F F F F F F F F F F F F F F F F F F F F F F F F F F F F F F F F F F F F F F F F F F F F F F F F F F F F F F F F F F F F F F F F F F F F F F F F F F F F F F F F F F F F F F F F F F F F F F F F F F F F F F F F F F F F F F F F F F F F F F F F F F F F F F F F F F F F F F F F F F F F F F F F F F F F F F F F F F F F F F F F F F F F F F F F F F F F F F F F F F F F F F F F F F F F F F F F F F F F F F F F F F F F F F F F F F F F F F F F F F F F F F F F
  <DiscreteSampler_grid>
  grouped_processes
  1 # 1 for a reference and 2 for a running grid.
  10 # Attribute 'min_bin_probing_points' of the grid.
  1 # Attribute 'grid_mode' of the grid. 1=='default',2=='initialization'
  0.0000000000000000 # Attribute 'small_contrib_threshold' of the grid.
  0.5000000000000000 # Attribute 'damping_power' of the grid.
 # binID   n_entries weight   weight_sqr   abs_weight
    76   10   1.096816254852572E+001   8.491378097412128E+002   1.096816254852572E+001
    77   10   1.096816254852571E+001   8.491378097412100E+002   1.096816254852571E+001
    79   11   1.038551559824685E+001   7.591638009529954E+002   1.038551559824685E+001
    80   11   1.038551559824684E+001   7.591638009529923E+002   1.038551559824684E+001
    82   11   1.508126879037826E+001   1.457356369406006E+003   1.508126879037826E+001
    83   11   1.508126879037824E+001   1.457356369405999E+003   1.508126879037824E+001
  </DiscreteSampler_grid>
