  0.00350524188198126  0.01174689952300641  0.02190298106168472  0.03340702826452465
  0.04363500181699778  0.05233827562556095  0.05990578998034102  0.06823208680149986
  0.07582544882333593  0.08372393639962476  0.09105027470242406  0.09927050360987862
  0.10945712296962379  0.12115015082976005  0.13304249112418859  0.14358681252630598
  0.15483831686555349  0.16544513964993321  0.17672656885296062  0.18753853618090152
  0.19847702456579072  0.20913649977201251  0.21875217671366184  0.22819138984625678
  0.23831729549026420  0.24893569229871995  0.25907715793496161  0.26864609325335370
  0.27793494002744995  0.28739645941996333  0.29743923220579743  0.30775184998777538
  0.31870052719737074  0.32977787743413972  0.33941357207717138  0.34979280162080556
  0.35963274084750019  0.37100437407290193  0.38195475612030305  0.39160960799082661
  0.40064016352967446  0.40972287829328058  0.41955825574096006  0.43066656428385097
  0.44056848393150655  0.44833916043145872  0.45651813507260675  0.46538201398761186
  0.47532941557508912  0.48576486978216499  0.49665016650196231  0.50905501148044019
  0.52158268763444382  0.53308201055016824  0.54319780724726185  0.55264233420991959
  0.56160187248202531  0.57025965585512350  0.57927049226437577  0.58930126150129625
  0.60004432121260909  0.61157857343582755  0.62286334140388044  0.63383625812341304
  0.64474847151377324  0.65673873600870969  0.66801376732668882  0.67944094055690207
  0.69079745444139007  0.70216445904024560  0.71316799743860371  0.72453678458893500
  0.73673029515585453  0.74988348688529738  0.76346138869033642  0.77640596798111938
  0.78888403001641272  0.80088671914331377  0.81397110645129911  0.82749245223540391
  0.83939433222996596  0.84917275080825882  0.85898194133458694  0.86848208648794667
  0.87732032522387848  0.88578746301055367  0.89450378173956491  0.90550887263250890
  0.91612259380695404  0.92667198572059073  0.93687901985000510  0.94819622079891974
  0.95966235270307199  0.97120494921588463  0.98166274520726093  1.00000000000000000
  0.00003803781391148  0.00004938707876351  0.00005500991230752  0.00006003509552769
  0.00006466572670437  0.00006923943033863  0.00007404918333079  0.00007868232494079
  0.00008335058375487  0.00008772252476073  0.00009196987890564  0.00009604446641421
  0.00010007247249019  0.00010415593387764  0.00010833830293321  0.00011252873967144
  0.00011664551574958  0.00012090576726150  0.00012547882578366  0.00013041997793886
  0.00013557335744721  0.00014055971740045  0.00014558455871922  0.00015048203321825
  0.00015576797710416  0.00016177362035853  0.00016782292714903  0.00017438630863261
  0.00018139504329736  0.00018820058386656  0.00019497001611661  0.00020178499029235
  0.00020849044154791  0.00021496087589555  0.00022208340116161  0.00022972470742108
  0.00023785466689845  0.00024619014489162  0.00025443150603752  0.00026284939444728
  0.00027139575253804  0.00027994453177508  0.00028831458069397  0.00029640606583631
  0.00030429304392440  0.00031215711454010  0.00032039613599835  0.00032897015610217
  0.00033907140102033  0.00035102580585138  0.00036173870949640  0.00037232170544824
  0.00038385545808727  0.00039673100090152  0.00041182213874415  0.00042827283607646
  0.00044574367984296  0.00046169766926404  0.00047868036171351  0.00049681915363748
  0.00051632597025592  0.00053521346726665  0.00055455556324665  0.00057519627712134
  0.00059614562435471  0.00061907310528406  0.00064443843983680  0.00067249440447913
  0.00070412637698863  0.00073435898916396  0.00076615720992910  0.00079889702023270
  0.00083679825647652  0.00088129687836192  0.00092876604383655  0.00097924726248727
  0.00103397666013834  0.00109186380683825  0.00116151159776063  0.00123836450803678
  0.00132495430786015  0.00141224322315985  0.00150377372926288  0.00161372901735689
  0.00174502303627290  0.00192909055113710  0.00216792559804615  0.00255321884284881
  0.00288879522320443  0.00323482485109042  0.00377686110186518  0.00473081027127216
  0.00609912309899433  0.00895456067694675  0.07114378977758708  1.00000000000000000
  0.00309617249226917  0.01270635903464540  0.02416297205266047  0.03514562618367803
  0.04626684149773652  0.05731797054562705  0.06743740401961880  0.07778111200733108
  0.08862839487389153  0.10024057450504030  0.11141695386915479  0.12172624225542193
  0.13219587679085254  0.14315953350291138  0.15500455614499664  0.16669980315968766
  0.17794349923002450  0.18779550578224261  0.19741340084853815  0.20714658471175415
  0.21617185526434973  0.22747384029644530  0.23821718004353762  0.24905420570252690
  0.25881473416615614  0.26946456204528046  0.28047142370949102  0.29335173969063449
  0.30338847469927044  0.31290360181880456  0.32227167698207931  0.33183007414016341
  0.34127597916133973  0.35127446223627407  0.36246178037487586  0.37345060645792683
  0.38393686777126484  0.39472909771034892  0.40617058510041121  0.41787985805816302
  0.42889608544746050  0.43900780931529704  0.44892302460906525  0.45966952188062815
  0.47027220993723279  0.47968134677202995  0.48849717585991825  0.49721429358711511
  0.50751971198860168  0.51731863799234235  0.52712012804183339  0.53666913133122174
  0.54725929497870240  0.55946181733716116  0.56891477847720950  0.57715110544851234
  0.58585655178852281  0.59543302552514721  0.60526949396998175  0.61457647476204313
  0.62375036440968734  0.63393677935355530  0.64497025982690526  0.65657709277095533
  0.66881002911446297  0.68138931014818260  0.69376657957718879  0.70602941743627479
  0.71840125818260847  0.73085631115253535  0.74335972470876333  0.75551520016021900
  0.76678128344664531  0.77683196215623285  0.78615076821736096  0.79569031112733446
  0.80505834479074467  0.81438448842601663  0.82371752232844442  0.83354959864557154
  0.84538282787841657  0.85773904389799105  0.86892969570724121  0.88005349762765239
  0.89164423401746962  0.90388131084564038  0.91528813185488322  0.92598586081084178
  0.93574123899045270  0.94454461113543664  0.95346375222288882  0.96287260567765476
  0.97263283013760427  0.98221072188827951  0.99130437865263177  1.00000000000000000
  0.00021171304054868  0.00022252201989210  0.00023747351558963  0.00025339691204734
  0.00026813066133856  0.00028363401653204  0.00029884385379178  0.00031447229503312
  0.00033052197227884  0.00034618931836793  0.00036212445856844  0.00037756454171701
  0.00039368066893820  0.00041123930997906  0.00042827952758322  0.00044607490571997
  0.00046389238613870  0.00048224212649207  0.00050134212489500  0.00052125467496634
  0.00054193465792188  0.00056331439294561  0.00058465122569379  0.00060585752536064
  0.00062738098886328  0.00064937004630547  0.00067265526168362  0.00069750895970929
  0.00072365742358635  0.00075031574409263  0.00077657124429111  0.00080300598920458
  0.00082930558528984  0.00085616007654069  0.00088414347593689  0.00091222370359643
  0.00094104781243134  0.00097163091362212  0.00100128087069830  0.00103116704078282
  0.00106242472915123  0.00109692573814063  0.00113640898651346  0.00117420541483265
  0.00121579774130045  0.00126179677227730  0.00130448701018970  0.00134455778417141
  0.00138281669467629  0.00141948231760984  0.00145919479311790  0.00150386310278236
  0.00154812715802129  0.00159079354840806  0.00163408219090293  0.00168098732914233
  0.00173405231556057  0.00179003561896399  0.00185362033353665  0.00192408159917065
  0.00198919663418892  0.00205182777889141  0.00212338728350184  0.00220692034835571
  0.00229292206152387  0.00237562117261142  0.00245733275799132  0.00252920286270536
  0.00261299319683866  0.00270201418958768  0.00280096613761562  0.00292197202378941
  0.00304265451158240  0.00315056575959360  0.00325615892281604  0.00336770308535263
  0.00350175551512659  0.00364036610960145  0.00381547050435609  0.00405389353152207
  0.00438392519831536  0.00482177253034635  0.00525991614432612  0.00562033392167850
  0.00593859222664249  0.00632298860413651  0.00677956562718995  0.00732260621533810
  0.00793680800317921  0.00866241870271534  0.00958341758193150  0.01087693465377273
  0.01358557388540283  0.01743287748701473  0.08926634698215984  1.00000000000000000
 -0.00265142845609216  0.01043993034933873  0.02267139358187281  0.03521875985595414
  0.04887101035094394  0.06292252010540476  0.07755828025525989  0.08984149465568946
  0.10149242225010432  0.11183716573737205  0.12216219655119574  0.13233051305264582
  0.14303233686403763  0.15366344538393426  0.16414232603658566  0.17390560905297747
  0.18318027114656013  0.19217442716598501  0.20155821408708358  0.21183135980961992
  0.22277866928478648  0.23256764149541151  0.24191839661961753  0.25156649406868109
  0.26256192930385158  0.27484829473698968  0.28639858751554625  0.29739446427746369
  0.30768279380708119  0.31700443184594812  0.32580087401211388  0.33488716118962902
  0.34519861356828818  0.35589941976590123  0.36699839575572246  0.37792166095064916
  0.38885781368186451  0.40039369361481014  0.41182907957084314  0.42317491959049292
  0.43434773400873233  0.44498688778635914  0.45461151345685052  0.46230025599362273
  0.46892518775199438  0.47654382601391326  0.48511522136335927  0.49329408919981882
  0.50009120537808660  0.50727821518695293  0.51520748199932054  0.52530194327247437
  0.53632269117763764  0.54616717784664259  0.55582044479533121  0.56513850449215342
  0.57570714746725948  0.58619996916032724  0.59698032162053627  0.60774813913948900
  0.61844988815571889  0.63004842714727571  0.64193431813312984  0.65277729237366322
  0.66262563050023227  0.67173932068285336  0.68086932645112008  0.69118444859051265
  0.70164544356762992  0.71219843735588217  0.72230757041996174  0.73285240003846341
  0.74335828476227950  0.75311397053716700  0.76255002681215567  0.77228816103109665
  0.78341627361956623  0.79605607332586925  0.80861094510843001  0.82035275045295875
  0.83147001144519594  0.84246925179372412  0.85348720524242161  0.86433388811836587
  0.87490819757595684  0.88556893400758196  0.89654534165894806  0.90773107542790576
  0.91907124698032616  0.93124467201635752  0.94367177468687669  0.95628937610191345
  0.96692778998128703  0.97774868050666985  0.98823451835600817  1.00000000000000000
 -0.00220472551230684  0.00902934091343085  0.01806832648833815  0.02674523945017232
  0.03530981833225921  0.04396198427331481  0.05381768777949376  0.06418442900480706
  0.07537862178412491  0.08613617658028269  0.09697018060111949  0.10808306999603222
  0.11906783886619969  0.12982342379781803  0.14049715215005673  0.15122249697892223
  0.16288713034534127  0.17462622219511020  0.18578208975716121  0.19608714393576820
  0.20563602576410017  0.21509186828442095  0.22350878673834865  0.23184396108513591
  0.24052245230133035  0.25039345903282212  0.26078034168350661  0.27113020256321119
  0.28202508129460246  0.29315767495666212  0.30402088214627987  0.31465739009743277
  0.32485644414538761  0.33464595090589916  0.34411077045578203  0.35360940772158822
  0.36373443394386118  0.37375320450424765  0.38479590516971657  0.39568576607618977
  0.40791302821530084  0.42053320965181951  0.43369160010398544  0.44651390597909740
  0.45930920108012263  0.47154256720650212  0.48436893440709428  0.49644682955892039
  0.50646700698116320  0.51574958756194600  0.52499391840596987  0.53377449988341796
  0.54205416691752917  0.55055973676746772  0.55848478778127486  0.56898598416167057
  0.58087740548096034  0.59277386597546999  0.60469787838547584  0.61628381717032932
  0.62741870466003402  0.63781544950962399  0.64769739473372712  0.65722295428521971
  0.66714317661573597  0.67738831023906843  0.68834576008976234  0.69981879116864587
  0.71160503172177403  0.72323323629927772  0.73377528719731211  0.74368157573863736
  0.75354090452806166  0.76303902430200898  0.77299275174090953  0.78374359840974028
  0.79480763546707511  0.80548134861954568  0.81609384325081480  0.82779271803926047
  0.84129990972513802  0.85616805686327668  0.86987785804143691  0.88146958193879310
  0.89172244736365769  0.90152296721648095  0.91096763977069806  0.92011269363541515
  0.92914842090409044  0.93831691339211498  0.94802480812977363  0.95756354344293504
  0.96760634227417686  0.97834552935102059  0.98945467523383435  1.00000000000000000
 -0.00126886816383206  0.00695322470319886  0.01534210528200355  0.02402809518389573
  0.03324581653193791  0.04238460977551427  0.05150056654749539  0.06125835765081193
  0.07166220254073409  0.08248923572035864  0.09238972635023260  0.10203298346667200
  0.11123980361195815  0.12173249313623813  0.13349585378620615  0.14610570525221520
  0.15799012097508613  0.16880985775773300  0.17975081215005231  0.19100305048939314
  0.20201434303924373  0.21238503355915067  0.22282973292541969  0.23366391407845202
  0.24521320749578557  0.25638517461298660  0.26867754491434997  0.28172678191458139
  0.29459425973177983  0.30624377971126243  0.31809849321665390  0.32917316098056409
  0.33999949507578758  0.35048944999647186  0.36107838766244371  0.37178002286808282
  0.38243905422725866  0.39368595816875007  0.40547003834518891  0.41735180024447399
  0.42934565297569266  0.44139803286181178  0.45402431983881059  0.46658229564247727
  0.47801547312729664  0.48788746427752755  0.49765200743166554  0.50776655847357988
  0.51958293330923222  0.53137260812402520  0.54255427739509710  0.55351322268046577
  0.56485270355186890  0.57659981966682294  0.58899590570866112  0.60107245103665541
  0.61239296076803929  0.62370292810133354  0.63553563061206075  0.64783278526763444
  0.65996828181886946  0.67105262899939100  0.68145103520176864  0.69044167406603862
  0.69969551872566527  0.70950383862396038  0.71935050785867594  0.72800469007921187
  0.73690500034455786  0.74590628704785111  0.75521987368558297  0.76571395074901216
  0.77667874430844297  0.78879503436520382  0.80048181364014792  0.81208819905902851
  0.82357469371907610  0.83508201892385037  0.84581153880493309  0.85718297782002417
  0.86863575756847922  0.87898647857226764  0.88828257719570036  0.89726865334247086
  0.90727664423785448  0.91789592910707407  0.92829365732499980  0.93831110239482718
  0.94876082304427223  0.95894691565040369  0.96700091820994316  0.97488830997964515
  0.98237601965330978  0.98863917296290627  0.99457068735856446  1.00000000000000000
 -0.00236111741214968  0.01080021815774203  0.02127709156168827  0.03089822935257394
  0.04093027927404520  0.05175100750427848  0.06324726184044363  0.07398282596817628
  0.08466632914402054  0.09565771667096473  0.10606806476955867  0.11759861214993043
  0.12925792863285049  0.14199368062288126  0.15418892539962245  0.16611493385145951
  0.17746112138791778  0.18798348871088330  0.19768282030440415  0.20688161545179204
  0.21621546993446150  0.22553091755340079  0.23512402931589574  0.24505851496074399
  0.25498620994970872  0.26432738226932939  0.27381964220917454  0.28212006986212218
  0.29049242163577021  0.29932812514252854  0.30867045286420897  0.31963425478938995
  0.33045129423693897  0.34146273357944068  0.35298311190293380  0.36535082754224546
  0.37676667069593289  0.38737233189228137  0.39764240438510556  0.40728401774639700
  0.41672545503116781  0.42612971215085671  0.43603646852381484  0.44744857958262485
  0.45930776215084446  0.47141542379781937  0.48239839571356569  0.49307269145138005
  0.50338865169877056  0.51378978705013667  0.52344287193224825  0.53249661058994557
  0.54192682939495596  0.55226914436492625  0.56393763467374536  0.57599209255634642
  0.58962740750243403  0.60306781662541420  0.61595642264116768  0.62794853429169573
  0.63941276990370000  0.65059025549673999  0.66083084461617381  0.67033633322220076
  0.68011895647947762  0.68998942863191925  0.70023027088218104  0.71048119762965223
  0.72020527170870285  0.73025302559400651  0.74077040994111631  0.75184889967962587
  0.76221077768080581  0.77242012475141886  0.78260418462448933  0.79352948153621505
  0.80537329636690269  0.81739239601410851  0.82831930917198426  0.83915230669173835
  0.85003294301923726  0.86089020763095714  0.87189271340382668  0.88296919449941358
  0.89423039026156992  0.90487774403790600  0.91485368551315904  0.92481576985936731
  0.93379497344249129  0.94302262568431305  0.95206022849525074  0.96066735050148189
  0.96998800717210809  0.97934102916793642  0.98931750304636368  1.00000000000000000
 -0.00258829782227498  0.01156649201067106  0.02215865935286104  0.03391830342638675
  0.04512264132689567  0.05633779967309783  0.06687721750178670  0.07676210616467047
  0.08857793844776476  0.10033045496756023  0.11136369829143815  0.12161816004983866
  0.13243005047035167  0.14378013681450386  0.15502463484372553  0.16712194551618390
  0.17946763436866148  0.19215478453212767  0.20332581731859994  0.21381438499355115
  0.22411709361452314  0.23391382025337351  0.24396152319607467  0.25473263096697241
  0.26608201640942608  0.27718343671674600  0.28851334764195269  0.30053837475057693
  0.31235987648502722  0.32317743830548812  0.33339680657261572  0.34384443344217175
  0.35397715347647718  0.36359692654054965  0.37305926269998463  0.38269453793003599
  0.39252964819778147  0.40187990075642210  0.41026413927359417  0.41889768079010814
  0.42756897912887759  0.43595375343410669  0.44380281089321549  0.45125533243802851
  0.45940407180718223  0.46930494674596757  0.47984435743377962  0.49051530458516218
  0.50100601267157063  0.51214900043027745  0.52219643915780534  0.53238420169408751
  0.54218116931534766  0.55299519468337621  0.56392869978712346  0.57271475814059924
  0.58222382617317014  0.59110757208078213  0.59983497656841511  0.60846195597187847
  0.61733482913826976  0.62627225790375840  0.63703827151154602  0.64813994594594437
  0.65884811427544032  0.66926978280872906  0.67945496830820074  0.69064517525716163
  0.70191482960162210  0.71255238399694076  0.72271831632045569  0.73333737832540591
  0.74420352243264598  0.75535175407197241  0.76689310377539388  0.77929105389283104
  0.79080355584908746  0.80214805697774050  0.81235644209960656  0.82112389018056986
  0.82937022314450459  0.83833343304149477  0.84844757712175545  0.85850739730881820
  0.86842655396259782  0.87907025435044550  0.89164043901771617  0.90487584526892129
  0.91812611362589092  0.93178302506429111  0.94482809924269162  0.95755803115087590
  0.96878684464032505  0.97910273910995993  0.98978458031049366  1.00000000000000000
 -0.00188977478985670  0.00880013769517797  0.01871225395926562  0.02912124991269228
  0.03891251557840605  0.04824978407753591  0.05733765952713915  0.06726839654122389
  0.07777122981172982  0.08801557883264102  0.09766427272859278  0.10748185074854426
  0.11573757580357692  0.12379106423025181  0.13157265896505146  0.14002512028890740
  0.14892788377482438  0.15874568109797649  0.16812221225589105  0.17763035257483989
  0.18790102150204413  0.19918873391213390  0.21093848087231482  0.22267325419445691
  0.23340939259017812  0.24343963234561383  0.25315862914905524  0.26398369396943061
  0.27516125353067339  0.28647563883320898  0.29810120635093040  0.31010486303338497
  0.32205442530616457  0.33322341197375943  0.34375472932265855  0.35386871644421025
  0.36223919585222603  0.37095869673832671  0.38039386583728901  0.39163745766584995
  0.40215389977364069  0.41070285432248327  0.41870922624740542  0.42695276292042128
  0.43595179093288672  0.44713867931898699  0.45837092662329898  0.47023781773583484
  0.48189819945191692  0.49221873785018805  0.50246861897710127  0.51316716193305723
  0.52465492483731979  0.53613324055111933  0.54804719189099338  0.56021371240531925
  0.57286096079723248  0.58469602560493372  0.59596889013467480  0.60703720317010712
  0.61827094201190524  0.62910344181706379  0.63943479268161241  0.65008654605608485
  0.66117869600834855  0.67296925536114782  0.68510515954094386  0.69641948445861823
  0.70726738225479746  0.71798626777969521  0.72875100040100904  0.73981013454087852
  0.75051158903706372  0.76062109724709370  0.77116933819418865  0.78161296887557885
  0.79258515432511212  0.80407927673539592  0.81502602060710150  0.82548284603448441
  0.83564348227987761  0.84605312242477682  0.85632364017830198  0.86666445013590143
  0.87602251344471138  0.88592279296655463  0.89564737615146117  0.90742777197275759
  0.91909685955073683  0.93034738377639437  0.94157893061170439  0.95265906661869093
  0.96397758635143149  0.97532800705625788  0.98751498805331195  1.00000000000000000
 -0.00129129555969780  0.00514175590175424  0.01023315298796211  0.01636307048283282
  0.02213347958962012  0.02882923779627202  0.03496758736998158  0.04111056268426691
  0.04855198423319633  0.05678851653270446  0.06491750533954119  0.07282057277873194
  0.08124596094213689  0.09065955118497664  0.10068155731762141  0.11109932363628020
  0.12188960917186900  0.13306111932109391  0.14491711095312948  0.15703599542727198
  0.16932327572667419  0.18171675455327890  0.19319956672397470  0.20284769954208989
  0.21183253672655200  0.22079826704487002  0.23061434665418068  0.24040967236929842
  0.24972115063673969  0.25987980227667179  0.27107613507366896  0.28261139341279318
  0.29446799146068470  0.30626253721088548  0.31897771334814545  0.33166757045995920
  0.34447460405310054  0.35774131253920988  0.37123847644572600  0.38423855599050205
  0.39648318886502343  0.40918786677037788  0.42284555179301514  0.43597443371761174
  0.44895320864192106  0.46112132284944052  0.47323003367299216  0.48548989105376034
  0.49920399007476929  0.51338523947955894  0.52729750208088422  0.53955788101972979
  0.55166592252918567  0.56359878575369826  0.57681981637626800  0.59032599852615320
  0.60260437265966527  0.61460874115207076  0.62709709772365707  0.64077093002707941
  0.65436554461933971  0.66734018612105250  0.67899456756816889  0.69070552376676997
  0.70283972547764983  0.71508104901138581  0.72700984466763752  0.73889011979164809
  0.75120361685754677  0.76247292226234098  0.77341890599389873  0.78350988559893542
  0.79418562832621675  0.80395743497749927  0.81315391558433259  0.82242856045068446
  0.83151786353830348  0.84242116368038256  0.85455294581141494  0.86632049985326565
  0.87729056905630276  0.88700223642920217  0.89624677993585700  0.90504068612206190
  0.91350922777677879  0.92178558770639696  0.92986973151094354  0.93785156033895933
  0.94523773989900584  0.95232306285776014  0.95991542969021615  0.96751242862443210
  0.97571478629600572  0.98393046112588667  0.99218332379440599  1.00000000000000000
 -0.00269455083208990  0.00858485241954042  0.01960207273373703  0.03137704386995748
  0.04430598115624565  0.05667393076618304  0.06781662732727352  0.07846844737159546
  0.08879494836109234  0.09861715954611779  0.10862392602272493  0.11854671296821816
  0.12876006012388172  0.13953889482880105  0.15026587675402353  0.16144873712657856
  0.17267087834999967  0.18268548207568103  0.19245715877452965  0.20165693272150120
  0.21154419784322903  0.22273870565529949  0.23418584094199041  0.24563116773078189
  0.25693634301596296  0.26816936267538838  0.27937167110625510  0.28959599869668223
  0.29948657167042630  0.30967177679839675  0.32038830018714731  0.33158139109899870
  0.34260937012738851  0.35342582243040838  0.36467828645570355  0.37519989916383661
  0.38535357866107445  0.39560544412774906  0.40738844214903330  0.41927091337199346
  0.43024929699785419  0.44029440771499712  0.44927965678673881  0.45867221049296025
  0.46941563695267585  0.47920871426933465  0.48786640934064401  0.49640598009732417
  0.50431208051109688  0.51138206114634777  0.51876863617523361  0.52718752877285213
  0.53616618294580010  0.54479719424359951  0.55296073715919403  0.56183532255848301
  0.57355779649964977  0.58515792142507750  0.59636104648027843  0.60720200845576011
  0.61804586603158029  0.62878176517588114  0.63897269490446496  0.64900380680450931
  0.65889448028706765  0.66897343116291319  0.67908557216493426  0.68954199640797942
  0.70021114084083980  0.71101710409280505  0.72184673635675101  0.73278949400280824
  0.74360861266645339  0.75354635091787203  0.76370416610120340  0.77425107196518139
  0.78588707115914336  0.79832361672424068  0.81044785170954203  0.82137071209854084
  0.83225068969952898  0.84307955211687247  0.85466731895183756  0.86532497478000947
  0.87662960405594970  0.88878392459573419  0.89989689677843643  0.90874782058802495
  0.91726522887354667  0.92600629185456096  0.93589611110201754  0.94734434488140884
  0.95979656406550862  0.97309095097165910  0.98615276456969947  1.00000000000000000
  0.00431754812876169  0.01326596677353722  0.01907073449095471  0.02635490739181742
  0.03369594682852844  0.04102422777634082  0.04943467977363632  0.05803792111901027
  0.06669323572253578  0.07571024545857155  0.08450648292491376  0.09353591205191787
  0.10311305867350841  0.11399212976724096  0.12503345872276111  0.13710727866771624
  0.14923694680809640  0.16110288074036580  0.17321480153989480  0.18435844830111731
  0.19471601408454292  0.20334097028941808  0.21253975532564268  0.22184766171613160
  0.23167910919859883  0.24103621846748793  0.25024284999545582  0.25992470831018383
  0.26989681408074778  0.28031614617174072  0.29070424615059354  0.30147197336596315
  0.31279884784135370  0.32554636110393809  0.33833887917907807  0.35035182306065205
  0.36197642553755177  0.37369421498145872  0.38611522648387397  0.39881745063976165
  0.41153867173791819  0.42376019818654936  0.43559711249498279  0.44672971516975496
  0.45767665822125903  0.46863279384286094  0.48022155916513842  0.49350797361689974
  0.50693222550755046  0.52002339573171985  0.53282703470962545  0.54575512565180917
  0.55865476842518025  0.57059935285409180  0.58214684070337730  0.59284945503043318
  0.60306436548517883  0.61290218430648202  0.62303765937186550  0.63418489266267575
  0.64600034679348683  0.65757970030771129  0.66819102145833476  0.67807893570032540
  0.68810601579420760  0.69872223632904895  0.70943998965568500  0.71981862278895159
  0.72973611576091624  0.73924632980142002  0.74867565592732632  0.75901651802069448
  0.77129393768315635  0.78428760828886879  0.79681449958444406  0.80898261585490649
  0.81794345499773391  0.82622871097489747  0.83563855936768616  0.84491091890902115
  0.85418350638680329  0.86254968858916825  0.87033994710932272  0.88057766191828957
  0.89393179550662516  0.90576166427507177  0.91649089865102296  0.92619029073629566
  0.93611970361098484  0.94661046399629667  0.95644919482283608  0.96527547623453513
  0.97335061008681267  0.98190625938912568  0.99079899434554253  1.00000000000000000
 -0.00223404350412747  0.00809789824851605  0.01681570698392691  0.02722980233378252
  0.03711750469127779  0.04751545638844715  0.05750174639237929  0.06928654548545929
  0.08158319814731999  0.09329265885021053  0.10484877492324440  0.11634136089560300
  0.12768143812369759  0.13905945659680477  0.15032344540688608  0.16129887515401697
  0.17138611119391528  0.18067336477939810  0.19040565643617838  0.20038469508161885
  0.21082339801371758  0.22147824481631390  0.23245198080402490  0.24394541570644129
  0.25512022697852854  0.26594225828652251  0.27619780999021282  0.28660421143727854
  0.29662693348497043  0.30795030570225412  0.31766663789808547  0.32792521454313012
  0.33793686289710401  0.34839320008341013  0.35755854726824227  0.36660009874189758
  0.37608372868034562  0.38576368117860571  0.39586465435680085  0.40619738398728156
  0.41659603658662114  0.42724208922373946  0.43909451810171940  0.45233083975366323
  0.46596145123817301  0.47827233099616018  0.48960790131462950  0.50100336524034783
  0.51275516937672772  0.52527827480674505  0.53604980121524248  0.54759421057722801
  0.55867780349009011  0.56904610115594723  0.57920034134483589  0.58872319448496080
  0.59906342440493210  0.60932407419200418  0.61984287529593118  0.62958241393269043
  0.63895586694863094  0.64849624232615288  0.65858383046873370  0.66892398940547571
  0.67924011134600515  0.69011595210883359  0.70122325564339416  0.71222888808184370
  0.72386702794577396  0.73499835429095428  0.74619759041067080  0.75739973595339416
  0.76912994782493915  0.78027682197702131  0.79072380932371467  0.80127063378040242
  0.81170763296078874  0.82191283386656688  0.83218675886414439  0.84318171300643119
  0.85370377159913713  0.86269706616121444  0.87089985756716448  0.88005771222590790
  0.89026133725519063  0.89994525276068271  0.90885011525360238  0.91847864940398150
  0.92963754556536360  0.94035657966203845  0.94998005238196936  0.95942769477775525
  0.96979924837833242  0.97987019083128002  0.99040906760501379  1.00000000000000000
  0.58599042361141529  0.67454827214285040  0.68745605841958357  0.69641165384091863
  0.70552772521817675  0.71393917618961189  0.72322799421486805  0.73009035908973419
  0.73669204134175703  0.74387145201859817  0.75123198858835927  0.75774570092229288
  0.76395928485611764  0.76963442507730617  0.77469003415965709  0.77983416956971663
  0.78435584333162611  0.78953048297028205  0.79425133027694217  0.79919304920256773
  0.80425223641355048  0.80892802327756042  0.81316626897927557  0.81691838084133628
  0.82059671258304367  0.82427057820979432  0.82805453576421162  0.83210510834602502
  0.83612415940246598  0.84023145792820109  0.84387387590150476  0.84734921810807040
  0.85034810480701606  0.85333831266503901  0.85629779421640928  0.85951753944873366
  0.86274918520300770  0.86582004449101602  0.86867114059407902  0.87134697933123950
  0.87399871987054056  0.87662168292290499  0.87935649213883782  0.88211885676467183
  0.88492662621529006  0.88752549511284839  0.88988200501118286  0.89229867519527395
  0.89493788267676866  0.89761989827018784  0.90016125962318028  0.90250763920547827
  0.90475740893668444  0.90702400881606160  0.90938029277833199  0.91181880570815921
  0.91418529438662943  0.91647463635971171  0.91861982004118969  0.92070319616448848
  0.92287453023045452  0.92516178585140096  0.92747364966123436  0.92975791496410987
  0.93195260078574005  0.93408859594232463  0.93606876990058985  0.93796375401579801
  0.93978681957847510  0.94164161354215692  0.94362404671893774  0.94565926660088473
  0.94763560750626075  0.94955200313007160  0.95146266346273789  0.95336667293330535
  0.95523409574335216  0.95698292551876418  0.95877211422187913  0.96062822554651928
  0.96260054263369210  0.96462214136697577  0.96656913416750323  0.96852394710235268
  0.97042155398044216  0.97240688324038849  0.97452579262802674  0.97681552275517658
  0.97900496977827078  0.98111457800429325  0.98320729917353655  0.98545262586372606
  0.98801544747400161  0.99090135673034541  0.99447449204056571  1.00000000000000000
 -0.01630307433781240  0.13932529370649116  0.16732678683528393  0.18447127384749359
  0.19933452825593209  0.21348377795931051  0.22652862008349875  0.23820053123083693
  0.24911400469382844  0.25916001724244764  0.26854375761573962  0.27750590548821258
  0.28597787431975213  0.29389424037824025  0.30170033355963627  0.30897652888284122
  0.31604248977004462  0.32307169690812415  0.33009901099708749  0.33706774165877507
  0.34338045004941170  0.34903191939112072  0.35440190952956646  0.35988768724563069
  0.36515267770747878  0.37107518213160118  0.37697468518605359  0.38282871230704107
  0.38864032487117661  0.39421358517831268  0.40019517117025916  0.40637589373017252
  0.41304098828938912  0.41902812531456307  0.42454495998776032  0.43004316138154530
  0.43540731075736383  0.44055442701258851  0.44555836586118291  0.45063841596903720
  0.45584172713240340  0.46086699204279502  0.46567466486745107  0.47038337670617475
  0.47512784164799243  0.48029026127183139  0.48566444861293401  0.49100591214332606
  0.49604273550216660  0.50144505840572440  0.50713236214679702  0.51260980530630651
  0.51827522087567846  0.52349139359281682  0.52871591066892987  0.53388788846096502
  0.53920333801598608  0.54482146130958897  0.55036331548317619  0.55566607357519182
  0.56071804703202244  0.56554988260850092  0.57028574979649904  0.57499147070190371
  0.57983067315276093  0.58522279665178056  0.59074598796762101  0.59656262191581910
  0.60233286952032006  0.60810097493321746  0.61408267696893282  0.62024399117007656
  0.62675403180882971  0.63262082686878396  0.63876016249350920  0.64509112415944092
  0.65140224591633755  0.65791786837125377  0.66423002813004883  0.67086865512608340
  0.67760668874920671  0.68411642013759555  0.69117743881632943  0.69911282996210833
  0.70740725265884818  0.71599947044389944  0.72493862065111647  0.73578799855247479
  0.74902551846204091  0.76446988805727900  0.78083377435576851  0.79975194837417629
  0.82124308330054108  0.85035305961603203  0.88801498965685965  1.00000000000000000
   2.7624814389605989E-011  -1.0000000000000000     
 F F F F F F F F F F F F F F F F F F F F F F F F F F F F F F F F F F F F F F F F F F F F F F F F F F F F F F F F F F F F F F F F F F F F F F F F F F F F F F F F F F F F F F F F F F F F F F F F F F F F F F F F F F F F F F F F F F F F F F F F F F F F F F F F F F F F F F F F F F F F F F F F F F F F F F F F F F F F F F F F F F F F F F F F F F F F F F F F F F F F F F F F F F F F F F F F F F F F F F F F F F F F F F F F F F F F F F F F F F F F F F F F F F F F F F F F F F F F F F F F F F F F F F F F F F F F F F F F F F F F F F F F F F F F F F F F F F F F F F F F F F F F F F F F F F F F F F F F F F F F F F F F F F F F F F F F F F F F F F F F F F F F F F F F F F F F F F F F F F F F F F F F F F F F F F F F F F F F F F F F F F F F F F F F F F F F F F F F F F F F F F F F F F F F F F F F F F F F F F F F F F F F F F F F F F F F F F F F F F F F F F F F F F F F F F F F F F F F F F F F F F F F F F F F F F F F F F F F F F F F F F F F F F F F F F F F F F F F F F F F F F F F F F F F F F F F F F F F F F F F F F F F F F F F F F F F
  <DiscreteSampler_grid>
  grouped_processes
  1 # 1 for a reference and 2 for a running grid.
  10 # Attribute 'min_bin_probing_points' of the grid.
  1 # Attribute 'grid_mode' of the grid. 1=='default',2=='initialization'
  0.0000000000000000 # Attribute 'small_contrib_threshold' of the grid.
  0.5000000000000000 # Attribute 'damping_power' of the grid.
 # binID   n_entries weight   weight_sqr   abs_weight
    13   10   1.405453323820530E-008   8.581807657520447E-016   1.405453323820530E-008
    16   10   1.405453323820530E-008   8.581807657520447E-016   1.405453323820530E-008
    22   10   1.861751270527676E-008   1.319540866364652E-015   1.861751270527676E-008
    25   10   1.861751270527676E-008   1.319540866364652E-015   1.861751270527676E-008
  </DiscreteSampler_grid>
