  0.00312770533510327  0.01337986954671304  0.02512009018924193  0.03620413806931607
  0.04760995851197648  0.05774721046849357  0.06625175074754237  0.07456237055644216
  0.08266276036165776  0.09131686709265255  0.10090668075317982  0.11026417195971218
  0.11943276241935860  0.12929806966288537  0.13941843421448874  0.14897511950926209
  0.15941007624577860  0.16989775416034136  0.18135437279638175  0.19285357842458151
  0.20439615662764657  0.21628619867688034  0.22860236161168987  0.24087150855757744
  0.25294821738175122  0.26463216811218238  0.27700542643438836  0.28978128470648956
  0.30096525208955333  0.31149904589570881  0.32160762869724585  0.33120068380782175
  0.33817762779878768  0.34472958223396977  0.35146058991494827  0.35843170587777851
  0.36642858830338459  0.37633382268793103  0.38523285704711913  0.39409040398613626
  0.40393971684577812  0.41459828368989016  0.42490693453063505  0.43510118298639350
  0.44512352685352574  0.45594096519176669  0.46599185860329717  0.47706077710338363
  0.48854099942662604  0.50043905908591790  0.51178348930408590  0.52437314179746319
  0.53673617449244293  0.54968641746990743  0.56172811870672879  0.57274766035615055
  0.58357390617233151  0.59460009347227583  0.60464597677610754  0.61474927210754482
  0.62471247924566820  0.63651060287341010  0.64912730354972092  0.66206747478970551
  0.67554026375045806  0.68818442374082067  0.69899986260272862  0.70946577886769269
  0.71950752948839736  0.72877034054542833  0.73750429132212036  0.74630871928875830
  0.75542284218877287  0.76453192731742836  0.77385200079410921  0.78311984563681769
  0.79377015329835710  0.80391955726993058  0.81301551455106214  0.82275468395230256
  0.83265385798507641  0.84427290415912648  0.85616515735452103  0.86816906782080139
  0.88160867459011549  0.89561704020045907  0.90811061667661486  0.91979745527053591
  0.93170967724005205  0.94391540983112154  0.95652360846645901  0.96666432370788591
  0.97632666546733682  0.98575583704507375  0.99223279218617633  1.00000000000000000
  0.00002495513474379  0.00004588256212926  0.00005131336587806  0.00006213220544019
  0.00007213031149957  0.00008011094390789  0.00008724414123877  0.00009406587336645
  0.00010069985164515  0.00010727559303912  0.00011390617179144  0.00012068838222332
  0.00012754338910209  0.00013423672673793  0.00014116783186582  0.00014834088138267
  0.00015572496850746  0.00016348817793928  0.00017135248991652  0.00017979341906025
  0.00018883627093665  0.00019786340947278  0.00020676392674229  0.00021549074317835
  0.00022389824221329  0.00023279532651528  0.00024193138953879  0.00025040213411775
  0.00025951468295523  0.00026851755813313  0.00027842510355952  0.00029077778916533
  0.00030482483779073  0.00031932678160280  0.00033413457778653  0.00034991804418192
  0.00036608599953711  0.00038202620483074  0.00039773257669091  0.00041295634184110
  0.00042906254295438  0.00044822817530167  0.00046827040464781  0.00048959054521587
  0.00051105417364019  0.00053378513714675  0.00055886645740449  0.00058606738768758
  0.00061129147523390  0.00062919208753314  0.00064579499106620  0.00066216589930506
  0.00067784562447885  0.00069511314509242  0.00072603914143558  0.00075717174641143
  0.00079154221134748  0.00082995906887667  0.00087345975361779  0.00092716238607623
  0.00097860476522458  0.00102857329367645  0.00108687746558047  0.00115690721084188
  0.00123704121866523  0.00131480196963117  0.00138977036611748  0.00147283383944486
  0.00156927168005373  0.00168519156297237  0.00181869069674765  0.00192606510497663
  0.00203062338561088  0.00214405305104436  0.00222847267333060  0.00232341675047916
  0.00243608062317933  0.00257479220665147  0.00278415087129209  0.00306547890519291
  0.00338679432314391  0.00363918716767194  0.00382660193248873  0.00402356298179509
  0.00424488797369593  0.00457707690143520  0.00500476997333898  0.00541247805228237
  0.00583148839233932  0.00625913850328199  0.00706662085825099  0.00889459590519011
  0.01228643279720493  0.01765851571658046  0.03213645080204487  1.00000000000000000
  0.00214091079175838  0.01867216453396147  0.03275219351504752  0.04277211151169800
  0.05222426555680176  0.06101082411433240  0.07102657696702089  0.08214759128735089
  0.09407587691724384  0.10684066728398001  0.11851481172742438  0.12972553082158281
  0.14129148324752397  0.15270933707437467  0.16427131250829854  0.17654629561488092
  0.18914725791550874  0.20161971989815738  0.21510045077473505  0.22767517006115379
  0.23855386677963958  0.24847807553084400  0.25761695039345439  0.26758883737829547
  0.27864817535017489  0.28878446062643087  0.29834899362644518  0.30818515178569322
  0.31918636576083786  0.33063699774497191  0.34067521708796811  0.35023386989274641
  0.36006892393572831  0.36931818869240984  0.37840185094052381  0.38772247273739074
  0.39828577857091246  0.40928669512868376  0.42119241968047727  0.43356326117051380
  0.44548954785362649  0.45697650956699448  0.46542572009474126  0.47278581959101640
  0.47969109898621048  0.48700934820669295  0.49606059214048509  0.50841686426196664
  0.52123654311356182  0.53469300991141977  0.54817289692437843  0.55985266067348027
  0.57127613514821196  0.58277419755039594  0.59568929824217087  0.60804202664065776
  0.61870555492713075  0.63028231616542540  0.64139213032925857  0.65118345056593285
  0.66024381856118142  0.66942700043758219  0.67946479812404259  0.69133775653493157
  0.70302662247634629  0.71456166328379667  0.72600403664033353  0.73689000539791638
  0.74760215747726499  0.75841022932345059  0.76947879590873858  0.77752773760937555
  0.78575553689197697  0.79437047451178588  0.80378327811679673  0.81498548831013318
  0.82566537617779567  0.83561967720538999  0.84541201298396340  0.85372195950065233
  0.86132314353790906  0.86893428903608427  0.87788278721405510  0.88791903449002674
  0.89772810012253901  0.90644540945244401  0.91488981869227015  0.92421960464251096
  0.93404121359678038  0.94312947968329608  0.95153514849321785  0.95997249319625511
  0.96821671143891308  0.97625335592043094  0.98622338670348342  1.00000000000000000
  0.00022450269714230  0.00025532834904655  0.00029262331869310  0.00032156487513138
  0.00035038897643816  0.00037669119347352  0.00040176749172989  0.00042669110931449
  0.00045245639056064  0.00047880995360350  0.00050504706606496  0.00053053420892504
  0.00055644670066250  0.00058281818187061  0.00061404378063379  0.00064709279330466
  0.00068287955443774  0.00071845860641822  0.00075520339336822  0.00079447198171157
  0.00083421428069056  0.00087815501412205  0.00092168194766282  0.00095640863778905
  0.00099228605739374  0.00102565749478978  0.00105792410089807  0.00109817499720848
  0.00114213557525808  0.00118479373364777  0.00122619130753348  0.00126813664035080
  0.00131403826511137  0.00136403408711578  0.00141682750178620  0.00147373673854686
  0.00152792600497303  0.00158273024493754  0.00164752981150675  0.00171644062651449
  0.00178542709943725  0.00185576662156623  0.00193126944853059  0.00201706218395487
  0.00210453051719960  0.00219167558477290  0.00228833147410655  0.00239817774009970
  0.00250621253004372  0.00262121134344171  0.00272530904660261  0.00281747925178939
  0.00291179543880003  0.00301217066704623  0.00312281215339819  0.00330646571915143
  0.00351351692580500  0.00373006743443783  0.00395084281131605  0.00417416803031540
  0.00439981503354182  0.00463042356223156  0.00483472132834226  0.00503777994945510
  0.00525529465681861  0.00549073427703326  0.00574076020285122  0.00601407078128343
  0.00627441020151008  0.00654077993290538  0.00682750546423097  0.00710164983313736
  0.00733731285868635  0.00755962723904943  0.00777352425893508  0.00800210775652423
  0.00821004332178202  0.00837985438229998  0.00864178755739223  0.00895373447812427
  0.00929167984827187  0.00970050362723815  0.01020662078887712  0.01081811562291137
  0.01155530403272182  0.01206153416504522  0.01266690483973442  0.01356200105729586
  0.01452879799359673  0.01524638430243481  0.01624693153899560  0.01931346338330041
  0.02534278871461331  0.03856128109947236  0.06388438311189608  1.00000000000000000
  0.00000376916655787  0.00000385066156873  0.00000398298393547  0.00000411021740038
  0.00000422802528750  0.00000437255234378  0.00000456724551259  0.00000475829631626
  0.00000492698157208  0.00000508740832657  0.00000525501055995  0.00000542892001305
  0.00000559425865100  0.00000581233521213  0.00000615257289802  0.00000669636058974
  0.00000721612658656  0.00000774156838186  0.00000826366246821  0.00000882032951162
  0.00000947421480757  0.00001019361656610  0.00001091426515918  0.00001162137789802
  0.00001238359610125  0.00001327350989497  0.00001430117402830  0.00001550761945508
  0.00001694220604738  0.00001855664913170  0.00002032558872687  0.00002231292182986
  0.00002443735460658  0.00002659641597003  0.00002881241697812  0.00003121319793665
  0.00003386800294340  0.00003636798488582  0.00003905255100303  0.00004220600675867
  0.00004598224761869  0.00005091414262928  0.00005583211356128  0.00006134313509175
  0.00006735089792926  0.00007405012018702  0.00008139580560955  0.00008942081092894
  0.00009738143350571  0.00010623924518627  0.00011617728455810  0.00012673717892152
  0.00013804923188844  0.00015252774840342  0.00016801298977912  0.00018538743482182
  0.00020303042015528  0.00022140376577844  0.00024094176685562  0.00026206308355212
  0.00028475686642525  0.00030944714117803  0.00033864816180396  0.00037548246047585
  0.00041505732932121  0.00045514596371202  0.00049816285183585  0.00054128090147044
  0.00058150646391870  0.00062348107602342  0.00067908599126066  0.00074673320611948
  0.00083020502973491  0.00092093240388051  0.00102011291728045  0.00112906412742383
  0.00125422790774247  0.00141146236516999  0.00162087132384223  0.00179868402945425
  0.00198465116561340  0.00218106300168635  0.00243962529584520  0.00285104428726714
  0.00340299554623346  0.00373715155095845  0.00405410077416848  0.00444654730465620
  0.00485059247667340  0.00539578183174660  0.00594097118681981  0.00701613588071883
  0.00815652612043697  0.00974930583630136  0.02922881582263162  1.00000000000000000
 -0.00299566835490326  0.01435077206334753  0.02878950304509137  0.04392148287068446
  0.05849527262702266  0.07274377985644694  0.08732679943155570  0.10253672012546973
  0.11422502514431006  0.12409816257995281  0.13366919222146079  0.14300393247736687
  0.15213839049075800  0.16187047080619815  0.17317736716176310  0.18549830743316550
  0.19692222167848458  0.20820027309115655  0.21793762104979778  0.22603523705804118
  0.23416919222798871  0.24213173563199314  0.25091247109269543  0.26029198431171224
  0.26938923360429901  0.27856175559697399  0.28736990560351122  0.29567775672480145
  0.30412394258798392  0.31432680617188641  0.32374700997130407  0.33302276978836082
  0.34221538775601151  0.35141665397224031  0.36147436490731494  0.37108514827352523
  0.38101438511606150  0.39097652126929794  0.40111808504053348  0.41185526219249657
  0.42243642983452262  0.43280626988535897  0.44293669613449216  0.45261843894327158
  0.46183800976316264  0.47103177889465070  0.48005921121143214  0.48806014306344392
  0.49616283054267657  0.50393613850859864  0.51193460947453195  0.51989971834522342
  0.52798875988845395  0.53633072442384333  0.54535336330714468  0.55433181681540555
  0.56434720552465822  0.57395362353742074  0.58323902470150746  0.59303407570782929
  0.60340632087882717  0.61444438721484762  0.62605133084124964  0.63739789256814994
  0.64885006244128596  0.66007458022759025  0.67033823256126757  0.67976432859621283
  0.68918522831847195  0.69931336056467253  0.70992639424112858  0.72156360840905520
  0.73095601223315088  0.73955729586250496  0.74833790049068272  0.75732292844216720
  0.76719671656351329  0.77726476775332776  0.78608184737462206  0.79549802346074749
  0.80465012211753340  0.81554080838312937  0.82614735434234865  0.83767287560415671
  0.85040679488745108  0.86294072083007411  0.87516742507561152  0.88716965927789226
  0.89966400693539128  0.91274259766588839  0.92710943458785777  0.94118618745924987
  0.95409284997393140  0.96700626033181736  0.98177684656682640  1.00000000000000000
 -0.00191576025130269  0.00835057298065883  0.01850365105858512  0.02908819409847489
  0.03949245468623320  0.04995194491608164  0.06047530127171870  0.07092069146973506
  0.08149376266448019  0.09197822518301359  0.10326146243621261  0.11466676288907247
  0.12538650450117869  0.13532754974421776  0.14540774552680488  0.15637312132207384
  0.16906373808577832  0.18189090500390753  0.19330209686931143  0.20394708717514529
  0.21454927887311312  0.22481085518465119  0.23538584304192139  0.24537765656718982
  0.25291935622656891  0.26109991926871484  0.26936457053173241  0.27728699894695041
  0.28821959332996677  0.29984896140015799  0.31185684111718598  0.32470800491160007
  0.33771207678884774  0.35098966569673890  0.36343053108230172  0.37649305113554593
  0.38927348957731106  0.40162140217014713  0.41358946177471778  0.42586330803717615
  0.43766394537985093  0.44687681483611941  0.45675039183617039  0.46443390245734884
  0.47063479784325651  0.47618572570996659  0.48148349918824962  0.48775077218129020
  0.49407116465378514  0.50230007331665005  0.51072925191114082  0.51960704220832599
  0.53133950499498395  0.54316552856136957  0.55462562876535648  0.56616905078042290
  0.57891929183729895  0.59288458472943562  0.60546391222592855  0.61614399826373600
  0.62684427450339020  0.63790205713381709  0.64970466657378301  0.66041556781291100
  0.66887280164352114  0.67753375463096999  0.68620057190863915  0.69606819500831196
  0.70666496373659893  0.71798110945891858  0.72850772376572659  0.73888712036444582
  0.74904600888974637  0.75988036427830774  0.76987456120331232  0.77828808710101227
  0.78690068117411194  0.79612801875554040  0.80659944146609586  0.81839910300804386
  0.83031776331175144  0.84156415677295404  0.85258401609379342  0.86394444488418287
  0.87376806422353848  0.88413136721798080  0.89462418932641008  0.90562071768689412
  0.91721581992420032  0.92867316185703519  0.93942097550480563  0.94974898093540983
  0.96064738386416848  0.97254545910830759  0.98547002938954420  1.00000000000000000
 -0.00437053591319779  0.02370569457293922  0.04752449954321200  0.06500552789844713
  0.08054393819978506  0.09614878726089458  0.11426301702874790  0.13615626554486271
  0.15853163449107840  0.18465532616551775  0.21086258489842144  0.23493545607088182
  0.25682420886952206  0.27685376885159918  0.29768710039751445  0.31680092336146642
  0.33533805350084461  0.35256336438650621  0.37100851935671114  0.38786133565268943
  0.40446664998918302  0.41999656944198549  0.43306243798421695  0.44511832739064927
  0.45774280654529959  0.47183388378540586  0.48559378198665937  0.50109067621155245
  0.51540250234127416  0.52937575002431347  0.54332479477559226  0.55761396776525629
  0.57254283727134225  0.58695388253967118  0.59960101177204339  0.61258990832722371
  0.62627439105076532  0.64003860242321420  0.65332968777361344  0.66634843665721599
  0.67845216680506593  0.69050480554511284  0.70258053325831071  0.71429400641876495
  0.72472662905347363  0.73405720365019655  0.74309130902430531  0.75142234321664525
  0.75902910369170606  0.76599661560841215  0.77284717693978633  0.78010831982952555
  0.78766016637892811  0.79564108879776774  0.80263850062372522  0.80876501840239290
  0.81481745353028323  0.82052714861995490  0.82673239809706467  0.83485424906020689
  0.84290494724918830  0.85016434111682393  0.85693415599833722  0.86403030730141350
  0.87113496349553354  0.87781942018171855  0.88475904259713023  0.89205873047590134
  0.89858366130400691  0.90487428331180875  0.91143635229705577  0.91623204702987904
  0.92083483052819959  0.92473927277874035  0.92852749004315827  0.93265193935038226
  0.93677430140375006  0.94075620354074430  0.94468936049968288  0.94878450097470712
  0.95297313436606490  0.95705196976537488  0.96094579038112704  0.96455886252527556
  0.96821963841343062  0.97192596933687803  0.97551890521966800  0.97875569977629984
  0.98233842261138793  0.98533538020491807  0.98800915332157324  0.99073180556979801
  0.99337632654794672  0.99576006137140094  0.99793191892565847  1.00000000000000000
 -0.00196627698487037  0.00652527089388252  0.01486659178613146  0.02512367172797526
  0.03764072613505384  0.04956010463192097  0.06078904447148882  0.07170363876297919
  0.08294969577803706  0.09387015750111966  0.10457362073494529  0.11571585739050996
  0.12717581144981396  0.13900478687347173  0.15090487550361351  0.16314836892936732
  0.17522668284611989  0.18695683126455551  0.19941526091854664  0.21214153227928190
  0.22485485255013885  0.23511600633677823  0.24409174151896937  0.25367297603230943
  0.26305799317410677  0.27275907917629089  0.28219445322004366  0.29105388991757797
  0.29987458151863833  0.30892535582043296  0.31787938717285164  0.32879086119655787
  0.34068275364946804  0.35105526540768622  0.36088164031484288  0.37149619214891355
  0.38317997232023321  0.39439734644708330  0.40580172654897456  0.41701857232146972
  0.42637650129706939  0.43502695850650530  0.44295658095230900  0.45126979761047936
  0.45949714432111211  0.46852615748089821  0.47925174283827665  0.49003208325098357
  0.50081490643520021  0.51035042083099358  0.52024199877775756  0.53063227554532644
  0.54186420644734934  0.55379656054697035  0.56627396428545262  0.57945802436403404
  0.59189217138398509  0.60291080736219271  0.61389136482997930  0.62452255846116755
  0.63532234659986431  0.64641583454120211  0.65740542198911056  0.66773259989171962
  0.67683338328846598  0.68582436184125573  0.69560965388168305  0.70666588660375163
  0.71883517957574095  0.73131363450075515  0.74401961309119446  0.75603632172940882
  0.76712510009104462  0.77831119174376384  0.78884157291633239  0.79904508494718718
  0.80900870533951552  0.81935716475754405  0.82977433209612639  0.83993067796239373
  0.85038365018078810  0.86172432437415547  0.87355274618908452  0.88274503487155997
  0.89062207027495854  0.89844107239465565  0.90654096632043568  0.91621154205410682
  0.92887555449040449  0.94047186864524812  0.95113626871191292  0.96156415330148348
  0.97132982155842007  0.98112455314011171  0.99077872913463372  1.00000000000000000
 -0.00307315519716378  0.01350426782021098  0.02682852195011156  0.03931851679293363
  0.05140906012434923  0.06344774279631887  0.07612071700510309  0.08940796355117756
  0.10271515106304997  0.11415853110590952  0.12759281094339991  0.13884559822101183
  0.14907061334766694  0.15887864425711004  0.16784179906539035  0.17823899608481228
  0.18886719998529075  0.20008896587939912  0.21020091798853369  0.22006616622566380
  0.23029512548961117  0.24127016811640589  0.25119744145476403  0.26086371308877848
  0.27057432498143630  0.28056282097294927  0.29093029431978634  0.30265343366997849
  0.31369511973939723  0.32397657936702168  0.33411422369958538  0.34375021392352445
  0.35168197873977641  0.35865928806657726  0.36570260822779616  0.37244690958715371
  0.38012839512092966  0.38859073026018298  0.39791164246153554  0.40927973963457437
  0.42111427116225780  0.43266784447627682  0.44361366656514323  0.45315456717032548
  0.46245596825064150  0.47162748648010755  0.48183830752182821  0.49302157248705231
  0.50322923510650475  0.51033912464452780  0.51659344398514195  0.52270153732623259
  0.52905981602331031  0.53818294006567335  0.54971361116716277  0.56096483201129355
  0.57176803319407443  0.58209657820637384  0.59198653799490830  0.60137515777143880
  0.61165971695770693  0.62170996055504346  0.63081483481980694  0.63964702410486107
  0.64871603838832970  0.65849260570812485  0.66846585199497777  0.67798741729004686
  0.68762796697405204  0.69876194919614409  0.70997151401799419  0.72049219473004023
  0.73102889364257506  0.74258980525237939  0.75467154921684088  0.76662125603278397
  0.77897549445415648  0.79046209946918256  0.80162716584672900  0.81298994051188378
  0.82470847913881784  0.83662867225654380  0.84697988817481873  0.85767635121480745
  0.86871718286887634  0.88108717638075273  0.89418566958464707  0.90806323354800178
  0.92203526631209209  0.93554810478108441  0.94857183130036771  0.96093403029028868
  0.97191115149541996  0.98148492522698128  0.99125048143552563  1.00000000000000000
 -0.00244527270606559  0.01165501389618398  0.02248735153780644  0.03269088566409448
  0.04265441197011286  0.05323232246539304  0.06479745350576432  0.07739191769697761
  0.08940224402158516  0.10140324131090754  0.11281954656094523  0.12472880694297603
  0.13616585169584680  0.14751933849744051  0.15837526541498625  0.16917017769382506
  0.18028237158566462  0.19245327945879628  0.20348365258491488  0.21559918674834558
  0.22844690480464988  0.24194198384872079  0.25475636083822989  0.26591368495952628
  0.27589858217634794  0.28497583391796766  0.29305508341438230  0.30181384716279497
  0.30940085926405242  0.31693010954941930  0.32538575070919407  0.33379224143643715
  0.34368828358259212  0.35581588869334063  0.36971326867015425  0.38395290224364903
  0.39672446189065924  0.40826527605877400  0.41896421929007327  0.43071879486186176
  0.44427050466100348  0.45820393927833347  0.47027825408607776  0.48190420833431297
  0.49391037596133230  0.50586997910813924  0.51688463325285505  0.52794045629352060
  0.53807338142030148  0.54817604785461083  0.55826042622992211  0.56900242899443498
  0.58036926004091760  0.59118327893941014  0.60283971880303366  0.61462984070158011
  0.62726363536904250  0.63696286561333293  0.64629989773651852  0.65597838835943567
  0.66559692079967281  0.67337998105542396  0.68095663732159717  0.68800215667934350
  0.69548030489360901  0.70569294556902895  0.71608424338175392  0.72590571100726120
  0.73532631597960685  0.74498765000476297  0.75566987314657175  0.76602426165999993
  0.77641313686673008  0.78760959723767265  0.79942263150418080  0.81103059320272153
  0.82252222072948966  0.83350174713448533  0.84382723917092384  0.85392687983111326
  0.86362611028319713  0.87417267069510096  0.88265295861751558  0.89160972299255759
  0.89938456438610659  0.90776044644216547  0.91689268457715090  0.92578549693364987
  0.93465917925336373  0.94316614662044662  0.95208204472679347  0.96209652895112863
  0.97151749810487198  0.98069112329532193  0.98980691677154842  1.00000000000000000
 -0.00073435131853878  0.00219170427719555  0.00598488978230891  0.00956837003664581
  0.01349936458913276  0.01954348597927752  0.02497989679343860  0.03029246311073884
  0.03607464985387848  0.04235545977437952  0.04851589653981311  0.05425971730377919
  0.05930966475528546  0.06478571410029853  0.07053927609244486  0.07710167352762502
  0.08497082044577524  0.09408612082802062  0.10347786633575587  0.11165998996838586
  0.11932340387280209  0.12695713481781354  0.13572860678599133  0.14530261739252107
  0.15564280795268393  0.16642227420379194  0.17609609015426611  0.18581936756546913
  0.19441828310608064  0.20436697396010395  0.21493587221624127  0.22609858027161042
  0.23699634906058314  0.24743918587253491  0.25836205377368565  0.26877738051681749
  0.27845015358157166  0.28870221669725415  0.29961211119463027  0.31242607349369711
  0.32658598276287526  0.34054541623828061  0.35348102103942886  0.36540858101524204
  0.37770059250115556  0.39087541791649777  0.40489733096806674  0.41881512909687496
  0.43248551465560675  0.44614534073579176  0.45957170516890400  0.47226452654257095
  0.48469352061702742  0.49839555053705631  0.51355417911911450  0.53127329064012907
  0.54739963877161668  0.56146928569965981  0.57570735188478650  0.59027540502064546
  0.60598842206683345  0.62224228843209572  0.63742775218487269  0.65312400555800343
  0.66884393628508620  0.68548758638642904  0.70181814083465022  0.71658259369369304
  0.72980727632698683  0.74238336733058097  0.75525992776500595  0.76925077086213733
  0.78333605785998373  0.79765751704401278  0.81103971453706214  0.82372686385759464
  0.83607858427240600  0.84831774194476117  0.86006500139797037  0.87164738893027160
  0.88302201274025638  0.89357780446861657  0.90263375825493708  0.91045816167903104
  0.91781908779580945  0.92492291767022461  0.93256720390562298  0.94047686683047027
  0.94924871571073977  0.95783267525761195  0.96691625752707100  0.97535463141070955
  0.98225427977403135  0.98851384572621392  0.99438903444260740  1.00000000000000000
 -0.00208845742036257  0.00916290432714479  0.02011923338887586  0.03174696188230764
  0.04430558247248725  0.05664479138645098  0.06972080946190462  0.08410294100155477
  0.09888666256629411  0.11243827724916017  0.12399065745306238  0.13429966911648142
  0.14445373209715837  0.15385743385583145  0.16269777962394882  0.17209963693894553
  0.18211727903460831  0.19332898377932753  0.20432902109871509  0.21515144838994110
  0.22695415857165024  0.23816641581120687  0.24917113339860841  0.26190507739072222
  0.27305338058036371  0.28188742177991177  0.29044423182958146  0.29878526227755864
  0.30623308679733280  0.31434651054460599  0.32336115296363083  0.33236053390859321
  0.34368422742096155  0.35596258640887130  0.36792200898116001  0.37873451450192741
  0.38886320428279059  0.39960953097426793  0.41137764124502713  0.42353453257827350
  0.43533820526915323  0.44722962429050955  0.45835288566424343  0.46876620704510702
  0.47944840024588725  0.49009493994492553  0.50165683797299687  0.51342151179405793
  0.52415888144137368  0.53507242175725911  0.54413715931812023  0.55438979299125801
  0.56435112245802721  0.57474731499832721  0.58512325785691166  0.59521681215810562
  0.60679757182739735  0.61786987529995729  0.62806434668064781  0.63674247222477487
  0.64730257329527197  0.65530512670032848  0.66260345770248263  0.66990827460438640
  0.67740902235481915  0.68969495514353407  0.70284952439177928  0.71377479938986188
  0.72417047336102025  0.73498542231251396  0.74643750983031154  0.75864698777843642
  0.77021762962880091  0.78197421939148737  0.79329651905052101  0.80515978865139626
  0.81776490641281463  0.83025880359607418  0.84075120991859775  0.84902282855841971
  0.85764477121439897  0.86635928701745846  0.87502288357266411  0.88337251962122099
  0.89172466363533798  0.90073516961100930  0.91030722677838682  0.91956484204581146
  0.92884170196057536  0.93853302169293917  0.94943961203953153  0.96103982766349783
  0.97240900106580275  0.98272990256240733  0.99172134993932604  1.00000000000000000
 -0.00221726028342997  0.00742984496068473  0.01584133404423148  0.02560699791169269
  0.03661123056072238  0.04928131565142996  0.06293549228233505  0.07691847734458820
  0.09086189660876819  0.10306796930371648  0.11392197846706020  0.12395028804783188
  0.13278259095060305  0.14232341354547340  0.15132227176373197  0.16190158639870411
  0.17381380214825373  0.18526642131400156  0.19635472872536533  0.20764016862824300
  0.21925943952750743  0.23056681439265819  0.24206292069639898  0.25317157206827151
  0.26393247717286378  0.27567050839585139  0.28741805823360767  0.29781300570644575
  0.30727158697733498  0.31645018519766765  0.32568528880576819  0.33591992687692601
  0.34599009800370895  0.35621130208627821  0.36898299081347929  0.38029389618333903
  0.39228052667077995  0.40335372875432401  0.41399868919171667  0.42308990190834900
  0.43217286514331665  0.44177380397569072  0.45231774329954955  0.46362540066464131
  0.47414385507180018  0.48532818721404003  0.49609630587867426  0.50770481266224177
  0.51812923978407721  0.52826714223391302  0.53829435036033935  0.54883476334793890
  0.55688987879189977  0.56532540821690236  0.57398442885637224  0.58372962369642067
  0.59530879582161500  0.60676788098129064  0.61760351814092784  0.62859268738390073
  0.64045509083652508  0.65198550247860554  0.66171788993146818  0.67050511828087356
  0.67988441597233273  0.68943516854918119  0.69769967824677503  0.70601811597398545
  0.71536155127164636  0.72669245509482883  0.73846171866584143  0.74986358535298980
  0.76177642242454169  0.77281328489422485  0.78328488758514236  0.79386556872322034
  0.80432829637657000  0.81485238445630814  0.82514758567096280  0.83547208470991718
  0.84567253320040869  0.85576773164223252  0.86660692651716187  0.87712729637398357
  0.88582719590224746  0.89349703460453445  0.90115661198844355  0.91006527575510798
  0.92043038599685767  0.93072713760490366  0.94135595065777522  0.95195555996809855
  0.96236373203674230  0.97295464690927391  0.98526966876433941  1.00000000000000000
  0.61859778910183605  0.65130440160219571  0.66848865042267569  0.68262613975494346
  0.69457325866972686  0.70563254805965847  0.71715905962581006  0.72728031841076479
  0.73630740235104597  0.74491168296763843  0.75306750728784877  0.76050142183377112
  0.76838290202815374  0.77668794332195545  0.78515084260704149  0.79307242036158798
  0.80026338372833050  0.80700197341996438  0.81332817642983024  0.81864291354785956
  0.82357494405611364  0.82861061013819437  0.83375049218739916  0.83849985511647818
  0.84301988557174112  0.84759525327123431  0.85257969156934210  0.85749726765751866
  0.86176279260094690  0.86581459407885042  0.86933625263043035  0.87277514181928373
  0.87604378578402853  0.87928593330953186  0.88268186312972963  0.88593075063062898
  0.88913174476184786  0.89245198262406311  0.89575631608056361  0.89898490388744479
  0.90204208853776946  0.90501039436429587  0.90779607782952920  0.91048682801825886
  0.91299831502223505  0.91537326010742515  0.91761346155473833  0.91987500992450688
  0.92226206910881792  0.92475769267302133  0.92707586748030268  0.92935180337778656
  0.93156944863088198  0.93368601510993232  0.93562862717643314  0.93744102855322275
  0.93925878076943514  0.94122300796719049  0.94342354930686145  0.94557105167237465
  0.94764756821259122  0.94970937588727855  0.95172838180410790  0.95368245635593418
  0.95545086504713117  0.95716390022946274  0.95890230895095074  0.96067046267891498
  0.96246101653167859  0.96425552047225649  0.96605062195639535  0.96786039634038579
  0.96963341456226704  0.97127804917601113  0.97277112701045454  0.97404177009568049
  0.97533245406998892  0.97660480711994846  0.97784623870953213  0.97902391788333010
  0.98035252268269024  0.98169192911373959  0.98303177370014072  0.98430985946115068
  0.98541374331339626  0.98654062887626270  0.98767515251692684  0.98880956473553538
  0.99000535892974040  0.99128140721844626  0.99248720868568574  0.99379495954122132
  0.99519047107513448  0.99662234594188104  0.99816123387105760  1.00000000000000000
  0.05673531631815010  0.15343053665780301  0.18828154833936953  0.21418870489407299
  0.23573575678839032  0.25447151672833090  0.26867130521663041  0.28119378749991869
  0.29286953371771474  0.30345178274857854  0.31417521174607699  0.32428694829965771
  0.33346767752187384  0.34143174654017894  0.34899524614961797  0.35618826165939271
  0.36376648329579803  0.37198662074379985  0.38006404202156474  0.38766106273890444
  0.39455061163853289  0.40079072584616343  0.40641591678289862  0.41176177266500869
  0.41727971130205810  0.42260808398882793  0.42808099696316709  0.43388200495812262
  0.43963386042456887  0.44468651135000092  0.44934392754832592  0.45383607031109635
  0.45871391311272641  0.46380128936998749  0.46832786526016373  0.47299042926884960
  0.47756447254438034  0.48233299885680242  0.48792455318620115  0.49359699075940183
  0.49926018243140113  0.50533730453877335  0.51119107664015018  0.51701551702632065
  0.52169854586884434  0.52587591732461569  0.53009781881412088  0.53400128242081868
  0.53816597479579031  0.54354669466657124  0.54964834656132022  0.55572681778607935
  0.56151028437035466  0.56697263952106824  0.57225042189166830  0.57741468393114037
  0.58224430442005259  0.58794302629897344  0.59387142247242453  0.60010854254985602
  0.60663503821316778  0.61329949004205930  0.61995497098281838  0.62615712397376710
  0.63146724978530100  0.63666101228949623  0.64206182723304306  0.64747946846881432
  0.65285081616886165  0.65767004309954391  0.66208002419220680  0.66686134793343976
  0.67241185941120618  0.67833951424603489  0.68458844190578638  0.69198469031783016
  0.69989325878276853  0.70761248123730136  0.71532955736904191  0.72329421106267366
  0.73161311184369204  0.74039255114349434  0.74908314595669678  0.75753484852762731
  0.76550159248792227  0.77336828837800031  0.78108432123307270  0.78888097834900683
  0.79799894503180302  0.80912750275310141  0.82187264578565855  0.83379203544204317
  0.84776676205297630  0.86721398453045029  0.90406338879849935  1.00000000000000000
   8.1566321296132343E-010  -1.0000000000000000     
 F F F F F F F F F F F F F F F F F F F F F F F F F F F F F F F F F F F F F F F F F F F F F F F F F F F F F F F F F F F F F F F F F F F F F F F F F F F F F F F F F F F F F F F F F F F F F F F F F F F F F F F F F F F F F F F F F F F F F F F F F F F F F F F F F F F F F F F F F F F F F F F F F F F F F F F F F F F F F F F F F F F F F F F F F F F F F F F F F F F F F F F F F F F F F F F F F F F F F F F F F F F F F F F F F F F F F F F F F F F F F F F F F F F F F F F F F F F F F F F F F F F F F F F F F F F F F F F F F F F F F F F F F F F F F F F F F F F F F F F F F F F F F F F F F F F F F F F F F F F F F F F F F F F F F F F F F F F F F F F F F F F F F F F F F F F F F F F F F F F F F F F F F F F F F F F F F F F F F F F F F F F F F F F F F F F F F F F F F F F F F F F F F F F F F F F F F F F F F F F F F F F F F F F F F F F F F F F F F F F F F F F F F F F F F F F F F F F F F F F F F F F F F F F F F F F F F F F F F F F F F F F F F F F F F F F F F F F F F F F F F F F F F F F F F F F F F F F F F F F F F F F F F F F F F F F F
  <DiscreteSampler_grid>
  grouped_processes
  1 # 1 for a reference and 2 for a running grid.
  10 # Attribute 'min_bin_probing_points' of the grid.
  1 # Attribute 'grid_mode' of the grid. 1=='default',2=='initialization'
  0.0000000000000000 # Attribute 'small_contrib_threshold' of the grid.
  0.5000000000000000 # Attribute 'damping_power' of the grid.
 # binID   n_entries weight   weight_sqr   abs_weight
    127   10   6.506760388169446E-008   1.224194011866827E-014   6.506760388169446E-008
    130   10   1.301352077633889E-007   4.896776047467309E-014   1.301352077633889E-007
    133   10   1.240891819063548E-007   4.474861478153667E-014   1.240891819063548E-007
    134   10   1.240891819063550E-007   4.474861478153685E-014   1.240891819063550E-007
    136   10   2.481783638127096E-007   1.789944591261467E-013   2.481783638127096E-007
    137   10   2.481783638127099E-007   1.789944591261474E-013   2.481783638127099E-007
    139   10   5.545150881243558E-007   7.054109082934198E-013   5.545150881243558E-007
    140   10   5.545150881243561E-007   7.054109082934203E-013   5.545150881243561E-007
    142   10   1.109030176248712E-006   2.821643633173679E-012   1.109030176248712E-006
    143   10   1.109030176248712E-006   2.821643633173681E-012   1.109030176248712E-006
    145   10   1.564855264780792E-007   8.247070706854884E-014   1.564855264780792E-007
    146   10   1.564855264780793E-007   8.247070706854907E-014   1.564855264780793E-007
    148   10   3.129710529561585E-007   3.298828282741954E-013   3.129710529561585E-007
    149   10   3.129710529561587E-007   3.298828282741963E-013   3.129710529561587E-007
    163   10   1.561382688166854E-007   8.955824798250267E-014   1.561382688166854E-007
    164   10   1.561382688166855E-007   8.955824798250290E-014   1.561382688166855E-007
    166   10   3.122765376333709E-007   3.582329919300107E-013   3.122765376333709E-007
    167   10   3.122765376333711E-007   3.582329919300116E-013   3.122765376333711E-007
    169   10   3.212214183420640E-007   3.691697618928622E-013   3.212214183420640E-007
    170   10   3.212214183420643E-007   3.691697618928634E-013   3.212214183420643E-007
    172   10   6.424428366841279E-007   1.476679047571449E-012   6.424428366841279E-007
    173   10   6.424428366841287E-007   1.476679047571454E-012   6.424428366841287E-007
    175   10   1.235681468534903E-007   4.351686261882592E-014   1.235681468534903E-007
    178   10   2.471362937069806E-007   1.740674504753037E-013   2.471362937069806E-007
    181   10   2.341436064988811E-007   1.577863631553476E-013   2.341436064988811E-007
    182   10   2.341436064988811E-007   1.577863631553478E-013   2.341436064988811E-007
    184   10   4.682872129977622E-007   6.311454526213906E-013   4.682872129977622E-007
    185   10   4.682872129977622E-007   6.311454526213913E-013   4.682872129977622E-007
    187   10   1.383913315227354E-007   6.233207398928201E-014   1.383913315227354E-007
    188   10   1.383913315227356E-007   6.233207398928229E-014   1.383913315227356E-007
    190   10   2.767826630454709E-007   2.493282959571280E-013   2.767826630454709E-007
    191   10   2.767826630454712E-007   2.493282959571291E-013   2.767826630454712E-007
    199   10   3.427262267084704E-007   4.103416768563388E-013   3.427262267084704E-007
    200   10   3.427262267084708E-007   4.103416768563402E-013   3.427262267084708E-007
    202   10   6.854524534169408E-007   1.641366707425355E-012   6.854524534169408E-007
    203   10   6.854524534169415E-007   1.641366707425361E-012   6.854524534169415E-007
    211   10   3.512869704469129E-007   4.565470208469554E-013   3.512869704469129E-007
    212   10   3.512869704469132E-007   4.565470208469568E-013   3.512869704469132E-007
    214   10   7.025739408938258E-007   1.826188083387821E-012   7.025739408938258E-007
    215   10   7.025739408938264E-007   1.826188083387827E-012   7.025739408938264E-007
    217   10   6.650764158530241E-008   1.491417135397667E-014   6.650764158530241E-008
    220   10   1.330152831706048E-007   5.965668541590667E-014   1.330152831706048E-007
    223   10   1.254680991130475E-007   5.339753863157264E-014   1.254680991130475E-007
    224   10   1.254680991130476E-007   5.339753863157284E-014   1.254680991130476E-007
    226   10   2.509361982260950E-007   2.135901545262905E-013   2.509361982260950E-007
    227   10   2.509361982260953E-007   2.135901545262914E-013   2.509361982260953E-007
    229   10   4.884777894901259E-007   7.512923508824867E-013   4.884777894901259E-007
    230   10   4.884777894901265E-007   7.512923508824891E-013   4.884777894901265E-007
    232   10   9.769555789802519E-007   3.005169403529947E-012   9.769555789802519E-007
    233   10   9.769555789802529E-007   3.005169403529956E-012   9.769555789802529E-007
    235   10   1.268791425381511E-007   5.418087675844114E-014   1.268791425381511E-007
    238   10   2.537582850763021E-007   2.167235070337646E-013   2.537582850763021E-007
    241   10   2.377246051498246E-007   1.920568076671972E-013   2.377246051498246E-007
    242   10   2.377246051498248E-007   1.920568076671979E-013   2.377246051498248E-007
    244   10   4.754492102996492E-007   7.682272306687888E-013   4.754492102996492E-007
    245   10   4.754492102996496E-007   7.682272306687918E-013   4.754492102996496E-007
    250   10   6.506760388169446E-008   1.224194011866827E-014   6.506760388169446E-008
    253   10   1.301352077633889E-007   4.896776047467309E-014   1.301352077633889E-007
    256   10   1.240891819063548E-007   4.474861478153667E-014   1.240891819063548E-007
    257   10   1.240891819063550E-007   4.474861478153686E-014   1.240891819063550E-007
    259   10   2.481783638127096E-007   1.789944591261467E-013   2.481783638127096E-007
    260   10   2.481783638127100E-007   1.789944591261475E-013   2.481783638127100E-007
    262   10   5.545150881243559E-007   7.054109082934198E-013   5.545150881243559E-007
    263   10   5.545150881243561E-007   7.054109082934201E-013   5.545150881243561E-007
    265   10   1.109030176248712E-006   2.821643633173679E-012   1.109030176248712E-006
    266   10   1.109030176248712E-006   2.821643633173680E-012   1.109030176248712E-006
    268   10   1.564855264780792E-007   8.247070706854886E-014   1.564855264780792E-007
    269   10   1.564855264780794E-007   8.247070706854910E-014   1.564855264780794E-007
    271   10   3.129710529561584E-007   3.298828282741955E-013   3.129710529561584E-007
    272   10   3.129710529561588E-007   3.298828282741964E-013   3.129710529561588E-007
    286   10   1.561382688166854E-007   8.955824798250272E-014   1.561382688166854E-007
    287   10   1.561382688166856E-007   8.955824798250293E-014   1.561382688166856E-007
    289   10   3.122765376333709E-007   3.582329919300109E-013   3.122765376333709E-007
    290   10   3.122765376333712E-007   3.582329919300117E-013   3.122765376333712E-007
    292   10   3.212214183420641E-007   3.691697618928625E-013   3.212214183420641E-007
    293   10   3.212214183420644E-007   3.691697618928636E-013   3.212214183420644E-007
    295   10   6.424428366841281E-007   1.476679047571450E-012   6.424428366841281E-007
    296   10   6.424428366841288E-007   1.476679047571454E-012   6.424428366841288E-007
    298   10   1.235681468534903E-007   4.351686261882595E-014   1.235681468534903E-007
    301   10   2.471362937069807E-007   1.740674504753038E-013   2.471362937069807E-007
    304   10   2.341436064988811E-007   1.577863631553476E-013   2.341436064988811E-007
    305   10   2.341436064988811E-007   1.577863631553478E-013   2.341436064988811E-007
    307   10   4.682872129977622E-007   6.311454526213906E-013   4.682872129977622E-007
    308   10   4.682872129977622E-007   6.311454526213913E-013   4.682872129977622E-007
    310   10   1.383913315227354E-007   6.233207398928201E-014   1.383913315227354E-007
    311   10   1.383913315227356E-007   6.233207398928229E-014   1.383913315227356E-007
    313   10   2.767826630454709E-007   2.493282959571280E-013   2.767826630454709E-007
    314   10   2.767826630454712E-007   2.493282959571291E-013   2.767826630454712E-007
    322   10   3.427262267084704E-007   4.103416768563389E-013   3.427262267084704E-007
    323   10   3.427262267084707E-007   4.103416768563402E-013   3.427262267084707E-007
    325   10   6.854524534169408E-007   1.641366707425356E-012   6.854524534169408E-007
    326   10   6.854524534169414E-007   1.641366707425361E-012   6.854524534169414E-007
    334   10   3.512869704469129E-007   4.565470208469554E-013   3.512869704469129E-007
    335   10   3.512869704469133E-007   4.565470208469570E-013   3.512869704469133E-007
    337   10   7.025739408938258E-007   1.826188083387821E-012   7.025739408938258E-007
    338   10   7.025739408938265E-007   1.826188083387828E-012   7.025739408938265E-007
    340   10   6.650764158530241E-008   1.491417135397667E-014   6.650764158530241E-008
    343   10   1.330152831706048E-007   5.965668541590667E-014   1.330152831706048E-007
    346   10   1.254680991130475E-007   5.339753863157261E-014   1.254680991130475E-007
    347   10   1.254680991130477E-007   5.339753863157284E-014   1.254680991130477E-007
    349   10   2.509361982260950E-007   2.135901545262904E-013   2.509361982260950E-007
    350   10   2.509361982260953E-007   2.135901545262914E-013   2.509361982260953E-007
    352   10   4.884777894901259E-007   7.512923508824867E-013   4.884777894901259E-007
    353   10   4.884777894901266E-007   7.512923508824891E-013   4.884777894901266E-007
    355   10   9.769555789802519E-007   3.005169403529947E-012   9.769555789802519E-007
    356   10   9.769555789802532E-007   3.005169403529956E-012   9.769555789802532E-007
    358   10   1.268791425381511E-007   5.418087675844113E-014   1.268791425381511E-007
    361   10   2.537582850763021E-007   2.167235070337645E-013   2.537582850763021E-007
    364   10   2.377246051498245E-007   1.920568076671971E-013   2.377246051498245E-007
    365   10   2.377246051498248E-007   1.920568076671979E-013   2.377246051498248E-007
    367   10   4.754492102996489E-007   7.682272306687886E-013   4.754492102996489E-007
    368   10   4.754492102996496E-007   7.682272306687918E-013   4.754492102996496E-007
    373   10   6.506760388169444E-008   1.224194011866827E-014   6.506760388169444E-008
    376   10   1.301352077633889E-007   4.896776047467306E-014   1.301352077633889E-007
    421   10   1.235681468534903E-007   4.351686261882592E-014   1.235681468534903E-007
    424   10   2.471362937069807E-007   1.740674504753037E-013   2.471362937069807E-007
    463   10   6.650764158530244E-008   1.491417135397670E-014   6.650764158530244E-008
    466   10   1.330152831706049E-007   5.965668541590679E-014   1.330152831706049E-007
    481   10   1.268791425381512E-007   5.418087675844119E-014   1.268791425381512E-007
    484   10   2.537582850763023E-007   2.167235070337648E-013   2.537582850763023E-007
    496   10   6.506760388169444E-008   1.224194011866827E-014   6.506760388169444E-008
    499   10   1.301352077633889E-007   4.896776047467309E-014   1.301352077633889E-007
    544   10   1.235681468534903E-007   4.351686261882596E-014   1.235681468534903E-007
    547   10   2.471362937069807E-007   1.740674504753038E-013   2.471362937069807E-007
    586   10   6.650764158530244E-008   1.491417135397670E-014   6.650764158530244E-008
    589   10   1.330152831706049E-007   5.965668541590679E-014   1.330152831706049E-007
    604   10   1.268791425381512E-007   5.418087675844119E-014   1.268791425381512E-007
    607   10   2.537582850763023E-007   2.167235070337648E-013   2.537582850763023E-007
  </DiscreteSampler_grid>
