  0.00313892386298154  0.00984824100140363  0.01668610114204620  0.02418014502278974
  0.03720082345762904  0.05015628911427489  0.06495282836120171  0.08107854284702698
  0.09431817870477155  0.10445807585271355  0.11322514280270159  0.12156997177532496
  0.13050682810765477  0.14144811383972949  0.15613186191685335  0.17175182566387612
  0.18465640816311923  0.19639507375873852  0.20866979240921224  0.22191392906361859
  0.23314135571824957  0.24326552277527694  0.25465203023609140  0.26941831589640730
  0.28403080834325906  0.29693404906174814  0.30881148660961255  0.31995326434499638
  0.33084097538002644  0.34129673388170684  0.35143019770031164  0.36280095636426035
  0.37505320817245835  0.38769325348577405  0.39967703068722110  0.41216002302857940
  0.42167362822067195  0.42720783621153974  0.43272477376249707  0.43891001518916040
  0.44503922879880731  0.45108822174538471  0.45815756786040607  0.46706984897380860
  0.47571333166918661  0.48562032994890542  0.49821986443632554  0.50976436005590098
  0.52115813306551717  0.52800451960616546  0.53499228585648251  0.54232513931716486
  0.54937378526863256  0.55710699531669905  0.56260322687228415  0.56745526210687547
  0.57170177120539423  0.57605310034651247  0.58114001607186982  0.58773239917146325
  0.59806760606178500  0.60824127034132125  0.61954810458687959  0.63042618060776134
  0.64168662232412954  0.65344768822102528  0.66602372313342073  0.68000131876209713
  0.69591255058512980  0.71297352255791013  0.72848347929377866  0.74203004535809658
  0.75245238105295853  0.76188694232229059  0.77100384523366128  0.78012871426345287
  0.78981026325651438  0.80006252339730410  0.81036417559718610  0.82089007122694890
  0.83126253189502319  0.84164513744287861  0.85263149863042242  0.86379155696245180
  0.87756910879029970  0.89339534245845675  0.91062123400824924  0.92291334847598916
  0.93232141671045921  0.94189108424861845  0.95130711068279683  0.96242895025537156
  0.97102500031814754  0.97965247739246530  0.98909720517327759  1.00000000000000000
  0.00002852898498275  0.00003338581366556  0.00003829499895945  0.00004345669698280
  0.00004782527542394  0.00005173642302192  0.00005539149671022  0.00005876846037145
  0.00006198958944981  0.00006543650695996  0.00006926666838810  0.00007331561623049
  0.00007735463106476  0.00008151356002846  0.00008582780997794  0.00009008092064659
  0.00009439035177068  0.00009870816331444  0.00010291010431696  0.00010722333923514
  0.00011106520721744  0.00011460806038566  0.00011817624993815  0.00012184050887465
  0.00012528433540715  0.00012863210151280  0.00013225724307668  0.00013632637280050
  0.00014129097266165  0.00014601715419904  0.00015139513015864  0.00015819841563534
  0.00016697688166635  0.00017527897699179  0.00018328308802222  0.00019159653580530
  0.00020084517769073  0.00021074171218016  0.00022105813843694  0.00023090509166105
  0.00024169096206464  0.00025129801570015  0.00025884585037453  0.00026635037239461
  0.00027332049744884  0.00027893284921814  0.00028455995314570  0.00029023260776951
  0.00029628788432290  0.00030443838234436  0.00031396430611867  0.00032849348911971
  0.00034564462934676  0.00036779095285497  0.00038900078072627  0.00040858287205668
  0.00042636565608638  0.00044186578992132  0.00045857525184724  0.00047562147705704
  0.00049306126736593  0.00051245883417365  0.00053909375967324  0.00057138388833490
  0.00061136977470660  0.00065945795834211  0.00071041363623041  0.00076223064359490
  0.00081257525668564  0.00086738701587233  0.00091890272877514  0.00096753053195598
  0.00101905833953240  0.00107576105019591  0.00114171867095354  0.00121482906513597
  0.00130351744271482  0.00140593816036073  0.00151473546121075  0.00165530349655537
  0.00179164016677403  0.00197438435873464  0.00217651209897206  0.00247005153624065
  0.00288315609096602  0.00341032409726072  0.00402360318787903  0.00473261372087293
  0.00559275913921628  0.00661552566165842  0.00799997965967763  0.00978441940505563
  0.01294358229652229  0.02306009853690057  0.07481631269889794  1.00000000000000000
  0.00000224877729118  0.00000233117420601  0.00000241407028312  0.00000249262869740
  0.00000256509450857  0.00000262567969358  0.00000267953027248  0.00000273533798788
  0.00000279657867387  0.00000288817558063  0.00000307268013042  0.00000327409492620
  0.00000345318081105  0.00000361943595643  0.00000376946507137  0.00000395439032477
  0.00000415954395444  0.00000438593777552  0.00000464749064675  0.00000494485315073
  0.00000526916166813  0.00000560168543023  0.00000592301303537  0.00000623536566126
  0.00000656445275091  0.00000690755740401  0.00000727994402315  0.00000768198944665
  0.00000812184756171  0.00000868737976544  0.00000923551915420  0.00000979020934417
  0.00001035101636655  0.00001094095042435  0.00001160962107386  0.00001239158405261
  0.00001328808610417  0.00001428936413145  0.00001534683376307  0.00001643232454557
  0.00001746558206028  0.00001836549975489  0.00001931888832410  0.00002041114602547
  0.00002142906412952  0.00002221686818617  0.00002302580251730  0.00002395913785107
  0.00002513990609636  0.00002624313789597  0.00002752386747706  0.00002949806290978
  0.00003176045624735  0.00003411440558982  0.00003663530271358  0.00003912400945208
  0.00004183237678284  0.00004488899622719  0.00004771223111532  0.00005109791009130
  0.00005497214939741  0.00005801613481589  0.00006109768011944  0.00006459396292074
  0.00006831435696367  0.00007327420605626  0.00007971409120677  0.00008650372962121
  0.00009308302906623  0.00010103341860930  0.00010787514250261  0.00011584112719426
  0.00012485642751958  0.00013676608665060  0.00015081307616203  0.00016509933974480
  0.00018749936848434  0.00021292827383035  0.00024368626415127  0.00027821770466740
  0.00032666589135530  0.00038355172626513  0.00045455904893797  0.00054044924827740
  0.00064466068942131  0.00078631861167286  0.00094810069395568  0.00120297724898607
  0.00172121054944100  0.00229723381737408  0.00290730243906758  0.00415347938308347
  0.00671515722995663  0.01234063674140657  0.13656084664281340  1.00000000000000000
  0.00000646989511639  0.00000677927253878  0.00000720591470576  0.00000751658025367
  0.00000772926397884  0.00000791863742577  0.00000814396379607  0.00000840781976348
  0.00000879956054088  0.00000921140284504  0.00000958299812957  0.00001001396786881
  0.00001043390496748  0.00001078823295045  0.00001119191274259  0.00001158827805294
  0.00001197473419843  0.00001248696378307  0.00001307148378661  0.00001375233245915
  0.00001442032627142  0.00001503729211172  0.00001557266222915  0.00001618351578396
  0.00001686832846887  0.00001763915580825  0.00001851979439860  0.00001945959285868
  0.00002046308302795  0.00002140150053766  0.00002249548508439  0.00002370462929746
  0.00002482092123453  0.00002587161474631  0.00002694548012288  0.00002806929956547
  0.00002926423254371  0.00003078411650915  0.00003249815164384  0.00003438731935265
  0.00003633447067484  0.00003785242978409  0.00003923668089298  0.00004076646797032
  0.00004230158768387  0.00004388591775220  0.00004525412818199  0.00004691489965773
  0.00004940698978074  0.00005211573324544  0.00005548176041608  0.00005965007860540
  0.00006451520669478  0.00007074464448353  0.00007782706320394  0.00008387861135176
  0.00008862486343363  0.00009347452608979  0.00009903298685287  0.00010465394495558
  0.00011065967584904  0.00011749917542173  0.00012378925559366  0.00013272523348622
  0.00014507246346548  0.00015884862108337  0.00017358676165124  0.00018971824529723
  0.00020584814924097  0.00022129845123504  0.00023658994990399  0.00025309054524528
  0.00027260958874011  0.00030467734062759  0.00034372860053344  0.00038905613225409
  0.00044112181400442  0.00049197460049630  0.00055035067744457  0.00061264041820376
  0.00067059043639370  0.00074182880127833  0.00082841621345029  0.00094100774092853
  0.00109720303853864  0.00131068124420473  0.00156233959728486  0.00187895737862001
  0.00241963833209914  0.00317519416725841  0.00434454744682703  0.00608650597763852
  0.00880136951046942  0.01303151629268934  0.33509371604189409  1.00000000000000000
 -0.00259040394100812  0.00748845451987793  0.01738672335137057  0.02789780030339204
  0.03914740805596399  0.05290430470494731  0.07471915832525414  0.09741335622307838
  0.11988687160229533  0.13843007567905766  0.15697530524600536  0.17391651027501526
  0.19387841947110082  0.21591358350610379  0.23468923821994905  0.25146204702072300
  0.26673255710693361  0.28230278818518634  0.29637330320698840  0.31068748356836717
  0.32833670144358823  0.34595079554281633  0.35662162716893053  0.36676278866833761
  0.37651492715274065  0.38843036937145636  0.40216116064084378  0.41708288426487694
  0.43258087950065949  0.44699419185867717  0.46104021055540023  0.47447413647230385
  0.48721049311580888  0.50011925476204588  0.51456637329708932  0.52775864573663522
  0.54011638596138922  0.55258743764688167  0.56526924902877829  0.57727654825471453
  0.58826065939571470  0.59883997938265110  0.61022984316537299  0.62107816220277690
  0.63149224484216371  0.64056725462807707  0.65039057339169948  0.66008334158932203
  0.66897725342121894  0.67686496492991410  0.68440925786811546  0.69157201312245420
  0.69730700988651562  0.70321446956152922  0.70886399793616939  0.71492327591477689
  0.72172582859014356  0.73218604445934388  0.74431845140833652  0.75495910526122578
  0.76461587790687180  0.77408660727721812  0.78367756132219524  0.79284255497945000
  0.80220205503065989  0.80988857490084876  0.81812767389214192  0.82582024565645851
  0.83315012909605490  0.84139789910861529  0.84971697812933655  0.85705408086241863
  0.86245747817724028  0.86925451138309395  0.87482109279565956  0.88021665852213649
  0.88406072361441201  0.88843867229314677  0.89269141962821763  0.89656445878645608
  0.90108186143200852  0.90635032742290178  0.91177928340659331  0.91697221875658430
  0.92273652484035740  0.92916641037831549  0.93577655555006767  0.94262920274922746
  0.94937670798606077  0.95621546848047045  0.96372393661829958  0.97120517973699716
  0.97789920554485432  0.98480489693944351  0.99241506079156150  1.00000000000000000
 -0.00398561702922045  0.01401661327074626  0.02841864828636487  0.04207183117985489
  0.05209896283905883  0.06076201414152208  0.06938462038064171  0.07770972825999467
  0.08622553203931226  0.09506367290124505  0.10322533412608438  0.11253034253575250
  0.12207680729019492  0.13179596780726602  0.14269684307845459  0.15483030346768198
  0.16876613951441594  0.18103227415455467  0.19316268523077845  0.20516319427451252
  0.21815854197377513  0.23205175651230767  0.24439768877084905  0.25555163171617773
  0.26688822365279880  0.27901549843209178  0.29325775087947376  0.30449009659668430
  0.31516853661098998  0.32619681463588945  0.33657545812880330  0.34633301832432584
  0.35700019102237901  0.37083687398398546  0.38406303884673038  0.39706956338558191
  0.41005483000618625  0.42043669264608002  0.42924900909469538  0.43854779764490953
  0.44913251173511409  0.45942242261315924  0.46818734921581628  0.47682269846428377
  0.48607038169143968  0.49581863107925289  0.50564687476112580  0.51697469855262723
  0.52876120733818321  0.54172902634070219  0.55351698414709871  0.56463093141373477
  0.57536599143556810  0.58591614145492654  0.59614233099721448  0.60725867481404971
  0.61969902973523661  0.63202096877504277  0.64342201348459749  0.65455894374740686
  0.66661876876261361  0.68097846125994388  0.69655370748976675  0.71010369239400084
  0.72225593454261194  0.73413221936576178  0.74569093225127292  0.75894388086813991
  0.77194408710351292  0.78461019317334102  0.79549450390891285  0.80388307764670808
  0.81127776583641931  0.81685171837787973  0.82258806141307517  0.82886282676143508
  0.83525600999902871  0.84144476176308591  0.84734717357473532  0.85418250491457481
  0.86187881243850051  0.86707176759994709  0.87228034771104690  0.87771391166579638
  0.88359932550416331  0.89144201021393388  0.90150593105972177  0.90936900197198500
  0.91711415682608355  0.92568773454707731  0.93781321870415668  0.95056249576325924
  0.96576659376481944  0.97963701940682502  0.99074112073508158  1.00000000000000000
 -0.00071602408596230  0.00459449270980389  0.00756042538655414  0.01059697615732597
  0.01475792970704152  0.01892985226797812  0.02286074490257456  0.02706050357855304
  0.03086667589833553  0.04008421742186683  0.05185666635364621  0.06214881147591388
  0.06764454306885123  0.07149624482207516  0.07539039255990390  0.07940371672662773
  0.08511835091093306  0.09090621995936703  0.09616137887837360  0.10153412127222633
  0.10716551899462978  0.11278234016507420  0.11821003572296518  0.12410808875818592
  0.13764135013196260  0.15044172346755791  0.16184658747212360  0.17131189148765374
  0.17924659322416631  0.18726003723630796  0.19509185624947320  0.20344280377659446
  0.21233260365324105  0.22134513461864069  0.22993501729313726  0.23871078177928065
  0.24823349636430322  0.25894653525896250  0.27286732795761931  0.28803616110193181
  0.30036784506208947  0.31076807270229584  0.32226872708053250  0.33537019305292559
  0.34722986871670941  0.35606537980773673  0.36754165678102152  0.37878444065857092
  0.39174730581035810  0.40722966170527208  0.42115295313784834  0.43200196057866092
  0.44010053832510759  0.44761715995113638  0.45515266062657772  0.46523016039662685
  0.47348454470807610  0.48199612050100743  0.49176806484082086  0.50371475135651367
  0.51735836220292419  0.52974765869476803  0.54113498168798346  0.55224436218593242
  0.56435044313909333  0.57879283024619210  0.59203327716051768  0.60381538276113134
  0.61509833980017292  0.62623652534366203  0.63789851017448085  0.64902215161768939
  0.66111682307445119  0.67358696778551774  0.68797754931452848  0.70143703058457940
  0.71369853339979317  0.72632603836915488  0.74335597625284955  0.76245944979197289
  0.78187596249901603  0.79927315653852449  0.81594769630164410  0.83058927387457382
  0.84496671983984628  0.85859355545238525  0.86740349671020744  0.87641078816825746
  0.88587402731114517  0.89675248049925282  0.91530585151192823  0.93243084885298144
  0.94910578307735805  0.96587836138684391  0.98274357641427545  1.00000000000000000
 -0.00328384711045466  0.00753109365839477  0.01776840674677271  0.02743129555595206
  0.03652522471095760  0.04642199749417794  0.05628611667168516  0.06572221405529104
  0.07551944102634138  0.08582684205074911  0.09608032728701849  0.10873023353251769
  0.12214949630377152  0.13525252733713855  0.14842198695129510  0.16207011475397048
  0.17599709620881387  0.19021028568982390  0.20378724238807111  0.21300617674486710
  0.21956649187211491  0.22663493808384139  0.23334576655495307  0.24078476534369453
  0.24707379658006809  0.25357493657781388  0.26087155333202433  0.26880465239858597
  0.27942335683633746  0.29201325199870731  0.30462155765540083  0.31838538503417446
  0.33198337903930197  0.34297811307192155  0.35181141122717058  0.36014450201592424
  0.36951927545971203  0.38123550524620498  0.39335404476935676  0.40575207667558610
  0.41885512909558137  0.43045001486012413  0.44396647090739211  0.45657088124229850
  0.46954003146570594  0.48213079428680466  0.49593370190881497  0.50786070981192966
  0.51783554887488037  0.52827465278550456  0.53799620586703256  0.54759199481360554
  0.55594842878625672  0.56495648171534862  0.57446352831606251  0.58405897607776913
  0.59345361281400422  0.60337690657315002  0.61465892048244908  0.62625760409099995
  0.63868950319892126  0.65438945739860699  0.67106729304799462  0.68475763308674409
  0.69666854883707507  0.70918594296583259  0.72126325979010231  0.73400182233197109
  0.74670779917500374  0.75922688329257071  0.77152739966080408  0.78373876900415029
  0.79515578880321569  0.80329830982009542  0.81078506749855050  0.81838806013180998
  0.82612440182540525  0.83863520224385235  0.85205191643606515  0.86312283440966409
  0.87205889284881333  0.87983839404773312  0.88755662476753139  0.89612571486681170
  0.90535581122202269  0.91463896725420168  0.92389346887781287  0.93273649981793927
  0.93858005102612296  0.94642118955508581  0.95350162177728048  0.96021830178591472
  0.96694913093769941  0.97521568820681226  0.98584498520793529  1.00000000000000000
 -0.00083982527243790  0.00334859345129376  0.00874006684148084  0.01236796003618207
  0.01564721784582084  0.01878367936398121  0.02232286092946284  0.02649317050487687
  0.03221205028602023  0.03946260661233233  0.04732552050529897  0.05385709676406436
  0.06013472339238394  0.06619414786391609  0.07102695694430974  0.07600263839362063
  0.08126489985206475  0.08723544957052944  0.09338252454602505  0.09973760360769487
  0.10635744542071109  0.11324781966799546  0.12048697644903213  0.12831292303242167
  0.13530238139040979  0.14218619145268882  0.14884233306780986  0.15537585209630703
  0.16236173075280372  0.16915218176122382  0.17589410134767061  0.18248873567465398
  0.18869777003064966  0.19459736326244456  0.20043693389949949  0.20664445637260490
  0.21352775794968226  0.22118854520935244  0.22963413414033906  0.23873073197199132
  0.24752128419723765  0.25564910158605891  0.26293724451335065  0.26976732187003177
  0.27718087248228229  0.28487734163909922  0.29100497625142829  0.29617988564919184
  0.30167153535872349  0.30738305577205682  0.31189574163021522  0.31638097013235911
  0.32259633260194476  0.32985154951804552  0.33691950304019636  0.34393583118302729
  0.35056980388303105  0.35616041966267697  0.36287721606410067  0.37131689264524459
  0.38000071842484895  0.38974414450958084  0.39996149527333547  0.41085926746708296
  0.42301877545983535  0.43639996472661435  0.45066038593123275  0.46511473132154474
  0.47969672550031711  0.49310846187555796  0.50701039371809342  0.52169673421443152
  0.53698550820100965  0.55462669448639024  0.57164221318760133  0.58753635554624650
  0.60327457199006629  0.62097368552351817  0.63958266272150910  0.65801635796618141
  0.67641027449362590  0.69787420938139566  0.72174040542752316  0.74390334219438892
  0.76487023291767586  0.78367939183925472  0.80132901134247059  0.81948054243490787
  0.83946966480393825  0.85895206535434598  0.87825476029923466  0.89982156373124633
  0.92318087653275749  0.94930321418602748  0.97547908436572450  1.00000000000000000
 -0.00310160354088396  0.01078453094735953  0.02301759207096267  0.03416241242566075
  0.04476386686660650  0.05452021593237739  0.06148155868129592  0.06694611346963311
  0.07277604947572033  0.07958909084771369  0.08637994961113993  0.09271108767702139
  0.09865783681835805  0.10478883455164503  0.11159408204181044  0.11608754530179355
  0.12024809054035351  0.12521565160943018  0.13351634520606925  0.14440587159193807
  0.15679845039721949  0.16970677946420629  0.18078185605701377  0.19116150169060225
  0.20128119309611889  0.21217742572799203  0.22341027084930837  0.23403991130401561
  0.24333523767081738  0.25347565408465617  0.26484985489891116  0.28115247709326435
  0.29837758997903652  0.31386794129739282  0.32762240685969568  0.34026730862272198
  0.35272747314541608  0.36563345051974550  0.37763071160737310  0.38926983126095555
  0.40038972331830563  0.41454549492376114  0.42778337550778300  0.43989470855395663
  0.45103466935740105  0.46234695790226421  0.47341958455203426  0.48391845160264518
  0.49516791474211624  0.50506224351724338  0.51312626102251102  0.52076079869064940
  0.52888757294026545  0.53894619983820380  0.55098648577811649  0.56092289477839130
  0.57071287739145393  0.58068385600145711  0.59134318912996475  0.60225857996373289
  0.61325735587435171  0.62275802820067760  0.63196349588541834  0.64103118390663216
  0.65142839877768610  0.66298262018110776  0.67337436847938770  0.68292030395692960
  0.69322920109723274  0.70280423997004926  0.71283894293062089  0.72471649077711398
  0.73639114571808018  0.74790500166473484  0.75960812902221608  0.77197354299781151
  0.78501595447448047  0.79849931029937971  0.81208797735151284  0.82509234653026586
  0.83765988411196124  0.85124060836617488  0.86556380583418602  0.88008914805192362
  0.89402152036524285  0.90792778848532973  0.91953139093743996  0.92932410532395304
  0.93857270075924915  0.94826820932906575  0.96186444021858919  0.97668569565355789
  0.98332143490745860  0.98893554545375151  0.99404439573025283  1.00000000000000000
 -0.00270852901390107  0.01092886358550880  0.02112437314732740  0.03124431469742394
  0.04226933187026612  0.05226856183344823  0.06151772958359009  0.07117136555447709
  0.08270439334298992  0.09540311402296787  0.10616488237208073  0.11451076366613272
  0.12068072260016439  0.12537975554952643  0.13086246233953971  0.13699082997531309
  0.14445014112122928  0.15388661603469492  0.16130774538469431  0.16855757551678263
  0.17500380647013861  0.18232475629064937  0.18918739017814021  0.19622146282511158
  0.20322615066734914  0.21216732561970977  0.22363473496469208  0.23466588851032388
  0.24497005903767891  0.25466704990159406  0.26428925750777177  0.27431519603240945
  0.28516651193691872  0.29881909535644285  0.31646903452538017  0.33536858081522436
  0.35166290266231026  0.36688369853730934  0.38058466841745248  0.39480947948064471
  0.40987177234508543  0.42456655781626079  0.43747022156636184  0.44836772185595763
  0.45814615680624460  0.46769583239241375  0.47766923276658713  0.48904092747481065
  0.50151491286071370  0.51498587664011297  0.52972304644956425  0.54418320788873553
  0.55865206025710001  0.57307336443024726  0.58801835293230098  0.60132625184364674
  0.61399934224069275  0.62544043998125487  0.63606446563122165  0.64685835069083053
  0.65724287603794296  0.66897530283787099  0.68292903024941487  0.69615731018781002
  0.70824797188107624  0.71858480991979379  0.72859563621090773  0.73885184930562242
  0.74875377151103373  0.75829661579816121  0.76854006155962451  0.77855540732732464
  0.78871190896107468  0.79948153386230192  0.80957419021033361  0.81933650013309611
  0.82935656761582777  0.83764931983110791  0.84427569769805078  0.85079380610095612
  0.85785796419243221  0.86747314230298100  0.87910783302851481  0.89088111171418594
  0.90376269020906064  0.91239085810094267  0.91843074723991269  0.92403244690616682
  0.92967516699731123  0.93520833532787995  0.94056767577763345  0.94589059422308230
  0.95539230440279033  0.96998559548080643  0.98541035057811532  1.00000000000000000
  0.45209070575495647  0.57321878804571103  0.58412892270045680  0.59510040385634655
  0.60611989291403712  0.61717648615137966  0.63891158570001993  0.66366969193883041
  0.67967755703485200  0.69348531434049854  0.70558768610186451  0.71911193264694517
  0.73292633602899659  0.74621353851551497  0.75700459799730258  0.76590144052335063
  0.77371876955593022  0.78061723893393553  0.78809147716932471  0.79604532764158553
  0.80366223327211095  0.81059525937388066  0.81658727500035899  0.82264392696490252
  0.82973348142307035  0.83775928758504226  0.84439970402886644  0.85035928697445562
  0.85585068984770141  0.86099637319765898  0.86630598429624650  0.87151740992739146
  0.87677336148212759  0.88167843146517644  0.88643057963723537  0.89089229617916843
  0.89571066728417048  0.89975613203755356  0.90343288693222323  0.90665422371376170
  0.90971383743114809  0.91270600208181352  0.91572550189255264  0.91873451454923716
  0.92140091991035122  0.92420505755295335  0.92711557696837255  0.93046285920237970
  0.93350903558088139  0.93654555899810221  0.93944667329288811  0.94226654782269403
  0.94494378018362557  0.94747181710377104  0.95009306520665815  0.95256939349568015
  0.95496441163395107  0.95718510025665160  0.95911037027529111  0.96087173391431113
  0.96263631881287737  0.96435738193463238  0.96621302362207939  0.96801674633669654
  0.96984663842001895  0.97165143452683644  0.97312902583528116  0.97406077033922689
  0.97474155740507906  0.97545175679501861  0.97618721763044491  0.97699216081907325
  0.97779802763000256  0.97855779365609741  0.97936860553128224  0.98024758364215347
  0.98132892129959914  0.98238623890694021  0.98367438389167428  0.98472628701572085
  0.98566457591726120  0.98661193131314051  0.98751930830827517  0.98831715815069254
  0.98908437637008650  0.98987713015063450  0.99073418567053539  0.99174689885674239
  0.99281657827357461  0.99390818827989713  0.99508669654379933  0.99612012827661556
  0.99708192888894254  0.99810939268490428  0.99907343658994785  1.00000000000000000
  0.01016585828518380  0.12178348497462908  0.16401436365476016  0.19919149264265126
  0.22232849323883047  0.24253193361327374  0.26136221016540756  0.27706911698822401
  0.29111671944737105  0.30049371348895348  0.30931422319922575  0.31875428330872629
  0.32764435132399111  0.34014964312584928  0.35034363586150380  0.35974708643421760
  0.36862085150100948  0.37819919825590209  0.38794304701287563  0.39710291245684248
  0.40688622804211599  0.41756553186958933  0.42759393444437471  0.43344767590329569
  0.43814883704109658  0.44276599135015665  0.44746062772027201  0.45213365558164526
  0.45716124264535130  0.46467184028083519  0.47197600800454026  0.47907770872130978
  0.48604790126237962  0.49254732385728500  0.49890003471378797  0.50496493337826942
  0.51101374172643887  0.51771918640589587  0.52492837161633987  0.53261778443572683
  0.54013876146592987  0.54723610123367739  0.55362269848204015  0.55852025364399915
  0.56380205078131274  0.56922892817550430  0.57501059218705164  0.58184661813484795
  0.58667062605068232  0.59064631683128799  0.59496165811011459  0.59925471451926637
  0.60358476853823084  0.60866088556942866  0.61309567034922552  0.61714593249732019
  0.62106012445758862  0.62498123141471995  0.62881243908704076  0.63264222649925583
  0.63708395863607259  0.64169579004797739  0.64594669295529439  0.65147021382276715
  0.65769720184064928  0.66397832320411498  0.66997679400095089  0.67538976300604414
  0.68024798996622171  0.68537952877187969  0.69046183918147142  0.69610478153866395
  0.70212871193741633  0.70864517856336662  0.71590783616682996  0.72298829329697933
  0.72724811950875001  0.73105797701311492  0.73594471741872225  0.74004200574090007
  0.74400048445420552  0.74789836531345621  0.75430351556970643  0.76067436376316977
  0.76726570666779204  0.77582188401866614  0.78444866675847102  0.79325054328908973
  0.80245234267682619  0.81312182779857922  0.82520564809310293  0.83911698428892312
  0.85475051932398294  0.87848796867331769  0.90432199942680147  1.00000000000000000
   5.0271688092670333E-005  -1.0000000000000000     
 F F F F F F F F F F F F F F F F F F F F F F F F F F F F F F F F F F F F F F F F F F F F F F F F F F F F F F F F F F F F F F F F F F F F F F F F F F F F F F F F F F F F F F F F F F F F F F F F F F F F F F F F F F F F F F F F F F F F F F F F F F F F F F F F F F F F F F F F F F F F F F F F F F F F F F F F F F F F F F F F F F F F F F F F F F F F F F F F F F F F F F F F F F F F F F F F F F F F F F F F F F F F F F F F F F F F F F F F F F F F F F F F F F F F F F F F F F F F F F F F F F F F F F F F F F F F F F F F
  <DiscreteSampler_grid>
  grouped_processes
  1 # 1 for a reference and 2 for a running grid.
  10 # Attribute 'min_bin_probing_points' of the grid.
  1 # Attribute 'grid_mode' of the grid. 1=='default',2=='initialization'
  0.0000000000000000 # Attribute 'small_contrib_threshold' of the grid.
  0.5000000000000000 # Attribute 'damping_power' of the grid.
 # binID   n_entries weight   weight_sqr   abs_weight
    55   10   1.817478158633420E-001   2.553739203516660E-001   1.817478158633420E-001
    61   10   2.037375180935884E-001   3.221795533014266E-001   2.037375180935884E-001
    62   10   2.037375180935883E-001   3.221795533014268E-001   2.037375180935883E-001
    64   10   1.435541893045345E-001   1.687493070230195E-001   1.435541893045345E-001
    65   10   1.435541893045345E-001   1.687493070230196E-001   1.435541893045345E-001
    115   10   1.435541893045345E-001   1.687493070230195E-001   1.435541893045345E-001
    116   10   1.435541893045345E-001   1.687493070230196E-001   1.435541893045345E-001
    118   10   2.660016365648885E-001   5.678349402902303E-001   2.660016365648885E-001
    119   10   2.660016365648883E-001   5.678349402902305E-001   2.660016365648883E-001
    124   10   2.665455625615846E-001   5.779707257724547E-001   2.665455625615846E-001
    125   10   2.665455625615843E-001   5.779707257724549E-001   2.665455625615843E-001
    133   10   2.695335364292231E-001   6.219702102411622E-001   2.695335364292231E-001
    134   10   2.695335364292228E-001   6.219702102411622E-001   2.695335364292228E-001
    148   10   3.458056539791580E-001   7.716322877829154E-001   3.458056539791580E-001
    151   10   4.216319036087889E-001   7.359005805772034E-001   4.216319036087889E-001
    152   10   4.216319036087884E-001   7.359005805772032E-001   4.216319036087884E-001
  </DiscreteSampler_grid>
