  0.00323659788402180  0.01346545928729156  0.02528084024680859  0.03730349302806074
  0.04919975147761946  0.06081161360816991  0.07221269887906073  0.08355533913767380
  0.09472012982968950  0.10532470727216717  0.11505530809209283  0.12408001870171644
  0.13353496972744017  0.14357697507770451  0.15424119784826751  0.16502256634355908
  0.17586973574541240  0.18681109280090391  0.19781344970202647  0.20914205428615226
  0.22052873248213431  0.23141434510046097  0.24165894842917374  0.25197153576196407
  0.26259765353366843  0.27309106408469064  0.28226351235943065  0.29148459772997187
  0.30048724721806130  0.31048226615186575  0.32155748452619615  0.33397534943810886
  0.34678138717990176  0.35826414610465041  0.36940049363808214  0.38014434463609809
  0.39151782051079770  0.40170695818215219  0.41217895195237114  0.42321596465272637
  0.43494271384232130  0.44595871173812746  0.45636315182069076  0.46673115612093730
  0.47726321990463777  0.48799259640115666  0.49912666722643989  0.51005511198424314
  0.52002066957994875  0.52968059486058328  0.53929884435920383  0.54985277364769192
  0.56127685318860987  0.57300981396660888  0.58399368054891787  0.59433401122010454
  0.60482074542662356  0.61510729877798365  0.62457019778212386  0.63421147435899861
  0.64419993511600726  0.65477824056987355  0.66531894293560068  0.67600898945913168
  0.68685747548339482  0.69781061186593984  0.70861864658282192  0.71927237027501811
  0.72988537928788966  0.74072785133178431  0.75113015597304289  0.76068205612813455
  0.76956817029967906  0.77810445539180983  0.78743765475440253  0.79770025343914941
  0.80812118044445713  0.81901128200422535  0.83101916581908952  0.84335860757000147
  0.85451868517678264  0.86470958434570100  0.87486457233651493  0.88551695185638923
  0.89654260831299704  0.90752824076398564  0.91800260473214734  0.92747199700986027
  0.93705324194724260  0.94664047819339314  0.95781984276109988  0.96657566119297367
  0.97553207489657290  0.98374222157141167  0.99250812748447914  1.00000000000000000
  0.00301424133362833  0.01206049956333092  0.02301484267870391  0.03369629914673318
  0.04449434832898462  0.05418604314000167  0.06378309861120569  0.07366170845662517
  0.08437785551279604  0.09578628352667060  0.10755297260207974  0.11926669344218076
  0.13047504049842043  0.14153966569460821  0.15288388258070451  0.16481918135565296
  0.17781572107510965  0.19056165308591425  0.20190412408421937  0.21267009230081851
  0.22402047654390275  0.23535196853376783  0.24654247857562012  0.25785238328809179
  0.26889820752067395  0.27924300957960846  0.28941866311315456  0.29983502527330708
  0.31037280236661285  0.32098151979332074  0.33166794680895501  0.34287458020574446
  0.35415841178385060  0.36475481347617383  0.37433827965042865  0.38353738874086690
  0.39285933763616809  0.40302704881441709  0.41327554752812184  0.42400251484518370
  0.43441201959707348  0.44491346092373824  0.45514412188404146  0.46598798694315291
  0.47451365582678806  0.48289571372350870  0.49109097145113911  0.49953403858109591
  0.50901684000165381  0.51926952358198974  0.52992545636883037  0.54056304453393600
  0.55055211715646379  0.56006824715807435  0.56981102570468845  0.57984585384497545
  0.59012349585080137  0.60051595412993009  0.61137041684531579  0.62213155151460420
  0.63311319508242381  0.64470149928795306  0.65650139602649105  0.66768442879366086
  0.67812449242780815  0.68842804885805264  0.69861706430852477  0.70892949436155350
  0.71921743092204227  0.72931228953654226  0.73890665297956271  0.74874360558731390
  0.75899734450228551  0.76908272365624009  0.77928488042034505  0.78965672727417324
  0.80053555693545286  0.81165560494814759  0.82314702489712421  0.83413072956488676
  0.84469696599055166  0.85549334619011519  0.86622594970082611  0.87733652348670010
  0.88824800578012064  0.89958042303139774  0.90943452264982860  0.91930819234832328
  0.92905262348232520  0.93912119213570533  0.94953378840177594  0.96023316653965574
  0.97075388007054564  0.98076981749122139  0.99042527111214407  1.00000000000000000
  0.00000407608197293  0.00000436926004324  0.00000460929631427  0.00000479038038422
  0.00000491467905294  0.00000508205288085  0.00000528900178760  0.00000550390238735
  0.00000575207166029  0.00000610402665494  0.00000650649383704  0.00000685681484380
  0.00000722060999448  0.00000759397784287  0.00000800111088520  0.00000851410952857
  0.00000910363779607  0.00000972564776454  0.00001034010267986  0.00001100546662585
  0.00001166844493208  0.00001237813262644  0.00001324550216244  0.00001416501334972
  0.00001511189226795  0.00001613143748849  0.00001724184472593  0.00001843664526606
  0.00001967550970620  0.00002094997950863  0.00002227348722391  0.00002369273732506
  0.00002522368853556  0.00002693307371785  0.00002897459250425  0.00003129844686244
  0.00003375398875415  0.00003619424171370  0.00003878376659342  0.00004152447480998
  0.00004455176150448  0.00004776761309894  0.00005120048511566  0.00005495665488068
  0.00005889108257736  0.00006293625956566  0.00006716034064074  0.00007161502852447
  0.00007648943276637  0.00008195246390222  0.00008789372828292  0.00009444663172256
  0.00010169211821255  0.00010967172228585  0.00011842455258767  0.00012754884452281
  0.00013713113970802  0.00014746689196678  0.00015826865720886  0.00016958567850844
  0.00018193767975694  0.00019601697329762  0.00021327703582033  0.00023219188504593
  0.00025312030396013  0.00027455666855172  0.00029726235335262  0.00032077902439024
  0.00034502101172465  0.00037089350372238  0.00039987011952191  0.00043353674098634
  0.00047332458080955  0.00051795334788485  0.00056808052979164  0.00062090140592560
  0.00068286996001971  0.00075459398461147  0.00084171912389314  0.00095087046566814
  0.00105640470754699  0.00116653732362882  0.00128759917044358  0.00140357839967812
  0.00154088777541187  0.00168335390909795  0.00189780705769981  0.00217721778570699
  0.00249361022029984  0.00285686971276415  0.00337766078420077  0.00412743875778290
  0.00518593117833144  0.00632614129555154  0.09838011732663882  1.00000000000000000
  0.00000380483038755  0.00000409171518225  0.00000426220281043  0.00000445413683683
  0.00000467894491624  0.00000491498154626  0.00000512835997302  0.00000537643344455
  0.00000563695419364  0.00000592829226245  0.00000626463586081  0.00000664765234343
  0.00000709872763438  0.00000758993165530  0.00000805680377617  0.00000863614967476
  0.00000927254456372  0.00001004080712762  0.00001091072948595  0.00001178397843336
  0.00001265046254507  0.00001363079332447  0.00001469923162731  0.00001589480810518
  0.00001710098636272  0.00001848216870522  0.00002004912866525  0.00002195358311323
  0.00002401482910030  0.00002628095153872  0.00002875819833726  0.00003142377026932
  0.00003419798876279  0.00003714061111351  0.00004039853538510  0.00004405792691523
  0.00004807148426797  0.00005220006900913  0.00005644840563831  0.00006098794301801
  0.00006604908891017  0.00007172491318955  0.00007785389912210  0.00008413314838050
  0.00009082836787157  0.00009820028049511  0.00010630886578957  0.00011418552060100
  0.00012253267543309  0.00013178431088091  0.00014224926228240  0.00015377738725591
  0.00016535361542288  0.00017703171411386  0.00018895539387363  0.00020181602196648
  0.00021535984150441  0.00023004959696233  0.00024521421409486  0.00026069707710155
  0.00027735020595219  0.00029639345666684  0.00031959090561543  0.00034465658999074
  0.00037078741103846  0.00039749386991768  0.00042600190159391  0.00045665887102606
  0.00048984194008016  0.00053119412334056  0.00058204896674789  0.00064202047724235
  0.00069707064047124  0.00074892301552161  0.00080277999879452  0.00085394349258061
  0.00091185686258594  0.00098230749932828  0.00105772667959317  0.00114171940141964
  0.00125696489933112  0.00139622762843692  0.00153779964035614  0.00164078939637974
  0.00174972770513599  0.00187144092708498  0.00201755569659998  0.00230278165828082
  0.00273435106725543  0.00297644788929265  0.00320204549136307  0.00350692619782119
  0.00456794889510541  0.00718413984322608  0.04032523147022585  1.00000000000000000
  0.00000693784862109  0.00000935879061379  0.00001098392682820  0.00001239357514657
  0.00001376454672697  0.00001507145714347  0.00001633537352284  0.00001751904466145
  0.00001876644133026  0.00002008752014529  0.00002160593630951  0.00002322050399782
  0.00002504176141314  0.00002711674716317  0.00002933791410500  0.00003162153202717
  0.00003408117430920  0.00003685375481306  0.00003995361472341  0.00004341027502477
  0.00004746132019580  0.00005209719883915  0.00005724883474264  0.00006290454142044
  0.00006905383981462  0.00007545444292431  0.00008154613869380  0.00008755720992897
  0.00009403289708167  0.00010115707613448  0.00010906462786264  0.00011763925719907
  0.00012706726166046  0.00013723206934955  0.00014730723173298  0.00015727206686929
  0.00016754839868636  0.00017805985268448  0.00018877638674474  0.00019976647711033
  0.00021159849845341  0.00022402138598528  0.00023736078345952  0.00024995463339428
  0.00026432888006355  0.00027725648775532  0.00029123970712352  0.00030606999498615
  0.00032193582479442  0.00034022231313396  0.00036003825289394  0.00038150826154104
  0.00040405422110735  0.00042697019789771  0.00045075747195004  0.00047352531281283
  0.00049630356900701  0.00052062448227540  0.00054755899294568  0.00057797178219810
  0.00060870474004782  0.00063932714828845  0.00067143215999707  0.00070364501148676
  0.00073761827442924  0.00077414724559773  0.00081354840758721  0.00085828573963735
  0.00090975531884313  0.00096342866823226  0.00101511406211975  0.00106449577659776
  0.00111425145416763  0.00116736971742010  0.00123108725777484  0.00130161833012168
  0.00136489954699636  0.00142748301416529  0.00149465213089273  0.00157434398524179
  0.00166803617392926  0.00177700360203542  0.00190352846800584  0.00205431166245894
  0.00221898344439249  0.00240502825194208  0.00263908388350239  0.00292673921221272
  0.00323286390198294  0.00357239712760673  0.00391861150174274  0.00437996325208038
  0.00493273116276455  0.00576897504984320  0.02863386688827348  1.00000000000000000
 -0.00272757179844573  0.01109198043553843  0.02205549390312408  0.03477431262914769
  0.04579512969715812  0.05808684745713193  0.06984756294896376  0.08184427286796724
  0.09384420491801362  0.10621635935295681  0.11894820396864633  0.13024876548596903
  0.14100116840255847  0.15251382774558728  0.16425445809588640  0.17414992357274151
  0.18374336616745179  0.19425800205064678  0.20635593569238006  0.21901633087071506
  0.23083005185381134  0.24147416690054579  0.25114592245664313  0.26063321498217029
  0.27072606456452614  0.28180038635998655  0.29287171928016287  0.30234906074013196
  0.31163624572350884  0.32090529966830467  0.33220927995939714  0.34202595568790195
  0.35114723561367811  0.36015099014549318  0.36980038018162237  0.38008654048352380
  0.39004776169224659  0.40020341886421379  0.41032470732135062  0.41982951740608920
  0.42872126561998403  0.43809129213467696  0.44835021605501241  0.45998554252968549
  0.47135157112017279  0.48234164490518683  0.49266050264108074  0.50338242785445753
  0.51327524516842815  0.52308959604002370  0.53304041544000202  0.54370338186675005
  0.55556626785785201  0.56745022194358175  0.57892921169775002  0.58984244475394998
  0.60030990649240557  0.61075022105653320  0.62112077434714386  0.63111598475906350
  0.64062212100912352  0.65025657536681991  0.66022772662126683  0.67037869587337306
  0.68000552963442629  0.68951100659395426  0.69834365631915096  0.70744292790686569
  0.71715872772829437  0.72779879771049849  0.73842086260570039  0.74831210710912832
  0.75825537284011824  0.76790850556035906  0.77750411023274280  0.78715689601685002
  0.79669115182868055  0.80603696897500154  0.81542296841282258  0.82515087836457979
  0.83583924215381900  0.84670851791064561  0.85773299986009099  0.86848590574772999
  0.87993132941129060  0.89183821392684515  0.90349562568716124  0.91505395951886503
  0.92686102138454574  0.93779760010891533  0.94863365720251303  0.95951952432693377
  0.97185340465221715  0.98202389182504635  0.99136186029907736  1.00000000000000000
 -0.00284553183644691  0.00993327295343825  0.02037205166388628  0.03096480807914763
  0.04114139274867436  0.05094509784602778  0.06076814262329353  0.07082621201337426
  0.08079683175022348  0.09063989684416682  0.10016405953643880  0.11025760692786268
  0.12146788446115786  0.13309931850473564  0.14545503336309859  0.15784423523644991
  0.16983124344403502  0.18147627603174840  0.19210315006889464  0.20194000320008124
  0.21161039690995814  0.22168336484362447  0.23195941641571474  0.24201254166258512
  0.25216346701546749  0.26309338793381642  0.27511092743932691  0.28726582678493473
  0.29882757622222317  0.30975817969538921  0.31992780071741894  0.32950603859183319
  0.33881714052941619  0.34840361284180571  0.35862715921193000  0.36880635696523173
  0.37860377940726281  0.38849223849452563  0.39898433610557288  0.41070233761170266
  0.42258968004328468  0.43371132157777004  0.44365998643455068  0.45318083335849185
  0.46285776064119333  0.47289821982342700  0.48307507592917776  0.49307034766685526
  0.50306309560038609  0.51235451642595842  0.52197257338281344  0.53238735048699815
  0.54321715788396485  0.55400798288384812  0.56438629274639696  0.57495587679896609
  0.58590758610355664  0.59695893860969274  0.60824858064113163  0.61898332317271676
  0.62866635476933064  0.63795576343096883  0.64771138386849314  0.65844358013401927
  0.67014428414270377  0.68111937012951551  0.69164957110606451  0.70151754013968881
  0.71205154327109199  0.72241390716313214  0.73266601795218189  0.74262119686256989
  0.75219108397496937  0.76164429184863203  0.77141552573688943  0.78124183246556367
  0.79110246613085244  0.80120415212323282  0.81189829247759471  0.82308130869142782
  0.83452915154548457  0.84620468058144915  0.85777738214658694  0.86963887652453964
  0.88148375205796492  0.89301175872067418  0.90430089247724887  0.91528747492229778
  0.92609632398663078  0.93685224131744371  0.94705739475046125  0.95679210508626344
  0.96669774459143853  0.97721553908073056  0.98851071631344101  1.00000000000000000
 -0.00286824487684387  0.01167910831525319  0.02299345999062029  0.03386522723935487
  0.04460715608232425  0.05520008651999259  0.06553351342361431  0.07589170235453438
  0.08628382767992594  0.09660353757210736  0.10713237745847781  0.11776999556686549
  0.12841847319822650  0.13878146140322201  0.14914520783789509  0.16029464244979544
  0.17259111017590970  0.18511520071074020  0.19674562901939277  0.20691330825647578
  0.21652867893677299  0.22613621313608756  0.23615727482811000  0.24675768406614115
  0.25720148491692885  0.26787353542328290  0.27849213710140175  0.28884136642377800
  0.29887201413188336  0.30905820595024253  0.31923194665844545  0.32886064343965532
  0.33824337666150206  0.34775465138710376  0.35799919274803815  0.36891590139030106
  0.37961409674430890  0.39022547457008167  0.40074199693713602  0.41070143575150470
  0.42033781059149727  0.43002321725598180  0.44001301636338552  0.45004096188882087
  0.45986446732053671  0.46987023917453546  0.48049855971359878  0.49159737095658301
  0.50146574609632166  0.51131255661232899  0.52085340321269635  0.53090683327223098
  0.54108730392341953  0.55150708868154386  0.56212618724696195  0.57291176788094089
  0.58394822384344280  0.59508875386108162  0.60618546806170748  0.61710537009839328
  0.62821888705680085  0.63901647930031291  0.64906852618020128  0.65916434548687575
  0.66933793543348941  0.68132698655174773  0.69322281345116232  0.70570465050646702
  0.71765252198922225  0.72828912705900861  0.73821225873686258  0.74809005909779480
  0.75857169968264349  0.76982180319120841  0.78189372975692650  0.79397669383479608
  0.80519908591024214  0.81558432920818813  0.82603329155504968  0.83627418902447770
  0.84586393391710069  0.85617641034694436  0.86707503989118806  0.87920185305327403
  0.89097135494839408  0.90178621038686613  0.91191867296574691  0.92298561441760818
  0.93446170584679167  0.94591866555220738  0.95656143917085679  0.96695523964500829
  0.97572419199548410  0.98384365957163034  0.99171835592605961  1.00000000000000000
 -0.00284909265957546  0.01162276261428670  0.02355716685384406  0.03488617409976538
  0.04692906562075834  0.05836377127962662  0.06870606089458890  0.07755584985017275
  0.08677817222633483  0.09714294893802665  0.10814259098159387  0.11858103781609693
  0.12821724935207415  0.13784247413306272  0.14793409534831498  0.15859643074745894
  0.17077948102451443  0.18214750553977427  0.19325926448269470  0.20447335121316090
  0.21622592150911682  0.22863558997755667  0.24117569128553912  0.25231690784697564
  0.26273612413869746  0.27221942928772258  0.28259511520111857  0.29275316305190757
  0.30353886718128453  0.31415621429453777  0.32446732739861822  0.33445888380534622
  0.34445462202206933  0.35496807408079595  0.36589272997673372  0.37598936519140530
  0.38594765654006158  0.39619340416552029  0.40659363552325473  0.41710581040136951
  0.42733846446142709  0.43757521340848504  0.44767188763948379  0.45736966162538972
  0.46710491462800430  0.47706151671642910  0.48746372536251797  0.49817319471659205
  0.50881620132668670  0.51962156506995139  0.53064551855076947  0.54180209643749533
  0.55240048394351893  0.56244950539246497  0.57232426312971829  0.58252278167562854
  0.59304050426798216  0.60377534625592055  0.61437020124048747  0.62472805124467012
  0.63464394542205227  0.64436906487551182  0.65385607036058691  0.66331199151486220
  0.67273327916585091  0.68280324259250458  0.69332618170329885  0.70485205457019151
  0.71656333665833893  0.72777759516430807  0.73827416614768027  0.74873695490296166
  0.75972954845638585  0.77124896579672964  0.78280499388278846  0.79416071756138162
  0.80528742628815753  0.81658292282759248  0.82740818090445334  0.83727995457707860
  0.84729929512223745  0.85734018353027919  0.86809061190446679  0.87869606083468210
  0.88853075664855374  0.89830370603276255  0.90795221148698468  0.91711839861407951
  0.92607853713830746  0.93441907403841895  0.94404861589533806  0.95418266131414886
  0.96496428784072774  0.97671137240954553  0.98826283168367635  1.00000000000000000
 -0.00184225870453012  0.00789982208476890  0.01769382927916585  0.02818950993924352
  0.03908846364246668  0.04891412799251412  0.05839146792777711  0.06806081629541247
  0.07804443360774865  0.08854064807335076  0.09895278147197378  0.10946849154482370
  0.11972898945584405  0.13014944218142288  0.14102768236550609  0.15248883905534352
  0.16444365133944577  0.17611255584146232  0.18755809386744102  0.19955330240018554
  0.21141883073117435  0.22345231612686872  0.23528489107781550  0.24667121984364390
  0.25678446817006684  0.26716410269131508  0.27820704581974826  0.28954655736977503
  0.30038040344075412  0.31222208954243769  0.32488277290592793  0.33694882853061020
  0.34843744243623004  0.35926414155860381  0.37079276011307238  0.38155382143080396
  0.39352102016227292  0.40534951463718655  0.41656081710708409  0.42655491564761011
  0.43616025848629836  0.44576762517615670  0.45553750682070621  0.46581165433504801
  0.47606810680008832  0.48712656223363948  0.49835594624890134  0.50960145036470172
  0.51989642550669213  0.52831155972118815  0.53630628144800707  0.54432229571997637
  0.55328479379298989  0.56334730471019101  0.57381841837083136  0.58473912184865162
  0.59605148825385135  0.60734942562420213  0.61811219182513921  0.62799279715904799
  0.63714486450446228  0.64617973079869584  0.65567136169100027  0.66575912024297279
  0.67651213553506095  0.68769153753657319  0.69872972250936161  0.70939116501797383
  0.71997200305964260  0.73117294084082962  0.74303411236620376  0.75517842601892127
  0.76701416515712206  0.77793478497527857  0.78837784349373941  0.79840385963732796
  0.80888767642303627  0.81916213205345567  0.82878047676135191  0.83806056917542782
  0.84805279988095927  0.85858120227903467  0.86759928139070397  0.87604007080323731
  0.88442203430551525  0.89374321632173515  0.90460017661161107  0.91499175731450810
  0.92516013384659368  0.93488536200395012  0.94528328046439980  0.95504953806611370
  0.96544300102304859  0.97613465550869338  0.98764829821445210  1.00000000000000000
  0.00009395829023935  0.00018657214870719  0.00042843167910285  0.00065690316622565
  0.00079053635568728  0.00092094631594028  0.00105177311215905  0.00118896108681387
  0.00132562070765031  0.00146188481685817  0.00159633341661413  0.00173132374208010
  0.00186797591304813  0.00200480626493121  0.00214176948595841  0.00227754011914390
  0.00241407693723447  0.00255481494644581  0.00269861358817659  0.00284474657446873
  0.00300421121501340  0.00316128847058559  0.00331551032673106  0.00346928940879468
  0.00362042691105712  0.00376628796136984  0.00392381821162948  0.00408760591417924
  0.00424902078383013  0.00441786793640255  0.00459698856535972  0.00477130297598582
  0.00494583067234088  0.00512108336390537  0.00529745260889484  0.00546994533000086
  0.00562249623236771  0.00578420567739418  0.00596078584627700  0.00613211458080513
  0.00630679584176662  0.00649505465741811  0.00666734924194162  0.00683430992400084
  0.00699955895408863  0.00716909146867331  0.00734902556796357  0.00755276904180543
  0.00777877816842027  0.00802589150108895  0.00825896504945188  0.00846352717044623
  0.00865456218369687  0.00886430941826518  0.00912856887997447  0.00950406495524619
  0.00995509077934689  0.01052869494932954  0.01085924745087082  0.01117293355089936
  0.01144975840558817  0.01165035682321269  0.01185570512110059  0.01207572631005360
  0.01232985750631798  0.01271242951430328  0.01300372650228707  0.01326327322858929
  0.01357447282253741  0.01387444849254765  0.01410932743276087  0.01426377597324858
  0.01450052041394388  0.01474258404640213  0.01498182387387668  0.01541895746519213
  0.01607824117389087  0.01689118165354174  0.01758315780448979  0.01812342700245452
  0.01864067281794339  0.01927880463116650  0.01996939598678081  0.02076049433352706
  0.02178317820220617  0.02330052445235042  0.02419629128238986  0.02620296177124108
  0.02749226886027257  0.03040226056915396  0.03209797117320576  0.03499174402244551
  0.03846163431391911  0.03902556609950282  0.22641739048098250  1.00000000000000000
 -0.00326338676932315  0.01015469848881196  0.02168168629422298  0.03285278732288815
  0.04395515342583471  0.05527920050711936  0.06649881974576101  0.07877552117072700
  0.09199017621290728  0.10479678606681765  0.11664798324924713  0.12737972716783910
  0.13735630206540689  0.14754577076683487  0.15793145741994330  0.16841557170708096
  0.17897602371463325  0.19008434607987698  0.20147155030794192  0.21281672679646932
  0.22324122607153785  0.23378041405710659  0.24461987583013489  0.25619443438280037
  0.26723768753679567  0.27817645463016050  0.28904719400277062  0.29999070284930723
  0.31057847271944133  0.32082374425125315  0.33102180377424956  0.34182273044429701
  0.35186363514559299  0.36123119026443840  0.37011694469861106  0.37939019187184120
  0.38955425861307691  0.39911760729928469  0.40816701615661477  0.41718832647042470
  0.42642789634927991  0.43625257722034605  0.44559951072944132  0.45539304234006767
  0.46546309189847024  0.47577446280300117  0.48580632115546146  0.49585542060110921
  0.50607673347158855  0.51620437258627883  0.52566182511875648  0.53462175347975083
  0.54375398246695306  0.55334194722169094  0.56333903142099928  0.57353409291721180
  0.58386307114474678  0.59456081901209490  0.60504658726406757  0.61466656605514913
  0.62387131348507718  0.63271237370452738  0.64154424796747367  0.65128036385196775
  0.66164867351008216  0.67229434534426102  0.68226485678725524  0.69205459391702473
  0.70216846788930087  0.71302234310382806  0.72417702888045421  0.73531133918058322
  0.74617764982988477  0.75626021456949555  0.76596236796272155  0.77615041308787469
  0.78748475452154754  0.79963993510672782  0.81175977559953116  0.82338087469756394
  0.83421731898231577  0.84397606049553042  0.85356189249738568  0.86378439260944662
  0.87497106304161065  0.88653631839980651  0.89806685370661321  0.90986112609188718
  0.92208942859083920  0.93367598778168726  0.94496310947885931  0.95592384271919273
  0.96709955246336554  0.97819651689695131  0.98922942244601164  1.00000000000000000
  0.00007133345314443  0.00012427596947315  0.00019793462998800  0.00032384480642119
  0.00042965578476314  0.00050706404282017  0.00057193020412450  0.00062133822008126
  0.00067280068201233  0.00072632353747572  0.00078106759951580  0.00083633394284139
  0.00089198838313241  0.00094839427762009  0.00100727436696025  0.00106696496859353
  0.00112769046301326  0.00118819077912075  0.00124850302381627  0.00130856752185551
  0.00136849121004726  0.00142837635779544  0.00148824636489395  0.00155067550020528
  0.00161373969985914  0.00167818053224805  0.00174231051528877  0.00180545825118660
  0.00186936111746907  0.00193421394047316  0.00200341634767438  0.00207472030477832
  0.00215010179908732  0.00222368210618775  0.00229525610403216  0.00236522388121754
  0.00243469976979043  0.00250316471660740  0.00257167671930693  0.00264028553736686
  0.00270598557502849  0.00276879463069148  0.00283500962948627  0.00290453082560733
  0.00298135998140845  0.00306123454952273  0.00315089879884668  0.00324163789964850
  0.00333369348456929  0.00342191510418022  0.00351315304920943  0.00361292713817929
  0.00371672008059682  0.00384005066087756  0.00397031025477673  0.00408700643419114
  0.00419227356320720  0.00428507283092511  0.00437856637386463  0.00447608981642511
  0.00458220694031194  0.00469440040311484  0.00480863560021714  0.00492060170083634
  0.00504459355904061  0.00518513353482715  0.00533531461466417  0.00547529114328403
  0.00559888520962744  0.00572197074058845  0.00586044035452160  0.00604832410017424
  0.00622095127296358  0.00637399619325261  0.00652864815472600  0.00675395971648190
  0.00713204592711292  0.00757580886953250  0.00788866977808013  0.00817751900341810
  0.00869180950221671  0.00950113437037513  0.00968846809732576  0.00987058764890888
  0.01004876980086181  0.01027197533598059  0.01044435437837384  0.01063076461714358
  0.01082137921541358  0.01155436038225882  0.01195343996623396  0.01305525795271889
  0.01812591416425376  0.01901792312395613  0.06358076939366689  1.00000000000000000
 -0.00223372589593379  0.00909316187181995  0.01919302428118178  0.03026013425227241
  0.04005064220516113  0.04938848151316260  0.05928216141950640  0.06928551532688747
  0.07964783437411328  0.09048894996354927  0.10145477953903663  0.11244257633948454
  0.12354470883995732  0.13529429012300795  0.14708215419422480  0.15876336548591544
  0.16986452052626244  0.18124581294303865  0.19147598635370061  0.20229236112291601
  0.21239544047364195  0.22260401545470621  0.23301379080616297  0.24439984261895506
  0.25609652831466484  0.26847025309387490  0.28040662387745585  0.29115555427390927
  0.30127398201369782  0.31157692463448544  0.32290705344847270  0.33459278395570402
  0.34608769386389837  0.35753539503043213  0.36874693828390448  0.37962157068180702
  0.39005175538398817  0.39998959852770744  0.40986246770586077  0.42006393026169542
  0.43066699167457428  0.44174084677446124  0.45040598939807047  0.45937495671636674
  0.46848102232309247  0.47817172873694092  0.48867126235714153  0.49890713291724870
  0.50976094219702239  0.52095807456180820  0.53185278346249154  0.54160778853055347
  0.55090892949766512  0.56011365701335980  0.56946422878680492  0.57921193116810477
  0.58936545969317655  0.60012753924266382  0.61136200647004191  0.62201619485783299
  0.63245599527625695  0.64247171472325471  0.65275580779927311  0.66310825750599767
  0.67374023653063053  0.68456669958418404  0.69498517919858038  0.70521644440739062
  0.71558117646350894  0.72626984398888061  0.73751388265468365  0.74894487678620703
  0.75963441822003475  0.76983258228153528  0.77997008180611260  0.79068210091724567
  0.80262227690275445  0.81423164600948794  0.82501304886289928  0.83583106470831425
  0.84609157147458236  0.85648926595177011  0.86682240686657852  0.87700540063277543
  0.88681998406019180  0.89631366138904212  0.90618673735447430  0.91692481052017083
  0.92805011980060481  0.93937554155625147  0.95051328296853865  0.96154545243495715
  0.97214225163325607  0.98194441309500691  0.99105147164846241  1.00000000000000000
  0.55732601053810171  0.59164540369879970  0.61010003405032054  0.62393543925815864
  0.63532945867184221  0.64617504805053894  0.65644874679729603  0.66539034434615651
  0.67481428988929804  0.68454116156456601  0.69388325470540202  0.70236367913299536
  0.71019884453252247  0.71728455273662806  0.72440186122475747  0.73135588684071895
  0.73809104858405805  0.74409091626926427  0.74945666283743451  0.75469713668062144
  0.75991443134440340  0.76511776594573300  0.77015338460865712  0.77523265015363085
  0.78051097546801240  0.78557581555986178  0.79018675552030326  0.79431682708776796
  0.79826728858922180  0.80216642933207638  0.80616254427854717  0.80999497292939493
  0.81376758327042797  0.81740800185662210  0.82096896023801880  0.82441577914932973
  0.82783234038714792  0.83133638896221318  0.83460359922750982  0.83754288353232109
  0.84032053394237194  0.84305740804137008  0.84577750858977507  0.84849360525644513
  0.85118162240061512  0.85381798933489761  0.85644324959802809  0.85917308199159292
  0.86215691330023936  0.86528410065193595  0.86844156189755195  0.87158285570242522
  0.87448859615718522  0.87724070082168104  0.87986588168133928  0.88250321471090287
  0.88520686589988029  0.88797326576994906  0.89081764080411940  0.89374427076604901
  0.89651975740216883  0.89899833347861469  0.90147504831266057  0.90396095693795020
  0.90654658541379174  0.90932009646087297  0.91226163682254391  0.91509354829311551
  0.91770715116972346  0.92013586618438792  0.92246665877640466  0.92490455636947377
  0.92749565610351459  0.93001434231259728  0.93238016101940324  0.93475253647677414
  0.93707742403616223  0.93961599469739010  0.94238155068098928  0.94495916990575379
  0.94742295722931003  0.94982976473823122  0.95235285743902931  0.95499229390006768
  0.95781574968936001  0.96087706886011415  0.96403659170973222  0.96720538697276603
  0.97023779159624468  0.97325882742950276  0.97641113258083345  0.97994170849707340
  0.98384112069676333  0.98809501046826820  0.99313110952498440  1.00000000000000000
  0.04580457107626790  0.17914708650672742  0.19629678547044657  0.20987813690061460
  0.22116632691342319  0.23159578645827900  0.24219464279245048  0.25191940708462773
  0.26129974011325002  0.27070772424329625  0.27949453776021665  0.28842555360392391
  0.29691264949712787  0.30513745933536024  0.31294687572947411  0.32045979709518563
  0.32779955759638590  0.33477850152044936  0.34138412989135031  0.34773855552755872
  0.35418414095559281  0.36072859119476219  0.36705519797823871  0.37308714302901935
  0.37913073002102105  0.38511689536829163  0.39115010446322096  0.39686948808434735
  0.40261085097514804  0.40831513097360561  0.41389710891226306  0.41928442619391204
  0.42437375802868360  0.42945633266844990  0.43468874972005778  0.43970794320517137
  0.44459753292092874  0.44938775547726711  0.45433548594390405  0.45898777124157908
  0.46361651481782862  0.46832007588454699  0.47316508365198473  0.47828089027747528
  0.48363191287876883  0.48879980567653425  0.49375081619312972  0.49839205080822158
  0.50289873935043206  0.50749987255039020  0.51212594011486712  0.51681170931344789
  0.52175909191056724  0.52709761662279886  0.53308445113984382  0.53835460981662564
  0.54356952117353785  0.54861987807138723  0.55372390643060165  0.55908616291489910
  0.56480277071874185  0.57090238667950399  0.57712474092145005  0.58334698673293706
  0.58954119628918078  0.59571951300732529  0.60215321418884293  0.60798152402881755
  0.61332058389737132  0.61843019446851810  0.62346714364439271  0.62862456033894887
  0.63402118403958874  0.63967762784199367  0.64557932636370008  0.65169014099260247
  0.65791149567077745  0.66443638283150641  0.67173474936877697  0.67892994367805870
  0.68611451628828879  0.69327828465413577  0.70075589772724689  0.70866346803103730
  0.71720924895993032  0.72683224571136817  0.73687909532599449  0.74632433179080082
  0.75557316039532940  0.76570483756438101  0.77804030530721946  0.79240590846724468
  0.80867725306026972  0.82705353956103711  0.85613972836922236  1.00000000000000000
   5.9555447755841291E-009  -1.0000000000000000     
 F F F F F F F F F F F F F F F F F F F F F F F F F F F F F F F F F F F F F F F F F F F F F F F F F F F F F F F F F F F F F F F F F F F F F F F F F F F F F F F F F F F F F F F F F F F F F F F F F F F F F F F F F F F F F F F F F F F F F F F F F F F F F F F F F F F F F F F F F F F F F F F F F F F F F F F F F F F F F F F F F F F F F F F F F F F F F F F F F F F F F F F F F F F F F F F F F F F F F F F F F F F F F F F F F F F F F F F F F F F F F F F F F F F F F F F F F F F F F F F F F F F F F F F F F F F F F F F F F F F F F F F F F F F F F F F F F F F F F F F F F F F F F F F F F F F F F F F F F F F F F F F F F F F F F F F F F F F F F F F F F F F F F F F F F F F F F F F F F F F F F F F F F F F F F F F F F F F F F F F F F F F F F F F F F F F F F F F F F F F F F F F F F F F F F F F F F F F F F F F F F F F F F F F F F F F F F F F F F F F F F F F F F F F F F F F F F F F F F F F F F F F F F F F F F F F F F F F F F F F F F F F F F F F F F F F F F F F F F F F F F F F F F F F F F F F F F F F F F F F F F F F F F F F F F F F F
  <DiscreteSampler_grid>
  grouped_processes
  1 # 1 for a reference and 2 for a running grid.
  10 # Attribute 'min_bin_probing_points' of the grid.
  1 # Attribute 'grid_mode' of the grid. 1=='default',2=='initialization'
  0.0000000000000000 # Attribute 'small_contrib_threshold' of the grid.
  0.5000000000000000 # Attribute 'damping_power' of the grid.
 # binID   n_entries weight   weight_sqr   abs_weight
    13   10   8.088181982426302E-005   2.481664129723536E-008   8.088181982426302E-005
    16   10   8.088181982426302E-005   2.481664129723536E-008   8.088181982426302E-005
    22   10   5.224136510705353E-005   1.658589205113710E-008   5.224136510705353E-005
    25   10   5.224136510705353E-005   1.658589205113710E-008   5.224136510705353E-005
  </DiscreteSampler_grid>
