  0.00288358382295454  0.01497319823784206  0.02601936929283107  0.03682771917070458
  0.04733600213575489  0.05831193296022415  0.06962535303672082  0.08124429113938982
  0.09150392686870894  0.10134462454441204  0.11081700853126106  0.12034709782272973
  0.13055349873374017  0.14151227162636026  0.15422243014422238  0.16797320747932237
  0.17991952277457929  0.19119146563517239  0.20271379231967504  0.21411587310775218
  0.22538372994249262  0.23697435349088652  0.24865713888158150  0.25985885748616588
  0.27144934020595557  0.28257573299533567  0.29409459761250017  0.30465354661597199
  0.31535096096351184  0.32630863423979034  0.33676024211680422  0.34714402399229538
  0.35886748671865942  0.37152435450517485  0.38364803707664080  0.39459173659617341
  0.40520812397283129  0.41560507967134819  0.42665891884835427  0.43859853633933288
  0.44969560335143766  0.46041119711686634  0.47077382106813120  0.48187850021917245
  0.49227349412888316  0.50259223809243059  0.51293031349739049  0.52381111664004587
  0.53532173393549665  0.54622427336941781  0.55658798539185728  0.56634645076238233
  0.57614321052584738  0.58697202038163010  0.59904666123464267  0.61054555597480875
  0.62039492596238377  0.62963153027164065  0.63907092761290574  0.64830154202481316
  0.65739598265505905  0.66731763033352021  0.67887410629700029  0.69209098861863916
  0.70466762603440303  0.71579348143434518  0.72571447422984847  0.73549453134211062
  0.74375723883719158  0.75107973424703678  0.75795665472308493  0.76467533380348851
  0.77288838883330302  0.78292511163711975  0.79373789590816846  0.80322414174920787
  0.81122497683101713  0.81867362988655490  0.82517701296063817  0.83404801473037216
  0.84446428686404573  0.85559050068618869  0.86604995339036961  0.87526939707573859
  0.88362410914326317  0.89188303404687819  0.90071332581274222  0.91032922547246864
  0.92062788488861735  0.92890245953932815  0.93818450046458002  0.94729741529275613
  0.95695844362243465  0.96877236630651686  0.97953196977138757  1.00000000000000000
  0.00002730257883717  0.00005484935288101  0.00006840621548953  0.00007755087233052
  0.00008526590195269  0.00009317150497224  0.00010251359011790  0.00011242697180496
  0.00012110921881537  0.00012967167978616  0.00013903884989474  0.00014961375954535
  0.00016160053545693  0.00017456542071895  0.00018814121657379  0.00020182349423953
  0.00021538214042883  0.00022867123476572  0.00024230555619766  0.00025688745425447
  0.00027267070212327  0.00028866460017880  0.00030443506803285  0.00032045100562901
  0.00033792755986613  0.00035784577225222  0.00037851799632831  0.00039668165859619
  0.00041387307393768  0.00043179147682588  0.00045274927533559  0.00047690255514702
  0.00050192541767038  0.00052641989058186  0.00055081358234387  0.00057647055398832
  0.00060488874994342  0.00063757948448163  0.00067427287473801  0.00071369864989914
  0.00075663079683523  0.00080130101848171  0.00084669853917447  0.00089537449353868
  0.00094608586683034  0.00099278271259667  0.00104200100385663  0.00109238960406592
  0.00115100384092826  0.00122198738185589  0.00129485754318135  0.00136291208018048
  0.00142615160554361  0.00148873403005819  0.00154116189989885  0.00159152541972136
  0.00164287259807963  0.00170429459514944  0.00178193341442222  0.00184901238962372
  0.00191454870328527  0.00197815815242663  0.00207112717151014  0.00216949013759216
  0.00227422835476322  0.00238672006127375  0.00251138471009553  0.00266099643946276
  0.00283856684696908  0.00302554276834102  0.00318727532375864  0.00334986544437256
  0.00354586160456647  0.00382458165285307  0.00415520274958191  0.00449181512555023
  0.00483770159579376  0.00515255308862190  0.00544075021680325  0.00573273718560756
  0.00607888989022782  0.00656200157687589  0.00687877136588020  0.00733061673927840
  0.00785281832450493  0.00843903754251569  0.00935739174334173  0.01092263874829329
  0.01257202515308421  0.01451401586240734  0.01626468869444251  0.01685276416227525
  0.01824643670750161  0.02155041505123589  0.03029600449103981  1.00000000000000000
  0.00189481895236313  0.01645018971220237  0.03174947974171087  0.04653898947990329
  0.05971745205455267  0.07177278678330859  0.08304162999333334  0.09480075817054197
  0.10559019477610071  0.11620739128764629  0.12673622951089555  0.13697424143458362
  0.14708954628471735  0.15717974459101200  0.16740111961875387  0.17759852628419073
  0.18748222086507471  0.19846331342826259  0.21092795151528976  0.22472770270897582
  0.23768864785327828  0.25066692741279561  0.26365779471070261  0.27629335942230099
  0.28835677223964762  0.30027239233412695  0.31321817411289421  0.32746835835076626
  0.34103808085133736  0.35461817576487603  0.36888290717367500  0.38142773313273787
  0.39229252080019122  0.40282125506552519  0.41331037093406259  0.42429893467642937
  0.43601758149834990  0.44852110976047560  0.46007580043049284  0.47069162898047240
  0.48034263635385849  0.48925882971354306  0.49771840016413887  0.50599762180791696
  0.51437631463983269  0.52284461820546857  0.53197965854871987  0.54233398493772933
  0.55358190875832791  0.56570661107349196  0.57862465651064954  0.59165320092571416
  0.60410702411469408  0.61595827820109550  0.62701869345856809  0.63843588975382148
  0.65017776384613657  0.66221473028818734  0.67445268639779887  0.68657994662243060
  0.69979005792987847  0.71234215498058540  0.72378226098623977  0.73447460620709470
  0.74454138931070313  0.75394219639023419  0.76233642042626859  0.76956682452303060
  0.77765494829026294  0.78576820242145851  0.79472377535751537  0.80477910140825981
  0.81593091282413577  0.82736231404444238  0.83850631011145949  0.84988770157537130
  0.85949515084700545  0.86650852716556770  0.87313846615974866  0.87968547707932387
  0.88598345127354994  0.89466281603292408  0.90325410895663893  0.91261176536731170
  0.92211480299337456  0.93164441056764824  0.93940190603798068  0.94663205337984058
  0.95350134710538037  0.95997181668663778  0.96789627805503642  0.97631912785656461
  0.98278492170223386  0.98903344494688805  0.99196770756863251  1.00000000000000000
  0.00000465856877272  0.00000483323151547  0.00000502777879919  0.00000527017154340
  0.00000554523138645  0.00000584457258029  0.00000612799339246  0.00000641975172883
  0.00000675982059880  0.00000718798418650  0.00000762704475475  0.00000808004534040
  0.00000857765614150  0.00000913722990510  0.00000981662162543  0.00001056458668421
  0.00001137001392278  0.00001222503168104  0.00001322426035535  0.00001441915070199
  0.00001557780400342  0.00001680630148906  0.00001816907049217  0.00001967419106435
  0.00002172613769114  0.00002427060330330  0.00002712689549569  0.00003033776764930
  0.00003407487718112  0.00003821104505274  0.00004271808560627  0.00004762639342706
  0.00005307017696571  0.00005969883419909  0.00006777348781538  0.00007721930661988
  0.00008702699179827  0.00009742026499653  0.00010903798279125  0.00012136302448211
  0.00013554875579070  0.00014907040977153  0.00016253251909447  0.00017748026219409
  0.00019504716650617  0.00021542387249643  0.00023710852589047  0.00025975048501072
  0.00028537843118012  0.00031517961509598  0.00034961065643690  0.00038552864811009
  0.00042029350811822  0.00045101598847069  0.00048633947178560  0.00052355797035792
  0.00056929456670944  0.00061988073283286  0.00067377167760568  0.00072845584644033
  0.00078744484183311  0.00085333146955838  0.00092434656677226  0.00101284932226073
  0.00109381007885151  0.00115877915291744  0.00122307900138115  0.00128957767040679
  0.00137977973709280  0.00151167582220229  0.00166218645553405  0.00183148299055319
  0.00202375105939958  0.00223745621162824  0.00241424103683012  0.00257423836165043
  0.00271827740499459  0.00286270078507506  0.00302728906564914  0.00324328910504522
  0.00350949740326973  0.00382026485529108  0.00418044211673998  0.00499262986933224
  0.00609847463310260  0.00712805136224694  0.00793722259675411  0.00872595381013517
  0.00956114456080942  0.01047919539882038  0.01168517227634309  0.01289114915386581
  0.01577355915336623  0.01900568963327025  0.03679436521742565  1.00000000000000000
  0.00001271451726557  0.00001575309354759  0.00001801999445751  0.00002031598276922
  0.00002269041723471  0.00002516899367515  0.00002779171760864  0.00003043355080890
  0.00003329314960375  0.00003699253418266  0.00004163794714875  0.00004623104931336
  0.00004975739880729  0.00005340605172270  0.00005736299125060  0.00006178574836661
  0.00006644691288709  0.00007098647064428  0.00007581785745751  0.00008159456586909
  0.00008854614237265  0.00009629669483306  0.00010410131229667  0.00011227887105265
  0.00012107678549868  0.00013147123690185  0.00014414758987225  0.00015805580073701
  0.00017400234384812  0.00019069926149555  0.00020662815089000  0.00022266662365158
  0.00023964380281241  0.00025829085028161  0.00027836583433645  0.00029911032238640
  0.00032113702583968  0.00034548319362690  0.00037095943706853  0.00039704792180718
  0.00041956882418332  0.00044397287424302  0.00046967064829879  0.00050023006137513
  0.00053441579443273  0.00057040841133559  0.00060806871457179  0.00064741940881885
  0.00068568675034403  0.00072380075606243  0.00076675179611139  0.00081331715520509
  0.00087021189111741  0.00093073342456688  0.00099351045339366  0.00105626645643383
  0.00112190765484692  0.00119306404086216  0.00127953290619703  0.00137809850370161
  0.00148318262519061  0.00158297213418637  0.00167380190373116  0.00176517952799860
  0.00185909786376643  0.00197310325155776  0.00210544720397374  0.00226846640102844
  0.00245839690356372  0.00267672441566552  0.00287657163274295  0.00307688171430866
  0.00328573360390295  0.00351125739115162  0.00369990356640207  0.00388272109783801
  0.00407747888629374  0.00426640661886674  0.00441176178045329  0.00456166160605912
  0.00478814626023104  0.00513172303531492  0.00554890662644045  0.00600313557710224
  0.00623951055638739  0.00650739379813035  0.00680574442048327  0.00709457068346033
  0.00732285958052616  0.00758227132773109  0.00784253423205800  0.00840034975068662
  0.00916945155965138  0.00955169767493226  0.01170470437330423  1.00000000000000000
 -0.00229314473723700  0.01116727019357184  0.02285133750792418  0.03568369701060488
  0.04934576536141921  0.06197096604521414  0.07394624556872330  0.08534054021871114
  0.09711456357684914  0.10885402914864967  0.12028329499105175  0.13119450247844139
  0.14188719436604227  0.15477881382172493  0.16720572746795889  0.17838179987435016
  0.18943296998930445  0.20147113121270374  0.21325623239873645  0.22290705094258587
  0.23162355852023361  0.24010355865957103  0.24762577836686434  0.25765787811758656
  0.26734555366604729  0.27912808795103894  0.29047395100035189  0.30134241468236694
  0.31215810130179961  0.32223434294493147  0.33209301607941610  0.34159018883024478
  0.35140697303251439  0.36190298603543070  0.37197149242482280  0.38159144344558799
  0.39019514723019494  0.39994498243650622  0.40966125005791937  0.41848775510088299
  0.42720271464613041  0.43633095022651464  0.44671352365678285  0.45709986826834903
  0.46787867526316562  0.47910677648063210  0.49018135872931679  0.50098156469403310
  0.51058060127079341  0.52017897900277887  0.52794971050944106  0.53585026331832897
  0.54399067393880940  0.55223850155359411  0.56015649148883362  0.56798879473232911
  0.57641871085521779  0.58518742526212697  0.59297403072633970  0.60361225243136829
  0.61416298983578055  0.62546348734149027  0.63722586521894298  0.64900503636383222
  0.66011779342312416  0.67129412181417181  0.68275154383280490  0.69420315449384107
  0.70550247568437952  0.71708403069765436  0.72936154094721306  0.74177420674070216
  0.75375367826252604  0.76588792445661635  0.77791861342675506  0.78968089897398441
  0.80181841733563741  0.81426726624726287  0.82626092470500467  0.83474148206090193
  0.84274773385515966  0.85076904511797768  0.85920657154537505  0.86777908425430095
  0.87588138038653773  0.88396721910588605  0.89408129827135330  0.90705760573016869
  0.92137653137298103  0.93443720862140978  0.94511414814864791  0.95490416301816705
  0.96506473544228344  0.97632189787596046  0.98843612040198359  1.00000000000000000
 -0.00217427434664288  0.00874090532332700  0.01807820432747471  0.02733132796049456
  0.03835368330964051  0.04956533295417812  0.06092136786827330  0.07308099533968702
  0.08603624775559188  0.09786458293952734  0.10770594255262665  0.11691076494105739
  0.12755095647392095  0.14010202516752426  0.14985908144535975  0.15830527033682196
  0.16715296769278729  0.17750765904907434  0.19018072349402429  0.20211127876695123
  0.21251820022164861  0.22045710681881023  0.22841690399703232  0.23635241305405127
  0.24553939688714022  0.25670584447646499  0.27059964618481291  0.28420613966045649
  0.29731797423575906  0.30956588623871267  0.32051374916846387  0.33148615143985988
  0.34245859903898423  0.35316112483057432  0.36345417814721309  0.37322741332779363
  0.38328403619327611  0.39230883776519587  0.40087366769027677  0.41086697626449054
  0.41995846001296078  0.42946139022005975  0.43837114525942200  0.44772398505683680
  0.45692558167028974  0.46602798119289718  0.47496377639510784  0.48499456947638625
  0.49629134110255552  0.50821691533641711  0.52135073324760894  0.53352200953443363
  0.54418609168224275  0.55376698585070827  0.56297774318703830  0.57227931163806300
  0.58182708881333101  0.59190023613063369  0.60289302745655460  0.61514332809868189
  0.62750784632007173  0.63870197215619240  0.64877711485295120  0.65904623164907861
  0.66979986902667110  0.68183016607688041  0.69271159964770068  0.70389813420561542
  0.71437269691419991  0.72660844049465478  0.73856001812034822  0.75111137507650716
  0.76348153446933698  0.77582703942206521  0.78764903876530301  0.79979593450747377
  0.81209832541501703  0.82436136289012130  0.83628152196790217  0.84819282363985826
  0.85904115794294600  0.86866291807241158  0.87802494819658383  0.88798451385070010
  0.90000414070338430  0.91281636761239726  0.92417123630440490  0.93250979097552789
  0.94005110153376359  0.94748355273477947  0.95561057378280789  0.96461865172319972
  0.97413662409022617  0.98354509775022458  0.99191431184339485  1.00000000000000000
 -0.00325718501555781  0.01598168748614449  0.03256928674766144  0.05002783577249012
  0.06661791220843216  0.08317834211535023  0.09748576922023133  0.11027599447527806
  0.12330681743726306  0.13909786781436725  0.15602036324836063  0.17424093398512672
  0.19432664657859169  0.21593891075098956  0.23465271729205714  0.25156680106259305
  0.26691705509167252  0.28165763166621521  0.29657802512441456  0.31350167604416768
  0.33158865028027684  0.34933730372683947  0.36698489574546456  0.38402499901583059
  0.39954919660190324  0.41374899154025235  0.42728128980878527  0.44119384236753767
  0.45658777357605707  0.47215100688105482  0.48850489636903416  0.50384269883585975
  0.51876080764767374  0.53190939405485449  0.54535711557847444  0.55763491425580902
  0.57006048012161081  0.58234755414205253  0.59506152033663717  0.60777978683642875
  0.62004298284656023  0.63202821035499046  0.64403357197310340  0.65607270466418333
  0.66789017354992630  0.67984162850347607  0.69194924743031783  0.70378806261168747
  0.71511134067688231  0.72614478002244753  0.73615973735137563  0.74551391125022570
  0.75491510924823024  0.76349829449369400  0.77164013972375511  0.77959739711984311
  0.78804242887368103  0.79788942126353801  0.80763422318832023  0.81688750033837820
  0.82692708753587829  0.83652444432287809  0.84549238522393866  0.85235134836924242
  0.85829096387082582  0.86410238031547704  0.87004466509800682  0.87673536392443718
  0.88277459234506717  0.88841313917916331  0.89384709532476747  0.89935647304067456
  0.90523868376187333  0.91126528894056846  0.91688887778249584  0.92175543409526040
  0.92635141033430679  0.93062118390596438  0.93516904801521306  0.93993723830598186
  0.94477842351866659  0.94950961529947431  0.95411634744870422  0.95844686783269073
  0.96214604681633475  0.96578119405341034  0.96950380309457551  0.97297876207639133
  0.97680766332440905  0.98136729725293204  0.98533528974149509  0.98853676918926214
  0.99131490852391535  0.99407452910656613  0.99659284285706606  1.00000000000000000
 -0.00179981930534909  0.00586415410327381  0.01513584028588588  0.02398941892978503
  0.03236122187597575  0.04055213446460042  0.04893511920573757  0.05704491623551994
  0.06682124507595169  0.07778234020873274  0.08911602633907537  0.09926811096763576
  0.10882192575695583  0.11836514721437377  0.12764615790231545  0.13885896885638044
  0.15131649307747022  0.16321515170741294  0.17462611731601696  0.18437989743568420
  0.19441325239830720  0.20509316468204747  0.21549156057295554  0.22521133832776002
  0.23445427628373322  0.24436132031228947  0.25438905832909869  0.26465930697896423
  0.27507254384424440  0.28664733487385863  0.29947155262751463  0.31273566456420832
  0.32603591188940534  0.33920764973795814  0.35242839430364065  0.36558518436703985
  0.37723050150686638  0.38785196991066495  0.39693071056002588  0.40551698055221153
  0.41461142991635391  0.42491586350097132  0.43546106551599861  0.44529953957135265
  0.45418039916862057  0.46447439432039561  0.47538615955959829  0.48734757222179198
  0.49942108237815425  0.51030507247622614  0.52060195508178930  0.53094562285071034
  0.54267149292622729  0.55589993257120029  0.56929900970140124  0.58265638974052070
  0.59542206985491430  0.60716235874650581  0.61752656379641135  0.62828851509010408
  0.63919929985554769  0.64954287564762803  0.65913976796799012  0.66881283243495249
  0.67919746335914488  0.68959045173998135  0.70003509606773118  0.71082380469439088
  0.72185762253017438  0.73244584148986069  0.74249438901113063  0.75063945400599086
  0.75929962033402243  0.76778786584838621  0.77762206917172383  0.78813040456258376
  0.79954986711408016  0.81101047003070004  0.82224650513648101  0.83346245802797470
  0.84425639429679056  0.85447139119389959  0.86407945474912995  0.87345403833121749
  0.88255219599319346  0.89136001267388199  0.90038518623220154  0.90975424698322560
  0.91981219594332386  0.93018518015518892  0.94078754878475079  0.95149985469291420
  0.96335063259136089  0.97481531042294589  0.98768066301075141  1.00000000000000000
 -0.00009236660010068  0.00214340255386930  0.00739653428813317  0.01488926202483569
  0.02772927073704921  0.04072553277943337  0.05276365737868643  0.06466525855639986
  0.07671088828971706  0.08829411557901290  0.09887289375141831  0.10995355963031671
  0.12122973179017324  0.13296186602364468  0.14413949264870735  0.15570994458983839
  0.16759780198338553  0.18002444049985356  0.19169891823349092  0.20444775271911361
  0.21667083859299416  0.22702229060287749  0.23570342994889026  0.24372190238487246
  0.25127141785549684  0.25982796031371824  0.27086289459714097  0.28328060591777349
  0.29489885062099486  0.30433559938719068  0.31344708192438747  0.32261702700550043
  0.33276322993107182  0.34210217535559612  0.35091891673109454  0.35947120716328834
  0.36775762991620986  0.37603993996251017  0.38448734118618544  0.39436030795307386
  0.40477555840803053  0.41670203779610543  0.42655023492018407  0.43477216577449523
  0.44256183184391584  0.45003384605556584  0.45833547206685593  0.46790592266405229
  0.47775473750122088  0.48830206308510549  0.49856250215193476  0.50856434282685936
  0.51773821746303850  0.52700189362940242  0.53584814359930666  0.54510454788894680
  0.55518479953707944  0.56585992175900390  0.57626560701831331  0.58635856044776291
  0.59645643915553914  0.60673493584650473  0.61703079749885625  0.62724335808448672
  0.63767319062677341  0.64816713168342066  0.65888183421370816  0.67016402189680246
  0.68106201541405154  0.69049540834487122  0.69885578124502956  0.70704693253803730
  0.71535735613507090  0.72644368408915616  0.74001558066338924  0.75391053455879709
  0.76711337202010887  0.77983610076283194  0.79152291226798321  0.80194636146573073
  0.81276772522611795  0.82370257729337426  0.83560413920608367  0.84838048648598452
  0.86255200387565523  0.87811423135317213  0.89315690217245314  0.90667521613859192
  0.91878839945109358  0.92891475896794740  0.93933809355625342  0.95113168998982522
  0.96359729367186375  0.97594959611902188  0.98804127669346276  1.00000000000000000
 -0.00279986118612118  0.01169372897270070  0.02228291636579591  0.03247897411705589
  0.04242795897582160  0.05312352381663464  0.06465406893707766  0.07671604924850188
  0.08865124366368152  0.09905060330850513  0.11130479221306916  0.12300990084381343
  0.13443486878207994  0.14462625043284533  0.15559840684729487  0.16731036191285883
  0.17911514228135506  0.19081775688653285  0.20250074626588274  0.21555410204141509
  0.22867495257532683  0.24091208854595730  0.25150966786398082  0.25995532700103885
  0.26651054953038528  0.27305937818422066  0.27993167732078389  0.28830944288953120
  0.29794738912659768  0.30713270730620601  0.31639292045983242  0.32651155997955172
  0.33643357263326323  0.34622154923984721  0.35639963391616314  0.36702382255587429
  0.37742940341903369  0.38729418574587754  0.39621302444033141  0.40617370187680246
  0.41659415112080045  0.42809487995070944  0.43921939077946293  0.44994518836917935
  0.45859253309983850  0.46749232235071170  0.47649208048282921  0.48665635852831146
  0.49651894928218721  0.50704863733925565  0.51751159469900976  0.53035401309083030
  0.54345820644148601  0.55789536683466623  0.56705129202428428  0.57525049092734648
  0.58301700467983741  0.59216867330345668  0.60202158260348715  0.61168403021188478
  0.62258327031260741  0.63434772002058992  0.64569988060205497  0.65715114272412345
  0.66911807084005681  0.68145937707413673  0.69259009909747071  0.70104195899280775
  0.70955794938624217  0.71750651454011605  0.72651188528264488  0.73769857215967471
  0.74929706246395644  0.75966061220247205  0.76789590498828852  0.77551625749955899
  0.78439225263250145  0.79352288826678818  0.80389787220769704  0.81720681881964585
  0.82975120196705376  0.84204056840959041  0.85405493627796092  0.86624509734247501
  0.87868379291843945  0.89097609552049484  0.90244807992503673  0.91454283060887909
  0.92637456505692761  0.93693206647993643  0.94556763247486175  0.95447390705470370
  0.96452166438383236  0.97647624211733175  0.98814401486171555  1.00000000000000000
 -0.00248300780662044  0.01310693873670291  0.02537774384872701  0.03613200509897925
  0.04527620987753395  0.05383539374341330  0.06177105976495320  0.07001832631310276
  0.07902223258992606  0.08847157819420637  0.09791019207799311  0.10764596722385583
  0.11709442658108671  0.12710183968596087  0.13923306071556935  0.15051399910628915
  0.16177280423429391  0.17259575364701407  0.18294635647558077  0.19290772297754122
  0.20385075091054486  0.21631812822526567  0.22887093702518618  0.24031391431827517
  0.25102257795073124  0.26162281577194413  0.27227879408603839  0.28307937184778986
  0.29335768999988621  0.30399816388111073  0.31212257952520867  0.32034891148003708
  0.32890370320375661  0.33823720844617100  0.35017980538529847  0.36234774334539965
  0.37408992892623383  0.38517577081953919  0.39532254183276283  0.40516498192360284
  0.41632847966391667  0.42895057603008896  0.44133240422735132  0.45319890282609410
  0.46527345666553022  0.47676660041374558  0.48750700572579042  0.49911236877425341
  0.51195221048295436  0.52491311120069162  0.53624312117190709  0.54698043248679029
  0.55793699047113710  0.56994607503461925  0.58302742899864368  0.59381940307122383
  0.60347011332039679  0.61290457089596739  0.62235702181326191  0.63155241791796413
  0.64072838326292891  0.65047144098290788  0.66210994392219114  0.67509004954893148
  0.68552523659789510  0.69490453482355219  0.70402805231262389  0.71354873544926611
  0.72319397041399336  0.73382255805776464  0.74438014822529974  0.75454124291710734
  0.76375648841622290  0.77445816497935982  0.78666956592588655  0.79981055093139086
  0.81029173717461800  0.81922546905645133  0.82805069361023576  0.83716633555271025
  0.84780029693213099  0.85940159909068403  0.87136800550597859  0.88415546239299503
  0.89539139689210268  0.90501087397375901  0.91490957552666308  0.92392230418642696
  0.93327215251564355  0.94285393964613584  0.95256000730728529  0.96354477651443993
  0.97201048429371084  0.98131554178042057  0.99055377027674540  1.00000000000000000
  0.00007811542257157  0.00025944728217958  0.00047169079886639  0.00070846355007439
  0.00087208375881031  0.00104999528560001  0.00124235455958172  0.00146840621764010
  0.00170003380033620  0.00193185747241080  0.00215580254279082  0.00239389114818960
  0.00263155359400678  0.00286601856823608  0.00309422289605272  0.00332620831305860
  0.00356144663180382  0.00380356718658278  0.00405253335107099  0.00430484916282049
  0.00455556688789451  0.00479677910608621  0.00504215197714855  0.00528252994806670
  0.00551590810093868  0.00575636619791593  0.00599314900464192  0.00625009447502197
  0.00651694760115746  0.00676512076863355  0.00703510298513724  0.00731837535759669
  0.00763366016827031  0.00799554850736023  0.00830903099525928  0.00853698924884015
  0.00875612164548400  0.00897429633180190  0.00920371836666997  0.00948456425859518
  0.00975142388680609  0.01000236973058335  0.01028230465751431  0.01056322172778070
  0.01084527854576748  0.01126439008282641  0.01168703773424068  0.01215046515952196
  0.01264874204419158  0.01315704402861486  0.01369036504509891  0.01416291859452343
  0.01462832947812950  0.01506471879530170  0.01552283928540151  0.01598569970367705
  0.01649212598871076  0.01698880399013640  0.01742540975930434  0.01773950902534184
  0.01806962911001956  0.01833898658716809  0.01865022272789564  0.01895890626745750
  0.01934993604369421  0.01969089860071067  0.01998071722687523  0.02029433035418534
  0.02069892797963074  0.02111224939602474  0.02178768399607350  0.02271874453210995
  0.02384730819657531  0.02424273158425902  0.02456094756615968  0.02484457872364772
  0.02513212952102384  0.02554111654266861  0.02632984799986786  0.03057048437303094
  0.03281335044606560  0.03386774448785252  0.03526382573307347  0.03767659344655494
  0.03799767542112362  0.03823593127687362  0.03866512787352370  0.03915680772910015
  0.03946476588701200  0.03985877777621406  0.04039794094869798  0.04145542062582196
  0.04275958986511962  0.04442100916891579  0.05231887760966718  1.00000000000000000
 -0.00130690893288228  0.00472221173029078  0.01219716100332942  0.01864617765700741
  0.02483031271578950  0.03080828151676152  0.03814210232235252  0.04601450299993108
  0.05532673341111263  0.06583032056659203  0.07685364103771691  0.08841980620943070
  0.09931445896055603  0.10992231011966913  0.12043995519531306  0.13078686692185934
  0.14131941831551142  0.15100830930465747  0.16018556115376462  0.16976465267586202
  0.18011659313226117  0.19194976561647947  0.20421312339735886  0.21469437867794636
  0.22437731760188012  0.23435097311261388  0.24557096554374785  0.25873193206143930
  0.27166474273075758  0.28498929412880514  0.29809358206258468  0.31148645754780707
  0.32334092660852026  0.33436339468412679  0.34560767087447009  0.35606907026363532
  0.36676378922916442  0.37736237261984740  0.38920641653630622  0.40124468145298198
  0.41326328402067897  0.42556940527971870  0.43767628816640786  0.44937023553267780
  0.46003452719265558  0.47079192009695875  0.48138557566401530  0.49218600472186635
  0.50341374481848855  0.51503725988598992  0.52732679438572416  0.53961224115238715
  0.55189241669478961  0.56216055096328854  0.57336734099812514  0.58370778715218441
  0.59461476858156392  0.60622920619005283  0.61857785126694731  0.63138291881271102
  0.64407214302241622  0.65586277070287724  0.66651042848108866  0.67729048077135723
  0.69023015360092799  0.70414988891698616  0.71719798681234892  0.72915955435122048
  0.74065500419616426  0.75081202720357121  0.75981654395337139  0.76856922927093074
  0.77712369122763580  0.78669155230420018  0.79954874468149828  0.81298502653019245
  0.82603569978550972  0.83762503712325720  0.84757654630465440  0.85698263120358564
  0.86674462314573353  0.87675808985177806  0.88705963246143738  0.89648533504419270
  0.90536572019079120  0.91382678300192755  0.92150728749425403  0.92957103090660220
  0.93739253307002401  0.94558891460192662  0.95426296512514686  0.96323602471120384
  0.97170891346470323  0.98014010513901295  0.99002178674930830  1.00000000000000000
  0.54826096456811257  0.65560211934134305  0.66899496481731680  0.68556943901980927
  0.70023334700714179  0.71224538473095356  0.72355357615348115  0.73501061500407583
  0.74723941257818627  0.75792196127892930  0.76673722015101708  0.77411813304767152
  0.78116582973955762  0.78588040658173763  0.79010809712868824  0.79413522358663313
  0.79807851434695620  0.80366036430302068  0.80908596146480283  0.81398886167804141
  0.81900123191798258  0.82407133115286180  0.82888907197031980  0.83351672330788229
  0.83788910492789215  0.84268832112671455  0.84811787623694834  0.85342584784355568
  0.85782933871861478  0.86154328059899909  0.86527330344509334  0.86914522065901156
  0.87244393785793350  0.87520377640916069  0.87782337590546167  0.88028316029474751
  0.88316794445308622  0.88647483526608428  0.88996620620050326  0.89349658040105684
  0.89695495894941824  0.90025170435071400  0.90345233192459529  0.90673425111785422
  0.90997182164488011  0.91281177162434102  0.91559244555511454  0.91811348269574344
  0.92062439333471280  0.92317861110102362  0.92563198824261617  0.92797306831795656
  0.93014981755229587  0.93222762805896253  0.93430250941669446  0.93636982947065905
  0.93852302104763141  0.94064328968836697  0.94286113361638990  0.94471237874878211
  0.94638018298829507  0.94808780433434470  0.94976012119117659  0.95164138776747276
  0.95357492358674634  0.95548676491559648  0.95732871459599944  0.95898378570287957
  0.96053639066579022  0.96198983298335128  0.96349995506706021  0.96506517816081883
  0.96664009235846571  0.96828924043056797  0.97005376343767080  0.97182110603110028
  0.97350126219120103  0.97508923917849155  0.97658577618900666  0.97816419381088471
  0.97961264022807182  0.98107370518839754  0.98250204923332163  0.98390541505626472
  0.98534458998533236  0.98683699419415249  0.98832765682825796  0.98997458662996429
  0.99131298788978450  0.99256417642333417  0.99371262760098178  0.99472856360670825
  0.99570515183107755  0.99690123331298897  0.99833017545379132  1.00000000000000000
  0.13304430937560743  0.16647694206294805  0.18826894727952101  0.20457752081455940
  0.22003853024817530  0.23554460008740427  0.24812618874300282  0.26035750930043805
  0.27193699480996802  0.28284896965325235  0.29318185881689801  0.30291393962665919
  0.31254284979283908  0.32296367178156643  0.33357005621688884  0.34417817997415023
  0.35381275065862022  0.36271114703869389  0.37102784632478741  0.37830510548160062
  0.38442714357179181  0.39027385832517247  0.39632595958063443  0.40277475675961733
  0.40921394060620786  0.41539674994063519  0.42130236617320255  0.42717646415918742
  0.43308820068887227  0.43856361561178342  0.44383807008000670  0.44905595872164766
  0.45464160554451039  0.46039307836565113  0.46619073836653185  0.47183491669536631
  0.47737003387852134  0.48278004325189217  0.48949380373437829  0.49445813598185401
  0.49947926605473453  0.50427425093292111  0.50883447346973720  0.51409131393915808
  0.52019758566424201  0.52626036419072164  0.53156524707280506  0.53666674897476030
  0.54142557392886148  0.54582630976896573  0.55092087028851755  0.55658467191003624
  0.56304796151878178  0.57000389388555961  0.57695056496398289  0.58343283279391023
  0.58921076398963479  0.59455760359251419  0.60020655754278029  0.60621445106983529
  0.61252170049058741  0.61899883212196216  0.62571937535343070  0.63281555752097496
  0.64036023267903286  0.64736703286323738  0.65432342690535461  0.66113368566296127
  0.66811132567009879  0.67557217335281161  0.68347048252561393  0.69139760482939039
  0.69823493527983260  0.70483370186594863  0.71065252907402432  0.71645996302582404
  0.72245334889826152  0.72890477259895436  0.73521554546553491  0.74212676805407241
  0.74871572356967120  0.75508812959752891  0.76146868666747070  0.76820243114053244
  0.77558521204253139  0.78222241483829069  0.78845771471535619  0.79535592369486841
  0.80470734535277477  0.81655576313525857  0.82765214509158924  0.84057527660871056
  0.85809503968103895  0.87788909468907816  0.90051526148275141  1.00000000000000000
   1.3708679151920794E-009  -1.0000000000000000     
 F F F F F F F F F F F F F F F F F F F F F F F F F F F F F F F F F F F F F F F F F F F F F F F F F F F F F F F F F F F F F F F F F F F F F F F F F F F F F F F F F F F F F F F F F F F F F F F F F F F F F F F F F F F F F F F F F F F F F F F F F F F F F F F F F F F F F F F F F F F F F F F F F F F F F F F F F F F F F F F F F F F F F F F F F F F F F F F F F F F F F F F F F F F F F F F F F F F F F F F F F F F F F F F F F F F F F F F F F F F F F F F F F F F F F F F F F F F F F F F F F F F F F F F F F F F F F F F F F F F F F F F F F F F F F F F F F F F F F F F F F F F F F F F F F F F F F F F F F F F F F F F F F F F F F F F F F F F F F F F F F F F F F F F F F F F F F F F F F F F F F F F F F F F F F F F F F F F F F F F F F F F F F F F F F F F F F F F F F F F F F F F F F F F F F F F F F F F F F F F F F F F F F F F F F F F F F F F F F F F F F F F F F F F F F F F F F F F F F F F F F F F F F F F F F F F F F F F F F F F F F F F F F F F F F F F F F F F F F F F F F F F F F F F F F F F F F F F F F F F F F F F F F F F F F F F F
  <DiscreteSampler_grid>
  grouped_processes
  1 # 1 for a reference and 2 for a running grid.
  10 # Attribute 'min_bin_probing_points' of the grid.
  1 # Attribute 'grid_mode' of the grid. 1=='default',2=='initialization'
  0.0000000000000000 # Attribute 'small_contrib_threshold' of the grid.
  0.5000000000000000 # Attribute 'damping_power' of the grid.
 # binID   n_entries weight   weight_sqr   abs_weight
    127   10   2.993615509916767E-007   6.361307542005850E-013   2.993615509916767E-007
    130   10   5.987231019833534E-007   2.544523016802340E-012   5.987231019833534E-007
    133   10   6.270237111376551E-007   2.530652478518896E-012   6.270237111376551E-007
    134   10   6.270237111376556E-007   2.530652478518900E-012   6.270237111376556E-007
    136   10   1.254047422275310E-006   1.012260991407559E-011   1.254047422275310E-006
    137   10   1.254047422275311E-006   1.012260991407560E-011   1.254047422275311E-006
    139   10   1.972046895153395E-006   1.578505982296912E-011   1.972046895153395E-006
    140   10   1.972046895153398E-006   1.578505982296916E-011   1.972046895153398E-006
    142   10   3.944093790306791E-006   6.314023929187649E-011   3.944093790306791E-006
    143   10   3.944093790306796E-006   6.314023929187665E-011   3.944093790306796E-006
    145   10   1.041701519896324E-006   5.783890759854428E-012   1.041701519896324E-006
    146   10   1.041701519896324E-006   5.783890759854424E-012   1.041701519896324E-006
    148   10   2.083403039792647E-006   2.313556303941771E-011   2.083403039792647E-006
    149   10   2.083403039792647E-006   2.313556303941769E-011   2.083403039792647E-006
    163   10   6.915047355625459E-007   2.411465666555404E-012   6.915047355625459E-007
    164   10   6.915047355625459E-007   2.411465666555404E-012   6.915047355625459E-007
    166   10   1.383009471125092E-006   9.645862666221617E-012   1.383009471125092E-006
    167   10   1.383009471125092E-006   9.645862666221617E-012   1.383009471125092E-006
    169   10   1.365012110043946E-006   9.469964785654607E-012   1.365012110043946E-006
    170   10   1.365012110043947E-006   9.469964785654620E-012   1.365012110043947E-006
    172   10   2.730024220087892E-006   3.787985914261843E-011   2.730024220087892E-006
    173   10   2.730024220087894E-006   3.787985914261848E-011   2.730024220087894E-006
    175   10   5.822225419969739E-007   2.518803209310441E-012   5.822225419969739E-007
    178   10   1.164445083993948E-006   1.007521283724176E-011   1.164445083993948E-006
    181   10   1.225622554459426E-006   1.043698943328226E-011   1.225622554459426E-006
    182   10   1.225622554459427E-006   1.043698943328228E-011   1.225622554459427E-006
    184   10   2.451245108918851E-006   4.174795773312903E-011   2.451245108918851E-006
    185   10   2.451245108918854E-006   4.174795773312914E-011   2.451245108918854E-006
    187   10   6.742531026958665E-007   2.135518230850046E-012   6.742531026958665E-007
    188   10   6.742531026958668E-007   2.135518230850048E-012   6.742531026958668E-007
    190   10   1.348506205391733E-006   8.542072923400183E-012   1.348506205391733E-006
    191   10   1.348506205391734E-006   8.542072923400191E-012   1.348506205391734E-006
    199   10   2.205119798599112E-006   2.524685650549270E-011   2.205119798599112E-006
    200   10   2.205119798599113E-006   2.524685650549271E-011   2.205119798599113E-006
    202   10   4.410239597198224E-006   1.009874260219708E-010   4.410239597198224E-006
    203   10   4.410239597198225E-006   1.009874260219709E-010   4.410239597198225E-006
    211   10   1.529031292398173E-006   1.100676061485631E-011   1.529031292398173E-006
    212   10   1.529031292398174E-006   1.100676061485632E-011   1.529031292398174E-006
    214   10   3.058062584796347E-006   4.402704245942523E-011   3.058062584796347E-006
    215   10   3.058062584796349E-006   4.402704245942529E-011   3.058062584796349E-006
    217   10   2.790453111260043E-007   5.520862934150463E-013   2.790453111260043E-007
    220   10   5.580906222520086E-007   2.208345173660185E-012   5.580906222520086E-007
    223   10   5.607798932938849E-007   1.998320732361330E-012   5.607798932938849E-007
    224   10   5.607798932938850E-007   1.998320732361330E-012   5.607798932938850E-007
    226   10   1.121559786587770E-006   7.993282929445321E-012   1.121559786587770E-006
    227   10   1.121559786587770E-006   7.993282929445321E-012   1.121559786587770E-006
    229   10   1.798184154377665E-006   1.199850112646195E-011   1.798184154377665E-006
    230   10   1.798184154377667E-006   1.199850112646196E-011   1.798184154377667E-006
    232   10   3.596368308755330E-006   4.799400450584778E-011   3.596368308755330E-006
    233   10   3.596368308755333E-006   4.799400450584785E-011   3.596368308755333E-006
    235   10   5.392566300090148E-007   2.154227675768168E-012   5.392566300090148E-007
    238   10   1.078513260018030E-006   8.616910703072671E-012   1.078513260018030E-006
    241   10   1.087774239476929E-006   8.118605181422231E-012   1.087774239476929E-006
    242   10   1.087774239476930E-006   8.118605181422244E-012   1.087774239476930E-006
    244   10   2.175548478953858E-006   3.247442072568892E-011   2.175548478953858E-006
    245   10   2.175548478953860E-006   3.247442072568897E-011   2.175548478953860E-006
    250   10   2.993615509916766E-007   6.361307542005848E-013   2.993615509916766E-007
    253   10   5.987231019833532E-007   2.544523016802339E-012   5.987231019833532E-007
    256   10   6.270237111376551E-007   2.530652478518896E-012   6.270237111376551E-007
    257   10   6.270237111376554E-007   2.530652478518899E-012   6.270237111376554E-007
    259   10   1.254047422275310E-006   1.012260991407559E-011   1.254047422275310E-006
    260   10   1.254047422275311E-006   1.012260991407560E-011   1.254047422275311E-006
    262   10   1.972046895153395E-006   1.578505982296913E-011   1.972046895153395E-006
    263   10   1.972046895153398E-006   1.578505982296917E-011   1.972046895153398E-006
    265   10   3.944093790306791E-006   6.314023929187651E-011   3.944093790306791E-006
    266   10   3.944093790306796E-006   6.314023929187669E-011   3.944093790306796E-006
    268   10   1.041701519896324E-006   5.783890759854428E-012   1.041701519896324E-006
    269   10   1.041701519896324E-006   5.783890759854426E-012   1.041701519896324E-006
    271   10   2.083403039792647E-006   2.313556303941771E-011   2.083403039792647E-006
    272   10   2.083403039792647E-006   2.313556303941770E-011   2.083403039792647E-006
    286   10   6.915047355625459E-007   2.411465666555406E-012   6.915047355625459E-007
    287   10   6.915047355625459E-007   2.411465666555404E-012   6.915047355625459E-007
    289   10   1.383009471125092E-006   9.645862666221622E-012   1.383009471125092E-006
    290   10   1.383009471125092E-006   9.645862666221617E-012   1.383009471125092E-006
    292   10   1.365012110043946E-006   9.469964785654607E-012   1.365012110043946E-006
    293   10   1.365012110043947E-006   9.469964785654620E-012   1.365012110043947E-006
    295   10   2.730024220087892E-006   3.787985914261843E-011   2.730024220087892E-006
    296   10   2.730024220087894E-006   3.787985914261848E-011   2.730024220087894E-006
    298   10   5.822225419969740E-007   2.518803209310443E-012   5.822225419969740E-007
    301   10   1.164445083993948E-006   1.007521283724177E-011   1.164445083993948E-006
    304   10   1.225622554459425E-006   1.043698943328226E-011   1.225622554459425E-006
    305   10   1.225622554459427E-006   1.043698943328228E-011   1.225622554459427E-006
    307   10   2.451245108918851E-006   4.174795773312902E-011   2.451245108918851E-006
    308   10   2.451245108918854E-006   4.174795773312914E-011   2.451245108918854E-006
    310   10   6.742531026958667E-007   2.135518230850047E-012   6.742531026958667E-007
    311   10   6.742531026958667E-007   2.135518230850047E-012   6.742531026958667E-007
    313   10   1.348506205391733E-006   8.542072923400186E-012   1.348506205391733E-006
    314   10   1.348506205391733E-006   8.542072923400186E-012   1.348506205391733E-006
    322   10   2.205119798599112E-006   2.524685650549271E-011   2.205119798599112E-006
    323   10   2.205119798599113E-006   2.524685650549271E-011   2.205119798599113E-006
    325   10   4.410239597198224E-006   1.009874260219708E-010   4.410239597198224E-006
    326   10   4.410239597198225E-006   1.009874260219709E-010   4.410239597198225E-006
    334   10   1.529031292398174E-006   1.100676061485631E-011   1.529031292398174E-006
    335   10   1.529031292398174E-006   1.100676061485632E-011   1.529031292398174E-006
    337   10   3.058062584796348E-006   4.402704245942526E-011   3.058062584796348E-006
    338   10   3.058062584796349E-006   4.402704245942529E-011   3.058062584796349E-006
    340   10   2.790453111260042E-007   5.520862934150460E-013   2.790453111260042E-007
    343   10   5.580906222520085E-007   2.208345173660184E-012   5.580906222520085E-007
    346   10   5.607798932938847E-007   1.998320732361327E-012   5.607798932938847E-007
    347   10   5.607798932938850E-007   1.998320732361330E-012   5.607798932938850E-007
    349   10   1.121559786587769E-006   7.993282929445310E-012   1.121559786587769E-006
    350   10   1.121559786587770E-006   7.993282929445321E-012   1.121559786587770E-006
    352   10   1.798184154377665E-006   1.199850112646195E-011   1.798184154377665E-006
    353   10   1.798184154377667E-006   1.199850112646196E-011   1.798184154377667E-006
    355   10   3.596368308755330E-006   4.799400450584778E-011   3.596368308755330E-006
    356   10   3.596368308755333E-006   4.799400450584785E-011   3.596368308755333E-006
    358   10   5.392566300090148E-007   2.154227675768168E-012   5.392566300090148E-007
    361   10   1.078513260018030E-006   8.616910703072671E-012   1.078513260018030E-006
    364   10   1.087774239476929E-006   8.118605181422234E-012   1.087774239476929E-006
    365   10   1.087774239476930E-006   8.118605181422240E-012   1.087774239476930E-006
    367   10   2.175548478953858E-006   3.247442072568894E-011   2.175548478953858E-006
    368   10   2.175548478953859E-006   3.247442072568896E-011   2.175548478953859E-006
    373   10   2.993615509916767E-007   6.361307542005853E-013   2.993615509916767E-007
    376   10   5.987231019833534E-007   2.544523016802341E-012   5.987231019833534E-007
    421   10   5.822225419969739E-007   2.518803209310441E-012   5.822225419969739E-007
    424   10   1.164445083993948E-006   1.007521283724176E-011   1.164445083993948E-006
    463   10   2.790453111260043E-007   5.520862934150463E-013   2.790453111260043E-007
    466   10   5.580906222520086E-007   2.208345173660185E-012   5.580906222520086E-007
    481   10   5.392566300090148E-007   2.154227675768167E-012   5.392566300090148E-007
    484   10   1.078513260018030E-006   8.616910703072669E-012   1.078513260018030E-006
    496   10   2.993615509916766E-007   6.361307542005848E-013   2.993615509916766E-007
    499   10   5.987231019833533E-007   2.544523016802339E-012   5.987231019833533E-007
    544   10   5.822225419969739E-007   2.518803209310441E-012   5.822225419969739E-007
    547   10   1.164445083993948E-006   1.007521283724176E-011   1.164445083993948E-006
    586   10   2.790453111260042E-007   5.520862934150455E-013   2.790453111260042E-007
    589   10   5.580906222520084E-007   2.208345173660182E-012   5.580906222520084E-007
    604   10   5.392566300090148E-007   2.154227675768168E-012   5.392566300090148E-007
    607   10   1.078513260018030E-006   8.616910703072671E-012   1.078513260018030E-006
  </DiscreteSampler_grid>
