  0.00283182898578428  0.01586447472085869  0.03016150854121822  0.04313852214073247
  0.05445388018447352  0.06470964415459234  0.07463847599417264  0.08460554884257880
  0.09494728773964334  0.10461006762974422  0.11465890321300831  0.12557719321739647
  0.13745783104966644  0.15022217624135900  0.16286951703802249  0.17521314708961089
  0.18556001653742146  0.19406184658543066  0.20200023019832661  0.21041372621618831
  0.22066502665362181  0.23163211107633738  0.24336695502103223  0.25560210683172457
  0.26796184481920926  0.28051862859360788  0.29239529497263611  0.30457959750118840
  0.31695894802201680  0.32799591421770474  0.33639775679923756  0.34263329926073455
  0.34855843008578646  0.35452575987727342  0.36155668591337936  0.37043779728514814
  0.37906701437165596  0.38752940113811296  0.39410932864908227  0.40288646932681715
  0.41306190080870581  0.42395338453205245  0.43530428379011576  0.44537292088292407
  0.45533595424487150  0.46565701994500369  0.47713123729125217  0.48885361774582764
  0.50100090285483356  0.51378889495998770  0.52693641583106909  0.54037878042772225
  0.55333852244970916  0.56448416127722845  0.57501233961728870  0.58507924422355717
  0.59591404509742751  0.60693654505017780  0.61829623273181111  0.63017661702112526
  0.64388884124864598  0.65667199402621534  0.66194200269774506  0.66721201136927488
  0.67242001168798171  0.67761208084121116  0.68249455896844957  0.68686070883982719
  0.69122685871120482  0.70038485472202716  0.71089366295821632  0.72457205169221262
  0.73692246237276382  0.74795977314433360  0.75924716230845934  0.77118955383123455
  0.78367276188564150  0.79850770077741395  0.81309246391500523  0.82526672078027996
  0.83596452228100326  0.84578919226909788  0.85583672466104588  0.86562385830516719
  0.87531025095335036  0.88468034480253321  0.89595580689214682  0.90784189448326114
  0.91935107410007244  0.93150584725111440  0.94640121120066822  0.96070200598750133
  0.97085652290802193  0.98011957172239217  0.98915638516134741  1.00000000000000000
  0.00363059659824726  0.01282123414085854  0.02263222437454754  0.03197084062225580
  0.04206392908990111  0.05442616949426961  0.06678169656113436  0.07845297671935246
  0.08959241118629926  0.10014788834358768  0.11011837552856506  0.11981934944341548
  0.12964681197121941  0.14015093238139470  0.15000740140921895  0.15970973372798056
  0.16977672001815028  0.17983229865072292  0.18978260148062567  0.20000880434464283
  0.21016632437443614  0.22011495473324491  0.22973018261740796  0.23966489920311146
  0.24968868364546182  0.25893961258839748  0.26779774011187008  0.27764480497816812
  0.28780720542098825  0.29688948006548588  0.30591930985722648  0.31585796112680575
  0.32708304862653481  0.33931837069964504  0.35127166306382623  0.36477610808475114
  0.37891125548221366  0.39210562179602548  0.40512712506820969  0.41682234219988029
  0.42912303391812406  0.44100196381203260  0.45269932808360408  0.46455473101728573
  0.47651506310863612  0.49023660532406188  0.50499222607939653  0.51934393079237362
  0.53202324992725569  0.54396159301354563  0.55503802834309790  0.56629747808155873
  0.57893361394693144  0.59268230754882534  0.60529056225848477  0.61593416304009829
  0.62622689316431945  0.63680328505845285  0.64782964004895449  0.65970642889006292
  0.67036831791341722  0.68173718345931800  0.69052977795267423  0.69815878401522380
  0.70541320470002078  0.71308781084362760  0.72120933538063203  0.72928288582632150
  0.73681961131492424  0.74447476697999426  0.75229563624898343  0.76287318748977584
  0.77204948884425306  0.78094846893637448  0.79115264182340339  0.80285641066495406
  0.81377667617333971  0.81926687754699801  0.82482728926251880  0.83064728441240943
  0.83649056143053413  0.84250902183202436  0.84871606477694073  0.85949792849371076
  0.87058675306877986  0.88322809324228635  0.89740198422130169  0.91053634550441886
  0.92192314659549968  0.93265176349697221  0.94383593000320010  0.95605157432766741
  0.96809259522416335  0.97909609617056415  0.98973816671644077  1.00000000000000000
  0.00000361945518005  0.00000423230186164  0.00000471631059224  0.00000517623848283
  0.00000566985924879  0.00000620335171477  0.00000672696860940  0.00000724376997822
  0.00000777218794375  0.00000837014865800  0.00000909699456884  0.00000993941848392
  0.00001083284439936  0.00001170173068996  0.00001264840350387  0.00001394682323043
  0.00001526405749772  0.00001675837034077  0.00001838566220214  0.00002017687133292
  0.00002200166058021  0.00002392651525621  0.00002610599816040  0.00002863765065099
  0.00003133064163298  0.00003404287666894  0.00003685390593985  0.00003985864067662
  0.00004291652973762  0.00004595768129921  0.00004924360692305  0.00005271904515193
  0.00005646119898560  0.00006032746036334  0.00006433977499560  0.00006956523128281
  0.00007659524483325  0.00008466623464199  0.00009338972791381  0.00010253482234717
  0.00011232165797917  0.00012275607931681  0.00013376565319763  0.00014468560800739
  0.00015575398639416  0.00016795657734048  0.00018120398449417  0.00019415063578552
  0.00020759528979629  0.00022424690101542  0.00024509569167841  0.00026750309869622
  0.00029219845267750  0.00031862926615407  0.00034718628614066  0.00037622005672706
  0.00040457235903712  0.00043774568174234  0.00047142072902610  0.00050776482648859
  0.00053439618998926  0.00054933678199329  0.00056430734302782  0.00058005007914331
  0.00059579281525880  0.00061220195913960  0.00062908187280148  0.00065153944959090
  0.00070945427015674  0.00077316044114156  0.00082290015891601  0.00086801116181806
  0.00091760213035535  0.00098663589064855  0.00107593964488583  0.00117435573984228
  0.00128427441365939  0.00142682701171543  0.00159097591392450  0.00179501037581590
  0.00199717692271595  0.00219072677924266  0.00237672565394658  0.00263033258669426
  0.00294987277543583  0.00339028209207112  0.00399823324864221  0.00462585824586794
  0.00527675504345307  0.00595772724325340  0.00677309224686019  0.00796636732571406
  0.00921131394308642  0.01272007732106280  0.07299697475439403  1.00000000000000000
  0.00000915075828205  0.00001122049761519  0.00001187138006142  0.00001293472526023
  0.00001420446151637  0.00001538071735629  0.00001637560753709  0.00001731201201548
  0.00001837736801528  0.00001962993107463  0.00002126950127838  0.00002332823063228
  0.00002583673461377  0.00002842207097985  0.00003072874493319  0.00003311363426124
  0.00003531152256672  0.00003825305107281  0.00004177478489848  0.00004576864344270
  0.00005004556728383  0.00005532104104347  0.00006245434980287  0.00007114009218317
  0.00008150371958300  0.00009390168154361  0.00010805434643917  0.00012355044920693
  0.00014133943618413  0.00016275808736694  0.00018586665040238  0.00020997075305358
  0.00023390818661468  0.00025886255437574  0.00028711040112356  0.00031893696927797
  0.00035158105475197  0.00038509660915728  0.00041937199956275  0.00045877543103603
  0.00050020013322774  0.00054374617070653  0.00058709775459728  0.00062928396556991
  0.00067356116244367  0.00072530815695073  0.00077932413924590  0.00082750745997177
  0.00088059396813276  0.00093828138685246  0.00100391254585173  0.00107584167539317
  0.00115464011966332  0.00122870620958195  0.00128823245116331  0.00134173374070367
  0.00140441866335553  0.00147429006154557  0.00154273987431206  0.00159568204713629
  0.00166149563725802  0.00172760807211824  0.00180446829707897  0.00186674868950942
  0.00191709654090352  0.00196582903270762  0.00200933608506031  0.00202097127681370
  0.00203260646856709  0.00204424166032048  0.00205587685207388  0.00206868809579610
  0.00208151554854462  0.00209434300129313  0.00210717045404165  0.00212271112920538
  0.00213916850739583  0.00215562588558628  0.00217208326377673  0.00221108886030941
  0.00228611684754054  0.00238836776501972  0.00249641461313630  0.00263135882846036
  0.00275603865067821  0.00288148500567825  0.00302104104047991  0.00319709517219780
  0.00344861275991444  0.00372791891961139  0.00401280532489551  0.00434250343202894
  0.00476149815540084  0.00547158495617855  0.00764644899148225  1.00000000000000000
  0.00000144318881349  0.00001277250418203  0.00001514608562306  0.00001782182500113
  0.00002094161488023  0.00002402960771829  0.00002705746266970  0.00003042376288940
  0.00003394467303141  0.00003848718789746  0.00004462627863971  0.00005189579544538
  0.00006016224633815  0.00006993890016614  0.00008012220587673  0.00009065849995765
  0.00010262143428122  0.00011693471303560  0.00013254950078102  0.00014983991167848
  0.00016976253204966  0.00019098298487547  0.00021330626005746  0.00023591338879932
  0.00025949376580587  0.00028394799180936  0.00030888168867864  0.00033502468342559
  0.00036456427131611  0.00039997618620140  0.00043847515382892  0.00047608115273020
  0.00051781659290711  0.00056053750916509  0.00060032046596493  0.00064411146696651
  0.00069037628205076  0.00073853212141980  0.00078920082713370  0.00083583295238252
  0.00087679796260700  0.00092687563136599  0.00097838241575355  0.00103200093316641
  0.00109076569435215  0.00115262307106883  0.00122011178780019  0.00128618110063867
  0.00136678150665871  0.00146216149996648  0.00158431714591968  0.00171518790431976
  0.00182967370057243  0.00192564851408380  0.00201745699526786  0.00213816176817939
  0.00226702669880275  0.00240139004790527  0.00255750776915206  0.00272189952782346
  0.00292242684734278  0.00313336614599653  0.00333330095288695  0.00353279556596159
  0.00375058886229853  0.00398762058327944  0.00426466740361082  0.00455422559791059
  0.00473894902853486  0.00508166541741547  0.00568912438327855  0.00622573338006594
  0.00650468248372957  0.00674586466422780  0.00736752240456972  0.00830446573325738
  0.00953510803889864  0.01080636877613540  0.01107052890184407  0.01133468902755274
  0.01159884915326141  0.01186300927897008  0.01212716940467875  0.01239132953038743
  0.01265548965609610  0.01629197137910128  0.02133456614161729  0.02637716090413329
  0.03141975566664928  0.03646235042916528  0.04150494519168128  0.04654753995419728
  0.05159013471671328  0.05663272947922928  0.07096415486260967  1.00000000000000000
 -0.00298475781257017  0.01167012113382530  0.02290069032119457  0.03340287786867292
  0.04330734915860301  0.05327113075689518  0.06388243202916849  0.07518072257356211
  0.08786558935447081  0.10070157687121552  0.11304856255119462  0.12548748506720936
  0.13662774674743819  0.14700221961988225  0.15636451743081947  0.16630727738311749
  0.17663762789721399  0.18735303151461180  0.19677703731942617  0.20583097557879085
  0.21518077456742712  0.22534364896846068  0.23641715878204264  0.24708116734495578
  0.25704467341428472  0.26681517628289764  0.27662500476148133  0.28824975207213632
  0.29985989646655914  0.31022520248689289  0.31982417373303806  0.32881065819465821
  0.33921919363197189  0.35067112380061799  0.36014485661378376  0.36933511855491041
  0.37794198362461007  0.38914386541808743  0.39864355649386618  0.40650724234862695
  0.41348141694173129  0.42092655998681688  0.42827892187857458  0.43630635199763257
  0.44491262615981009  0.45196636975325949  0.45900934862600340  0.46800164418654172
  0.47856252569455854  0.48969981530506251  0.50155862168918897  0.51354414867827047
  0.52742589272751605  0.54157457093957484  0.55494557966733637  0.56729099014734141
  0.57995203444641130  0.59150209832774581  0.60095231468978183  0.61025977552239286
  0.61966098842027095  0.63160001994688664  0.64264435181070889  0.65354044417502632
  0.66420306111520588  0.67539630680899931  0.68458748824019966  0.69026217656035371
  0.69593686488050777  0.70241623150323496  0.70898414399858412  0.71507253436691076
  0.72071596590586040  0.72786364475876464  0.74074602307723314  0.75293504670334732
  0.76489477843855269  0.77579056937907409  0.78535801376033643  0.79442257622879997
  0.80455826834445465  0.81691676231748167  0.82987895972041126  0.84162999438776609
  0.85433236088396491  0.87000701439078609  0.88612044752053187  0.90202379294579849
  0.91731707446465005  0.93100292316847555  0.94230759886873883  0.95294388362491478
  0.96298591875034500  0.97348330061007793  0.98617397326884360  1.00000000000000000
 -0.00267424007937723  0.01236973002249699  0.02521459784802157  0.03793397829369893
  0.04988594757804274  0.06127662472402474  0.07134248529679667  0.08081501705781383
  0.09055153584315313  0.10196377079710316  0.11430762293803470  0.12612890920471559
  0.13688675244897311  0.14673954053870658  0.15668398150795110  0.16611379254384379
  0.17690523854058932  0.18812496075851434  0.20113209727210521  0.21425618717706729
  0.22505139165028160  0.23558719373851431  0.24478308248924274  0.25485431378597057
  0.26445181827715769  0.27496524140815642  0.28770453691510522  0.29855237253150807
  0.30772520141536169  0.31672016724210861  0.32563815952582348  0.33499041264507085
  0.34335233139218241  0.35195579665157728  0.36185267778966262  0.37281753886685071
  0.38423682724099356  0.39648039017836295  0.40645421209649379  0.41614853007264313
  0.42586111857200376  0.43621468625350368  0.44575192540007541  0.45549963549381767
  0.46526202723509524  0.47429321936490743  0.48397700812506311  0.49394521583041351
  0.50546618686532740  0.51659711955531307  0.52832303464216113  0.54064864898447085
  0.55193918038267520  0.56205906342255496  0.57240004190719040  0.58211657709941145
  0.59374087850591872  0.60581041374272604  0.61646145421183174  0.62795636336298311
  0.64065293737934281  0.65381007161221794  0.66385413538833837  0.67392604419029833
  0.68418913611059939  0.69544700199274756  0.70909913807666403  0.72382477037642923
  0.73770464242666300  0.75127836380691937  0.75745793059496036  0.76326389876320244
  0.76865330415892197  0.77374619501407549  0.77882219895787708  0.78384594003526142
  0.78886968111264577  0.80097276380189131  0.81269247869153105  0.82426409351740360
  0.83525508398967130  0.84621914780667984  0.85726874346110815  0.86886889185938287
  0.88068096489366887  0.89302426643196342  0.90573023499785477  0.91752943250297725
  0.92772532735142321  0.93663797316479191  0.94571312808234109  0.95539565912115987
  0.96661888013280484  0.97692965330755377  0.98863834268510720  1.00000000000000000
 -0.00162547453088347  0.00935639810004525  0.01932468371848226  0.02872887478133631
  0.03797223180062936  0.04766849601923743  0.05791517989759071  0.06796010983997711
  0.07935156470337978  0.09152758836583538  0.10415322975558779  0.11576362451729508
  0.12556631594293580  0.13450242874786450  0.14385344975145564  0.15434247660275546
  0.16607242883953197  0.17768713759426982  0.19030498696224638  0.20439925584263149
  0.21624353364046528  0.22669600204946719  0.23690970915825368  0.24826851505074365
  0.26116841256849677  0.27501987334855693  0.28876862706739792  0.30127011393263631
  0.31241128798301404  0.32273125920512652  0.33280657685563048  0.34232598914275170
  0.35214925485096960  0.36236897295798032  0.37239942452335245  0.38259991303969604
  0.39271134538374297  0.40318566578283688  0.41332771672168350  0.42309785581574566
  0.43426207108558157  0.44732504164068482  0.46026197134506103  0.47103449483405169
  0.48106834096716211  0.49259840570475655  0.50467418468230174  0.51551022406682123
  0.52555193587277771  0.53650315964081363  0.54790235172896051  0.55943646661907809
  0.57094015027882361  0.58294449002909643  0.59571007477238813  0.60826489433182529
  0.62022790203193479  0.63281769846565172  0.64524584139147356  0.65648770352136876
  0.66736145624066623  0.67863345052180257  0.69170252033620550  0.70555209088311233
  0.71960612918612055  0.73309013001392742  0.74618419796551416  0.75769255337324903
  0.76942633322232079  0.78175283247217275  0.79448549380488487  0.80646252399386853
  0.81811427517899016  0.82988412335079131  0.84015841862930873  0.84987857332244943
  0.85936790258530393  0.86940064793517913  0.87899314005803686  0.88859133508060106
  0.89722046674529332  0.90529713743764406  0.91376393613253826  0.92278061103108433
  0.93080873152073906  0.93966010691903978  0.94627579669133111  0.95173398298083800
  0.95719216927034501  0.96258077406734488  0.96796434934572950  0.97328341802878215
  0.97815845575904159  0.98303349348930114  0.98930278488558421  1.00000000000000000
 -0.00221252354974953  0.01097397562335938  0.02204624508816035  0.03289935139397920
  0.04527768930942553  0.05914286966608020  0.07288424996833777  0.08443867409698919
  0.09499027780716061  0.10545770810068505  0.11565608430082452  0.12829341995342064
  0.14070922520851686  0.15272767860845576  0.16437434215239793  0.17619179488624004
  0.18742300761024247  0.19829332696673527  0.20903887345925540  0.21554622872468696
  0.21996563620825876  0.22433323597941321  0.22849554173170308  0.23265784748399296
  0.23667406638248253  0.24061969876591205  0.24508880124805602  0.25322328973848984
  0.26280840485838153  0.27372840851072844  0.28737625928252292  0.30185745673432052
  0.31589080500429195  0.32700671533291931  0.33881081298133098  0.35169497943821043
  0.36512509950508687  0.37821189686695483  0.38968853803887948  0.40028955556688828
  0.40907417393938045  0.41659004783525921  0.42478251709064158  0.43294364806747759
  0.44411150909076319  0.45527734425537675  0.46634079785049892  0.47774770188217874
  0.48629672340729291  0.49524900709020836  0.50415083708922459  0.51346625523319256
  0.52233538068073249  0.53122372405878748  0.54002250234688010  0.55126950428746424
  0.56408267902710552  0.57704959161157710  0.58869175667558227  0.60058534573661637
  0.61062402036112395  0.62034925968361410  0.62965275818608402  0.63872249417134785
  0.64876190768205200  0.66042687546165912  0.67309192260303541  0.68545272592477691
  0.69824540338882868  0.71020647437309503  0.72245574039626281  0.73495287511973650
  0.74767333097362110  0.75825448271515050  0.76690686320266233  0.77559183052435687
  0.78421603303818432  0.79477555672288192  0.80532798791404459  0.81694789178439742
  0.82998682961051162  0.84364712386355589  0.85704474811238018  0.87025053317284051
  0.88213989238126134  0.89273653578643708  0.90379875553577871  0.91560358429531041
  0.92786892819833533  0.93891836871986156  0.94892969174902442  0.95854336769065351
  0.96789910124718459  0.97807235599353659  0.98853554211450745  1.00000000000000000
 -0.00323117747939804  0.01128492003422156  0.02283970279010965  0.03441715242826772
  0.04410780189283007  0.05201191626190826  0.06092494039030699  0.06962798183453611
  0.07814291441186486  0.08623136561071755  0.09304423328132397  0.09954822623806819
  0.10782138029464350  0.11796372323731101  0.12859019278038733  0.14113761798973515
  0.15489334537453159  0.16844360838069880  0.18174179231918947  0.19623116390705128
  0.21014618141787228  0.22246477027226588  0.23350323660367064  0.24472528292029699
  0.25625546648941505  0.26739144557473804  0.27839587800214027  0.28438291914312436
  0.28829817170460625  0.29199823819957405  0.29527600873934418  0.29855377927911431
  0.30185031869627832  0.30514726810770382  0.31159616193228246  0.32119213239604688
  0.33262393854796601  0.34332500667744481  0.35372548818444904  0.36479254752570661
  0.37621287211193050  0.38769919592086571  0.39862228971952834  0.40916226133389383
  0.41971804066306678  0.42978061785898825  0.43820292744016848  0.44600369309174243
  0.45384510306248871  0.46365762725016968  0.47357632473660144  0.48414414347869461
  0.49544585325061713  0.50793239459607897  0.51862455573630895  0.52831601740722078
  0.53743151126252620  0.54732549353252824  0.55832084855437114  0.56998808413278734
  0.58275228414552604  0.59690501359939097  0.61225931195227745  0.62725890303889476
  0.64104929092347085  0.65385599461080435  0.66514606319696445  0.67516120082371645
  0.68489731194729475  0.69572681514096979  0.70714077870874803  0.71840452771579766
  0.72941270920095402  0.74074704762538723  0.75259098892460452  0.76534325121106694
  0.77885350710775336  0.79113520482795086  0.80244828467948248  0.81399156915015802
  0.82655821690915776  0.84038863931697139  0.85333349280078208  0.86553608896897094
  0.87745491652785057  0.88978982476494572  0.90210016991674058  0.91322284380639018
  0.92339555657796246  0.93474860496249934  0.94626770689659434  0.95729151348513442
  0.96727061963643191  0.97779466219870004  0.98896294532174123  1.00000000000000000
  0.00005564600069833  0.00054273352915780  0.00083051837572260  0.00109255194653257
  0.00135337553547290  0.00161367029248783  0.00185283097976508  0.00208327337667907
  0.00231455300887839  0.00256786911939592  0.00281885744606646  0.00306796267054888
  0.00331295778690332  0.00356773967034028  0.00381198761594583  0.00403532287705095
  0.00424292108312116  0.00446152436253585  0.00470094024695628  0.00493920383214768
  0.00517741192566344  0.00542184006724152  0.00567167181019102  0.00596672299127797
  0.00626369069422122  0.00654504167612354  0.00678963341001328  0.00699640243855298
  0.00720194809565992  0.00744673987884580  0.00768754919923778  0.00794736946297817
  0.00822741077001717  0.00853372217722148  0.00880844234640816  0.00907615555331676
  0.00932721140561572  0.00952550037515980  0.00968569496819405  0.00982245692630253
  0.00995365116584395  0.01011044056032272  0.01028493917159697  0.01050576624597407
  0.01073442761627656  0.01096713960072814  0.01127097898866047  0.01168660203983396
  0.01204249731731188  0.01230406034660073  0.01253472955207493  0.01277361604408915
  0.01306707051596338  0.01350969688531351  0.01406665375583290  0.01473009599522697
  0.01565127986468964  0.01638307972275659  0.01684790203428831  0.01732439278914735
  0.01786779175094628  0.01832548948038457  0.01870190804854550  0.01905770124136042
  0.01931472751046674  0.01937510098733295  0.01943547446419916  0.01949584794106536
  0.01955622141793157  0.01961659489479778  0.01967696837166399  0.01973897166644578
  0.01980489546254554  0.01987081925864529  0.01993674305474505  0.02000266685084480
  0.02006859064694456  0.02013451444304431  0.02020896576057898  0.02031695549682268
  0.02042494523306639  0.02053293496931009  0.02064092470555379  0.02074891444179749
  0.02085690417804119  0.02105399593262733  0.02202988684273147  0.02309493534538670
  0.02403582676062075  0.02540154645261767  0.02735248575395629  0.02857784818655162
  0.03531059459315352  0.04011619336837632  0.06969633970485983  1.00000000000000000
 -0.00262898230379678  0.01050185935051882  0.02247762044141803  0.03527512531238718
  0.04775150537226205  0.05803583477278475  0.06791244467898469  0.07904651572455465
  0.09138894171934182  0.10301205269999006  0.11273163119412298  0.12197754758698776
  0.13190607934194049  0.14311001865400158  0.15458389219473523  0.16667295534820864
  0.17732570977824549  0.18961910880038491  0.19984054573354390  0.21106664537525799
  0.21984592682347753  0.22781999047195975  0.23658589574385444  0.24548218905412081
  0.25460583475144144  0.26405443064406608  0.27393587472303665  0.28613802509943603
  0.29805999999014055  0.30929091395419406  0.32045378790865497  0.33210537256872830
  0.34256232317987623  0.34750238137755080  0.35244243957522536  0.35756023424514405
  0.36269360195025863  0.36855958814446316  0.37457367108206652  0.38673123574464263
  0.39909027029580052  0.41066003244982985  0.42102319395845833  0.43107341415030093
  0.44070273017874628  0.44962334130707554  0.45852123478873891  0.46730229582649191
  0.47681074510014154  0.48610089997348227  0.49577438959426273  0.50603755723968658
  0.51870690159697963  0.53117900498032999  0.54247005330301412  0.55474710110176217
  0.56707963279290341  0.57933983997110861  0.58942035542655757  0.59848046542202249
  0.60791874793721157  0.61826414312950717  0.63113595807862921  0.64454381716210818
  0.65641118985071023  0.66790115958097196  0.67881154336938032  0.68820681968473085
  0.69716767338853614  0.70743989306684962  0.72003454167939518  0.73530951307593895
  0.75002971725430856  0.76059068412450814  0.77069316826595002  0.77975342907100986
  0.78856767905999758  0.79728396299589877  0.80560782313558654  0.81522715677958735
  0.82694101367970674  0.83850293670574527  0.84933905320603886  0.86119064937392531
  0.87477119499304368  0.88804116015999501  0.89849929059612255  0.90897057671660908
  0.91964036371523661  0.93033118722843333  0.94097246393016198  0.95141616842992016
  0.96198838907287454  0.97361471936348365  0.98621988186701626  1.00000000000000000
 -0.00008917449307189  0.00023041207978525  0.00060250086676316  0.00083060974442096
  0.00103695696934560  0.00124115260895838  0.00143917686566838  0.00163503107262639
  0.00183168992145655  0.00202429333266980  0.00220253835597537  0.00236046314716953
  0.00252420643588891  0.00270739250483596  0.00287547793178971  0.00303075327125955
  0.00317953791830348  0.00333258530428870  0.00349262098223426  0.00365930366330940
  0.00384131826393650  0.00403459742531833  0.00423054520476801  0.00444994794801909
  0.00466221318484208  0.00487267965260506  0.00509806073088397  0.00533293622908293
  0.00557049919736016  0.00574031835768304  0.00590688312357286  0.00607330157900852
  0.00624158957427580  0.00637864675906146  0.00649987052521881  0.00661656089961747
  0.00673104126737131  0.00684405233163529  0.00695595789938970  0.00709207823702777
  0.00726760312085866  0.00752924854652649  0.00774890225817161  0.00796010002405900
  0.00814798272525306  0.00835980916364866  0.00849264497279945  0.00858677766694162
  0.00867604364917147  0.00876538514916514  0.00885776853529436  0.00897994908713133
  0.00914265231385086  0.00929660936611078  0.00943088188015126  0.00956383137753941
  0.00978827684711097  0.01005053988628461  0.01050161283794749  0.01104910283910847
  0.01153454141214354  0.01200415164926837  0.01310664299065617  0.01380921644023734
  0.01450797604640799  0.01468805258195557  0.01489753070784740  0.01522426489364341
  0.01549995608763370  0.01562778034500166  0.01565055071254399  0.01567332108008633
  0.01569609144762866  0.01571886181517099  0.01574163218271333  0.01576440255025566
  0.01578717291779800  0.01580994328534033  0.01583271365288267  0.01585393163559512
  0.01587414894404104  0.01589436625248696  0.01591458356093287  0.01593480086937879
  0.01595501817782471  0.01597523548627063  0.01599545279471655  0.01601567010316246
  0.01603588741160838  0.01605610472005430  0.01607632202850022  0.01609653933694613
  0.02129639587005564  0.02975385869153030  0.03759632459227276  1.00000000000000000
 -0.00216478403960316  0.00844033533532931  0.01708279028827832  0.02574159613305621
  0.03388426036300414  0.04154582036574040  0.04920738707237302  0.05661166224738784
  0.06625104184077468  0.07740513343532630  0.08786000362147126  0.09797943129354753
  0.10833756708897795  0.11913333685629537  0.12993274955336864  0.14075009022959523
  0.15181868511303948  0.16220098469779765  0.17139892378276808  0.18050872698207507
  0.19035966196257179  0.20139549669796300  0.21211320435092545  0.22353935392140745
  0.23505806303533761  0.24566947032723696  0.25634983590687221  0.26718516047148677
  0.28050460409774364  0.29364463391082085  0.30562060614853820  0.31758525650973207
  0.32941135322864606  0.34150474687201871  0.35376398015756433  0.36743174074922363
  0.38183039831728521  0.39072734506164408  0.39666798342805631  0.40271991605227608
  0.40885819265222467  0.41527529583114409  0.42201214881561494  0.43216651365627407
  0.44725017531905520  0.45971639881485421  0.47126058192469644  0.48301792578203145
  0.49566268134753366  0.50960755486797593  0.52261872713099267  0.53427646674566209
  0.54600469725157152  0.55704942740248986  0.56736847940247104  0.57757154258351329
  0.58730236297606153  0.59761905168645468  0.61026055104043730  0.62357267780416770
  0.63503107767935885  0.64528007475195526  0.65716833041010403  0.67179811141501600
  0.68668526388276030  0.70061444546971752  0.71535436455170309  0.73123745290980691
  0.74815153360088560  0.76323397092971312  0.77661094266572483  0.78938077966208520
  0.80026974570785780  0.81331710206176211  0.82464188962576990  0.83476929690965251
  0.84428450470553196  0.85351633356772427  0.86408048543005500  0.87536189344533533
  0.88570377461624461  0.89550034365186271  0.90469126148098611  0.91348330237795783
  0.92297446121109061  0.93239130312639007  0.94142946633128910  0.94861991835958703
  0.95618365905344860  0.96350366338609217  0.97125014361502959  0.97913324445387329
  0.98660871643187331  0.99169086245542770  0.99616881975545502  1.00000000000000000
  0.50106798211657622  0.63364537239768370  0.65348857393334869  0.67030756024856686
  0.68332626517263351  0.69450963251159670  0.70433900862160193  0.71406568584766561
  0.72473980153729245  0.73373430795100347  0.74181507884371189  0.75001652876405944
  0.75780967790433940  0.76513983202238101  0.77275009356108104  0.78002403985819280
  0.78648187848497819  0.79207063966976310  0.79550603095879735  0.79905723735748324
  0.80288997914737481  0.80733605679646414  0.81151109604346772  0.81483526448638255
  0.81791354406268379  0.82126916558696350  0.82548883508497484  0.83070041506570147
  0.83563662897809143  0.84021220474758329  0.84460955153337558  0.84869059949500880
  0.85288244987426298  0.85684678999304786  0.86084179741950817  0.86457700568737395
  0.86831903522418874  0.87214844495912924  0.87620185367107384  0.88030048955638329
  0.88450859862085018  0.88842105402516691  0.89210448777561702  0.89546527355058336
  0.89836364816066294  0.90140578844370312  0.90460694063984592  0.90792183527794701
  0.91093288315834497  0.91351490332644747  0.91600563497502718  0.91829065536337473
  0.92051403322507930  0.92287925734468601  0.92549937523229742  0.92799774278161007
  0.93056622503821629  0.93292133329875782  0.93498725954142770  0.93679243665042566
  0.93853570465182523  0.94018886139899649  0.94208679666773865  0.94412954393032766
  0.94630322620415308  0.94852718491053845  0.95057298663187484  0.95257965421075819
  0.95421482379268963  0.95589207523524355  0.95760024143129352  0.95922972315528710
  0.96099418355211752  0.96299417680182997  0.96491311436623173  0.96689342900303565
  0.96878043374191181  0.97033280563943392  0.97180852039130916  0.97329435840754497
  0.97486437140486892  0.97669653593228400  0.97875042699688319  0.98100491595309158
  0.98311300492033271  0.98499608120946824  0.98671828600546441  0.98837300563316588
  0.99013952308860342  0.99165482281752215  0.99275527492620164  0.99398459868899924
  0.99541004924441223  0.99688557504444364  0.99844278752222182  1.00000000000000000
  0.04245589890241877  0.08319628087137276  0.11191132570434784  0.12103628439032826
  0.13226019078419671  0.14418357420464939  0.15383990344828058  0.16214130348913328
  0.16884878364557676  0.17619043927587236  0.18353123257819087  0.19027579389504484
  0.19653248468542295  0.20263501548747936  0.20897250025836758  0.21598103805842594
  0.22326450009895249  0.23105672609229314  0.23845801752213297  0.24464882870690352
  0.25021673182483184  0.25566397370415789  0.26119503217695789  0.26662623044930678
  0.27263503279219226  0.27815496490113550  0.28390923650418670  0.28960894147691030
  0.29555080323530464  0.30084553629821614  0.30636869227578634  0.31180006803168320
  0.31717465590990745  0.32225684844190866  0.32759258888102050  0.33309978392384249
  0.33894908940783691  0.34432724193532321  0.34935613673250615  0.35413573109144481
  0.35871393633533311  0.36338538967640988  0.36796826697545049  0.37274968776722067
  0.37782758509211140  0.38245668514617515  0.38709618555217840  0.39187836447778540
  0.39723148354773707  0.40150232677976705  0.40413896519551573  0.40670412495907182
  0.40919894257074885  0.41181289964957252  0.41452388291057746  0.41924240577154875
  0.42577498738492647  0.43220695597001113  0.43730995465360450  0.44318600469954161
  0.44895059704155871  0.45487947839377091  0.46199768339796998  0.46967193357505116
  0.47601143155235931  0.48209699650365584  0.48826978376301106  0.49538660581647126
  0.50317255860970644  0.51133531801926113  0.51960208146742093  0.52800805431396169
  0.53792986736664472  0.54790022485271439  0.55787356896831808  0.56712542986056014
  0.57546688936481127  0.58384036307107190  0.59325477527046921  0.60348186802054160
  0.61327499204290437  0.62299556775939813  0.63241413231037258  0.64510464910798737
  0.65770438426572408  0.67157753049468760  0.68573003326539750  0.69920196781140476
  0.71245584530934103  0.72727124123249298  0.74432499240321970  0.76259049043195992
  0.78592495847815869  0.81887590168343760  0.87121580041231184  1.00000000000000000
   4.9497626613572114E-009  -1.0000000000000000     
 F F F F F F F F F F F F F F F F F F F F F F F F F F F F F F F F F F F F F F F F F F F F F F F F F F F F F F F F F F F F F F F F F F F F F F F F F F F F F F F F F F F F F F F F F F F F F F F F F F F F F F F F F F F F F F F F F F F F F F F F F F F F F F F F F F F F F F F F F F F F F F F F F F F F F F F F F F F F F F F F F F F F F F F F F F F F F F F F F F F F F F F F F F F F F F F F F F F F F F F F F F F F F F F F F F F F F F F F F F F F F F F F F F F F F F F F F F F F F F F F F F F F F F F F F F F F F F F F F F F F F F F F F F F F F F F F F F F F F F F F F F F F F F F F F F F F F F F F F F F F F F F F F F F F F F F F F F F F F F F F F F F F F F F F F F F F F F F F F F F F F F F F F F F F F F F F F F F F F F F F F F F F F F F F F F F F F F F F F F F F F F F F F F F F F F F F F F F F F F F F F F F F F F F F F F F F F F F F F F F F F F F F F F F F F F F F F F F F F F F F F F F F F F F F F F F F F F F F F F F F F F F F F F F F F F F F F F F F F F F F F F F F F F F F F F F F F F F F F F F F F F F F F F F F F F F F
  <DiscreteSampler_grid>
  grouped_processes
  1 # 1 for a reference and 2 for a running grid.
  10 # Attribute 'min_bin_probing_points' of the grid.
  1 # Attribute 'grid_mode' of the grid. 1=='default',2=='initialization'
  0.0000000000000000 # Attribute 'small_contrib_threshold' of the grid.
  0.5000000000000000 # Attribute 'damping_power' of the grid.
 # binID   n_entries weight   weight_sqr   abs_weight
    19   10   6.699145885707351E-004   4.460709971479574E-006   6.699145885707351E-004
    20   10   6.699145885707354E-004   4.460709971479578E-006   6.699145885707354E-004
    22   10   6.699145885707351E-004   4.460709971479574E-006   6.699145885707351E-004
    23   10   6.699145885707354E-004   4.460709971479578E-006   6.699145885707354E-004
    25   10   1.639818732799580E-004   2.482649610341321E-007   1.639818732799580E-004
    26   10   1.639818732799579E-004   2.482649610341319E-007   1.639818732799579E-004
    28   10   1.639818732799580E-004   2.482649610341321E-007   1.639818732799580E-004
    29   10   1.639818732799579E-004   2.482649610341319E-007   1.639818732799579E-004
  </DiscreteSampler_grid>
