  0.00340346429417012  0.01048108783641351  0.01877696531388811  0.02812069931732480
  0.03919837675858928  0.05012205093703393  0.06003063384971767  0.06986112910499800
  0.08027284037694041  0.09225886155572385  0.10312436896599340  0.11263901424634035
  0.12208102055546116  0.13123322668140591  0.14177143184593660  0.15335955238390830
  0.16466579975474030  0.17473513512379352  0.18296267185814563  0.19179228317342556
  0.20112222270709462  0.21076737896098682  0.22083677450802275  0.23164633044530078
  0.24367597993418494  0.25620831337197786  0.26703193338602271  0.27813394866671998
  0.28973047100128535  0.30159369336961572  0.31338618517261563  0.32516959985826577
  0.33716455012269442  0.34846191186870212  0.36037678435389109  0.36998603705113736
  0.37916821983177501  0.38830348355217592  0.39774207379584459  0.40955755957763140
  0.42188114320588571  0.43361991155802410  0.44494493383095096  0.45571630634659782
  0.46660404008819939  0.47679129970055123  0.48565158942535130  0.49411520566990691
  0.50356462157009707  0.51489325534058339  0.52628209085358579  0.53681582199491051
  0.54718363014101656  0.55759360106804712  0.56824009721723823  0.57970036709779171
  0.59222047995602733  0.60481900268698296  0.61661575147890579  0.62876517165818879
  0.63874109915722987  0.64829224263140939  0.65799525655723057  0.66873793267640302
  0.68028138857111287  0.69199021199152499  0.70412768033072681  0.71439640455878139
  0.72306279247186522  0.73179935282781716  0.74147240869523157  0.75222492149498321
  0.76317150355548324  0.77431131391735974  0.78653288098586349  0.79936801478367114
  0.81165061378265069  0.82469968313102704  0.83631116934210281  0.84725875361870107
  0.85764201156646325  0.86787164614541545  0.87726144013831198  0.88614112259572830
  0.89451251213784255  0.90354574573617918  0.91364285321617367  0.92564525435288514
  0.93841550429249754  0.94971061811071134  0.96125770288955881  0.97161671560723795
  0.98195662412688001  0.98953637967791264  0.99280968330896302  1.00000000000000000
  0.00003275292023341  0.00005993744727966  0.00007322792105979  0.00008421561261533
  0.00009331212305565  0.00010137165956613  0.00010931331359185  0.00011720167300830
  0.00012545496985610  0.00013354845270486  0.00014124492864847  0.00014874035167210
  0.00015615125534119  0.00016360715488401  0.00017148614452146  0.00017954149542442
  0.00018780639594762  0.00019615233923135  0.00020487371749053  0.00021400829460489
  0.00022410821204030  0.00023533414726989  0.00024700020012991  0.00025900751285573
  0.00027109288428074  0.00028345310161732  0.00029658457089274  0.00030999533890443
  0.00032273530427212  0.00033447951867865  0.00034652891007839  0.00035936911894225
  0.00037415244566437  0.00039160501809518  0.00040971140061128  0.00042689987963382
  0.00044678079940302  0.00046573619250618  0.00048827052922905  0.00051223595386546
  0.00053620311091660  0.00056094718943727  0.00058665304057267  0.00061366542063604
  0.00064079911724213  0.00066548531330166  0.00068805648264254  0.00071057098197071
  0.00073537608939519  0.00076301471299123  0.00079900681342189  0.00084359381831563
  0.00089231027046074  0.00093936137248544  0.00098179215953503  0.00101712280688147
  0.00104984733886340  0.00108516701078192  0.00111637181460629  0.00114654872403723
  0.00118374876148620  0.00122577147764535  0.00127418935402964  0.00132866072882473
  0.00139050287491964  0.00143463027966380  0.00148230346038213  0.00153513862351155
  0.00159519497448491  0.00170033823334158  0.00179049632367209  0.00186958809324236
  0.00193757717333371  0.00200911047000532  0.00210122168096762  0.00217906150847929
  0.00225082056278409  0.00233524099682029  0.00242433941540137  0.00253935558006522
  0.00267358477604789  0.00276385929324075  0.00285857142638053  0.00296011185212831
  0.00308397346853260  0.00325638196272510  0.00343493076930959  0.00361978308535134
  0.00396671152108982  0.00454425481821460  0.00502899276190208  0.00554755734934206
  0.00618605604001690  0.00793396320084180  0.05011042191665376  1.00000000000000000
  0.00271884818045743  0.01275996073689599  0.02362174463739683  0.03478926962907059
  0.04693590432373121  0.05864014783901228  0.07008295247673947  0.08138729505058259
  0.09191645813751678  0.10234236337986728  0.11292837431117408  0.12218235408521569
  0.13079961241066532  0.13953783802434361  0.15003509065955178  0.16120546390104107
  0.17146598573814642  0.18113479254625936  0.19218367051217466  0.20274578949361091
  0.21254649992525987  0.22194953087489236  0.23192044510340540  0.24400907252240805
  0.25580305162109551  0.26874393835294669  0.27858745983616384  0.28833736794485298
  0.29794997354998076  0.30750487327287684  0.31629393687326335  0.32494178889875586
  0.33487853204641643  0.34567040744116478  0.35616519609380820  0.36599986254244121
  0.37575899910971444  0.38704092857700945  0.39893974392120524  0.41073597023908098
  0.42195982738065835  0.43183395813781472  0.44102624170342619  0.44985291912165859
  0.46054897309942905  0.47362785014225062  0.48503204457881866  0.49438216265709145
  0.50249103076720048  0.51102140007742491  0.52022461161219247  0.53005366794356468
  0.54057994711116852  0.55154044287827886  0.56283128154957418  0.57409712751621378
  0.58517497229523763  0.59539109264913292  0.60442077798488347  0.61246688784585812
  0.62012437145055599  0.62987090374522337  0.63943365944049146  0.64927314837550365
  0.65937694117498913  0.67030191581108212  0.68196626255019843  0.69485162708197412
  0.70866103092367128  0.72162071091255819  0.73281225335003120  0.74323616452914076
  0.75362243629611392  0.76399560346561257  0.77559558068032208  0.78691657328889320
  0.79877005524943268  0.81028938471181022  0.82182914629672665  0.83219173894049625
  0.84126495634533538  0.85005216200349298  0.85907083048126420  0.86867813119632675
  0.87884851636362371  0.88796618230733304  0.89736763172539535  0.90814167805033263
  0.91964702342052107  0.93207974992325648  0.94380208341737659  0.95478161610776358
  0.96394990413657455  0.97310813975818000  0.98263100537398584  1.00000000000000000
  0.00003082986744620  0.00004856598360851  0.00006578008255663  0.00007912926465419
  0.00009064701656613  0.00010117087020999  0.00011169430448676  0.00012223092299031
  0.00013260220645292  0.00014246101969724  0.00015260916707288  0.00016379833136265
  0.00017541780793591  0.00018567649057343  0.00019544550752532  0.00020547734106430
  0.00021613430967017  0.00022765800461715  0.00023950594019723  0.00025165756015417
  0.00026446711325644  0.00027669544648752  0.00028862987587115  0.00030042076054986
  0.00031319419984069  0.00032595189263341  0.00034058564858486  0.00035629819083119
  0.00037301448121085  0.00038853329669319  0.00040259824784688  0.00041474440565820
  0.00042869690541626  0.00044321900530012  0.00045747593910353  0.00047202643478932
  0.00048664378862618  0.00050277147076636  0.00052049710483460  0.00053986006476071
  0.00056697382912383  0.00059205122479604  0.00061360916403798  0.00063502731796559
  0.00065798476361470  0.00068331131114206  0.00071120017733360  0.00074484618451717
  0.00077992684822420  0.00081772196466363  0.00085964667765439  0.00089882592734920
  0.00093389927209957  0.00096667603102235  0.00099468815286889  0.00102407605203574
  0.00105558413582854  0.00108557157207762  0.00111286436844532  0.00114000068036929
  0.00117255503127365  0.00121768506963460  0.00126657996632785  0.00131880656029086
  0.00137244356706961  0.00142403234659953  0.00147812518638119  0.00153493115950207
  0.00159433259642700  0.00165456939498936  0.00171382701154725  0.00177469870536996
  0.00185705027499786  0.00193305839273209  0.00204164645294321  0.00219752153434523
  0.00238087884867053  0.00257758646214738  0.00277789127729409  0.00296741858573709
  0.00310696081593760  0.00324168663120792  0.00336399373156594  0.00351006852621774
  0.00368028257698712  0.00401344126519586  0.00460356533959766  0.00572986116986413
  0.00749706890343668  0.00878934599414260  0.00973411679413910  0.01061408962647818
  0.01138485836166567  0.01360392822385237  0.08378678234416599  1.00000000000000000
 -0.00252317303536862  0.01115007339978504  0.02394894018699080  0.03789461540125863
  0.05016649450912158  0.06203317052576161  0.07407229365151656  0.08726559556988073
  0.09972675931700878  0.11092311864799385  0.12263180754457036  0.13427095529043109
  0.14740950970288988  0.15818413245983098  0.16881184953733985  0.17714866619293013
  0.18577938810125683  0.19479467983806009  0.20488165309963194  0.21624975554219794
  0.22735754972714378  0.23820273762529839  0.24873331496343504  0.25913662115843178
  0.26978062682816933  0.28003297653636894  0.28936093935193291  0.29916276030299727
  0.30888272837933300  0.32019376982964953  0.33134827698929992  0.34202022996511250
  0.35206297048615859  0.36177633902057033  0.37162313635042604  0.38181016415659480
  0.39105842416045428  0.40007990348234124  0.40915307358875108  0.41874534199311614
  0.42820430618348920  0.43743070700176234  0.44718494867185626  0.45653663456029719
  0.46572888038016280  0.47473131236921118  0.48375136501702365  0.49314965383366449
  0.50334119528186005  0.51443749351522006  0.52473460002346706  0.53438358015918019
  0.54381271317037982  0.55340928362603126  0.56306425676956429  0.57211356921810763
  0.58128187395444220  0.59061953606746875  0.60022856043456130  0.60987638632014263
  0.61970149042863232  0.62951559581068472  0.63881429223619213  0.64853174136672975
  0.65611538644646306  0.66274369451023785  0.66882403050697103  0.67526659905806974
  0.68330267454181848  0.69265358513078157  0.70174330622639736  0.71097780699771540
  0.72072240568223911  0.73134312726428574  0.74467450024069182  0.75692095488465061
  0.76992915913611193  0.78384598319767285  0.79775423731782313  0.80910677509326001
  0.81988215672476628  0.83161678091747560  0.84434482824752355  0.85727876499084910
  0.86894371125906700  0.88028869389149300  0.89002485383125840  0.89977349828481135
  0.90909277172957315  0.92035693215940073  0.93386357037386902  0.94759766200462170
  0.96028204980895537  0.97290719125339198  0.98578745304852289  1.00000000000000000
 -0.00305734413356947  0.01199238667109394  0.02519381956667028  0.03862756398365993
  0.05184391843359565  0.06291527767090874  0.07339317035661425  0.08389941305604548
  0.09397784747996298  0.10390311542052647  0.11389364932708322  0.12585909912128559
  0.13810686793225702  0.14876801618241972  0.15908155380697597  0.16853614316952159
  0.17912846867413629  0.19034449225430330  0.20039712603470874  0.20937794582111929
  0.21806131342973845  0.22655433952237880  0.23541698327182634  0.24483136476302797
  0.25462884194343299  0.26437821364044600  0.27370115719427640  0.28197644452796866
  0.29185253330493238  0.30205480810883983  0.31270557986676362  0.32352963229342913
  0.33446917201052134  0.34651237288665027  0.35713080434465388  0.36820411187196300
  0.37949575711349071  0.39215586160779109  0.40633848072510265  0.41916003190847190
  0.43074591741601426  0.44075304897886397  0.44976613538348864  0.45852518351922217
  0.46774327427779661  0.47705574915581711  0.48688227415502150  0.49598632492712402
  0.50580931684379249  0.51669197893557539  0.52920532054815161  0.54089939446687707
  0.55279182316793629  0.56575911574639293  0.57802718160170419  0.59004739327371258
  0.60253000804995971  0.61575000486652331  0.62931266012158016  0.64164045252234803
  0.65290806668852464  0.66452832914762994  0.67574366934257901  0.68662610620534681
  0.69711200719588373  0.70723254701260918  0.71809241120452527  0.72956811995563153
  0.74071532424699194  0.75125088467191570  0.76119693637901564  0.77266919604094042
  0.78409059559988292  0.79357522341334141  0.80183430817598766  0.81032255462106861
  0.82049138074758032  0.83012290838401137  0.83858938565760133  0.84693514232823208
  0.85547597430489142  0.86430828808971472  0.87369286285685721  0.88425345377474807
  0.89576061128546658  0.90626462985798018  0.91591819591180812  0.92540234191189275
  0.93572698132127119  0.94552440625656820  0.95430963504146038  0.96287324422569509
  0.97207955467126506  0.98128731401720681  0.99059582603632068  1.00000000000000000
 -0.00202853332723380  0.00883659927789392  0.01920537288243016  0.02890211257346833
  0.03857204499038476  0.04841874539789677  0.05736856715173067  0.06588495366795423
  0.07437852207749227  0.08353231804979544  0.09268999798493689  0.10106736667474570
  0.10967375828419124  0.11955646413057698  0.13000954086086436  0.14032611784216872
  0.15145086274419819  0.16304508369628623  0.17482929786954923  0.18486944945293182
  0.19455720617797639  0.20335728444028411  0.21238347935399657  0.22200736353685571
  0.23253841210248666  0.24440499536042645  0.25550564590739527  0.26723860291689466
  0.27785541071912806  0.28864219138853503  0.29906575417599240  0.31021630483279944
  0.32108559670380471  0.33239769967970489  0.34371436559539464  0.35551635085695671
  0.36827892866545114  0.38031476057428054  0.39162070752382988  0.40255678243107823
  0.41348769342037833  0.42449247436881793  0.43542126246473056  0.44743556707444754
  0.45936952542160481  0.47109846065584066  0.48399364356211472  0.49889298369853402
  0.51328248757747941  0.52808482612286323  0.54512214083222799  0.56190393249881865
  0.57696904226655121  0.58907623424203415  0.59930765406854292  0.60920398213545512
  0.61907053481222540  0.62818039242584112  0.63698600554093676  0.64627211997215805
  0.65652072389208671  0.66866739324973534  0.67896578099511640  0.68912073230975424
  0.69921570890525409  0.71041865631380918  0.72128382203976349  0.73137001519899258
  0.74115624431805249  0.75317795463557868  0.76566970127304645  0.77753870939205483
  0.78696815332002557  0.79545363888337706  0.80498251082506200  0.81490002559087260
  0.82476448247159939  0.83417022111533412  0.84408943338782028  0.85358589340260971
  0.86243425232427906  0.87111296903257474  0.88210896330566535  0.89261835963030323
  0.90235915514683129  0.91158376414458908  0.91983804504680255  0.92994710255546753
  0.93998061084107698  0.94959861138230750  0.95875919351465555  0.96777586004755134
  0.97683637836208792  0.98483184049381434  0.99250933708077960  1.00000000000000000
 -0.00309678656259484  0.01202824689948420  0.02436888694280281  0.03601767778234315
  0.04808129315145795  0.06077841406130928  0.07313054236249220  0.08238950662837716
  0.09160663828829280  0.10050253093474806  0.10977010197949229  0.12075171747801819
  0.13098235081987977  0.14052520379421182  0.15132532823913314  0.16284652707815742
  0.17448672422522701  0.18534420775216334  0.19604191823475464  0.20688574321167788
  0.21708751804411630  0.22764298584353709  0.23937788651839423  0.25065759895929679
  0.26087472951193941  0.27007896749363941  0.27844968428688499  0.28684282205036665
  0.29635367866008577  0.30683213046352165  0.31763864351443294  0.32874744209592199
  0.34033922037013420  0.35178233095483891  0.36214054309662191  0.37213104970370281
  0.38231171313816364  0.39351150838823545  0.40448995278269029  0.41494174161871589
  0.42574375374918022  0.43763376472842241  0.44974681969101493  0.46146794227938637
  0.47279383594678381  0.48353769340362779  0.49341357071128250  0.50232460451978600
  0.51086355154244367  0.51960804581881703  0.52894498843446969  0.53866936316246439
  0.54830842718276696  0.55777622304081664  0.56742639996642408  0.57759096235154139
  0.58877415204039230  0.60037301472224369  0.61089105660988596  0.62088633788492742
  0.63179862839600309  0.64288881818958499  0.65339737046221336  0.66355583680248009
  0.67435253603288503  0.68670156989944453  0.69832828770212307  0.70932045529761922
  0.71943536743284897  0.72970707508808397  0.74040628490190707  0.75016239935915174
  0.75939972584637117  0.76841859497550546  0.77990329169066652  0.79036366684004711
  0.80087784387111149  0.80945931536712101  0.81772135411138702  0.82684366090757855
  0.83582992566459480  0.84697170453276693  0.85824494017434927  0.87014643596709584
  0.88175137097583522  0.89323769615031701  0.90443516689976688  0.91635217214030151
  0.92806393245793140  0.93891187187587610  0.94902281294452950  0.95897702009844665
  0.96944774680327128  0.97967066881021359  0.98947389407577779  1.00000000000000000
 -0.00198573958038722  0.00735687275194027  0.01772249623329132  0.02709237111709329
  0.03898910117519580  0.05010802559011092  0.06149254567505507  0.07337438531353722
  0.08743131578687752  0.10352741128114094  0.11908646642247661  0.13358880726826033
  0.14602187872235561  0.15651801160555745  0.16607848654625723  0.17475774819663531
  0.18393866695829275  0.19282738196606286  0.20180926213749847  0.21117710006583143
  0.21960072993873098  0.22722079536623105  0.23579263828687888  0.24609807934489061
  0.25660746284788605  0.26648812710822872  0.27671747512944411  0.28719068889018229
  0.29712849038087147  0.30680912126210763  0.31693265314974289  0.32682620231602871
  0.33604415404508159  0.34469505391523103  0.35292213458841104  0.36152316345087709
  0.37157750233975739  0.38237652145090256  0.39504239060014601  0.40864288540586635
  0.42251610016102487  0.43622443890162504  0.45039297996725214  0.46443101862335989
  0.47749886177264644  0.48982811110748886  0.50080028879119864  0.51106868217924717
  0.52138431351830583  0.53139042509649026  0.54345796114243483  0.55586347471361564
  0.56699616431780908  0.57659893969237141  0.58555407420621608  0.59482896937367524
  0.60451812443072350  0.61398254766867499  0.62382568183523579  0.63422203573608771
  0.64419511833277643  0.65408913306741279  0.66369602927324700  0.67343769517061403
  0.68353707100837158  0.69390026297215346  0.70474132014231461  0.71570987748959369
  0.72685103267508289  0.73815610326454062  0.74854925951157159  0.75886069946630685
  0.76932131951038940  0.77973289003857826  0.79064208119448531  0.80174878377620362
  0.80987122450357762  0.81739748477365104  0.82488909989284953  0.83266321054414660
  0.84215640828941452  0.84986548008468310  0.85769149899233499  0.86550715775263454
  0.87423525882324604  0.88255444081623680  0.89089721454376214  0.90040549744257581
  0.91155856531336454  0.92374852239982463  0.93581974687113678  0.95001053048220496
  0.96406020103216661  0.97648634536623657  0.98837889379670318  1.00000000000000000
 -0.00314016079656743  0.01137580193586735  0.02346267722210803  0.03493764876898536
  0.04598952275221982  0.05518104606441946  0.06322140767853043  0.07141515238811641
  0.07954298863381405  0.08869031046456985  0.09754210454862414  0.10657405838028074
  0.11593165830910208  0.12575560146142653  0.13438469145761889  0.14244910103633496
  0.15141082214964180  0.16160807609013031  0.17176037342923425  0.18098978928154250
  0.19033572025190304  0.20183154942475345  0.21375184593161708  0.22531851656613297
  0.23674151107316099  0.24769219832364398  0.25784012525267042  0.26791750430696543
  0.27932118928280658  0.29072621784030644  0.30161171446663687  0.31089887200109734
  0.32039439436586592  0.32993701725421881  0.34023768362512458  0.35026858258853155
  0.36024519752460749  0.37001424601227839  0.38001691031855328  0.38916895802681589
  0.39842776766479721  0.40793524536915077  0.41802920536741800  0.42788349138111298
  0.43745677833379898  0.44729205094517543  0.45675842704888131  0.46632542440835806
  0.47665760253052664  0.48738577238938996  0.49814481871859007  0.50823841735768460
  0.51878281280481764  0.53028099637384829  0.54033130844160848  0.55138608280863921
  0.56166580774910768  0.57159965587194461  0.58067846961257308  0.58892255329622434
  0.59758195536326952  0.60684403277637355  0.61654418874952854  0.62671613015270788
  0.63726975056347646  0.64713809823492519  0.65698980072055535  0.66726489194652017
  0.67838899554500698  0.69130233006102915  0.70509359487909218  0.71799459605892746
  0.72927890353588198  0.73987296730053076  0.75056042123043032  0.76209555708476007
  0.77423581968657551  0.78627147335948488  0.79724234219783829  0.80678303919155614
  0.81646509313767868  0.82726273199639311  0.84064127839872926  0.85494059621967111
  0.86891825623066421  0.88268858836380704  0.89624069390747751  0.90898243479489071
  0.92007521714004681  0.93043113184617687  0.94122395083078869  0.95320829197497792
  0.96546695918733383  0.97732501257475624  0.98875925468265979  1.00000000000000000
 -0.00186893480786428  0.00677311893658791  0.01402008341602337  0.02076142569153263
  0.02764052797235782  0.03500165625083627  0.04314010770997337  0.05133057980987946
  0.05834010872764640  0.06468255061264622  0.07152041861634414  0.07929050871036440
  0.08830918424661897  0.09739280812934253  0.10676108591321956  0.11641066309781560
  0.12665659987816874  0.13652261940355431  0.14707616255695805  0.15807322573616486
  0.16980469622757338  0.18086986124392251  0.19016000619791343  0.19877069614685916
  0.20760111924697314  0.21690197881033141  0.22853545753942370  0.24299331777857311
  0.25711477611510791  0.27096905243138930  0.28263218404372981  0.29275577999453639
  0.30176115771446188  0.31072725205887997  0.32064133978422038  0.33169377999398270
  0.34410030617815318  0.35713801235532305  0.36948029940662452  0.38068060936029835
  0.39188694087378240  0.40420151450329089  0.41665423712628974  0.42869372349005902
  0.44307974940362188  0.45893255817221668  0.47195869783386879  0.48292695806646135
  0.49484026980789392  0.50753833966671458  0.52110270686923577  0.53506831020661050
  0.54627784562883186  0.55605499038295736  0.56634216007887594  0.57735273731940451
  0.58845671508878328  0.59908374989505309  0.61074070459623353  0.62504468256150580
  0.63976050497350512  0.65330354103313426  0.66548264986276273  0.67754302803602917
  0.68987287701947575  0.70199327511164311  0.71293043003428547  0.72450080317845311
  0.73654098930471557  0.74865808560410396  0.76084550248605909  0.77271453844921711
  0.78508421585733168  0.79633605575806832  0.80680462829661548  0.81685030945753456
  0.82812909439749627  0.83907121759119774  0.84930713855236462  0.85789889523003293
  0.86597560727229772  0.87374504676881448  0.88230748100055378  0.89070043308643010
  0.89821441926270207  0.90490566270500328  0.91208816146064031  0.92066388888811213
  0.93018621812167845  0.93880231990302765  0.94669726360525053  0.95483106777629390
  0.96415572143122030  0.97573643086263717  0.98745545162993464  1.00000000000000000
 -0.00201490779464801  0.01153961124429056  0.02332066071418454  0.03566861357036652
  0.04700367026153247  0.05859893784400909  0.06987779378632834  0.08036805097963255
  0.08958392734604391  0.09858730860702129  0.10776896965118238  0.11711120058085153
  0.12710345854947239  0.13727786595112410  0.14671057715847313  0.15566204261149125
  0.16560590018264915  0.17724155606193587  0.19011459762369337  0.20238983882863762
  0.21432594030356433  0.22628921151490619  0.23748604280339719  0.24765881578934193
  0.25689419079947007  0.26665026064817782  0.27584755427879798  0.28484831855103959
  0.29397911440791208  0.30432272583497794  0.31504650080242252  0.32735346125174092
  0.33870321382118906  0.34748539387703881  0.35599319148268543  0.36421338897925154
  0.37340516243112432  0.38344088330470050  0.39228201919195277  0.40251134608741468
  0.41306393900985766  0.42482208795826371  0.43561931951899685  0.44638312409556169
  0.45691594061045754  0.46709735899559646  0.47848446937588007  0.49077379127808674
  0.50321043022184331  0.51530230813384859  0.52677131250347942  0.53764355555370003
  0.54794290631396181  0.55893918071514737  0.56875711830438436  0.57901485232292971
  0.58909274370913056  0.59832993435285131  0.60753141435787550  0.61694676258590353
  0.62646274873706120  0.63617164807930771  0.64739525935578568  0.66174753627287375
  0.67764517845315753  0.69183441105115839  0.70516727992777395  0.71605175744719751
  0.72445164779548188  0.73233620731644433  0.74092005918781212  0.75219697889599213
  0.76402472591593662  0.77269721514351231  0.78080193555396127  0.78855367176825308
  0.79671950385498391  0.80514442189730528  0.81410263528019999  0.82345011568239257
  0.83478324811764526  0.84627219692046052  0.85719972694270452  0.86958073117961543
  0.88096984907352993  0.89396144340303840  0.90678210218929034  0.92048975817230672
  0.93232591424679212  0.94339272286455123  0.95387627965482435  0.96352812160308343
  0.97221133692624506  0.98121572968722925  0.99052630541116948  1.00000000000000000
 -0.00240330335598464  0.00999727801938178  0.01995165094255164  0.03058594524975514
  0.04120867188418031  0.05271036350286678  0.06537812265526968  0.07784736478673340
  0.08909455892121960  0.09829706149330136  0.10623614034284315  0.11387611508187537
  0.12173635824131861  0.13038177088742675  0.13949060647508604  0.14985961340740442
  0.16019840450790232  0.17051936628303796  0.18064490455464438  0.19334204853834466
  0.20552838337277218  0.21707669624451936  0.22877685725212185  0.23983900799215446
  0.24991724697161954  0.25984942824195584  0.27077088779519226  0.28231794935889731
  0.29374700036409296  0.30508866683941233  0.31646540989608934  0.32827975293252670
  0.33974966243186960  0.35078094206733368  0.36218798368085520  0.37360171824806504
  0.38507301508074548  0.39576248520696444  0.40633318371545357  0.41627203461113288
  0.42654758971105017  0.43719874882348564  0.44779057767197655  0.45916767126293179
  0.47153645784228876  0.48403707620098935  0.49576746745764844  0.50696827336140415
  0.51785202905431593  0.52855408537088333  0.53912316368192092  0.54935698596948512
  0.55846695207053731  0.56686000997405428  0.57577599486467290  0.58541977576502757
  0.59406322596138250  0.60197271113728734  0.61116337187779191  0.62203966716902470
  0.63351234115476451  0.64484510933941219  0.65562022926041030  0.66557246541225490
  0.67503711531566601  0.68408549876628288  0.69297011826954735  0.70250398079626208
  0.71350324347708849  0.72479343007384767  0.73496868734333676  0.74416430586151328
  0.75282923089472698  0.76126041415501933  0.77033384346308620  0.78109034967700997
  0.79203684967048160  0.80356036854589175  0.81506950065639394  0.82753378722295234
  0.84074257919590789  0.85438289003813694  0.86794607539772883  0.87976434281935689
  0.88952913301752923  0.89867711883506196  0.90812644792644803  0.91687787819010214
  0.92593591633656736  0.93490289156461770  0.94288663075978019  0.95231212494931028
  0.96253715774682624  0.97424961552015288  0.98712304407977125  1.00000000000000000
 -0.00240242229079336  0.00821808509189094  0.01869314415569842  0.03072057347111680
  0.04240746071348338  0.05243825612844916  0.06246337872952945  0.07197509039898133
  0.08172779681157502  0.09072147432850673  0.09952889036283649  0.10825344838056808
  0.11758477010414989  0.12746086175144641  0.13865989015036184  0.15002011340686594
  0.15999046626729752  0.16931402310049162  0.17982596434098844  0.19052790199777359
  0.20063441772555843  0.21121029874030200  0.22235636769603881  0.23364232598852078
  0.24530192546692237  0.25507320625091962  0.26502143663749900  0.27479070388399068
  0.28560441262801023  0.29684600219888485  0.30755213778768992  0.31820436303926664
  0.32918506816440535  0.34168105224707312  0.35378745367184877  0.36425999991874825
  0.37378390524029265  0.38336525940816946  0.39418408909233194  0.40541895092950325
  0.41666227280882434  0.42829226375738949  0.44021634029963919  0.45144468732360477
  0.46063931566093591  0.46916423485095587  0.47721366565491569  0.48581940077491476
  0.49406377844228655  0.50251658063347282  0.51258542211668523  0.52240591464627018
  0.53247561317012082  0.54232354625513457  0.55164594994635474  0.56064420829565831
  0.57030526187755737  0.57997390432067220  0.58875058992635765  0.59753310223238065
  0.60682473257669334  0.61807508405582057  0.62915759038227148  0.63977222488154917
  0.65048658261122849  0.66248782141260310  0.67462167303728204  0.68618343544091620
  0.69813152641550291  0.71160027228260736  0.72529679756106458  0.73913806370284219
  0.75171091920220312  0.76386074437418983  0.77537450900604443  0.78715310015362050
  0.79982622119842617  0.81390324470822806  0.82616391537717926  0.83719266676066340
  0.84666830878056332  0.85679794994245517  0.86656701209105425  0.87668373506436525
  0.88691658282289232  0.89756604456463585  0.90883417532485455  0.91980576368434985
  0.93013256870538563  0.94035041742741987  0.94966607017876592  0.95952302901802544
  0.96936901660897035  0.97935130387376979  0.98960870822737668  1.00000000000000000
  0.54160379093901412  0.65523802833658207  0.67489277177035512  0.68744454814470057
  0.69555616894438876  0.70416339576366371  0.71376996781156077  0.72335980240786601
  0.73279498260788423  0.74135457632547808  0.74965809903176650  0.75690933367877822
  0.76406628488550610  0.77087720571197937  0.77721558145704506  0.78370158870418061
  0.79028159197800540  0.79641055422369855  0.80181552835778969  0.80709557980129987
  0.81225328686589504  0.81659788662432953  0.82068168491456728  0.82476046496889066
  0.82904344992756274  0.83276944141695486  0.83618887145154031  0.83968153910994892
  0.84343133511535140  0.84714226374623369  0.85095657376271572  0.85506267795563473
  0.85884028884542019  0.86189234088323297  0.86462721397180309  0.86743036458937650
  0.87033547130212841  0.87315991351248523  0.87569475276404740  0.87812922638844471
  0.88060992633238599  0.88331326557470535  0.88613518974134098  0.88877644121461408
  0.89124531770092830  0.89365990164137843  0.89601407030888047  0.89830995147723935
  0.90053715422815206  0.90275983962774331  0.90490596493991515  0.90704192928429861
  0.90915812625632964  0.91124506844853970  0.91336112673131764  0.91546452248583599
  0.91740160165705553  0.91926461833062278  0.92112473661474337  0.92303444315895178
  0.92497781959559922  0.92688099520832323  0.92887570112890838  0.93079083713211308
  0.93278405700619815  0.93467508336838734  0.93651320645419123  0.93829956545918514
  0.94012314175214029  0.94192289009660712  0.94372575059142183  0.94560715980605414
  0.94763133218930018  0.94981460855310418  0.95218469280519169  0.95452496993729730
  0.95663372510720956  0.95860929925787586  0.96062175994523014  0.96264226397684183
  0.96475194199740777  0.96689509434353027  0.96901295326581782  0.97109966586747676
  0.97310448524093163  0.97512865682885719  0.97719038472287167  0.97924504714139649
  0.98140307522921655  0.98371181568509036  0.98590005558410121  0.98821117760720623
  0.99061595054085749  0.99325331468924827  0.99651425440599839  1.00000000000000000
 -0.00063874031866393  0.13731344097476517  0.17418032766278324  0.19590472176253221
  0.21115027111653847  0.22363817206673178  0.23649053844227777  0.24751346737260069
  0.25814562103828853  0.26820659328192376  0.27826789166625193  0.28871130749406620
  0.29887170079067171  0.30806414704450097  0.31650380863175787  0.32442210333372895
  0.33286321098092114  0.34020387950393299  0.34665880380996678  0.35256628136552032
  0.35834148701568924  0.36415289906575443  0.37081333069943612  0.37722472577699723
  0.38365604173518597  0.38945999492383127  0.39488440941294706  0.39970796962400001
  0.40426178150924386  0.40868710334232822  0.41316769136428738  0.41777988934568233
  0.42277407365645886  0.42727447407220809  0.43208850771357182  0.43647205208206219
  0.44144260088881349  0.44682287167959706  0.45199804726962561  0.45695361935530182
  0.46192299775712403  0.46706248443791748  0.47252206447275319  0.47853174894176814
  0.48440703064886309  0.49015869589842420  0.49600731469957204  0.50190126804041968
  0.50771984882188592  0.51388825103961433  0.51995587480342720  0.52605485965947485
  0.53226476360763486  0.53879514619704272  0.54566918198993375  0.55215011773382383
  0.55813207204106219  0.56361081208411568  0.56886316219394584  0.57380860268374112
  0.57877718669387979  0.58400118035617421  0.58939500701425407  0.59555745105439206
  0.60120063121497203  0.60667759511232033  0.61202328356975955  0.61741585913738806
  0.62255910611010046  0.62754795934175389  0.63279473633767058  0.63834323888371980
  0.64442330854876839  0.65116389910183692  0.65737603682780732  0.66360437938159123
  0.66998263037071604  0.67804142446600491  0.68704141403306629  0.69606350232724024
  0.70465669697980593  0.71236116308964115  0.71967385324822664  0.72733714705679664
  0.73556600377512094  0.74485176477980042  0.75522082460575468  0.76567419118207680
  0.77417398508132329  0.78196126434299240  0.78970356103379769  0.79692471082220895
  0.80921469947653235  0.82579591847379152  0.85987856509905602  1.00000000000000000
   5.9299943588254214E-011  -1.0000000000000000     
 F F F F F F F F F F F F F F F F F F F F F F F F F F F F F F F F F F F F F F F F F F F F F F F F F F F F F F F F F F F F F F F F F F F F F F F F F F F F F F F F F F F F F F F F F F F F F F F F F F F F F F F F F F F F F F F F F F F F F F F F F F F F F F F F F F F F F F F F F F F F F F F F F F F F F F F F F F F F F F F F F F F F F F F F F F F F F F F F F F F F F F F F F F F F F F F F F F F F F F F F F F F F F F F F F F F F F F F F F F F F F F F F F F F F F F F F F F F F F F F F F F F F F F F F F F F F F F F F F F F F F F F F F F F F F F F F F F F F F F F F F F F F F F F F F F F F F F F F F F F F F F F F F F F F F F F F F F F F F F F F F F F F F F F F F F F F F F F F F F F F F F F F F F F F F F F F F F F F F F F F F F F F F F F F F F F F F F F F F F F F F F F F F F F F F F F F F F F F F F F F F F F F F F F F F F F F F F F F F F F F F F F F F F F F F F F F F F F F F F F F F F F F F F F F F F F F F F F F F F F F F F F F F F F F F F F F F F F F F F F F F F F F F F F F F F F F F F F F F F F F F F F F F F F F F F F F
  <DiscreteSampler_grid>
  grouped_processes
  1 # 1 for a reference and 2 for a running grid.
  10 # Attribute 'min_bin_probing_points' of the grid.
  1 # Attribute 'grid_mode' of the grid. 1=='default',2=='initialization'
  0.0000000000000000 # Attribute 'small_contrib_threshold' of the grid.
  0.5000000000000000 # Attribute 'damping_power' of the grid.
 # binID   n_entries weight   weight_sqr   abs_weight
    13   10   1.716137295517711E-008   2.566513089835295E-015   1.716137295517711E-008
    16   10   1.716137295517711E-008   2.566513089835295E-015   1.716137295517711E-008
    22   10   3.945094340095144E-009   6.530274060249140E-017   3.945094340095144E-009
    25   10   3.945094340095144E-009   6.530274060249140E-017   3.945094340095144E-009
  </DiscreteSampler_grid>
