  0.00340416556973770  0.01426837847597041  0.02571819778880340  0.03649864684645790
  0.04769111183348605  0.06002692672463936  0.07152215164159906  0.08152571143771895
  0.09053847854202728  0.09902854959253132  0.10869371001902996  0.11985790777835856
  0.13180769307360529  0.14359034356819680  0.15386391563818971  0.16323578965594321
  0.17243542420052194  0.18211241806945019  0.19284098900977548  0.20263155085955578
  0.21152602336585882  0.21994279364746094  0.22896068536976893  0.23860531781833810
  0.24789705558645264  0.25698055547673748  0.26563341697460097  0.27492014315981855
  0.28513185287414772  0.29565959075105369  0.30661916049177301  0.31792506982637869
  0.32985291048367305  0.34202232316469627  0.35421587748645339  0.36671202012766868
  0.37870813171316009  0.38968116965944660  0.40010005232578261  0.41109913387540870
  0.42229282087866138  0.43257000817915736  0.44233382315590636  0.45259231281520418
  0.46375152635244221  0.47576113901043265  0.48659921732237144  0.49757641416624698
  0.50816773133640458  0.51910192844538405  0.52956156901512841  0.53994588297422108
  0.55127259331231837  0.56225029448640462  0.57229141164359298  0.58197612217881001
  0.59240546407086925  0.60313411855823551  0.61444468596678026  0.62561643669393163
  0.63634666290943676  0.64653561732381271  0.65718971376870672  0.66797102508910855
  0.67820163527464039  0.68806729825081792  0.69834852529465319  0.70877052421691955
  0.71804853697647830  0.72734735437726028  0.73745077889678690  0.74694707551336192
  0.75572119307928953  0.76406782478270674  0.77495375629639318  0.78719340776768387
  0.79826827856028570  0.80851393259402249  0.81956135466856928  0.83046725310486225
  0.84191191044789460  0.85295600459688625  0.86499631206979455  0.87615187918885107
  0.88664940839664896  0.89748051724284394  0.90913272723738858  0.91934546105882753
  0.92842073718460560  0.93667819127270491  0.94404186400075241  0.95344969292528170
  0.96450331953316371  0.97666464751816728  0.98871909202809172  1.00000000000000000
  0.00004470411326267  0.00005631766659980  0.00006389319733365  0.00007095336352057
  0.00007734442851279  0.00008320565803578  0.00008863046982087  0.00009379203791536
  0.00009879288311785  0.00010383651785050  0.00010919249107470  0.00011500191975031
  0.00012107357761435  0.00012714322598051  0.00013300074040106  0.00013882872874048
  0.00014469653448101  0.00015052724616906  0.00015660341224422  0.00016257478951710
  0.00016846542153296  0.00017422313254083  0.00017986689727369  0.00018546753770232
  0.00019118903901776  0.00019723482766490  0.00020367448168543  0.00021059158596977
  0.00021713774944106  0.00022404869727567  0.00023126947444663  0.00023888055433420
  0.00024670501575349  0.00025475264780756  0.00026310832557361  0.00027149514191956
  0.00027976612297139  0.00028779196641285  0.00029476179788702  0.00030179386377129
  0.00030931830514548  0.00031739200780934  0.00032705749913856  0.00033867669218857
  0.00035035595271833  0.00036262287669077  0.00037550243930600  0.00038975318047597
  0.00040393317459871  0.00041837766854901  0.00043353771369168  0.00044886276304128
  0.00046427542175676  0.00048023003331734  0.00049907905254861  0.00052412240808711
  0.00054607316338008  0.00056769240691172  0.00058816391600694  0.00061022777135041
  0.00063864938835783  0.00066940424561246  0.00069607880841756  0.00072348330605329
  0.00075392565088495  0.00078956371179126  0.00082791975171745  0.00086387574236330
  0.00089851865860306  0.00093619994740461  0.00097811823817876  0.00102510198741108
  0.00107199379034103  0.00112308401460136  0.00117081939306442  0.00124191857277862
  0.00131772304614849  0.00139766021622090  0.00148505197439741  0.00156839705205620
  0.00170538797684381  0.00184031495594928  0.00199985607721866  0.00218161263980763
  0.00236554554329218  0.00256013121417581  0.00282177423059932  0.00303893594592438
  0.00330696488943087  0.00364917049475117  0.00417911709690507  0.00510990394603553
  0.00667553386145200  0.00921343264956192  0.01671849591321427  1.00000000000000000
  0.00330900897205324  0.01454604967150743  0.02522822094109852  0.03487808508097683
  0.04440762675319328  0.05442534387098033  0.06530137669734111  0.07740730137901979
  0.08770202783339057  0.09861873528284293  0.10886352466070863  0.11939362559234837
  0.12981131457030642  0.14034674836750333  0.15071830083738302  0.16197124096121793
  0.17159098802629080  0.18112155301544894  0.19003685319157279  0.19883261959571119
  0.20802964126547288  0.21741659735800331  0.22748946067615228  0.23824340774357458
  0.24918047324612552  0.26047077693552567  0.27160296511006549  0.28279225163038485
  0.29389836002894937  0.30559076119531636  0.31812006808149346  0.33018940216846865
  0.34124258270953300  0.35109730783687776  0.35989074126424309  0.36952428471811766
  0.37903932517021544  0.39032903088189469  0.40257000154669481  0.41303412825396640
  0.42243852525381315  0.43176225452973244  0.44205998163445692  0.45307670712451464
  0.46397993545596472  0.47433212789985468  0.48574554022836414  0.49717956224827153
  0.50848007660817018  0.51792649112187139  0.52745667053396739  0.53802907208525808
  0.54987473050969049  0.56105467045318158  0.57241014778755805  0.58407945932016725
  0.59532436184033477  0.60637331730966049  0.61699644862037539  0.62763585566924929
  0.63795933543436989  0.64862947978466379  0.66017563175957328  0.67132762378544519
  0.68192471733629223  0.69253853492722206  0.70334521850624565  0.71358906319266957
  0.72389332787002547  0.73437382678553609  0.74483916447352760  0.75501842380040041
  0.76473616239555353  0.77434813702188798  0.78514014659818243  0.79648996260448568
  0.80834939657944005  0.81965155813167589  0.83032702321103735  0.84063763234464328
  0.85129380175484304  0.86194372507365169  0.87133145047335514  0.88018560502334398
  0.88899144837046973  0.89836529201120818  0.90836441139440838  0.91886267674042588
  0.93015945928577948  0.94247983958299175  0.95436946705231029  0.96477098772184899
  0.97376788784780299  0.98254521726931809  0.99261943717663936  1.00000000000000000
  0.00018907306308583  0.00022465717783270  0.00024609763093310  0.00026546728144197
  0.00028343277783463  0.00030147744437591  0.00032097457832432  0.00034008652387456
  0.00036033258377779  0.00038138373314556  0.00040212063014032  0.00042231078324169
  0.00044208774773273  0.00046264241001975  0.00048419815080360  0.00050691803329804
  0.00053056441880341  0.00055415999678023  0.00057721799012922  0.00060060111076012
  0.00062360891523693  0.00064852603766150  0.00067454048434063  0.00070179719432406
  0.00072833294080260  0.00075441972361330  0.00078031812649509  0.00080669224398301
  0.00083281581711194  0.00086131272263938  0.00089248769977268  0.00092346773960224
  0.00095373126854701  0.00098511081768316  0.00101952672122265  0.00105355397811465
  0.00108870183734663  0.00112461949229140  0.00116257410971384  0.00120487162381995
  0.00125142200438385  0.00129691586445866  0.00134290068057956  0.00140063123293117
  0.00145778106522505  0.00152144600956086  0.00158779444670660  0.00165350839060655
  0.00172072935606628  0.00179202277563872  0.00186995902129745  0.00195801229161543
  0.00204225745949988  0.00212028279566423  0.00219676411485406  0.00227671984100518
  0.00236340742801924  0.00244949337076417  0.00252363504118130  0.00259021045021087
  0.00265919508092481  0.00273370958139301  0.00281307897489328  0.00289734512197620
  0.00299423287878589  0.00311733857364522  0.00323912163172260  0.00337807087737572
  0.00352112341225687  0.00369373375838067  0.00387401884564394  0.00406609108605556
  0.00431449244037007  0.00460024786598069  0.00494806596021134  0.00531726918119802
  0.00571751444959133  0.00610078227669774  0.00647853765803545  0.00676037802225609
  0.00703499074356800  0.00729766152044278  0.00749597093853714  0.00783339019800831
  0.00831535272395159  0.00898339463504384  0.00992909609958110  0.01116734302709074
  0.01313841200976633  0.01486842334804549  0.01687931470770188  0.01968685066386987
  0.02391455483875222  0.02993152230885001  0.07238781290918937  1.00000000000000000
 -0.00302309506259805  0.01398866335506714  0.02731046308951090  0.03892162045292286
  0.04983332549731771  0.06084343207053834  0.07280013620601385  0.08427151737748149
  0.09543532632634635  0.10761450661328270  0.12095829568597546  0.13408296421657243
  0.14511388688688437  0.15531913999791133  0.16631170839952436  0.17884540416507205
  0.19119208054185299  0.20115345631305284  0.21008532569520427  0.21902488336767317
  0.22821436438348330  0.23834629028662402  0.24863031361142740  0.25883937060051188
  0.26912567170564627  0.27905575579600006  0.28877109246256705  0.29797808978566165
  0.30743178531299581  0.31718478319623866  0.32575985763711623  0.33423378757328409
  0.34255912765087160  0.35108116966955488  0.36196229063245400  0.37311088248790436
  0.38419216054169575  0.39508465664675807  0.40547345990367362  0.41456109078207137
  0.42255096808442127  0.43076944505587472  0.44002703269637095  0.45041112710124981
  0.46002095303234092  0.46921753269813271  0.47840873435058201  0.48783485711029384
  0.49708878780578353  0.50564919595507352  0.51395506572266092  0.52245682810943372
  0.53206484583878633  0.54219524330944313  0.55231016222392770  0.56208682451995462
  0.57202250922395270  0.58109085298525642  0.59103846711147878  0.60027737681808724
  0.60980108780551578  0.61922907538561056  0.62849793390073139  0.63725472000924066
  0.64557196321971344  0.65344474541748987  0.66195999044997389  0.67059110018037571
  0.67965725810610789  0.68830140585462907  0.69705194844896057  0.70615416691661070
  0.71636714685426073  0.72831740768104436  0.74154263760363703  0.75494327241407577
  0.76761646244798387  0.77904838882853411  0.78914544514136009  0.79937711716629023
  0.80998642667951071  0.82099747664734612  0.83235970647018720  0.84455301167437336
  0.85736725119458446  0.87003243594286905  0.88198995195017027  0.89475265718468944
  0.90692757432986970  0.91914288008522249  0.93168672481003645  0.94482033159187628
  0.95963576159043740  0.97456618848543253  0.98809837321009553  1.00000000000000000
 -0.00192623812789742  0.01109210394941628  0.02176428699986783  0.03249850253643620
  0.04306633951234226  0.05434576092398476  0.06500060713629499  0.07471325341011890
  0.08434159712576483  0.09448076718093973  0.10572599590103311  0.11708397278045231
  0.12828115991003278  0.13989887805449175  0.15171177783863826  0.16375469201088791
  0.17458265627243413  0.18434510406880167  0.19320836514473413  0.20183952180221290
  0.20989088303380343  0.21864366051031003  0.22883124303515559  0.24084258845722198
  0.25355789205732338  0.26479391006849351  0.27527637972371138  0.28627236244375814
  0.29569312866818809  0.30549432348380190  0.31505380827095336  0.32508860901577152
  0.33536750389880848  0.34432809418177079  0.35320503287929539  0.36223835453830383
  0.37382317181249297  0.38727600689462871  0.40104634866853572  0.41314699317921472
  0.42494194602300828  0.43650834224233698  0.44700150407893952  0.45800231638211419
  0.46843993025208269  0.47945867449671759  0.49017249368662330  0.50110437254760132
  0.51283085439334164  0.52526806716280317  0.53696097642004870  0.54809192271113338
  0.55810275010806132  0.56856313166926153  0.57875664947729866  0.58926993811767869
  0.59873385647867472  0.60879035768980794  0.61919635917097093  0.62879845496428977
  0.63721383936584319  0.64596250042546310  0.65612938339964333  0.66761542966556131
  0.67905409325408006  0.69080957803311938  0.70241013639889605  0.71396550790583480
  0.72441530465857218  0.73473805939320247  0.74461533865138230  0.75411072641736798
  0.76355260744925046  0.77442519761740047  0.78502847947321408  0.79536566116078145
  0.80555670495595122  0.81661761068005123  0.82860518195080424  0.84077753986654891
  0.85336409365525090  0.86558831651350554  0.87656749651689270  0.88610323393559542
  0.89514996785043710  0.90449790877172342  0.91422349200894049  0.92371567734305970
  0.93252583222329044  0.94133468958631972  0.95057600515590135  0.95924223025286126
  0.96854794110080367  0.97803162221092199  0.98836284963562304  1.00000000000000000
 -0.00263307133957043  0.00866194175295063  0.01858684028612739  0.02826992229063563
  0.03647674347154207  0.04457533931723510  0.05295458249565217  0.06134906488307812
  0.07067583062540062  0.08017826714143893  0.09003855838181331  0.09954828811451573
  0.10854395351728935  0.11693350314972964  0.12618310714985939  0.13432476140702923
  0.14484347912887116  0.15434463515125507  0.16352752073557852  0.17199903571783010
  0.18045550226958246  0.18857396487483186  0.19977340238946112  0.21038669220290096
  0.22218255967413322  0.23387217332890831  0.24609114951843145  0.25739103891118198
  0.26828717165194899  0.27912949973080781  0.29044582800990604  0.30212530195011877
  0.31392038034398284  0.32593704549735619  0.33782747211613273  0.34904392974395182
  0.35987316987693413  0.37018980538268048  0.38023248308461433  0.39063482265250921
  0.40149147199486224  0.41344942679297159  0.42650404544890042  0.44077554121928691
  0.45413754364614589  0.46729826330977176  0.47835946422565223  0.48928700534218955
  0.50053000897016553  0.51397935964782460  0.52624193031803668  0.53791740307750513
  0.54921482672845556  0.56120770750205062  0.57260060186951955  0.58446479761272063
  0.59574606603306224  0.60729207849060185  0.61868580358504965  0.63078351614844019
  0.64358444075139187  0.65473159680733806  0.66562839315105971  0.67657195826829297
  0.68827191813801458  0.69902024888786962  0.70868221611022386  0.71820945551314641
  0.72789368288730638  0.73881504404949916  0.75044094892757585  0.76293522140607928
  0.77480363886286319  0.78485533052356538  0.79533731649316686  0.80645533220553323
  0.81835099175710624  0.82916613847851406  0.83868335385686277  0.84787651577863388
  0.85732203271303098  0.86728783678250632  0.87769537658491892  0.88883359665714179
  0.90015107068787104  0.91096397895466819  0.92062562315497942  0.92911581303099278
  0.93677229572198417  0.94420186940372097  0.95234002454559863  0.96169193646867412
  0.97159307398343364  0.98124401597778577  0.99074389243411642  1.00000000000000000
 -0.00229109974883349  0.01003481534284580  0.02137908337653099  0.03185287416168123
  0.04241882344594162  0.05260360932160238  0.06288144109061491  0.07367994703129940
  0.08452206589338884  0.09473375582093217  0.10358777274494042  0.11172736220466768
  0.12024576152125374  0.12936029449017669  0.13872989361125004  0.14765115570993567
  0.15720970780836524  0.16830736255604628  0.18033027130815854  0.19183253252999982
  0.20252986088486385  0.21317695564053407  0.22425970245251731  0.23471490562976399
  0.24445768934280443  0.25387332765343940  0.26407299432315307  0.27421428981265811
  0.28400526444347046  0.29382691554839080  0.30471153865043715  0.31593124357179669
  0.32575854192021714  0.33648360920467524  0.34759184160198175  0.35943094728284969
  0.37034688490033624  0.38157438673747474  0.39327353445670271  0.40496585503089877
  0.41636896543513868  0.42755119186521234  0.43839852346402391  0.44917396259667214
  0.45975740176071289  0.47025365744529019  0.48167266265572140  0.49231580831989008
  0.50136893491254142  0.50985560772257399  0.51749530373872643  0.52580098786055296
  0.53490625818629545  0.54412847934242792  0.55396775371932083  0.56368093874290559
  0.57425725999241428  0.58528991342192815  0.59640096597884640  0.60801254548801753
  0.62112535516284473  0.63322076467613297  0.64400755827752376  0.65468605792649770
  0.66664320133557298  0.67883062844511255  0.68971319705098322  0.70013777500388996
  0.71086220270270828  0.72174734585121114  0.73235915461925261  0.74307130248296305
  0.75350354494670524  0.76351499886034802  0.77276408433794741  0.78137414421346041
  0.78984117973048862  0.79840739508557923  0.80785018670737052  0.81744705500681825
  0.82766874216036856  0.83891653921472475  0.85080752862739062  0.86317526115953891
  0.87502606640718250  0.88753396939186946  0.90086698430236190  0.91327742710026305
  0.92456492742937590  0.93537407341908818  0.94650068628517992  0.95754683818231667
  0.96833067123013750  0.97889156768427410  0.98925028425008810  1.00000000000000000
 -0.00254118264562502  0.01491318273127908  0.02832926353103440  0.04027067500920400
  0.05211093004904624  0.06489307331180690  0.07788656373291397  0.09088631560092729
  0.10148351595952723  0.11104281588793075  0.12029906542894837  0.12886694879499752
  0.13816855401473774  0.14807209380853231  0.15851027010620755  0.16967566653537214
  0.18150190617289985  0.19293161208879908  0.20389574290381696  0.21447225668609576
  0.22496473293291253  0.23540863019593353  0.24605405931466787  0.25572057339352045
  0.26571340009362121  0.27609566988446260  0.28658767234304583  0.29744865035823626
  0.30828931348485145  0.31930543014307161  0.33073409630835549  0.34156826735459839
  0.35194839556172575  0.36134909378233038  0.37107650071700932  0.38078297277299594
  0.39019553619721037  0.39983387153699546  0.40924300862542140  0.41928749074214616
  0.42955923279055214  0.44006687992984739  0.45134301281460792  0.46268082722852211
  0.47336934797127006  0.48377165341104478  0.49362157651969135  0.50328345355911452
  0.51214276468305941  0.52072053822380926  0.53018005472983665  0.54070122771613316
  0.55308771116325295  0.56393130970286698  0.57402957084729311  0.58361146279048004
  0.59368095037978852  0.60362610981259002  0.61347778967805189  0.62342688178948469
  0.63322361124780191  0.64297846002239434  0.65241913759500880  0.66173800695497909
  0.67230485816814600  0.68158530244379012  0.69206758123397771  0.70253252012767098
  0.71184776790634563  0.72185130929125829  0.73166657979328298  0.74178834390648818
  0.75238991334997896  0.76195342693166246  0.77122019774413442  0.78103737357985692
  0.79130902462562880  0.80197558740416619  0.81313519468825479  0.82464933687800479
  0.83635895373680202  0.84629605221927673  0.85645397462884010  0.86782213468513025
  0.87995717456910638  0.89267134330714304  0.90512546584981801  0.91649358874157805
  0.92685811082979885  0.93734935859220747  0.94823508095631515  0.95918649676293999
  0.96993588366294325  0.98070896504744920  0.99085520459015042  1.00000000000000000
 -0.00204846126382242  0.00878170869457946  0.01806577723126685  0.02796094281529932
  0.03824863234714072  0.04841490216547415  0.05888675239988735  0.06988625212923051
  0.08171260010691232  0.09416678809168534  0.10707281141652301  0.11931194192210191
  0.13035458243284706  0.14070408161100159  0.15072599128884479  0.16049105870689842
  0.17003673398237662  0.17936281283869307  0.18863848202835831  0.19835000710408596
  0.20799970108453769  0.21714690231325035  0.22653402236758241  0.23605531206967478
  0.24637283735289545  0.25602219630849465  0.26403754363463289  0.27227006085626437
  0.28067391603631375  0.28961761870890901  0.30005661094727498  0.30985823504316240
  0.31897380282590110  0.32745878446562993  0.33618403474800107  0.34555371425403580
  0.35629579671912026  0.36814510350940816  0.37997968325157988  0.39132814494118828
  0.40226687981164638  0.41296485597282695  0.42472903982664723  0.43713106113153083
  0.44915628745601643  0.46060391043494303  0.47104214323855775  0.48208566863458385
  0.49252128220178543  0.50257517880517888  0.51196816776082144  0.52083022131376255
  0.53019142313437140  0.53948591659166889  0.54982856348016307  0.56090607419479044
  0.57207179196807723  0.58378724693499506  0.59656145424227935  0.60913998095094701
  0.62014195841780684  0.63023060110912221  0.63965435060724363  0.65100874165451250
  0.66313678671833420  0.67443588350017158  0.68543761594732455  0.69603921555754056
  0.70674151154284415  0.71733590530828295  0.72744942228949083  0.73937946755870243
  0.75061844611618367  0.76256462197934949  0.77465605686918426  0.78685840545805386
  0.79932867753147285  0.81113469512153979  0.82213677153099773  0.83305790090807685
  0.84402668872899811  0.85504945407180744  0.86512178742186063  0.87404079897684972
  0.88305087310481045  0.89254124256136314  0.90217026778234199  0.91239385750745960
  0.92293217512498571  0.93341728194062701  0.94406768522808349  0.95510355664019242
  0.96642726861816386  0.97777091957369155  0.98914198214949722  1.00000000000000000
 -0.00206629643130826  0.00731495421895411  0.01546311496935823  0.02359276872756237
  0.03140075483247070  0.03953036542657836  0.04772551610202264  0.05594419906955458
  0.06469754621883503  0.07361686712808216  0.08347149861107916  0.09378823673879132
  0.10359736559411853  0.11238145527442676  0.12121977842177313  0.13023530430369301
  0.14072720270490882  0.15184435975192292  0.16279422436156377  0.17331537669877858
  0.18297143355992915  0.19255852583468044  0.20128321076099090  0.20966268914639202
  0.21821367811036960  0.22716923274698628  0.23780752976885697  0.25000149674613792
  0.26230495682587068  0.27386574499826144  0.28513379961771912  0.29560902042801107
  0.30552313381689644  0.31561289598557024  0.32650444590794026  0.33750361495485520
  0.34798820075379094  0.35978178266295330  0.37215068155108721  0.38522508966574343
  0.39760126289709041  0.40935640846999694  0.41986255535438044  0.43004106349533666
  0.44102266424686642  0.45308256446359496  0.46604212653102001  0.47926870893007689
  0.49210522861341210  0.50438770037591352  0.51639952100059838  0.52950531409756196
  0.54305044423932280  0.55709733546947060  0.57067073970003723  0.58423026373732445
  0.59827349238802130  0.61119698758251384  0.62357007311820156  0.63559782523001918
  0.64855262493050703  0.66180855399924676  0.67519629479677923  0.68799198906729386
  0.69944875950200069  0.71139251703199624  0.72431457045817593  0.73614429223884092
  0.74653711738796447  0.75682439556340964  0.76745195367727492  0.77838844742300584
  0.78957613217700606  0.80111172556462362  0.81268396771532692  0.82212370171456051
  0.83069484168718766  0.83961161178446186  0.84947890273132476  0.86002782425831548
  0.86952194766068902  0.87833649928865076  0.88737707277554967  0.89667283185212465
  0.90584906604615523  0.91478210516746894  0.92345987012531894  0.93205504543909012
  0.94142134337568728  0.95000700087115075  0.95802860904358755  0.96562577483423573
  0.97341145607307655  0.98204207343252570  0.99072448289664572  1.00000000000000000
 -0.00253512330982810  0.01189209807388339  0.02359798730790751  0.03480165861172439
  0.04573572181133361  0.05666748717891179  0.06785261590176726  0.07852279466135116
  0.08860425175194027  0.09812674716905383  0.10826079500967603  0.11864038012134491
  0.12861798261991264  0.13889470811036161  0.14986280832444149  0.16107866849153316
  0.17217824499450995  0.18250221706186781  0.19229866509285501  0.20197538122870046
  0.21170901826009156  0.22254217517235925  0.23245429154803096  0.24274650276401799
  0.25239262283937486  0.26228334874802206  0.27208077240324274  0.28217342331802375
  0.29195070898518549  0.30253962152726760  0.31298946920922804  0.32228421869853430
  0.33096564843252935  0.34057542796910806  0.35101664230508078  0.36268361841971647
  0.37425601080873783  0.38547604936015062  0.39437120813981996  0.40312433796304498
  0.41216071111717129  0.42206872147949209  0.43277180821426303  0.44263154716315267
  0.45252754065596634  0.46295094278279175  0.47345369153892697  0.48351473249438637
  0.49381831773408497  0.50393973610609533  0.51354212160848400  0.52280823764512896
  0.53230838461850560  0.54308668128878024  0.55476426416877667  0.56577406629502314
  0.57647962344775139  0.58748823383610349  0.59881319184535930  0.61131565890844952
  0.62404871058448386  0.63521022551949791  0.64599222453725280  0.65683248836168884
  0.66658922397112186  0.67521637367979570  0.68313884578206074  0.69141000333834457
  0.70120867008251886  0.71245854887782423  0.72600585619539160  0.73743975876144152
  0.74765841391237275  0.75708431663979647  0.76689654518244676  0.77769954234147198
  0.78976470193100190  0.80085482485420068  0.81151949898351894  0.82288821579888616
  0.83503115625133728  0.84734924521725741  0.85878404871316383  0.86849584477090058
  0.87847130021825903  0.88866574862403525  0.89930376423936287  0.91033427306443504
  0.92279356120518274  0.93632741141098352  0.94798457349737764  0.95806996187410720
  0.96772964807385931  0.97808147453689087  0.98884531535442100  1.00000000000000000
  0.00412273794734724  0.01190341839689566  0.01762988300566175  0.02385707854342643
  0.03223006584852117  0.03986664816478271  0.04794768157997679  0.05601727858940645
  0.06467576885006657  0.07495497752756890  0.08535707711404136  0.09642104610866199
  0.10790479968230389  0.11945082882274816  0.13063869800960781  0.14098564605850408
  0.15098689991022896  0.16130553015608284  0.17224258698835629  0.18328184734149050
  0.19428898622114515  0.20543671476424277  0.21766584890809390  0.23055130988375871
  0.24319061172029383  0.25517439646316609  0.26647725459687721  0.27767732726749650
  0.28897620534070878  0.30033478541543662  0.31229417872336601  0.32395877271163531
  0.33554262227849385  0.34668511864680568  0.35803303180532303  0.36954967922594040
  0.38141697848546041  0.39425077650822782  0.40684898542901599  0.41856593288034311
  0.42938570242839402  0.43930308894498715  0.44866054538890454  0.45816870299805035
  0.46747792667502414  0.47653470192592223  0.48594324540495276  0.49634797299359301
  0.50904785885242720  0.52118970363484995  0.53207401057082793  0.54232490608441308
  0.55321809140352951  0.56353613321055740  0.57339943661858706  0.58348236324457403
  0.59586141331927900  0.60914015388458642  0.62089586823038867  0.63063869420306573
  0.64009547250859189  0.65010626905130520  0.66126517205647362  0.67315043527984642
  0.68368874664824864  0.69380218061085486  0.70435056461512746  0.71599229892627692
  0.72856970308850222  0.74106158419108570  0.75309909021309196  0.76485452420099787
  0.77577153468495530  0.78613193951848848  0.79570184624046258  0.80512242845955651
  0.81406032051378696  0.82365686203161714  0.83436758977973824  0.84596847677728282
  0.85756248296670601  0.86968113983304796  0.88234439370743778  0.89427547966787102
  0.90447368330123246  0.91396618184000378  0.92428569537684979  0.93544076484359062
  0.94651120424713620  0.95581373679788684  0.96463299963616278  0.97327114584716323
  0.98127241758466965  0.98772403213388038  0.99391330126606248  1.00000000000000000
 -0.00176288424053246  0.01013652453080556  0.02054258830770360  0.03118256182988897
  0.04168442091294328  0.05301935868534029  0.06415707732980899  0.07425327243501013
  0.08433902101611346  0.09562105328949948  0.10816324792007651  0.12027018995681626
  0.13266899161886145  0.14494982281752750  0.15755899762983061  0.17119398091916740
  0.18561184092128905  0.19834190057038040  0.21034594552941885  0.22159691178243340
  0.23267836408163364  0.24414808476080380  0.25508051026900908  0.26610701440629758
  0.27707342443997629  0.28847614866291921  0.30035599003029129  0.31196408551536686
  0.32329437984560372  0.33332960230279945  0.34286568020016789  0.35237956738976217
  0.36195858145697812  0.37211818565404697  0.38145322791526476  0.39067447146922341
  0.39957821447417108  0.40829858178734485  0.41611115997029063  0.42440276317220654
  0.43286868780187354  0.44265580986858216  0.45328222821423519  0.46452373868026953
  0.47599770074707459  0.48510058959937097  0.49424831814629600  0.50215614353782845
  0.51038178244347576  0.51890266355297032  0.52779087875371566  0.53694766380437520
  0.54606604610262388  0.55599425232117827  0.56761792291704827  0.58094995722798204
  0.59444119378793259  0.60713268960471312  0.61884352236705231  0.62970846774075595
  0.64057696238049344  0.65132395170813828  0.66289357461331488  0.67467432248831449
  0.68598138909527806  0.69697176434317654  0.70802358108554264  0.71954074671993451
  0.73048821086770133  0.74158113927842761  0.75247646183148764  0.76315389556857993
  0.77244420174874295  0.78120042854356109  0.78990898419717026  0.79976835394390611
  0.81048886990633728  0.82170411911483043  0.83293481546742543  0.84370039673612629
  0.85577937085248945  0.86453087934733308  0.87347887300437077  0.88249538836143215
  0.89207997264977779  0.90369270279559610  0.91507483948449964  0.92554890176114035
  0.93536541240809135  0.94501282219019789  0.95480057789490491  0.96355231443143108
  0.97223176784429832  0.98113841557481285  0.99098983648504602  1.00000000000000000
  0.55740259950990878  0.61051701242557144  0.64018331488345814  0.66731405011968836
  0.68505361979288582  0.69576395850067219  0.70548107283488593  0.71399280376806151
  0.72312393001098829  0.73241139624642115  0.74019385647478564  0.74708527593056384
  0.75341784555639957  0.76052490336893774  0.76842674109215781  0.77595905822141598
  0.78228798050704318  0.78797668954423494  0.79298545058939085  0.79772485701622753
  0.80251490102302891  0.80746265033692610  0.81258607835754748  0.81716504611430840
  0.82130099725235850  0.82518806051135551  0.82895179843726952  0.83285550466965119
  0.83690484181238056  0.84115281211148041  0.84530793949640426  0.84933970753301924
  0.85276466773469128  0.85577603290022730  0.85870002527048384  0.86184592557638651
  0.86513825352885343  0.86816016979729427  0.87095728937481043  0.87364146864882797
  0.87636918770150896  0.87880688331932733  0.88129652325074648  0.88397223864576335
  0.88664641188647730  0.88927744687876009  0.89178751114311505  0.89417452273260856
  0.89662198199146448  0.89903652731652639  0.90143965183966290  0.90371120871242760
  0.90604508010927054  0.90823259278331048  0.91070461522422308  0.91324954238049050
  0.91575583425774476  0.91805244815023768  0.92011497612086046  0.92199094750789312
  0.92384079302855959  0.92581180415441533  0.92785058224707573  0.92983686490299688
  0.93175921270025053  0.93362450743682290  0.93550541236759865  0.93742703011635775
  0.93936914204486222  0.94139427981029133  0.94359423487244720  0.94589473232091525
  0.94815286320397707  0.95032361254809383  0.95236417660062334  0.95442421538838340
  0.95642389572681696  0.95843265164793390  0.96047164401996343  0.96245091888454037
  0.96440494471175597  0.96632124399760522  0.96830110515923296  0.97043948805410341
  0.97266888284591557  0.97480601430801006  0.97680743915382229  0.97878727732132631
  0.98091079007403148  0.98297610175954886  0.98528236468634556  0.98744578465209643
  0.98970711506896658  0.99216009728681409  0.99537170223211180  1.00000000000000000
  0.04318054051416740  0.14118845673909763  0.16998846310128976  0.19114576909262745
  0.20772070902878761  0.22141433893657916  0.23343437066444536  0.24353972438708019
  0.25194105024084856  0.25916667864773618  0.26640597950421169  0.27411679625749674
  0.28151023077922499  0.28853204140146582  0.29517935090818859  0.30226830879233479
  0.31040924465103326  0.31881483086168388  0.32666705336594276  0.33340268357649588
  0.33963379146012596  0.34572762704211374  0.35269550298763502  0.35985474111677423
  0.36722490044738376  0.37409017949953349  0.38061676011082046  0.38703591704843388
  0.39329039288414830  0.39897470159499482  0.40460348013391317  0.41074355651534517
  0.41700399435718200  0.42291904980341211  0.42824819532410635  0.43331914185909143
  0.43856160190182747  0.44394691333422093  0.44962699796130712  0.45498223774946156
  0.46000780094857113  0.46504724033430234  0.47008125208241924  0.47518012477936111
  0.48036131350317796  0.48502016600686371  0.48968754447644508  0.49490840726147789
  0.50094217089109971  0.50683748876546564  0.51213490131883654  0.51717539919673883
  0.52227971536445261  0.52786473991326743  0.53402016125126539  0.53989042935138065
  0.54550851330203831  0.55117831466684941  0.55712159094758518  0.56304355735348799
  0.56884877821499324  0.57444145712528238  0.57992182983639662  0.58553756979168980
  0.59139210793858499  0.59745562867895352  0.60351625973748879  0.60981953974276748
  0.61650444842242080  0.62287268063368539  0.62970785014672503  0.63605687584811099
  0.64259837338885051  0.64914437313317419  0.65567934720281629  0.66248564416317823
  0.66980057860109665  0.67765414722187167  0.68548704620914180  0.69249799997423522
  0.69911613062255018  0.70577211064994239  0.71292774754150889  0.72043630149027993
  0.72883266309176586  0.73736380673650770  0.74669790504036493  0.75405079655325735
  0.76227551193020282  0.77069426571497723  0.78383715655993536  0.79990691077285236
  0.81766151149593669  0.83944582584511274  0.87414793714193539  1.00000000000000000
   2.2466654458157426E-011  -1.0000000000000000     
 F F F F F F F F F F F F F F F F F F F F F F F F F F F F F F F F F F F F F F F F F F F F F F F F F F F F F F F F F F F F F F F F F F F F F F F F F F F F F F F F F F F F F F F F F F F F F F F F F F F F F F F F F F F F F F F F F F F F F F F F F F F F F F F F F F F F F F F F F F F F F F F F F F F F F F F F F F F F F F F F F F F F F F F F F F F F F F F F F F F F F F F F F F F F F F F F F F F F F F F F F F F F F F F F F F F F F F F F F F F F F F F F F F F F F F F F F F F F F F F F F F F F F F F F F F F F F F F F F F F F F F F F F F F F F F F F F F F F F F F F F F F F F F F F F F F F F F F F F F F F F F F F F F F F F F F F F F F F F F F F F F F F F F F F F F F F F F F F F F F F F F F F F F F F F F F F F F F F F F F F F F F F F F F F F F F F F F F F F F F F F F F F F F F F F F F F F F F F F F F F F F F F F F F F F F F F F F F F F F F F F F F F F F F F F F F F F F F F F F F F F F F F F F F F F F F F F F F F F F F F F F F F F F F F F F F F F F F F F F F F F F F F F F F F F F F F F F F F F F F F F F F F F F F F F F F F
  <DiscreteSampler_grid>
  grouped_processes
  1 # 1 for a reference and 2 for a running grid.
  10 # Attribute 'min_bin_probing_points' of the grid.
  1 # Attribute 'grid_mode' of the grid. 1=='default',2=='initialization'
  0.0000000000000000 # Attribute 'small_contrib_threshold' of the grid.
  0.5000000000000000 # Attribute 'damping_power' of the grid.
 # binID   n_entries weight   weight_sqr   abs_weight
    13   10   4.970126491200871E-009   5.904705637714654E-017   4.970126491200871E-009
    16   10   4.970126491200871E-009   5.904705637714654E-017   4.970126491200871E-009
    22   10   1.352196109957350E-008   8.146118870746781E-016   1.352196109957350E-008
    25   10   1.352196109957350E-008   8.146118870746781E-016   1.352196109957350E-008
  </DiscreteSampler_grid>
