  0.00318200249476409  0.01673257500032672  0.03034908647229473  0.04302742699152837
  0.05463844583779599  0.06532010154784818  0.07546358435098705  0.08558453175100589
  0.09568134082166625  0.10593158484245641  0.11522224267831353  0.12487350121979678
  0.13479742419466043  0.14582737069635079  0.15703034953642053  0.16861070827040117
  0.18073698116309056  0.19283197980821784  0.20525734289571035  0.21772264581676057
  0.22952991721514876  0.24039687739118629  0.25111827035027823  0.26147435220227738
  0.27089257667293720  0.27995046737285645  0.28913661498298932  0.29954187680865380
  0.31033388922019006  0.31999344974494054  0.33011844601760415  0.34082873738665820
  0.35252532698737732  0.36341437673400045  0.37471972856006980  0.38660174758192700
  0.39796725957123336  0.40881539712451187  0.41888419541329763  0.42855806075919906
  0.43731537602809517  0.44584840843516910  0.45486710579635659  0.46538819936394538
  0.47603475595049133  0.48607357984418198  0.49628753171035955  0.50696281940311971
  0.51726981603819766  0.52668900908234273  0.53620792549028629  0.54635923703302813
  0.55746003455048598  0.56894838710923779  0.58043140495411971  0.59156733745837142
  0.60279003230260209  0.61377435807579128  0.62413855765407300  0.63365729562154216
  0.64090585043619019  0.64841020876045019  0.65616603091763548  0.66497334677695341
  0.67620504684480520  0.68722057720867413  0.69770188995689064  0.70830946275771134
  0.71931647257143805  0.73012173352891585  0.74095150258861986  0.75201248636774198
  0.76273570216655229  0.77336312961341069  0.78215133768746703  0.79112680342167452
  0.80014754563880586  0.80990461730986452  0.82047903898123564  0.83202355197290068
  0.84496216017922743  0.85754790539110204  0.86796806483976496  0.87780509600917456
  0.88769461858256016  0.89840053066292958  0.90916890597407407  0.91912983432494266
  0.92907248482034743  0.93909712514246668  0.94968852456409558  0.95943859739154913
  0.96805766616226319  0.97571983796424688  0.98380172930734600  1.00000000000000000
  0.00000218920716799  0.00000314692516718  0.00000339416730499  0.00000365287504199
  0.00000390498823856  0.00000418101419401  0.00000447546688241  0.00000476616769788
  0.00000504184339884  0.00000528443191782  0.00000549860910826  0.00000568794613779
  0.00000586627502335  0.00000604422400662  0.00000626688175459  0.00000649001259384
  0.00000672291355799  0.00000699855114540  0.00000728999749178  0.00000760108466332
  0.00000794455905110  0.00000833391302114  0.00000872545976861  0.00000912155450732
  0.00000951064123394  0.00000990637026885  0.00001029438078305  0.00001065340563623
  0.00001101783303407  0.00001138992429121  0.00001182711257352  0.00001230890195807
  0.00001280893285116  0.00001333381427437  0.00001386086583305  0.00001436468002742
  0.00001487024135475  0.00001545814173001  0.00001612856314389  0.00001686143652024
  0.00001765410372287  0.00001846972156237  0.00001930228253971  0.00002013562790385
  0.00002098517525743  0.00002186367033757  0.00002278049185115  0.00002378796817709
  0.00002492173519317  0.00002607921120638  0.00002734618838141  0.00002866258975980
  0.00003007373185199  0.00003150161889067  0.00003313042577955  0.00003486791895710
  0.00003676176262052  0.00003889961669699  0.00004118055430112  0.00004368291639562
  0.00004644224471621  0.00004943683310061  0.00005286909786144  0.00005653281700957
  0.00006050789304867  0.00006502895932663  0.00007002547900311  0.00007561291381158
  0.00008169769972947  0.00008848108523747  0.00009636170691929  0.00010433578199522
  0.00011256033939542  0.00012065489808902  0.00013000880710304  0.00014008376932652
  0.00015290892251695  0.00016728075085340  0.00018348296932361  0.00020442712152641
  0.00023078030730260  0.00026173803415912  0.00029712666954058  0.00033650793045872
  0.00038471683396982  0.00044383452073060  0.00050891542198637  0.00058066960114587
  0.00069663650318180  0.00088439414124973  0.00116792594874868  0.00155073684869509
  0.00226618091860088  0.00433498493360514  0.02702148288965561  1.00000000000000000
  0.00000566699593886  0.00000713273883127  0.00000794374772144  0.00000826031690767
  0.00000874864997170  0.00000931547494111  0.00001000357940786  0.00001065240372649
  0.00001126845610649  0.00001187885309983  0.00001237736231378  0.00001293553971995
  0.00001353690383630  0.00001426011203821  0.00001509514051995  0.00001608269041197
  0.00001720963957333  0.00001868509519425  0.00002037621701183  0.00002220232930180
  0.00002411713238649  0.00002650740435937  0.00002958816963067  0.00003339682031691
  0.00003781958947235  0.00004302346246305  0.00004894348888533  0.00005549761437092
  0.00006244166429547  0.00007018019228479  0.00007952185278546  0.00008926184994625
  0.00009963061825161  0.00011103953433384  0.00012377046370515  0.00013773512467502
  0.00015213419290592  0.00016821034447075  0.00018502116943485  0.00020382996458500
  0.00022550157627875  0.00024975613376706  0.00027476171764426  0.00029963413714477
  0.00032406582764968  0.00034899961615609  0.00037857693483038  0.00041246430452122
  0.00044627954709835  0.00048183760009575  0.00052214332841260  0.00056443235335724
  0.00059758635735632  0.00062816487703003  0.00065902231562604  0.00069163043439134
  0.00073150863840194  0.00077586652860205  0.00082096381812777  0.00086701503675376
  0.00091668634245815  0.00096978712212886  0.00103274148603294  0.00109808686215246
  0.00116649274201119  0.00123355145370980  0.00131162832680521  0.00140611372754573
  0.00147755150051065  0.00152996424313742  0.00157508882773774  0.00161538308769360
  0.00166103504215664  0.00172732099037965  0.00178331621492183  0.00184543525680470
  0.00193663991038816  0.00205973623789009  0.00225484632174959  0.00255927497998719
  0.00263888353866015  0.00271849209733311  0.00278847919263868  0.00285126699378601
  0.00291264674698945  0.00293904638508557  0.00296544602318170  0.00305157786587352
  0.00317484254276663  0.00333054430505367  0.00341730123011860  0.00351028599034843
  0.00369548621987527  0.00402469325783068  0.25598350449876389  1.00000000000000000
  0.00000451270865309  0.00000513329991525  0.00000568987858515  0.00000621402807934
  0.00000667093994525  0.00000711169097754  0.00000756157728336  0.00000808282751086
  0.00000872901973853  0.00000946129477630  0.00001018276093448  0.00001084969944488
  0.00001148184372674  0.00001212113414254  0.00001282456821584  0.00001358566910457
  0.00001435089217772  0.00001518520900401  0.00001613133956488  0.00001717758657741
  0.00001832813679377  0.00001943435618747  0.00002068168791101  0.00002194733644356
  0.00002319567346938  0.00002447311696454  0.00002573458735976  0.00002715352877264
  0.00002875949336595  0.00003054923018179  0.00003254317544843  0.00003466114904316
  0.00003680636793141  0.00003909299305881  0.00004162530566444  0.00004437147809135
  0.00004755572600731  0.00005099257416134  0.00005460797920773  0.00005845276222751
  0.00006241164751888  0.00006662538913675  0.00007108685854805  0.00007547117944511
  0.00008029985294733  0.00008553650665482  0.00009132300795174  0.00009827862308061
  0.00010535340634351  0.00011258337485588  0.00012020901986788  0.00012845320054952
  0.00013828956415533  0.00014891597093209  0.00016122754632322  0.00017446475396922
  0.00018920140124825  0.00020401695261751  0.00022127849658356  0.00023911303206062
  0.00025637662312179  0.00027441793383982  0.00029334667687808  0.00031336784691852
  0.00033925359189046  0.00036714499542810  0.00039729425867174  0.00042855011385665
  0.00046505820809409  0.00049904423757557  0.00053580843746885  0.00057635871303009
  0.00062451285056392  0.00068239663789846  0.00075079860886145  0.00082757380970258
  0.00090222753446186  0.00100012079847733  0.00107336354080090  0.00113398384637217
  0.00118979357082441  0.00126198834530921  0.00134765298727812  0.00143789035519805
  0.00154766454326072  0.00172253598057747  0.00193814537651995  0.00214054252521507
  0.00234110943069463  0.00254897185181349  0.00277438004115909  0.00304750825837047
  0.00347076813716470  0.00415152037067524  0.02573462581123484  1.00000000000000000
 -0.00370574853420502  0.02757514715476729  0.06116160691646440  0.09587048228646482
  0.12464058432922540  0.14674183081492834  0.16680139465193591  0.18725543499274835
  0.20655922922279937  0.22626034874493753  0.24456038894027504  0.25794868676254129
  0.26777805080030787  0.27743863520933054  0.28775682038521494  0.30054212306762618
  0.31191630366718087  0.32277304955490843  0.33515218761660776  0.34890991084398360
  0.36264982195316420  0.37518928384409750  0.38661837547125882  0.39666080023880534
  0.40692228334679070  0.41825926862320573  0.43170209563616474  0.44465650575877969
  0.45621125889170583  0.46755709197860529  0.47922294158753775  0.49102475110805649
  0.50269702559121165  0.51359383302984574  0.52367123092453483  0.53276476862070332
  0.54163878516781039  0.55101554612084669  0.56119854723253015  0.57187887248052816
  0.58282874689562492  0.59418447387521323  0.60497319103666247  0.61416107851324619
  0.62296255022756197  0.63163548012056459  0.64137248294096405  0.65048607789106128
  0.65836316104792869  0.66655938974573992  0.67549031344814914  0.68505052667607924
  0.69420120178958122  0.70316280423689848  0.71137724604915153  0.71945355272717570
  0.72785230706529314  0.73675061969710620  0.74555619146736762  0.75390744540437893
  0.76184224633104269  0.76964731479814508  0.77759873746709840  0.78547028661513685
  0.79282348728499941  0.79958938769035315  0.80618545670444941  0.81274709153246449
  0.81934040451042656  0.82610567429677617  0.83309942369678502  0.84030405747543513
  0.84759372498136143  0.85464897587633282  0.86160379825916000  0.86893274269392207
  0.87663442303733141  0.88507427481256751  0.89317714144502958  0.90131338801893413
  0.90858330072095483  0.91521299391193767  0.92172007127870281  0.92816766845139098
  0.93465915174940406  0.94133266245380276  0.94828566744403586  0.95554261250724304
  0.96270885951656548  0.96941321058316043  0.97517722428135933  0.98039336480269568
  0.98492173997616816  0.98959874121913072  0.99478450951086517  1.00000000000000000
 -0.00257606825000108  0.01071405065992921  0.02230090100299064  0.03304587469328632
  0.04397679697618578  0.05493569007126625  0.06599642366641033  0.07634912957605312
  0.08622154782027744  0.09589137981151111  0.10582722161017381  0.11607469832157447
  0.12584977948379161  0.13567032265873730  0.14553319326692360  0.15624112517872019
  0.16626626460127822  0.17473170038254868  0.18257001105620044  0.19116385481857964
  0.19991808536287359  0.20842422007608913  0.21680878347326776  0.22548836781487269
  0.23556700961534269  0.24683072207807580  0.25919758829918699  0.27153095165941160
  0.28484736147880751  0.29575212068162315  0.30606328520800680  0.31604544725903222
  0.32647276989915081  0.33646245462222790  0.34564179125978906  0.35496843867654632
  0.36595026931655428  0.37788046653181995  0.38940934819607781  0.40028735028871154
  0.40913951321414666  0.41816764831686115  0.42672229643179271  0.43636606923318777
  0.44670323192974720  0.45651776809764311  0.46565883219390869  0.47505444399133873
  0.48547261306459766  0.49612180126043043  0.50666993953498163  0.51725563461091140
  0.52819993662950815  0.53955346475703825  0.55096520562781315  0.56139905469952511
  0.57076590005634864  0.57998973774481610  0.59041947979387333  0.60229499494409489
  0.61396437544254845  0.62497294457132002  0.63655729897265168  0.64799357754440245
  0.65893621466301500  0.66963524867561230  0.67986090775831565  0.68978270047584311
  0.69915767997747968  0.70888818802063258  0.71878907380492296  0.72885541906907592
  0.73839339230941281  0.74824430687577237  0.75936580177890756  0.77095571081458403
  0.78277492729232434  0.79494493837877911  0.80805502662926476  0.82143402991880587
  0.83410941096415980  0.84590960594230080  0.85714792153173414  0.86780416649899539
  0.87873518827920105  0.89008515906924091  0.90156468570642079  0.91208521977907309
  0.92256805096705152  0.93352396103073443  0.94534528779241345  0.95754149888326101
  0.96935170312878405  0.98035302980326255  0.99046531760502377  1.00000000000000000
 -0.00225526912310702  0.00647010241326522  0.01533695545298002  0.02432537042167985
  0.03422263175280873  0.04464799324143146  0.05495019432924064  0.06591210920886589
  0.07648752690854480  0.08581556537497625  0.09506752020330654  0.10465877532723737
  0.11484099758682670  0.12540997015104663  0.13675257366892943  0.14922425872830591
  0.16185386381517511  0.17329542009624427  0.18354483003256766  0.19362584040777195
  0.20457251432405438  0.21701084558026776  0.22963254544273548  0.24152523169919940
  0.25340760126136580  0.26516637517284708  0.27662640296855662  0.28743113997192604
  0.29797054722953747  0.30839008233422022  0.31948057380813755  0.33112896579444490
  0.34375509551866118  0.35529228110375477  0.36569961071497648  0.37547915571536278
  0.38542818013353236  0.39561686037158555  0.40553127297115815  0.41540910445504176
  0.42600720278427723  0.43693774952163955  0.44849737447295046  0.45969422773968877
  0.47102092395530454  0.48231252369914601  0.49256587967653837  0.50287357976622449
  0.51308685941577936  0.52356055157622672  0.53363001533456278  0.54407417056574203
  0.55362200228213709  0.56330964789709936  0.57204439755928160  0.58133002555917224
  0.59155702009347277  0.60265065592685318  0.61417733698440569  0.62564288033850746
  0.63723424801174977  0.64929106218051547  0.66022005320869570  0.66965938337730035
  0.67819166353775251  0.68661049520373574  0.69603455479451914  0.70513913181195997
  0.71398179493409053  0.72216631439915435  0.73068283428191549  0.73996259423678601
  0.74957885064260366  0.76083758256014478  0.77289886223524851  0.78542759760320691
  0.79747073849190298  0.80850490033720324  0.81952178700553557  0.83008031706551400
  0.84058516019823259  0.85221756850116248  0.86392760420078207  0.87411836913246510
  0.88351253183722378  0.89290389512550083  0.90394390017747250  0.91528502133272616
  0.92611042617348116  0.93770909766942534  0.94901225802060762  0.95992105143883522
  0.96959072549267722  0.97909608203945198  0.98927613695571193  1.00000000000000000
 -0.00006472014113391  0.00026509869342346  0.00056205211210173  0.00079571204928934
  0.00096405459884472  0.00112217884098908  0.00127831538737388  0.00143326328618708
  0.00158936812808740  0.00174684811746742  0.00190604578363966  0.00206853264859818
  0.00222161032283156  0.00236084029114504  0.00248360264901370  0.00260541347108098
  0.00272704109192915  0.00284854605992819  0.00296937594240090  0.00309063419611619
  0.00321364150469382  0.00330434997031227  0.00338554387601946  0.00346365088330464
  0.00353887002904514  0.00361397042737878  0.00368862015227970  0.00376326987718063
  0.00386700110667877  0.00396592326941129  0.00404140682434145  0.00411363498836066
  0.00417605934336134  0.00423848369836202  0.00429819226621668  0.00435774468064235
  0.00442575884075506  0.00450125029650632  0.00458904006543780  0.00468672715546331
  0.00480308963002227  0.00491604667007075  0.00502439544221485  0.00513116091936800
  0.00524066026636740  0.00535244309425602  0.00547427691613135  0.00561298982018708
  0.00577226033417001  0.00593798470756655  0.00610074433783228  0.00627036052378539
  0.00646010200207651  0.00667244647701763  0.00691152463454000  0.00716960651811528
  0.00738394145042027  0.00759689733072138  0.00780756721922212  0.00802348229084215
  0.00823340186150068  0.00842580303875649  0.00857337847020240  0.00870083094840956
  0.00880738532729166  0.00905738711164395  0.00931910215765821  0.00955012482873208
  0.00971542859458566  0.00988232112928895  0.01004393134933659  0.01019169671247126
  0.01032254287995417  0.01049387575892553  0.01068707229977442  0.01091483771774384
  0.01123643142844362  0.01160236686199690  0.01193941263573563  0.01223674598918323
  0.01250619045073550  0.01277808664550861  0.01305224700454105  0.01354986707076369
  0.01452009506726845  0.01531317666366340  0.01572942911121119  0.01711886947414850
  0.01735194074019492  0.01758298177380813  0.01843251028028360  0.01908807836866060
  0.02005276119404552  0.02605834086261425  0.40412474651033647  1.00000000000000000
 -0.00326344931131970  0.00835920986500173  0.01868307699087433  0.02811229603410691
  0.03805420622543493  0.04942522405735628  0.06033986896011845  0.07173735438819674
  0.08354556568365923  0.09672408052443254  0.10947063894972137  0.12096954460497510
  0.13128930243154679  0.14051026313232770  0.14959274620584373  0.15860686689787817
  0.16846040117896127  0.17912502792059368  0.19056458482485075  0.20219890862467180
  0.21276212868165936  0.22261875332163492  0.23203257786764911  0.24280419102101938
  0.25327817605539538  0.26395651491852468  0.27388354056159187  0.28457000487641915
  0.29557077558505807  0.30692736696486561  0.31838563439672296  0.33005263604581087
  0.34244140931357736  0.35438211260104974  0.36549485450125346  0.37607955391079828
  0.38704843396608563  0.39852481610114249  0.41019842179688870  0.42115459574108632
  0.43179403746579142  0.44287845631035710  0.45397849928183820  0.46512557094252499
  0.47546482950021840  0.48591040021322052  0.49658848386579113  0.50837636662128172
  0.51948606896815142  0.53046768246094622  0.54124968487025782  0.55173783794540465
  0.56242987948731193  0.57379010926282448  0.58463887107468449  0.59533347363503353
  0.60588867507463462  0.61703946689201350  0.62811266125543863  0.63838559333224398
  0.64854203650132969  0.65891774608258091  0.67013091099807209  0.68142287110419664
  0.69181228308256937  0.70105634800184757  0.71023690426354447  0.71957881367685461
  0.72907346314154986  0.73887072335241388  0.74916002862033992  0.75981767642866549
  0.76998470914421535  0.77955634378100436  0.78925277643881253  0.79949112744261863
  0.81056725029521193  0.82146979534163478  0.83193721363800743  0.84195115527248898
  0.85159758484655945  0.86065820839495966  0.86897438655300852  0.87636924029778873
  0.88390693495296457  0.89205262388080486  0.90181320580902957  0.91232743430046104
  0.92406834029312046  0.93669836390285444  0.94860692048648221  0.96027997730140668
  0.97128892615786178  0.98145672078560797  0.99108364534877358  1.00000000000000000
 -0.00008751904834248  0.00019254829395876  0.00041822377224124  0.00055311764855814
  0.00067466861767888  0.00076092385720169  0.00084717679903070  0.00093342721386471
  0.00101790479764146  0.00110154059270812  0.00118278567172733  0.00126353488639426
  0.00134185416641611  0.00141972578753272  0.00149473315893230  0.00156713898245939
  0.00162692883252565  0.00168671868259190  0.00174399391168801  0.00180059892602940
  0.00185690947246171  0.00191271641857546  0.00196852336468922  0.00203138898087590
  0.00209492065857915  0.00215938915806959  0.00222415821831379  0.00228867899067572
  0.00235306819913940  0.00241743548369285  0.00248178480180641  0.00254686111342936
  0.00261284684496521  0.00268404076398327  0.00276334231845962  0.00284451465825556
  0.00292671425603379  0.00302128301781831  0.00311142123993724  0.00319469652120486
  0.00329583106798061  0.00339885963316714  0.00349322705775904  0.00359444531125556
  0.00369601704597555  0.00378167664904886  0.00386015092350783  0.00392485192330222
  0.00398941092196874  0.00404876145624709  0.00410811199052544  0.00416915530285942
  0.00423188173094781  0.00429630422897695  0.00437414420363069  0.00445196903310716
  0.00452703683148752  0.00460210462986787  0.00467925411949936  0.00475746683485771
  0.00484380604651213  0.00494171386963805  0.00512696811133153  0.00524032192421805
  0.00531729217032630  0.00541179902542290  0.00554647204611592  0.00568114506680893
  0.00583437964657731  0.00599237672210969  0.00616410705240561  0.00644833393896061
  0.00669723273462089  0.00693622063622684  0.00722199890240563  0.00782906519361353
  0.00846753321876043  0.00927782599754680  0.00957046736617737  0.00966857149513448
  0.00976667562409158  0.00986477975304869  0.00996288388200580  0.01006097647898889
  0.01015643800710166  0.01025189953521442  0.01034736106332718  0.01066583955033308
  0.01117870090761526  0.01241642265688609  0.01458224687177927  0.01591868883133400
  0.01625567700695834  0.02196481889482518  0.11495880657826218  1.00000000000000000
 -0.00267435899103264  0.01238679439672610  0.02277280568323397  0.03359472594967405
  0.04515209545157546  0.05880608266025264  0.07348814294522318  0.08601752825099263
  0.09673927183633797  0.10633314821106360  0.11587025320127672  0.12671800346963785
  0.13765449451954084  0.14672028477604473  0.15573800594480788  0.16496645185190892
  0.17522434707132195  0.18583785434156289  0.19617918378617188  0.20694317980399729
  0.21809994194139359  0.22948005367144472  0.24087384659407690  0.25196744163813201
  0.26302830887493439  0.27379351623022380  0.28380847010838306  0.29346216831044447
  0.30270612421958543  0.31190217223431477  0.32112586631182505  0.33061598932647751
  0.34068920861138186  0.35062916956030304  0.36032714771871011  0.36949279428278803
  0.37782131656774737  0.38616490029686729  0.39459162565587153  0.40308575884389408
  0.41168345796841727  0.42053550322934080  0.43019527157324144  0.43965881258635459
  0.44934009634171596  0.45842683576025317  0.46848669338492527  0.47847108830262092
  0.48881546969881068  0.50000488710525359  0.51213551975803751  0.52236402106012625
  0.53059177887245801  0.53820629233686790  0.54698819777534280  0.55691803933998740
  0.56723069203426890  0.57741806946987706  0.58889614871679552  0.60034208747921280
  0.61089253068496396  0.62107062745105268  0.63193849359113907  0.64379292512939401
  0.65603168762209996  0.66832567578393776  0.68061987101845600  0.69254247325350171
  0.70444445722039795  0.71659026067746701  0.72857104191160704  0.74008506400322105
  0.75128195721845181  0.76328006581311281  0.77446535845233822  0.78563846454323449
  0.79635549665899541  0.80679967746262793  0.81692218610875034  0.82654008546909075
  0.83602848087010795  0.84565510323802762  0.85443716790768920  0.86366833397159781
  0.87281270682583256  0.88208202714890405  0.89168608399993143  0.90288905646883000
  0.91460073284277910  0.92803705907750378  0.94082964681387937  0.95360438294643313
  0.96605713463338239  0.97794090288384916  0.98933258475508867  1.00000000000000000
  0.50117730932011406  0.52369108220908622  0.52929499683292414  0.54118933143114079
  0.55088667360485155  0.55845920918869141  0.56649336670537598  0.57594345388779089
  0.58473043769807809  0.59349984461525251  0.60228958809469380  0.61120699238366583
  0.62017681784944612  0.62924688812985985  0.63831979859034760  0.64540050263503834
  0.65152890401229202  0.65764840185174378  0.66460678694492437  0.67124420962125908
  0.67748628799059551  0.68305789629221225  0.68819332642953512  0.69357009311750906
  0.69925156249176379  0.70595148640766558  0.71301007203546596  0.72020324852915241
  0.72675181201448957  0.73264399032810068  0.73846839242103934  0.74414285552156811
  0.74964143138684169  0.75513463966392269  0.76092336260891513  0.76741963437173299
  0.77345088162687237  0.77867456058767714  0.78365871057311054  0.78850453563792200
  0.79320187887103422  0.79793946181801256  0.80239471688380581  0.80684672106909783
  0.81087758917698249  0.81518212477389629  0.81948815641380057  0.82392069997215389
  0.82818769229876965  0.83245675230497629  0.83697974594080615  0.84175826144919352
  0.84642465402442124  0.85113281316439371  0.85558696606104556  0.85996047989388125
  0.86406042731294375  0.86821967877000028  0.87218629407371218  0.87608658127073324
  0.88016760339639466  0.88429535452857599  0.88840977976643165  0.89242675037705543
  0.89611616639778424  0.89954110371698215  0.90284003206728869  0.90599403930168521
  0.90912230830504936  0.91222551336923130  0.91548714379928031  0.91864125719990264
  0.92186141915361697  0.92520636149808699  0.92864588201054288  0.93220154507392849
  0.93558467787895483  0.93898944782205662  0.94245405981309860  0.94586303858389187
  0.94957790200939618  0.95308447613294256  0.95645204417349439  0.95975859485151849
  0.96304478425971729  0.96658991689482465  0.97031088509181362  0.97393487569323178
  0.97735918281272149  0.98050780408202975  0.98337401809764546  0.98607307001562228
  0.98884647469094211  0.99182268201933810  0.99526905340081684  1.00000000000000000
 -0.01354887639090170  0.19366562610167667  0.22026597177384236  0.24466821976302319
  0.26448893969399928  0.28014364925551122  0.29390427711755801  0.30699002808016623
  0.31967957225667776  0.33201165496086632  0.34427286791847339  0.35582394833839670
  0.36634916580069904  0.37595554153340144  0.38497498021988064  0.39332032851983528
  0.40137318880930473  0.40961223044698986  0.41799140317648065  0.42671765643126525
  0.43533931626337208  0.44338130967738654  0.45078304679157544  0.45737056432850359
  0.46329871466076328  0.46921384493829399  0.47499336067736980  0.48174707353831392
  0.48845377729368455  0.49520523572766856  0.50151871176389184  0.50752230784077101
  0.51375815001689018  0.51998777131342799  0.52643877592225552  0.53259090984334145
  0.53810270937415272  0.54344592079816811  0.54884364983092204  0.55423082874975393
  0.55968133625596372  0.56521243942288169  0.57122817983998342  0.57731646006754433
  0.58309600390685556  0.58861327486381598  0.59395604398797253  0.59903530400768890
  0.60390733339032332  0.60874600418370506  0.61355610417841766  0.61863866867236617
  0.62341523284230582  0.62847723218920115  0.63345268331411464  0.63859735310688659
  0.64406485855269580  0.64993429306623751  0.65559050409866226  0.66126771916043015
  0.66694213721846229  0.67251677600759097  0.67797810352544019  0.68336050785090463
  0.68846511769914709  0.69313351332651141  0.69772933050331920  0.70246176011057060
  0.70737212439186747  0.71241693315311849  0.71767444598379304  0.72281220283454917
  0.72808364149018179  0.73222883620727108  0.73628848649771927  0.74043747493389533
  0.74465472007855160  0.74952234683603935  0.75425842586685110  0.75892741030065214
  0.76344141775106322  0.76850827429454915  0.77419372509143525  0.78046913519333394
  0.78753734498985561  0.79500868805518365  0.80162800192245720  0.80728988397570978
  0.81356704493830734  0.81995198075019116  0.82739112859539010  0.83691785272208252
  0.84850930237495170  0.86235688694284685  0.87968301341976696  1.00000000000000000
   2.1181960051351959E-006  -1.0000000000000000     
 F F F F F F F F F F F F F F F F F F F F F F F F F F F F F F F F F F F F F F F F F F F F F F F F F F F F F F F F F F F F F F F F F F F F F F F F F F F F F F F F F F F F F F F F F F F F F F F F F F F F F F F F F F F F F F F F F F F F F F F F F F F F F F F F F F F F F F F F F F F F F F F F F F F F F F F F F F F F F F F F F F F F F F F F F F F F F F F F F F F F F F F F F F F F F F F F F F F F F F F F F F F F F F F F F F F F F F F F F F F F F F F F F F F F F F F F F F F F F F F F F F F F F F F F F F F F F F F F
  <DiscreteSampler_grid>
  grouped_processes
  1 # 1 for a reference and 2 for a running grid.
  10 # Attribute 'min_bin_probing_points' of the grid.
  1 # Attribute 'grid_mode' of the grid. 1=='default',2=='initialization'
  0.0000000000000000 # Attribute 'small_contrib_threshold' of the grid.
  0.5000000000000000 # Attribute 'damping_power' of the grid.
 # binID   n_entries weight   weight_sqr   abs_weight
    10   10   2.244955458621766E+000   1.653535208028338E+001   2.244955458621766E+000
    11   10   2.244955458621766E+000   1.653535208028337E+001   2.244955458621766E+000
    16   10   2.244955458621766E+000   1.653535208028338E+001   2.244955458621766E+000
    17   10   2.244955458621766E+000   1.653535208028338E+001   2.244955458621766E+000
    22   10   2.244955458621768E+000   1.653535208028339E+001   2.244955458621768E+000
    23   10   2.244955458621766E+000   1.653535208028337E+001   2.244955458621766E+000
    28   10   2.244955458621768E+000   1.653535208028340E+001   2.244955458621768E+000
    29   10   2.244955458621766E+000   1.653535208028337E+001   2.244955458621766E+000
  </DiscreteSampler_grid>
