  0.00000216115765660  0.00000222898009585  0.00000229909625359  0.00000237537705375
  0.00000247330985793  0.00000258017314718  0.00000269074709560  0.00000280538110789
  0.00000292640281625  0.00000306131256608  0.00000320617517200  0.00000336646705886
  0.00000353926503956  0.00000371666743944  0.00000389948610947  0.00000407380236894
  0.00000422750708504  0.00000437727350757  0.00000453676614858  0.00000468504777334
  0.00000483760973071  0.00000499689537876  0.00000516683896377  0.00000536392697769
  0.00000556682288160  0.00000577853386786  0.00000601272952560  0.00000625413571529
  0.00000651793172715  0.00000680195311257  0.00000710570378151  0.00000743150851787
  0.00000777752758451  0.00000813663417820  0.00000853536036868  0.00000893830225936
  0.00000928269897138  0.00000963927586027  0.00001000377646724  0.00001039664377581
  0.00001085848940881  0.00001140387138398  0.00001199291803033  0.00001261198837217
  0.00001341697918632  0.00001429162370022  0.00001520775101898  0.00001616496792096
  0.00001719850311106  0.00001838472999544  0.00001970545487410  0.00002114997478800
  0.00002265940519408  0.00002427367242532  0.00002601018229184  0.00002800237346260
  0.00003017532333805  0.00003260319195919  0.00003523313474605  0.00003824206900932
  0.00004191712593413  0.00004597124876345  0.00005075824926751  0.00005636351209033
  0.00006292979088667  0.00007034728091645  0.00007827426927866  0.00008732474195898
  0.00009801240006298  0.00011050955835579  0.00012466729963462  0.00014138157885042
  0.00016169052993451  0.00018150140507977  0.00020101270260576  0.00022489749539062
  0.00025581328564436  0.00029374620930005  0.00034165936002383  0.00040478423547002
  0.00048911375190628  0.00060294197184636  0.00074100425575034  0.00091526000769466
  0.00118685800329383  0.00158316129818113  0.00194687112760525  0.00228635536406087
  0.00300212832037249  0.00413103424549900  0.00544240923405954  0.00785181952823068
  0.01173839266047876  0.02233313798206845  0.13147986334482625  1.00000000000000000
  0.00291872470402230  0.01391598758922229  0.02660866165821859  0.03904497060580354
  0.05075776532885842  0.06268270459238943  0.07383421460585823  0.08416591244727589
  0.09379532713763719  0.10369299721946454  0.11435773783182741  0.12496210439163220
  0.13593414395147313  0.14593111291873945  0.15561262182090665  0.16495539575564280
  0.17441289247513586  0.18471778585279788  0.19550692365836062  0.20639893137635920
  0.21689875026147978  0.22758929998581071  0.23893858307867907  0.25060810769358793
  0.26187099078991094  0.27292738353169821  0.28404786685723787  0.29550619502986852
  0.30724548161487270  0.31946909314771460  0.33081018997456640  0.34133017355211082
  0.35228113598161581  0.36302832248961786  0.37616411369363462  0.38861801429363829
  0.40079742853356692  0.41342328313098398  0.42558444334029721  0.43681666202842107
  0.44741092567543472  0.45797179772557289  0.46854970015376751  0.47897333747916304
  0.48959162432946735  0.50139367765693033  0.51296511613315210  0.52301473138025800
  0.53232090944467936  0.54169743582856267  0.55168504365120363  0.56286028148555622
  0.57391925623994533  0.58504066701826385  0.59570963931922472  0.60601775569195360
  0.61606657270538545  0.62620571918268297  0.63680358131399262  0.64845903088449819
  0.66035362709836354  0.67204490675659190  0.68299780593030857  0.69361023643952413
  0.70469485988800784  0.71561793507442562  0.72657030008058443  0.73651767990651162
  0.74604370006330400  0.75506007314567958  0.76449695892435743  0.77441473902921798
  0.78435481685508512  0.79364508165070025  0.80291705476305797  0.81317717271203382
  0.82445300470496785  0.83495422320013568  0.84392041574983423  0.85158570993036786
  0.85937347605404124  0.86802802791258871  0.87838512136661928  0.88892989549461643
  0.89957925148211393  0.91078557397470750  0.92198385758364332  0.93305950332112442
  0.94307489362931374  0.95244303808889186  0.96123078856040844  0.96965059226565731
  0.97838486360573496  0.98587734925625525  0.99230737029738092  1.00000000000000000
  0.00000358486906360  0.00000367191323942  0.00000413860254912  0.00000434744777302
  0.00000455375283061  0.00000485492303155  0.00000541223346085  0.00000578416518256
  0.00000614314680128  0.00000650337794125  0.00000687936189095  0.00000725160362007
  0.00000759588393033  0.00000795629228845  0.00000827433166323  0.00000864930592839
  0.00000911678931283  0.00000968490687984  0.00001038038238009  0.00001112258245121
  0.00001192328940765  0.00001276946722374  0.00001365543701054  0.00001456558865570
  0.00001557264061871  0.00001666940138745  0.00001787977629483  0.00001921190940620
  0.00002059277781374  0.00002202990097393  0.00002352309596875  0.00002521599649114
  0.00002708934572502  0.00002901999462520  0.00003089494555285  0.00003323982887824
  0.00003583132450756  0.00003900241160992  0.00004244908258413  0.00004633094910952
  0.00005076599882350  0.00005574706069472  0.00006142049922932  0.00006776536046158
  0.00007491707126925  0.00008273788820702  0.00009130952990331  0.00010100530018781
  0.00011155178348877  0.00012285601520351  0.00013421824211906  0.00014635532902267
  0.00015979050041064  0.00017497352511764  0.00019067325889102  0.00020819432446174
  0.00022793437736820  0.00024930502075491  0.00027402085400496  0.00029929842462610
  0.00032405934621482  0.00034883366829401  0.00037675108962982  0.00040963733838039
  0.00044691150623327  0.00048640344905889  0.00053134260206826  0.00058172964035244
  0.00063248804875607  0.00068226180216811  0.00073199286857973  0.00078361855337517
  0.00084358404421992  0.00091411888440802  0.00099958544713532  0.00108479198928394
  0.00117733026454403  0.00126971413173878  0.00137418548510639  0.00149765185223955
  0.00162663223519108  0.00174563706590731  0.00191806165746047  0.00212845289669229
  0.00237528877484260  0.00284842959850249  0.00357104647195130  0.00455753340181856
  0.00529460768034068  0.00603008092002218  0.00678615472433231  0.00790693274742942
  0.00990940263948238  0.01449628340600319  0.06703403611826274  1.00000000000000000
  0.00000614109344807  0.00000684808389900  0.00000779355823288  0.00000865572766980
  0.00000943142131997  0.00001018394770160  0.00001095445238813  0.00001177542476479
  0.00001285039975181  0.00001433123711601  0.00001586899460095  0.00001729544849738
  0.00001871884093750  0.00002024668337829  0.00002197751589801  0.00002401554382140
  0.00002644000654790  0.00002924942810305  0.00003238863615906  0.00003582656067556
  0.00003961408949516  0.00004393901309288  0.00004862402354747  0.00005352636454711
  0.00005880931209323  0.00006460422464958  0.00007063788955102  0.00007743335934169
  0.00008419671601290  0.00009156082720725  0.00009916844747706  0.00010751935256176
  0.00011665287239046  0.00012663914581738  0.00013704297217049  0.00014790293346437
  0.00015946305550701  0.00017193848640054  0.00018530336765070  0.00020006125747872
  0.00021586215489185  0.00023211362748810  0.00024913405788693  0.00026672772641584
  0.00028332674081877  0.00030063933445927  0.00031853538216037  0.00033917968334777
  0.00035836700470905  0.00037806584766332  0.00039806661596351  0.00042168292218345
  0.00044959434941783  0.00048153127413908  0.00051555897723249  0.00055241672068590
  0.00058876884619860  0.00062586572752096  0.00066456523167258  0.00070625095608981
  0.00076037068694077  0.00082883293405041  0.00089828580646266  0.00095888141904286
  0.00101894031048314  0.00107774985656543  0.00112748933957192  0.00118356131586959
  0.00125640562360042  0.00134856929138787  0.00142926043998949  0.00151300078622300
  0.00161167529997469  0.00177287432179724  0.00199843204668105  0.00220443825599813
  0.00235301853581159  0.00248280112895278  0.00260009511160709  0.00272862729256074
  0.00288480077225802  0.00304201603647467  0.00323591840081071  0.00343457707940778
  0.00360760240080521  0.00377808342438695  0.00414624532328313  0.00444913534518936
  0.00474595297010294  0.00501891803394063  0.00533490628005216  0.00587500104115149
  0.00680245714441320  0.00813714305754276  0.14418162173539989  1.00000000000000000
 -0.00212986284152675  0.01510428143809635  0.03019381725612416  0.04541348619863234
  0.06040370483469117  0.07530982851763655  0.09063104800037705  0.10709406891265896
  0.12329053336426989  0.13860922078543195  0.15253458042538651  0.16580236207683130
  0.17988999333294997  0.19273249488491156  0.20456932633760935  0.21631788684372513
  0.22771309127961750  0.23739005080505846  0.24626578833193383  0.25605740070041572
  0.26683627382629804  0.27730825970343853  0.28802441581591526  0.29965025007889406
  0.31181101162517311  0.32242893309761478  0.33240323337227018  0.34188906894830290
  0.35121491678809985  0.36063214813598043  0.37003576203928945  0.37967308613734158
  0.38941256568989824  0.39966192806849421  0.40986775348959364  0.41960492295515106
  0.42911235553984756  0.43867740429588442  0.44845225958802037  0.45793545320331069
  0.46650006804809852  0.47490408538245255  0.48409095859598616  0.49420914042597264
  0.50478423330390709  0.51523420008726617  0.52501598580663211  0.53467737938617177
  0.54436339992313842  0.55364029541058368  0.56282932363624771  0.57187421342213951
  0.58136223971261114  0.59132092332748021  0.60134931309864048  0.61151887605269473
  0.62143148733424169  0.63042270896905861  0.63869127526988800  0.64670416268832775
  0.65486757571444321  0.66419500621236016  0.67406946259474987  0.68379275065666767
  0.69291202002057084  0.70244503106721601  0.71220522663546604  0.72270035326626447
  0.73425088452238463  0.74604712528495298  0.75731418210692114  0.76760071087598547
  0.77731680457063757  0.78741625904984813  0.79786423923367289  0.80859897223946320
  0.81949658272542336  0.82983808135964821  0.83982513317223528  0.84927073696454181
  0.85965706456709012  0.86957660079813548  0.87966255645510716  0.88854319586804753
  0.89862769428704170  0.90792781391804500  0.91763787067967617  0.92620070493425311
  0.93510419010860624  0.94476103829485125  0.95494277835707320  0.96424009157939117
  0.97310213742832208  0.98195543628888826  0.99118035985481223  1.00000000000000000
 -0.00243624758194164  0.01077053693112790  0.02145876920708324  0.03097798938873565
  0.04026633471052601  0.04968950337364259  0.06007462051761491  0.07174347949685826
  0.08337898538350466  0.09457010390349718  0.10546478519521242  0.11582598174038680
  0.12658247483420315  0.13698494589185536  0.14763838624771558  0.15842818383877053
  0.16878060194625880  0.17936060001031534  0.19013711150662566  0.20122230550339226
  0.21348257837500420  0.22581694990739187  0.23784888350943667  0.24919560944256672
  0.26073850684722094  0.27202688031127459  0.28335627641228406  0.29480910083222323
  0.30679307116507110  0.31884632848418587  0.33053861408446894  0.34146567281718404
  0.35224742870747172  0.36329809323636136  0.37483470501470784  0.38636685044905145
  0.39758501606318131  0.40884767703344549  0.41948561772443860  0.42964396171692176
  0.44018183919346832  0.45071815883633431  0.46000925924568647  0.46760792664548473
  0.47519744975601741  0.48347944641595242  0.49429511424827666  0.50593609793194849
  0.51726758068555223  0.52782568362371796  0.53815166770217948  0.54853079451200593
  0.55930041531366104  0.57037792006849164  0.58106037983672676  0.59214306108064696
  0.60324028040314470  0.61319704475291059  0.62272490779548695  0.63207103674293574
  0.64153591449521741  0.65152174188897316  0.66182199181406309  0.67244306905820339
  0.68339219714282728  0.69444069665339525  0.70465962505432600  0.71384402283644843
  0.72326594709911451  0.73230957922040796  0.74302268274585226  0.75372711044877005
  0.76552055531915597  0.77685333864300243  0.78764586498374922  0.79849695913542640
  0.80788638228588683  0.81705419746508801  0.82594559435798154  0.83576947230563581
  0.84575731443067448  0.85552242162784542  0.86501805662651221  0.87473299741108956
  0.88510158983732423  0.89481290572679462  0.90521527087621534  0.91539679773607840
  0.92609726118876134  0.93741284343006115  0.94862198052783564  0.95886737436600933
  0.96862048971728998  0.97844778512126684  0.98925328080793784  1.00000000000000000
 -0.00504416394743813  0.02615340161764973  0.05193055553865031  0.07745083003905656
  0.10266453027167609  0.12601668837917085  0.14657621076404395  0.16711220615445310
  0.18791483452710733  0.20685824277437309  0.22410543688392004  0.23962964075723509
  0.25492308967260763  0.27056302863888171  0.28493345357605288  0.29880940576929793
  0.31191737377893347  0.32471379281261042  0.33804356788216849  0.35131023158737407
  0.36333241299423241  0.37412149634653946  0.38513782386672024  0.39606448347588696
  0.40806375149107821  0.41939762349243886  0.43064664131891256  0.44179348442882332
  0.45339924916678109  0.46409807060484054  0.47459899178012677  0.48463203150592760
  0.49514845853683970  0.50599112302722027  0.51658886724674247  0.52626172314782804
  0.53491586848900519  0.54358965692424821  0.55241219383110252  0.56131772516274814
  0.56980395627825609  0.57776014268790887  0.58559738669557282  0.59334317149815263
  0.60129428288400211  0.60940843043097781  0.61880721075512835  0.62818155723638525
  0.63685185181469173  0.64481104629586328  0.65198606118553071  0.65866019759975780
  0.66585420346195323  0.67268553703035427  0.68069668787306448  0.68898655606296244
  0.69748370100290513  0.70559540829833434  0.71372416167915631  0.72191499360043376
  0.73027265660727037  0.73876418802167876  0.74629467415714856  0.75348359555647171
  0.76047930450539336  0.76785813209992793  0.77693036409603733  0.78574385221568022
  0.79365144487234041  0.80145450815250385  0.80902151867793615  0.81695608155860922
  0.82481218114350563  0.83302137834974455  0.84119570975508096  0.84940728342550154
  0.85725879771385749  0.86486769213302717  0.87234309810380506  0.88065982586932645
  0.88990522155056817  0.89871986444754126  0.90727752730377120  0.91559774753449352
  0.92391133149395155  0.93184803953276651  0.93915130207194009  0.94602342164689801
  0.95256234475352575  0.95943728180974852  0.96616981971048244  0.97291683053273770
  0.97963713260690577  0.98626684016463761  0.99319981415345804  1.00000000000000000
 -0.00264496792411863  0.00914403558999449  0.02013688237572484  0.03123674589605213
  0.04333672471392259  0.05329390570430053  0.06376156361422312  0.07385059471948009
  0.08412982415997418  0.09541593018046603  0.10629608173770200  0.11696132287238131
  0.12689103339376259  0.13650326487385839  0.14696329249663534  0.15734308746617903
  0.16743655263096982  0.17775290000101243  0.18921902314313033  0.20078348210588487
  0.21208306494598936  0.22368746224453412  0.23633739592098993  0.24941478010746354
  0.26097949535180381  0.27169039627165886  0.28236834205410988  0.29354826791046423
  0.30414712712042230  0.31392623999808483  0.32305245298455260  0.33211491825114409
  0.34197603492568907  0.35195770208514943  0.36215599368967599  0.37208314078763893
  0.38205021700919162  0.39240400242259404  0.40373505974007845  0.41637708581467386
  0.43002965300576823  0.44244722491757671  0.45402888208146658  0.46476579869656937
  0.47536637000283649  0.48633798103655995  0.49673585664655245  0.50665150074823950
  0.51598707472837135  0.52500254960348314  0.53461318878445785  0.54484112833683551
  0.55689926123826783  0.56895378472952640  0.58002421736709520  0.58995048195286248
  0.59893621060243618  0.60876571994659057  0.61975388818766419  0.63101793157716723
  0.64148626412030740  0.65152535440897774  0.66148026403020754  0.67121853365832029
  0.68102489816516176  0.69030015594819216  0.69947301017264885  0.70854852359916387
  0.71744264949820835  0.72654383691941116  0.73573163830775179  0.74477736843694742
  0.75360073104836456  0.76303243021490741  0.77309184725196767  0.78439349083923648
  0.79456516482178707  0.80382978238483882  0.81310894208484963  0.82256314303257683
  0.83229901751952673  0.84216771629330978  0.85222308851880046  0.86264291576647356
  0.87401542193237780  0.88552201171945644  0.89676227272916120  0.90682569972514970
  0.91757376000906354  0.92871355479298545  0.93998081158358471  0.95138258304402212
  0.96413494758862972  0.97743510095816921  0.98928903518518108  1.00000000000000000
 -0.00272569716186377  0.01104803575508649  0.02168530819251986  0.03285529692907947
  0.04389922235740719  0.05481179788032505  0.06648652905544099  0.07955861430723227
  0.09242919733296176  0.10387469563174989  0.11435375677094466  0.12474801395591363
  0.13611857634749819  0.14739175788759029  0.15777802394715629  0.16767877599479236
  0.17786585769662344  0.18885393177659007  0.19920219500572967  0.20931326379508877
  0.21919259136914820  0.22881120473273941  0.23869260527768196  0.24886933725115898
  0.25951601382503453  0.27017031494600546  0.28053144034548838  0.29058840858578083
  0.30056771193487353  0.31064814648485833  0.32028345892010063  0.32996313339841543
  0.34002750981682489  0.34988049729271936  0.35901127163281410  0.36736508377624794
  0.37590900169534214  0.38567957130099711  0.39655999705081191  0.40812597609055201
  0.41983502909553561  0.43137654521914820  0.44308524981915381  0.45536440836732034
  0.46750816037884985  0.47944804325964901  0.49141124562429556  0.50339181309242131
  0.51522669080074424  0.52694404680280937  0.53829081092782971  0.54811829895499553
  0.55725838217868673  0.56685041433240391  0.57666219653320638  0.58625645423015438
  0.59514253220042401  0.60350899591715834  0.61223362955395155  0.62135062514418338
  0.63091620430680262  0.64107259498098101  0.65132787747119092  0.66125155103395772
  0.67059685992981544  0.67935087385211401  0.68835835267834833  0.69825252808292726
  0.70944855618719083  0.72101482453326904  0.73243092562838985  0.74405864780484621
  0.75604945429473747  0.76668979527792602  0.77725537749831841  0.78807912455979001
  0.79967905512848425  0.81251263287386499  0.82554404910519641  0.83734421977760687
  0.84756609558319995  0.85783126260585463  0.86860238265287726  0.87922590883746976
  0.88976769044495718  0.89967268296680669  0.90814967482522890  0.91617431279667183
  0.92419468233348778  0.93371998258333477  0.94406135683771109  0.95486204949966613
  0.96626323209424425  0.97798786280573857  0.98919363655662618  1.00000000000000000
 -0.00005573379020919  0.00012986864294922  0.00031710355729592  0.00050857310385551
  0.00063695503438346  0.00072257073879162  0.00081459002457586  0.00090681950683567
  0.00099898530665396  0.00109321808801200  0.00118757280962805  0.00128186948645606
  0.00138361202364341  0.00148846796282177  0.00159668862142723  0.00170855083725285
  0.00182333713064537  0.00190567455044127  0.00197320254375367  0.00204087938602488
  0.00210872210096215  0.00217877647001105  0.00225483077649535  0.00233189145100002
  0.00245659750303256  0.00258562458045842  0.00272751890070775  0.00289733029361959
  0.00308235629898329  0.00326078227078042  0.00342207010556126  0.00357569971746592
  0.00373152235272967  0.00386507939649839  0.00399270955508152  0.00413396507713735
  0.00427870066768996  0.00441550390597543  0.00454693064265116  0.00467527014273152
  0.00479315459702525  0.00492663728260530  0.00505651011209001  0.00519264528709548
  0.00532435741601188  0.00545173447214940  0.00555776750154882  0.00563348443144846
  0.00570972532476545  0.00578641322378462  0.00586332235954311  0.00594032490601565
  0.00610109481494852  0.00629478573879088  0.00643098188805382  0.00656927980929641
  0.00669910977082625  0.00684553676448894  0.00699296417745061  0.00715276346918709
  0.00735030008257637  0.00754455235077086  0.00773807474534053  0.00788391329398862
  0.00806486833580996  0.00823495000962943  0.00845525203435794  0.00870566592271568
  0.00898106776575316  0.00918111746999725  0.00936262882520362  0.00955889942832167
  0.00978235364704825  0.01004538605908824  0.01034352924945120  0.01065001517480579
  0.01097044382834285  0.01136688542429281  0.01205408707781244  0.01281586283303537
  0.01325148791618699  0.01361493233781397  0.01410148275959259  0.01453530838477023
  0.01497602382342908  0.01530777323513257  0.01629679733834303  0.01669442239663717
  0.01694479213060374  0.01722878099032762  0.01751175859244875  0.01779183371749364
  0.01876320781403926  0.02159341940007970  0.36216734145148816  1.00000000000000000
 -0.00180008776904038  0.00733019781685725  0.01561327835327631  0.02357018562590499
  0.03174113930687150  0.03984195573290884  0.04886639795722746  0.05871412156540939
  0.06909496638204296  0.07914219310652514  0.08946055653397311  0.09947725549929853
  0.11038958221709387  0.12131322620440763  0.13278493444300396  0.14416841945359848
  0.15645086451564516  0.16877948441345358  0.17938295144604158  0.18898063692032294
  0.19854692878896810  0.20861472810165738  0.21928354659064339  0.23067330301154987
  0.24172906576559908  0.25174985123131333  0.26178395840040997  0.27192676006673555
  0.28230646569621909  0.29285253222755003  0.30297992774299332  0.31334235761461415
  0.32452860730156702  0.33584091315655362  0.34624345158503417  0.35577669208530527
  0.36489732746086090  0.37403917160837408  0.38285152848974774  0.39162168550103349
  0.40192291027163973  0.41422747444089958  0.42625505002467706  0.43716100394838159
  0.44803224786699969  0.45929741769639143  0.46959613494407543  0.47969981102893972
  0.48862059439120437  0.49732371363055622  0.50612236789351495  0.51466586863890118
  0.52447687360038409  0.53492453555438468  0.54560466168389254  0.55675993820726299
  0.56800264382992649  0.57895767299683698  0.58949412721750960  0.59959782572259079
  0.61066019383222969  0.62265428563914649  0.63515722648842987  0.64762606301022485
  0.66046965283137593  0.67343560922821022  0.68623935874489350  0.69839056554538348
  0.71000514469267528  0.72162001833787459  0.73339557403601674  0.74513692852939040
  0.75689130875080746  0.76910427261599124  0.78230988278734304  0.79545199195881211
  0.80790256276043204  0.81986725327453625  0.83112047893534613  0.84104038245874579
  0.85033778887654932  0.85942129793983213  0.86963127774562554  0.87996350823315184
  0.89055854291066372  0.90032849540248527  0.91001546913598830  0.91925641354509069
  0.92988222140803845  0.94021404189954116  0.95016632040354854  0.95950525997322111
  0.96923241244546632  0.97910973014841085  0.98947791564088505  1.00000000000000000
  0.49070536223447914  0.51774356181799930  0.52810442880425401  0.53994406139990003
  0.54932697474155001  0.55758214379605897  0.56689500791184377  0.57592905304977227
  0.58464103899135433  0.59373086881273207  0.60176168469628610  0.60819851977054151
  0.61361664892382939  0.61915712581448379  0.62442972325784041  0.63024406163174052
  0.63629334325357678  0.64233406208477550  0.64803897242543584  0.65383855950364722
  0.66038294048698121  0.66749691165178016  0.67425273300770738  0.68060467528193991
  0.68620571980441980  0.69188694698812470  0.69733465760205771  0.70313724434821967
  0.70930786542222157  0.71531293393126893  0.72086309994475295  0.72596123882723829
  0.73094483422299827  0.73577843102148499  0.74071660928379446  0.74521538510049123
  0.74966325956910440  0.75430124963527934  0.75934125212699388  0.76456218468579773
  0.76956234006487245  0.77428635648871691  0.77879835393274610  0.78344250729195219
  0.78826971927356315  0.79331978711422402  0.79856738849067355  0.80380630661625641
  0.80889687245199693  0.81373458471647875  0.81843883113502069  0.82304307588449965
  0.82752517259823588  0.83190635580357752  0.83622456121518796  0.84056074174455164
  0.84497606449815965  0.84942964348759598  0.85389555490660629  0.85835581526693061
  0.86265396842230058  0.86659121471148159  0.87052969428008298  0.87442874828186801
  0.87886685594294667  0.88332692108649935  0.88764508590874636  0.89184676214665659
  0.89596359930583691  0.90020529146167583  0.90430720538067544  0.90823669796056450
  0.91208484038318738  0.91592674718430045  0.91986098124633275  0.92373240135939694
  0.92767459227271376  0.93142233748729775  0.93497214220403546  0.93845145881438674
  0.94186246258651452  0.94544096273106915  0.94920802196401943  0.95263172673360896
  0.95611356567678862  0.95953442238222841  0.96298506287076380  0.96673338012805310
  0.97050427707735576  0.97441824946918487  0.97846159761766005  0.98217754359206533
  0.98596427105169671  0.98992074051819023  0.99470326303883272  1.00000000000000000
 -0.00151366650299121  0.19278421205397908  0.22535246741360540  0.24807233086141670
  0.26516779108649829  0.28121402467727724  0.29675721268633609  0.31098098178398242
  0.32433820731197577  0.33697942044193774  0.34836855146033346  0.35921009671396770
  0.37018991193033468  0.38069338856017565  0.39051382609640461  0.39979995821434539
  0.40812910931139690  0.41636337829987913  0.42416818636276143  0.43221458514384692
  0.44025084566099837  0.44819229242203779  0.45594290492125322  0.46351513206104239
  0.47083321491908237  0.47795749898216527  0.48484180618550865  0.49149806292104314
  0.49772005989963980  0.50376755071416779  0.50982707666451310  0.51603556663143868
  0.52221249166237205  0.52833220207143849  0.53415879940605326  0.53969094541651852
  0.54519709840335062  0.55090159489154933  0.55713325589549700  0.56391522116684567
  0.57058305283752009  0.57666006919792212  0.58234232699105981  0.58794806524468446
  0.59347877176306874  0.59887786576256552  0.60421406818390000  0.60912874273565887
  0.61411463412794109  0.61926955598952860  0.62434445180683074  0.62961155067449037
  0.63502000457613150  0.64005844079137064  0.64497035239793998  0.64984350333827157
  0.65482557712684220  0.66043838314815539  0.66630926407478186  0.67200845613786153
  0.67743674187260938  0.68280585938982263  0.68736547277451054  0.69180150582015720
  0.69607061864183284  0.70012554537652172  0.70457616572474679  0.70909977061286256
  0.71396438115164074  0.71915692423835520  0.72458113629428222  0.72977119129399315
  0.73495476949012539  0.74006673765019526  0.74517445917194247  0.75025345098603757
  0.75440050897526290  0.75846825386758621  0.76274890818456265  0.76707005251181737
  0.77171650439522588  0.77663859604940089  0.78218574633345417  0.78811237668331202
  0.79394159403548470  0.79935322766912165  0.80502142516900554  0.81114048124446991
  0.81828310294202267  0.82558386817533447  0.83273521410875040  0.84150512545791190
  0.85291409288086073  0.86570643765780420  0.88664554074809876  1.00000000000000000
   1.2137112782054889E-006  -1.0000000000000000     
 F F F F F F F F F F F F F F F F F F F F F F F F F F F F F F F F F F F F F F F F F F F F F F F F F F F F F F F F F F F F F F F F F F F F F F F F F F F F F F F F F F F F F F F F F F F F F F F F F F F F F F F F F F F F F F F F F F F F F F F F F F F F F F F F F F F F F F F F F F F F F F F F F F F F F F F F F F F F F F F F F F F F F F F F F F F F F F F F F F F F F F F F F F F F F F F F F F F F F F F F F F F F F F F F F F F F F F F F F F F F F F F F F F F F F F F F F F F F F F F F F F F F F F F F F F F F F F F F
  <DiscreteSampler_grid>
  grouped_processes
  1 # 1 for a reference and 2 for a running grid.
  10 # Attribute 'min_bin_probing_points' of the grid.
  1 # Attribute 'grid_mode' of the grid. 1=='default',2=='initialization'
  0.0000000000000000 # Attribute 'small_contrib_threshold' of the grid.
  0.5000000000000000 # Attribute 'damping_power' of the grid.
 # binID   n_entries weight   weight_sqr   abs_weight
    76   10   1.158086396444793E-001   2.878686203908791E-002   1.158086396444793E-001
    77   10   1.158086396444794E-001   2.878686203908800E-002   1.158086396444794E-001
    79   11   9.874931726744149E-002   2.203380975677152E-002   9.874931726744149E-002
    80   11   9.874931726744168E-002   2.203380975677165E-002   9.874931726744168E-002
    82   11   9.458198014935820E-002   1.897545414260342E-002   9.458198014935820E-002
    83   11   9.458198014935836E-002   1.897545414260349E-002   9.458198014935836E-002
  </DiscreteSampler_grid>
