  0.00278407652028938  0.01542796825816951  0.02487431170627062  0.03491117688718843
  0.04463073159016493  0.05408739408817258  0.06432785379603075  0.07392806985912243
  0.08372531834113810  0.09495893747941728  0.10730887742361925  0.12004271332086293
  0.13240462804569728  0.14426837940350584  0.15574713548690661  0.16662381340003635
  0.17690371064450430  0.18724289075852937  0.19761709630711877  0.20715771523665391
  0.21621169829824549  0.22559454162702747  0.23701075734443844  0.24987523189833158
  0.26306062372357364  0.27600177902246698  0.28856271195017064  0.30083110025472731
  0.31194771657479070  0.32210142573329542  0.33196682634072522  0.34255664938295699
  0.35453437218211581  0.36780249787186359  0.38026874244252773  0.39172009511956335
  0.40075763341098791  0.40862229006047185  0.41844229101621072  0.42826799741581545
  0.43826237611985125  0.44781680028529447  0.45769419685868323  0.46902475025401391
  0.48087760264690510  0.49299474604933663  0.50361358091072439  0.51248822336534183
  0.52148548144051909  0.52997372647283347  0.53782484463452873  0.54535701436926043
  0.55306420646708121  0.55978481406766312  0.56663359759551968  0.57450657186446696
  0.58195167441873497  0.59203640388866330  0.60238413261880552  0.61145566152860897
  0.62123070844014394  0.63079988657496466  0.64058824241981338  0.65087530097457857
  0.66122591855189639  0.67194878993802765  0.68347476683856212  0.69620084132959670
  0.70888229582087869  0.72023118142724041  0.73088479582859400  0.74144563729450141
  0.75231445876158609  0.76404291336713848  0.77523668913337829  0.78595652689807638
  0.79730019356104953  0.80874882956542027  0.81941883993957243  0.82858188045442982
  0.83721882074309728  0.84667750080111615  0.85677713931329136  0.86719760383509781
  0.87560881042995975  0.88481398661224597  0.89407968933364856  0.90359302380210138
  0.91383414946831920  0.92485310022508227  0.93611303383359601  0.94703100688744801
  0.95762026997898342  0.96822908701276988  0.98089644035871548  1.00000000000000000
  0.00000250818103813  0.00000253008566370  0.00000257147344265  0.00000260920856193
  0.00000264640395996  0.00000268280201905  0.00000271360573891  0.00000275665212103
  0.00000280345430741  0.00000285337684251  0.00000290611828438  0.00000296187325614
  0.00000302571321192  0.00000308867730053  0.00000315468895062  0.00000322106883106
  0.00000330350817294  0.00000340237096336  0.00000350715425447  0.00000362075063269
  0.00000374439001041  0.00000387238358711  0.00000400038245944  0.00000413996774467
  0.00000426119749470  0.00000439419195284  0.00000455660083501  0.00000472216877958
  0.00000491319849930  0.00000512931138787  0.00000541089343324  0.00000570877479734
  0.00000601891939854  0.00000634752273966  0.00000670265585077  0.00000709863717476
  0.00000751241274324  0.00000797301807663  0.00000850814564186  0.00000909904006423
  0.00000977571312004  0.00001056018328038  0.00001128356930364  0.00001196575939580
  0.00001268946615685  0.00001346156481839  0.00001425089129246  0.00001498056465078
  0.00001578941726362  0.00001669615489931  0.00001796577368852  0.00001960218625172
  0.00002135595920794  0.00002319277618256  0.00002521787146161  0.00002760500505791
  0.00003046580649941  0.00003386417852799  0.00003733427122666  0.00004066852292096
  0.00004453568092989  0.00004950141577615  0.00005604490704932  0.00006334905436458
  0.00007071621154182  0.00007777594610380  0.00008541811946578  0.00009427466811254
  0.00010405303975835  0.00011414194120295  0.00012566599025509  0.00013981037701384
  0.00015631245423063  0.00017680413160588  0.00020211586754231  0.00023151774197229
  0.00025795963115599  0.00028374640639935  0.00031159403510264  0.00034491084698024
  0.00039480593974239  0.00047324314590354  0.00056192404822352  0.00065618721342838
  0.00074602648417578  0.00084484727636899  0.00097670306566185  0.00117106248632869
  0.00146165362276907  0.00179431937387996  0.00215527831672200  0.00259568371421898
  0.00325289522629887  0.00455089565778425  0.04679788562094051  1.00000000000000000
  0.00000282505230251  0.00000306044618178  0.00000338734317815  0.00000373992815690
  0.00000410607026252  0.00000444385666726  0.00000474070452333  0.00000507107035809
  0.00000544609590256  0.00000585060635821  0.00000622618471559  0.00000657701076238
  0.00000696491184858  0.00000741125155684  0.00000785635307193  0.00000829069172278
  0.00000871508564322  0.00000916314255723  0.00000962474092729  0.00001014247654997
  0.00001071936532288  0.00001135688514445  0.00001203478716671  0.00001270159921291
  0.00001334313969797  0.00001395227470483  0.00001456874871367  0.00001516328822967
  0.00001602947945549  0.00001683177099467  0.00001762652334640  0.00001853923936156
  0.00001944798709905  0.00002043247159661  0.00002155864408642  0.00002291230987635
  0.00002450512884169  0.00002607943147178  0.00002771887265492  0.00002945966479384
  0.00003150274253132  0.00003392951284677  0.00003647219925123  0.00003907317904925
  0.00004164257677058  0.00004431367221638  0.00004719867227262  0.00005016170746191
  0.00005324758589614  0.00005639211118769  0.00005939382423840  0.00006220009380318
  0.00006512784967459  0.00006846122297919  0.00007199359650329  0.00007550968302668
  0.00007887011342932  0.00008242177229188  0.00008618520941183  0.00009023959486646
  0.00009587864924349  0.00010312706878410  0.00011218529943044  0.00012294047288247
  0.00013415201063864  0.00014502619862337  0.00015480686731661  0.00016457283908015
  0.00017493608621858  0.00018867855121396  0.00020486034380836  0.00022387855203133
  0.00024556044793154  0.00027170159914193  0.00029507101009465  0.00031627671712861
  0.00033801154408257  0.00036300681810772  0.00039424114706856  0.00042948467641495
  0.00047249416518893  0.00053076969953180  0.00060715499016859  0.00070237643110622
  0.00081724546560182  0.00094808645593170  0.00108533810239223  0.00124794850054190
  0.00145017683798314  0.00168631367218354  0.00202068981282774  0.00236787018475279
  0.00277465891585714  0.00330442652286080  0.02090680628189417  1.00000000000000000
 -0.00466657034688073  0.02368266896886199  0.04672834694923682  0.07068840424543126
  0.09212226450663336  0.11213843716145511  0.13284056997931326  0.15352566128407363
  0.17202472769644114  0.18826097495982974  0.20254001551101855  0.21501537824814557
  0.22871098780399468  0.24237558376703525  0.25849408197268164  0.27461506148276266
  0.29164795260620152  0.30668002234529151  0.32230430552434147  0.33776439016426985
  0.35462474843594288  0.37271115870949190  0.38880339585791068  0.40282705347995257
  0.41412085125192505  0.42478433615166317  0.43464031709734580  0.44644117545339768
  0.45827431015018794  0.46998820889223109  0.48217018927161287  0.49430945706543855
  0.50643346867372285  0.51936800160126717  0.53315940085783664  0.54637485333149693
  0.55889815998745562  0.56950218093447424  0.57959362707250528  0.58981796129360065
  0.60006869069775093  0.60920633117771605  0.61761980140915129  0.62613931691259594
  0.63583111806646131  0.64674966985605564  0.65795305354110545  0.66824008044028782
  0.67677370203364084  0.68453622452129470  0.69208023184358258  0.69982018175377758
  0.70784190654342449  0.71535421233016239  0.72248647878770322  0.72923305603160959
  0.73564193412969592  0.74333270135837037  0.75070943666113421  0.75761015855151814
  0.76453429227844549  0.77210150138585931  0.78050019666616877  0.78946672755967107
  0.79722370798652575  0.80467457816739563  0.81221512395300721  0.82007130392953254
  0.82696892800475852  0.83318446760872611  0.83843175920928448  0.84433129221468173
  0.85088317295061999  0.85723724749534080  0.86344777684700014  0.86790247057677816
  0.87203126625204253  0.87655468062592623  0.88097295922242846  0.88661797003710296
  0.89214632861308707  0.89880764105738520  0.90584912822344610  0.91301759099122648
  0.91972977352629426  0.92628454485547840  0.93359539030955274  0.94088789505069226
  0.94814979147250678  0.95554087762027717  0.96306746340807126  0.97050266571683241
  0.97927686298237637  0.98676410448308760  0.99365377909919983  1.00000000000000000
 -0.00096435349291716  0.00611287348316706  0.01230450846261118  0.01860421893097226
  0.02540002706026877  0.03280869224240877  0.04097751677994192  0.05282710854350964
  0.06706959143738174  0.08026250631460846  0.09077552460882862  0.09890079835424803
  0.10760036131079687  0.11649581806181386  0.12486942424488323  0.13293826822371363
  0.14095693586905680  0.14948090875903144  0.16093649907352664  0.17156222642038307
  0.18282109541739422  0.19332152550755693  0.20454279659063770  0.21634739585891813
  0.22677383999394296  0.23614466945116191  0.24489037770465763  0.25554364753067260
  0.26735262865950471  0.27948706664004419  0.29082754884287848  0.30352413383258214
  0.31407670676053501  0.32388847492792566  0.33366559708909838  0.34489446740376500
  0.35488892999680904  0.36381346688034233  0.37221637362921733  0.38117720290180573
  0.39091070262506628  0.40204789445336137  0.41104059570388113  0.41817953566886690
  0.42573550615580108  0.43391201796083806  0.44407849566816004  0.45641515198871507
  0.46813334390813260  0.47987777533342219  0.49086752266959000  0.50308924846443803
  0.51635229077214484  0.52861535039582153  0.54049854771349837  0.55295775420232274
  0.56574175917789071  0.57899298766483742  0.59275338824494050  0.60625788268509817
  0.61940159092626912  0.63163642065719572  0.64409600004842360  0.65654626354168333
  0.66888568602080123  0.68104745487819118  0.69359166828462548  0.70673757609643761
  0.71883880102539577  0.72987838749405520  0.74031323347443279  0.75088669872222458
  0.76185517293093463  0.77261314101637757  0.78234031483136368  0.79242308148550522
  0.80201066398802257  0.81169496544825137  0.82151254610387014  0.83146222042490947
  0.84162468026553949  0.85243697333698731  0.86257493077742298  0.87180032317998679
  0.88001819872876097  0.88820041411090156  0.89786645925752961  0.90851864806155236
  0.91916320881472213  0.92922133611426905  0.93989281155856907  0.95161312877457771
  0.96388152343601619  0.97628636441782091  0.98822706895838652  1.00000000000000000
 -0.00237614725499785  0.00941230120906398  0.01956814946072741  0.02851341285295875
  0.03815590996460906  0.04784293540991298  0.05732772888715516  0.06723235170389462
  0.07788885351405551  0.08952727753013980  0.10211246153925817  0.11404051594705865
  0.12611676175027522  0.13636555563945779  0.14630264256982542  0.15552750372778426
  0.16408965645106949  0.17325231778596650  0.18265261557523715  0.19349484641046300
  0.20407380590587648  0.21485305909784586  0.22685753384342786  0.24007226020282843
  0.25217112543551151  0.26310815874067645  0.27300015129784405  0.28214873571505172
  0.29305874768834450  0.30434559735814226  0.31522670177865453  0.32537869416902521
  0.33486392331891124  0.34547301998073227  0.35631363401381749  0.36563673560200277
  0.37333478302179518  0.38121418674211671  0.38939773808448108  0.40046966699999870
  0.41016038954947887  0.41980125688713898  0.42935494765163112  0.43972755380538225
  0.45104375711898165  0.46316897085689984  0.47555183868845252  0.48719601859024386
  0.49858595213045420  0.50923233286594982  0.52017476554884567  0.53149346916236595
  0.54291842299636006  0.55376885318174462  0.56391687958992642  0.57435330797213491
  0.58383560884534591  0.59048575521201185  0.59701061111303011  0.60428962324642210
  0.61190943272187348  0.61932748344577426  0.62681537259228970  0.63349310219197374
  0.63843198945150459  0.64423411943475606  0.65171513783777058  0.66170582596728666
  0.67326097163776433  0.68503761911112671  0.69824507962488236  0.71247975510238393
  0.72662043102105922  0.73926486286039417  0.75067064878521694  0.76124642164503298
  0.77207765138936402  0.78329377377678344  0.79390908275033489  0.80423279042609275
  0.81466364131742341  0.82716422519198174  0.83920889491580208  0.85077628013166451
  0.86211648548352404  0.87522335890457525  0.88793426723678215  0.90079298641530492
  0.91279510036063027  0.92632007046048859  0.94042977366156999  0.95443210968306103
  0.96632922917008379  0.97725722463007281  0.98825770168639471  1.00000000000000000
 -0.00001147944717895  0.00009033710173428  0.00018693484304668  0.00028853353088338
  0.00039214756137097  0.00048278403584309  0.00056403863559485  0.00062710587474467
  0.00068277474028404  0.00074321772810630  0.00080535402617306  0.00086999585643267
  0.00094003084000985  0.00100864992814996  0.00107732041582944  0.00116370700518077
  0.00125085451860910  0.00133988531577774  0.00143455863365568  0.00152431695434567
  0.00161778531480332  0.00171559545910978  0.00180847805325836  0.00189882721692849
  0.00198795780416548  0.00207803874543560  0.00217246963954106  0.00227110582606462
  0.00237551479411252  0.00247789069917973  0.00258002384630762  0.00268602674019590
  0.00280701308881161  0.00293361111645405  0.00306126713672884  0.00318811858780983
  0.00331201265880402  0.00342968245128772  0.00354880134113445  0.00366989772445398
  0.00379129473925018  0.00389140665880270  0.00399435098900297  0.00409516744422494
  0.00418445716866473  0.00428297628514003  0.00438249665282874  0.00447846085083596
  0.00455507433126065  0.00462995809393380  0.00470462353240841  0.00477894520023061
  0.00485158966542666  0.00493706694911678  0.00506114806082153  0.00519708026348709
  0.00534464751753521  0.00546541727965903  0.00557487211927724  0.00568181725982430
  0.00578846964419510  0.00589657661057138  0.00600596788122374  0.00613570288526844
  0.00626416975165745  0.00641329971623862  0.00659985081460543  0.00674163719145372
  0.00687464163098760  0.00700523655449506  0.00713393368151633  0.00730389525199418
  0.00756153627205201  0.00782938470186284  0.00806124279787891  0.00830803788080315
  0.00850886214323826  0.00862159877696352  0.00873179482449529  0.00884010338659406
  0.00894893673199148  0.00911242075999062  0.00940751613504754  0.00962597577260403
  0.00984801067082509  0.01008407087262710  0.01052426012831205  0.01101551891862304
  0.01151406026212892  0.01609144617655777  0.01663828554622171  0.01746078588051680
  0.01805707409525244  0.01832557381327000  0.04494445462399852  1.00000000000000000
 -0.00237299893295328  0.01448222628244327  0.02728010043668006  0.04025105852440753
  0.05395871037994020  0.06780024872199711  0.08154029032337470  0.09318747664530451
  0.10490885440055432  0.11825782220434583  0.13348697718671521  0.14806486135273797
  0.16226140511682885  0.17467639581277739  0.18527892829040882  0.19541428560992732
  0.20575907002856658  0.21659516887203784  0.22684338063315421  0.23601236317222124
  0.24516356288297331  0.25343565192155432  0.26207718638365279  0.27162638957096191
  0.28243426371531977  0.29195367800246425  0.29762670781799361  0.30301450260165141
  0.30857153343135912  0.31575297804603247  0.32337250609911711  0.33000159780862476
  0.33672502800252385  0.34325593496419698  0.35085671046889427  0.36146864690951158
  0.37313973360007346  0.38435031456189078  0.39454481259345359  0.40352772022705358
  0.41196411704783997  0.42165873964204170  0.43265169946422866  0.44462995073540790
  0.45600645830076814  0.46776412413252894  0.47929991432715713  0.49017741700480105
  0.50159321529383838  0.51255760782089965  0.52311109547121737  0.53241702540157454
  0.54055197049391090  0.54851949379486320  0.55710780520804537  0.56668088876347311
  0.57805618484842214  0.58959681902645511  0.60094391291272942  0.61224136458517042
  0.62260448770024657  0.63133360497949687  0.63915234395266685  0.64762946174474190
  0.65659197527769986  0.66575736327519086  0.67511893305065096  0.68399719671157289
  0.69269762622130759  0.70164806557548720  0.70993917546877217  0.71776286515002419
  0.72534300397698381  0.73312021102901459  0.74194348569450297  0.75191853796025265
  0.76214729570094653  0.77254247963808231  0.78305219324649489  0.79393322959075230
  0.80543670652621979  0.81702028326710796  0.82845281795493220  0.84001834402976538
  0.85198361349503071  0.86460686047136570  0.87797575281995188  0.89184447971632907
  0.90829991935792154  0.92527397807866130  0.94220626715794675  0.95825889697317490
  0.96865832569575294  0.97884215758352910  0.98928833441751129  1.00000000000000000
  0.50115770975849461  0.52718449715328741  0.54179197317224703  0.55591545392641006
  0.56976749908446123  0.58203043072515825  0.59288969223060517  0.60511917031072016
  0.61854385058338524  0.62998138436054885  0.64029739437076671  0.64901833225117678
  0.65708600406439510  0.66511392311920770  0.67354451148517402  0.68214343959608958
  0.69045160077693490  0.69833974738079063  0.70605782082301727  0.71378520171796522
  0.72138119515697563  0.72859125182967588  0.73557661888859383  0.74265835586040840
  0.75008334270767874  0.75749543731704283  0.76480370096232742  0.77190718049535045
  0.77836812814650513  0.78454245328458927  0.79022073109625890  0.79588935290751273
  0.80161791030037599  0.80757108842249981  0.81332462757604806  0.81883338584378129
  0.82406770436322863  0.82916164594043851  0.83420074972616176  0.83910575274840515
  0.84391886944655736  0.84870845160918940  0.85348611089399673  0.85808484853900968
  0.86265563386047484  0.86736754202243882  0.87209160524968421  0.87668973999573607
  0.88109528385632341  0.88566937462001671  0.89019408738797379  0.89445768451029695
  0.89840404642551763  0.90209670162347511  0.90558803858517012  0.90901226819106973
  0.91246049663747997  0.91583248587949362  0.91901897133802035  0.92207435090835299
  0.92512869241174922  0.92837892135143674  0.93131137406270126  0.93388412778602137
  0.93636246544248658  0.93871965082683106  0.94091516185813484  0.94294514019963849
  0.94496403617838776  0.94689013069547401  0.94888180377516296  0.95081603859363306
  0.95306672883293975  0.95538263969282999  0.95769691546570412  0.95979739598370983
  0.96173079575398779  0.96380818223782327  0.96592401183003929  0.96794385669562699
  0.96991508077946409  0.97183788494429924  0.97358091909205080  0.97570930765155772
  0.97804301298142127  0.98022231114509273  0.98220015710986108  0.98391613303678493
  0.98578289957476073  0.98774085515528731  0.98993193057829121  0.99230943896708512
  0.99454294079891492  0.99642502094052465  0.99823261204689406  1.00000000000000000
  0.00135032638967681  0.15379427763908007  0.17923413464066532  0.20603034978397478
  0.22932832260130329  0.24997531791782376  0.26909481791038947  0.28685509360950179
  0.30316188648256781  0.31857041247751611  0.33311943282412393  0.34671177254937902
  0.35973256377540441  0.37148392966927468  0.38181531919559314  0.39204326709502296
  0.40104372221157053  0.40840665587617464  0.41566541695062320  0.42195002673320936
  0.42913236129825494  0.43647333848774006  0.44449720478190491  0.45289907643747845
  0.46129008937105742  0.46996894318948840  0.47831352616954687  0.48683524482565615
  0.49446461070278108  0.50102331530839928  0.50672760706030828  0.51268284045975698
  0.51986730329932818  0.52720667365528517  0.53411530520421013  0.54097279821563304
  0.54798891841591191  0.55497500939799715  0.56154363282798236  0.56787082766413732
  0.57383498515104925  0.57886282975571923  0.58366659533593601  0.58772487382476080
  0.59161021596699204  0.59643553955988649  0.60157394497795713  0.60619731554469514
  0.61053107148163965  0.61509262006793497  0.62007204593297327  0.62531242447121327
  0.63054782671402509  0.63575712182447719  0.64108810743648914  0.64559847215409150
  0.65116049718408331  0.65649457726503757  0.66160032022485993  0.66662026740465585
  0.67119496924316091  0.67585323938697872  0.68011621166376590  0.68551336049804967
  0.69075421328368425  0.69636678217181358  0.70196705935411274  0.70745802714214656
  0.71245520250131633  0.71630323636518545  0.71966352638598186  0.72317907275274862
  0.72672836177372713  0.73070918368478421  0.73426874877838333  0.74036985691117119
  0.74569378356920213  0.75095264953423224  0.75630577729160253  0.76157937177650958
  0.76739255564734832  0.77337585085708394  0.77916348490284826  0.78538768296125261
  0.79201643907726305  0.79882435055240064  0.80576914348506912  0.81258787263312893
  0.81866767997997159  0.82373824134282680  0.82965303994050354  0.83583852784603718
  0.84226213443963593  0.85188076849764360  0.86352183844931973  1.00000000000000000
   3.4984345980770126E-004  -1.0000000000000000     
 F F F F F F F F F F F F F F F F F F F F F F F F F F F F F F F F F F F F F F F F F F F F F F F F F F F F F F F F F F F F F F F F F F F F F F F F F F F F F F F F F F F F F F F F F F F F F F F F F F F F F F F F F F F F F F F F F F F F F F F F F F F F F F F F
  <DiscreteSampler_grid>
  grouped_processes
  1 # 1 for a reference and 2 for a running grid.
  10 # Attribute 'min_bin_probing_points' of the grid.
  1 # Attribute 'grid_mode' of the grid. 1=='default',2=='initialization'
  0.0000000000000000 # Attribute 'small_contrib_threshold' of the grid.
  0.5000000000000000 # Attribute 'damping_power' of the grid.
 # binID   n_entries weight   weight_sqr   abs_weight
    55   10   6.084539481088769E+003   1.843670677609986E+008   6.084539481088769E+003
    61   10   6.044449085086106E+003   1.863532967718005E+008   6.044449085086106E+003
    62   10   6.044449085086102E+003   1.863532967718002E+008   6.044449085086102E+003
    64   11   3.469183796094629E+003   5.179416196741828E+007   3.469183796094629E+003
    65   11   3.469183796094628E+003   5.179416196741822E+007   3.469183796094628E+003
    115   11   3.469183796094630E+003   5.179416196741831E+007   3.469183796094630E+003
    116   11   3.469183796094629E+003   5.179416196741825E+007   3.469183796094629E+003
    118   11   7.693892406542329E+003   2.227803382382328E+008   7.693892406542329E+003
    119   11   7.693892406542329E+003   2.227803382382326E+008   7.693892406542329E+003
    124   11   7.636312002736067E+003   2.198516565159325E+008   7.636312002736067E+003
    125   11   7.636312002736067E+003   2.198516565159324E+008   7.636312002736067E+003
    133   11   9.003648376692547E+003   3.093156178437769E+008   9.003648376692547E+003
    134   11   9.003648376692545E+003   3.093156178437763E+008   9.003648376692545E+003
    148   11   2.981990475120268E+003   2.526309517271255E+007   2.981990475120268E+003
    151   11   3.086930475864171E+003   2.788185735006437E+007   3.086930475864171E+003
    152   11   3.086930475864173E+003   2.788185735006433E+007   3.086930475864173E+003
  </DiscreteSampler_grid>
